#!ascii label  , from subject sub-v1s0x0050663_ses-1 vox2ras=TkReg
2120
36369  27.310  -65.461  -20.452 0.8999999762
34480  26.840  -67.336  -20.552 0.8000000119
35412  27.493  -66.369  -21.616 0.8000000119
134221  27.472  -66.939  -22.867 0.6999999881
35438  27.453  -66.390  -23.373 0.8000000119
35381  26.478  -66.787  -19.890 0.8999999762
134849  27.661  -65.070  -21.048 1.0000000000
37344  27.918  -64.822  -21.793 1.0000000000
37359  27.854  -64.911  -22.740 0.8999999762
36408  27.637  -65.641  -23.064 0.8000000119
36423  27.419  -65.733  -23.943 0.8000000119
136781  27.686  -64.962  -23.673 0.8999999762
36424  27.086  -65.844  -24.761 0.8000000119
36433  27.031  -65.229  -25.417 0.6999999881
139128  26.654  -65.987  -25.498 0.6999999881
35382  25.670  -66.659  -19.410 0.8000000119
139789  26.236  -66.132  -19.400 0.8999999762
143792  26.374  -65.405  -19.307 0.8999999762
36354  25.442  -65.790  -19.115 0.8999999762
36371  23.127  -66.420  -20.018 0.8999999762
37331  27.996  -64.561  -21.092 0.8999999762
37343  28.356  -64.130  -21.601 1.0000000000
37376  28.126  -64.296  -23.352 0.8999999762
39461  28.701  -62.232  -23.570 1.0000000000
38435  28.335  -63.535  -23.783 0.8999999762
37392  27.797  -64.182  -24.352 0.8999999762
37402  27.385  -64.442  -25.260 0.8000000119
138735  26.554  -65.424  -26.135 0.6999999881
38375  27.701  -63.507  -19.027 0.8999999762
37293  26.919  -64.007  -18.748 0.8999999762
37315  24.788  -65.061  -18.867 0.8999999762
37316  23.816  -65.121  -18.981 0.8999999762
36372  22.511  -66.137  -20.193 0.8999999762
36353  27.076  -65.068  -19.743 0.8999999762
142344  27.686  -64.631  -20.320 0.8999999762
38418  28.674  -63.450  -22.258 1.0000000000
131783  27.551  -63.117  -25.451 0.8000000119
38463  27.282  -63.805  -25.768 0.8000000119
38473  26.564  -63.191  -26.730 0.8000000119
39522  26.348  -62.458  -27.166 0.8000000119
38485  25.978  -63.283  -27.379 0.8000000119
38486  25.322  -63.308  -28.009 0.8000000119
37295  25.146  -64.361  -18.583 0.8999999762
139287  22.928  -64.956  -19.196 0.8999999762
37317  22.127  -64.492  -19.384 0.8999999762
38352  27.085  -63.400  -18.433 0.8999999762
37297  22.725  -64.233  -18.852 0.8999999762
38356  22.183  -63.815  -19.083 0.8000000119
36388  21.086  -65.147  -20.963 0.8000000119
38374  28.383  -63.120  -19.572 0.8999999762
38357  21.984  -63.163  -19.043 0.6999999881
37345  20.995  -63.882  -21.209 0.6999999881
134235  21.054  -63.376  -22.281 0.6999999881
141315  28.883  -62.614  -20.118 0.8999999762
135825  21.896  -62.478  -21.917 0.6999999881
38407  21.884  -62.487  -23.010 0.6999999881
39401  29.035  -62.745  -20.930 1.0000000000
39441  22.361  -61.860  -22.962 0.6000000238
39418  29.070  -62.780  -21.773 1.0000000000
39439  29.336  -62.108  -22.209 1.0000000000
39440  28.985  -62.138  -22.951 1.0000000000
40527  28.478  -61.947  -24.158 1.0000000000
148537  28.252  -62.419  -24.593 0.8999999762
40511  28.736  -61.410  -23.503 1.0000000000
40528  28.147  -61.747  -24.838 0.8999999762
40543  27.742  -61.664  -25.546 0.8000000119
39507  27.441  -62.400  -25.875 0.8000000119
40552  26.728  -61.638  -26.936 0.8000000119
41532  26.390  -60.798  -27.193 0.8000000119
40563  26.008  -61.633  -27.485 0.8000000119
40564  25.203  -61.745  -27.928 0.8000000119
41533  25.476  -60.681  -27.675 0.8000000119
40565  24.440  -61.096  -28.185 0.8000000119
38353  26.367  -63.585  -18.252 0.8999999762
37296  24.194  -64.458  -18.652 0.8999999762
38337  26.766  -62.990  -17.940 0.8999999762
38355  24.518  -63.803  -18.270 0.8999999762
132734  22.515  -63.479  -18.588 0.8999999762
39385  28.187  -62.843  -18.892 0.8999999762
38390  21.334  -63.334  -20.699 0.6999999881
39384  29.173  -62.016  -19.901 0.8999999762
39403  21.823  -62.498  -20.629 0.6000000238
153391  22.575  -61.797  -21.505 0.6000000238
40447  29.390  -61.357  -20.125 1.0000000000
40492  21.672  -61.224  -22.972 0.5000000000
40489  29.469  -61.363  -21.816 1.0000000000
40468  21.907  -61.034  -22.022 0.5000000000
41472  29.306  -60.573  -22.211 1.0000000000
41473  28.888  -60.570  -23.016 1.0000000000
42553  28.447  -59.778  -23.291 1.0000000000
41497  28.336  -61.133  -24.326 1.0000000000
42584  27.411  -60.027  -25.186 0.8999999762
40551  27.314  -61.631  -26.289 0.8000000119
42585  26.698  -59.362  -25.625 0.8999999762
41516  26.976  -60.160  -26.096 0.8000000119
153525  26.587  -60.279  -26.727 0.8000000119
42598  26.382  -59.607  -26.441 0.8000000119
43580  25.582  -58.232  -25.489 0.8999999762
42600  24.846  -59.058  -26.833 0.8000000119
42611  23.798  -59.557  -27.585 0.8000000119
43594  23.342  -58.256  -26.674 0.8000000119
43606  23.164  -58.881  -27.406 0.8000000119
38340  23.915  -63.161  -17.900 0.8999999762
39363  27.598  -62.799  -18.323 0.8999999762
39344  27.158  -62.338  -17.676 0.8999999762
39349  22.746  -62.170  -17.845 0.6999999881
39365  22.332  -62.562  -18.640 0.8000000119
40433  28.659  -61.724  -18.803 0.8999999762
40410  27.848  -62.121  -17.926 0.8999999762
130365  22.569  -60.975  -19.308 0.6999999881
39419  22.643  -61.440  -21.545 0.6000000238
40467  22.506  -61.340  -21.783 0.6000000238
148127  22.465  -60.368  -19.422 0.6999999881
41421  22.461  -60.690  -20.069 0.6000000238
41455  22.080  -60.642  -21.070 0.5000000000
40466  29.486  -61.316  -20.943 1.0000000000
152219  21.655  -60.108  -20.343 0.5000000000
41437  20.787  -60.240  -20.599 0.5000000000
42527  29.285  -59.778  -21.721 1.0000000000
42541  28.897  -59.757  -22.528 1.0000000000
43553  28.351  -58.942  -22.773 1.0000000000
42554  27.886  -59.221  -23.574 1.0000000000
42567  26.996  -59.075  -24.786 0.8999999762
43542  27.823  -58.195  -22.415 1.0000000000
43554  27.528  -58.519  -23.152 0.8999999762
43564  27.232  -58.799  -23.947 0.8999999762
43579  26.328  -58.582  -25.192 0.8999999762
43565  26.553  -58.365  -24.327 0.8999999762
43566  25.877  -57.947  -24.702 0.8999999762
43581  24.781  -57.961  -25.746 0.8999999762
43593  24.376  -58.394  -26.421 0.8999999762
44569  25.448  -57.341  -24.263 0.8999999762
44570  24.783  -57.028  -24.637 0.8999999762
44600  23.022  -57.547  -26.161 0.8999999762
45527  24.140  -56.687  -25.056 0.8999999762
149701  26.442  -62.540  -17.526 0.8999999762
39346  25.194  -62.700  -17.385 0.8999999762
39348  23.440  -62.475  -17.466 0.8999999762
39329  24.977  -62.201  -16.835 0.8999999762
40374  23.663  -61.263  -16.563 1.0000000000
40389  23.173  -61.742  -17.185 0.8000000119
41381  26.782  -61.154  -16.784 0.8999999762
146804  22.492  -61.650  -18.539 0.6999999881
41419  29.343  -60.752  -19.525 0.8999999762
41401  28.681  -60.546  -18.129 0.8999999762
150095  22.569  -61.097  -18.542 0.6999999881
42500  22.436  -59.761  -19.134 0.6999999881
41422  22.240  -59.995  -19.766 0.5000000000
41435  29.522  -60.465  -20.413 1.0000000000
42513  21.822  -59.467  -20.014 0.5000000000
42514  20.996  -59.611  -20.347 0.5000000000
135366  29.504  -59.847  -21.011 1.0000000000
43529  28.736  -58.482  -21.528 1.0000000000
45478  28.390  -57.150  -21.020 1.0000000000
44537  28.222  -57.853  -21.673 1.0000000000
44558  27.149  -57.840  -22.772 1.0000000000
44549  27.536  -57.507  -22.165 1.0000000000
44538  27.872  -57.134  -21.646 1.0000000000
45492  26.770  -56.621  -22.619 0.8999999762
44560  25.773  -56.992  -23.584 0.8999999762
46431  25.270  -55.679  -24.041 0.8999999762
46491  22.935  -55.252  -28.255 0.6999999881
47450  22.035  -54.425  -28.302 0.8000000119
46493  20.983  -54.968  -28.447 0.8000000119
46494  20.388  -54.585  -27.946 0.8000000119
40386  28.125  -60.758  -17.466 0.8999999762
41362  26.927  -60.243  -16.485 1.0000000000
41364  25.506  -60.894  -15.941 1.0000000000
41365  24.124  -60.699  -15.991 1.0000000000
41382  23.017  -61.007  -17.089 0.6999999881
41400  29.212  -60.224  -18.837 0.8999999762
138611  28.467  -60.131  -17.568 0.8999999762
149071  22.621  -59.518  -17.635 0.6999999881
42501  22.162  -59.182  -19.534 0.6000000238
43512  29.318  -58.726  -20.212 1.0000000000
42499  29.432  -59.263  -19.691 0.8999999762
42482  28.895  -59.654  -18.127 0.8999999762
140634  20.551  -59.110  -20.530 0.4000000060
43513  28.866  -58.057  -20.798 1.0000000000
138200  27.406  -55.936  -21.685 1.0000000000
46418  26.603  -55.907  -22.691 1.0000000000
46417  27.095  -55.532  -22.210 1.0000000000
47417  20.909  -54.754  -26.402 0.8999999762
47440  24.594  -54.648  -27.445 0.6000000238
47449  23.097  -54.406  -28.009 0.6000000238
48459  22.577  -53.712  -28.049 0.8000000119
47451  21.054  -53.955  -28.162 0.8000000119
144986  19.921  -55.169  -27.502 0.8999999762
46472  20.110  -55.171  -26.777 0.8999999762
42466  28.472  -59.582  -17.396 0.8999999762
42467  27.939  -60.010  -16.959 0.8999999762
140838  23.190  -59.711  -16.239 0.8000000119
41367  22.801  -59.682  -16.929 0.6999999881
42483  22.496  -58.980  -18.064 0.6999999881
44492  22.007  -57.803  -17.984 0.6000000238
44524  20.819  -57.811  -20.095 0.4000000060
44507  29.227  -58.002  -19.818 1.0000000000
42481  29.332  -59.426  -18.980 0.8999999762
128658  28.889  -57.233  -20.155 1.0000000000
45465  28.437  -56.287  -20.375 1.0000000000
46391  27.930  -55.642  -20.989 1.0000000000
46404  27.547  -55.175  -21.575 1.0000000000
48385  27.740  -53.917  -22.473 1.0000000000
138066  22.381  -54.658  -25.561 0.8999999762
48422  22.688  -53.278  -25.537 0.8999999762
47415  22.438  -53.972  -25.589 0.8999999762
48436  20.472  -53.707  -27.177 0.8999999762
48424  20.949  -53.917  -26.569 0.8999999762
48448  25.797  -53.114  -27.206 0.6000000238
48449  25.184  -53.893  -27.240 0.6000000238
48450  24.289  -53.739  -27.522 0.6000000238
48451  23.381  -53.651  -27.809 0.8000000119
48460  21.865  -53.302  -28.066 0.8000000119
47452  20.542  -53.713  -27.726 0.8999999762
42447  26.593  -59.482  -15.950 0.8999999762
41351  25.306  -60.278  -15.417 0.8999999762
42443  24.114  -59.512  -15.075 0.6999999881
43446  26.344  -58.816  -15.405 0.8999999762
42442  24.998  -59.654  -14.915 0.8999999762
42468  22.656  -58.996  -17.265 0.6000000238
43469  28.718  -58.941  -17.605 1.0000000000
43452  28.486  -58.321  -17.044 1.0000000000
42446  28.196  -59.117  -16.885 1.0000000000
43455  22.634  -58.423  -16.735 0.6000000238
43470  22.391  -58.368  -17.625 0.6000000238
150880  21.559  -57.367  -18.294 0.5000000000
43484  29.291  -58.080  -18.944 1.0000000000
152960  29.185  -58.151  -18.383 1.0000000000
44491  29.181  -57.575  -18.356 1.0000000000
45448  28.956  -56.624  -19.465 1.0000000000
47358  28.132  -54.750  -20.885 1.0000000000
133042  28.230  -53.813  -21.818 1.0000000000
48384  28.413  -53.226  -22.248 1.0000000000
49339  27.523  -52.943  -23.943 1.0000000000
48396  26.751  -53.582  -23.943 1.0000000000
147874  26.805  -53.048  -24.439 1.0000000000
48406  26.020  -53.466  -24.458 1.0000000000
49351  25.434  -52.856  -24.865 1.0000000000
48407  25.057  -53.554  -24.649 0.8999999762
48421  23.200  -53.886  -25.266 0.8999999762
48423  21.794  -53.390  -26.086 0.8999999762
48452  20.826  -53.000  -27.445 0.8999999762
50433  27.228  -51.316  -28.556 0.6000000238
50418  26.856  -51.765  -27.898 0.6000000238
143808  25.423  -52.271  -27.472 0.6000000238
49386  24.843  -53.011  -27.424 0.6000000238
127171  22.798  -52.871  -27.899 0.8000000119
127339  21.777  -52.746  -27.786 0.8000000119
150352  26.986  -58.803  -15.927 0.8999999762
43448  24.617  -58.860  -14.657 0.6999999881
42450  22.914  -59.110  -16.443 0.6000000238
43454  23.050  -58.520  -15.850 0.6000000238
147327  28.259  -57.730  -16.579 0.8999999762
44455  22.217  -57.641  -16.960 0.6000000238
145966  28.963  -58.207  -17.831 1.0000000000
142808  29.185  -56.920  -18.762 1.0000000000
145153  29.098  -56.214  -17.782 0.8999999762
46372  28.756  -55.809  -19.461 1.0000000000
130037  28.633  -54.592  -20.031 1.0000000000
47368  28.660  -54.005  -20.644 1.0000000000
48372  28.743  -53.373  -21.353 1.0000000000
49318  28.861  -52.533  -21.845 1.0000000000
49328  28.486  -52.447  -22.666 1.0000000000
49338  28.122  -52.423  -23.402 1.0000000000
50383  26.480  -51.850  -24.958 1.0000000000
50384  25.065  -52.168  -25.145 1.0000000000
50398  23.835  -51.303  -25.484 0.8999999762
50386  23.387  -52.015  -25.453 0.8999999762
49364  22.309  -52.660  -25.896 0.8999999762
51384  21.770  -50.569  -26.541 0.8999999762
50434  26.397  -51.195  -28.419 0.6000000238
50419  25.946  -51.638  -27.790 0.6000000238
147530  25.032  -51.578  -27.823 0.6000000238
51405  24.082  -50.473  -28.337 0.6999999881
51406  23.130  -50.635  -28.184 0.6999999881
146773  22.717  -52.185  -27.854 0.6999999881
50439  22.011  -50.884  -27.334 0.8000000119
135391  21.702  -50.792  -26.971 0.8999999762
50449  27.606  -50.920  -29.070 0.6000000238
52412  22.402  -49.972  -28.087 0.6999999881
50438  22.461  -50.832  -27.772 0.8000000119
52400  21.488  -49.640  -27.445 0.8999999762
44446  23.277  -57.692  -15.203 0.6999999881
44447  22.511  -57.013  -15.872 0.6000000238
44453  27.715  -57.423  -15.991 0.8999999762
44454  26.903  -57.963  -15.508 0.8000000119
44444  25.290  -57.464  -14.658 0.6999999881
44471  28.756  -57.464  -17.334 0.8999999762
44452  28.346  -56.987  -16.496 0.8000000119
128932  29.091  -56.233  -18.627 1.0000000000
46344  29.502  -55.001  -17.591 0.8000000119
134402  29.806  -54.024  -18.816 0.8999999762
46362  29.286  -55.635  -18.071 0.8000000119
47357  29.167  -53.961  -19.931 1.0000000000
48360  29.292  -53.347  -20.499 1.0000000000
49317  29.331  -52.602  -21.049 1.0000000000
50351  29.248  -51.797  -21.479 1.0000000000
50352  28.757  -51.722  -22.194 1.0000000000
50361  28.345  -51.575  -23.075 1.0000000000
131750  27.481  -50.338  -24.330 1.0000000000
50382  27.309  -51.290  -24.699 1.0000000000
50396  25.752  -51.542  -25.240 1.0000000000
50397  24.827  -51.253  -25.352 0.8999999762
51375  23.380  -50.523  -25.609 0.8999999762
50399  22.941  -51.253  -25.636 0.8999999762
52383  21.963  -49.712  -26.006 0.8999999762
50435  25.503  -51.096  -28.351 0.6000000238
52411  23.432  -49.743  -28.405 0.6999999881
145891  21.540  -50.107  -26.836 0.8999999762
52421  27.786  -50.088  -29.459 0.6000000238
51419  27.329  -50.434  -29.105 0.6000000238
130312  22.682  -49.228  -28.257 0.6999999881
52413  21.801  -49.215  -27.904 0.6999999881
44445  24.328  -57.874  -14.613 0.6999999881
45398  23.263  -56.650  -15.062 0.6000000238
45406  27.076  -56.904  -15.434 0.8000000119
137808  26.187  -57.174  -15.045 0.8000000119
45396  25.299  -56.429  -14.920 0.6999999881
136588  23.893  -57.074  -14.677 0.6999999881
45404  28.537  -56.145  -16.314 0.6999999881
45405  27.867  -56.535  -15.808 0.8000000119
142280  29.905  -54.357  -17.946 0.6999999881
48343  30.213  -53.734  -18.155 0.6999999881
49297  30.430  -52.638  -19.458 0.8000000119
50337  30.484  -51.935  -20.073 0.8000000119
50338  29.813  -51.875  -20.772 0.8000000119
51314  29.987  -50.502  -20.925 0.8000000119
140971  29.576  -51.050  -21.159 0.8999999762
51327  28.965  -50.959  -21.758 0.8999999762
141395  28.560  -50.991  -22.359 1.0000000000
52360  27.853  -50.009  -23.475 1.0000000000
50395  26.585  -51.018  -25.267 1.0000000000
53387  26.166  -49.292  -25.314 1.0000000000
52361  27.429  -49.359  -24.088 1.0000000000
52370  27.100  -49.906  -24.733 1.0000000000
51373  24.988  -50.358  -25.523 1.0000000000
52380  24.861  -49.675  -25.670 1.0000000000
52381  24.005  -49.816  -25.685 0.8999999762
148604  23.644  -49.125  -25.820 0.8999999762
52382  22.893  -49.627  -25.749 0.8999999762
53391  22.156  -48.858  -26.051 0.8999999762
51420  26.496  -50.235  -28.773 0.6000000238
51403  25.992  -50.653  -28.642 0.6000000238
51404  25.070  -50.460  -28.560 0.6000000238
52410  24.484  -49.698  -28.529 0.6999999881
52384  21.544  -49.718  -26.481 0.8999999762
52393  21.171  -49.480  -26.947 0.8999999762
54399  22.698  -47.351  -28.216 0.6999999881
53421  22.442  -48.334  -28.244 0.6999999881
53407  21.078  -48.999  -27.382 0.8999999762
54384  20.930  -47.455  -27.052 0.8999999762
46326  27.207  -56.001  -15.458 0.6999999881
45395  26.292  -56.217  -15.244 0.6000000238
153231  24.897  -55.836  -15.029 0.6000000238
46318  23.336  -55.727  -15.114 0.6000000238
47300  28.870  -54.416  -16.071 0.6999999881
46315  26.511  -55.445  -15.346 0.6000000238
47299  29.478  -54.054  -16.617 0.6999999881
48335  30.456  -53.079  -17.926 0.6999999881
49292  30.698  -52.490  -18.586 0.6999999881
51313  30.592  -50.342  -20.360 0.8000000119
52327  29.386  -50.044  -21.455 0.8000000119
137319  29.303  -49.119  -21.516 0.8000000119
51328  28.618  -50.259  -22.148 0.8000000119
52346  27.919  -49.184  -23.237 1.0000000000
141945  28.311  -49.045  -22.676 0.8000000119
53379  27.015  -48.480  -24.300 1.0000000000
134099  26.793  -49.244  -24.825 1.0000000000
53388  25.405  -48.901  -25.520 1.0000000000
54348  26.541  -47.728  -24.367 1.0000000000
53380  26.230  -48.448  -24.922 1.0000000000
134531  24.748  -48.317  -25.627 1.0000000000
54351  24.026  -46.754  -25.540 1.0000000000
127327  23.486  -47.460  -25.885 1.0000000000
129846  22.719  -48.086  -26.029 0.8999999762
52409  25.232  -49.432  -28.522 0.6000000238
150517  21.520  -48.289  -26.380 0.8999999762
52407  27.151  -49.715  -28.729 0.6000000238
52408  26.125  -49.533  -28.490 0.6000000238
53419  24.446  -48.625  -28.437 0.6999999881
54364  21.559  -47.331  -26.454 0.8999999762
54397  24.199  -47.546  -28.150 0.6999999881
55427  22.200  -46.692  -27.906 0.6999999881
153199  20.970  -46.950  -27.220 0.8999999762
47291  24.671  -54.644  -15.312 0.5000000000
48315  28.192  -53.869  -15.652 0.6000000238
47289  26.302  -54.495  -15.417 0.5000000000
48313  29.618  -53.239  -16.568 0.6999999881
48314  28.949  -53.576  -16.071 0.6999999881
49284  30.220  -52.792  -17.099 0.6999999881
50326  31.051  -51.677  -18.343 0.6999999881
49283  30.643  -52.240  -17.696 0.6999999881
51307  31.200  -50.269  -19.554 0.6999999881
151532  30.903  -49.890  -20.039 0.6999999881
146767  30.092  -49.929  -20.893 0.8000000119
53336  29.718  -48.463  -21.299 0.8000000119
54307  29.332  -47.942  -21.744 0.8000000119
52328  28.736  -49.314  -22.076 0.8000000119
54325  28.799  -47.804  -22.286 0.8000000119
54326  28.241  -48.003  -22.672 0.8000000119
54340  27.816  -47.858  -23.135 0.8999999762
54347  27.250  -47.636  -23.746 1.0000000000
54339  28.310  -47.408  -22.892 0.8000000119
55365  27.514  -46.709  -23.709 0.8999999762
141366  26.698  -46.959  -24.054 1.0000000000
54349  25.854  -47.104  -24.510 1.0000000000
54360  25.436  -47.826  -25.231 1.0000000000
55379  23.512  -46.022  -25.353 1.0000000000
54362  22.954  -46.756  -25.898 0.8999999762
54363  22.078  -47.439  -26.243 0.8999999762
153257  21.800  -46.976  -26.361 0.8999999762
55381  22.148  -45.644  -25.595 0.8999999762
55391  21.429  -46.228  -26.309 0.8999999762
53417  26.754  -48.830  -28.094 0.6000000238
54396  25.220  -47.774  -27.956 0.6000000238
54398  23.418  -47.128  -28.144 0.6999999881
55428  21.593  -46.083  -27.617 0.8000000119
141238  20.755  -46.090  -26.953 0.8999999762
130354  27.334  -48.070  -27.779 0.6000000238
55411  24.352  -46.197  -27.670 0.6999999881
55413  22.909  -46.080  -27.798 0.6999999881
56453  21.182  -45.372  -27.314 0.8000000119
139566  21.146  -45.174  -26.481 0.8999999762
55414  22.299  -46.005  -27.731 0.6999999881
57433  20.901  -44.639  -26.814 0.8999999762
48293  27.398  -53.252  -15.571 0.5000000000
49272  26.605  -52.589  -15.745 0.5000000000
49270  29.604  -52.353  -16.452 0.6999999881
127246  27.528  -52.441  -15.697 0.5000000000
50317  30.239  -51.872  -16.901 0.6999999881
50315  31.199  -50.823  -18.092 0.6999999881
50316  30.742  -51.366  -17.489 0.6999999881
51301  31.367  -50.210  -18.656 0.6999999881
149230  31.375  -49.696  -19.108 0.6999999881
54281  30.874  -48.173  -20.118 0.6999999881
132981  30.527  -49.495  -20.417 0.6999999881
54306  29.893  -47.642  -21.451 0.8000000119
55350  29.692  -46.549  -22.353 0.8000000119
55351  28.951  -46.977  -22.641 0.8000000119
56383  27.991  -45.844  -23.985 0.8000000119
55375  27.045  -46.114  -24.143 0.8999999762
55376  26.165  -46.281  -24.305 1.0000000000
55377  25.350  -46.249  -24.621 1.0000000000
55378  24.472  -46.085  -24.946 1.0000000000
129438  28.772  -45.853  -23.619 0.8000000119
56394  27.329  -45.341  -24.401 0.8000000119
56396  25.679  -45.628  -24.520 0.8999999762
57402  24.601  -44.845  -24.748 1.0000000000
56397  23.894  -45.330  -24.825 1.0000000000
57419  25.355  -44.385  -25.015 0.8999999762
141943  23.085  -44.850  -24.984 1.0000000000
149106  22.928  -45.425  -25.276 1.0000000000
57405  21.932  -44.571  -25.340 1.0000000000
57420  21.464  -44.571  -25.796 0.8999999762
54382  24.846  -46.906  -27.715 0.6999999881
58394  21.611  -43.925  -25.594 0.8999999762
139875  26.315  -47.922  -27.704 0.6000000238
55410  25.418  -46.080  -27.438 0.6000000238
58410  20.753  -43.745  -26.660 0.8999999762
56432  24.660  -45.448  -27.587 0.6999999881
56433  23.655  -45.531  -27.630 0.6999999881
56434  22.699  -45.343  -27.568 0.6999999881
57449  21.423  -44.583  -27.336 0.6999999881
58448  20.813  -43.582  -27.129 0.8000000119
57448  22.242  -44.574  -27.464 0.6999999881
141224  20.507  -42.969  -26.892 0.8000000119
60357  20.904  -41.755  -26.630 0.8999999762
59414  21.098  -43.148  -27.343 0.6999999881
49271  28.946  -52.765  -16.086 0.6000000238
132877  28.275  -52.371  -15.806 0.5000000000
50302  30.223  -50.982  -16.809 0.6999999881
52294  31.347  -49.350  -18.405 0.6999999881
51288  31.188  -49.969  -17.853 0.6999999881
142646  31.275  -47.996  -19.241 0.6999999881
53290  31.283  -48.560  -17.969 0.6999999881
140461  31.114  -47.364  -19.777 0.6999999881
55309  30.847  -46.740  -20.425 0.6999999881
146391  30.692  -47.475  -20.436 0.6999999881
56335  30.881  -45.902  -20.902 0.6999999881
54305  30.370  -47.208  -21.005 0.6999999881
55349  30.354  -46.042  -21.825 0.8000000119
55363  29.223  -46.212  -23.060 0.8000000119
56370  29.960  -45.741  -22.740 0.8000000119
56382  29.450  -45.422  -23.475 0.8000000119
131749  28.024  -45.093  -24.373 0.8000000119
57387  29.582  -44.636  -23.933 0.8000000119
58373  28.765  -43.618  -24.692 0.8000000119
57418  26.272  -44.240  -25.075 0.8999999762
149117  25.130  -43.818  -25.271 0.8999999762
58392  24.494  -44.010  -25.155 1.0000000000
58388  28.051  -42.934  -25.173 0.8000000119
58389  27.378  -43.443  -25.219 0.8000000119
58376  22.784  -43.870  -25.220 1.0000000000
58375  23.583  -43.861  -25.194 1.0000000000
56431  26.113  -45.502  -27.567 0.6000000238
59368  22.155  -43.296  -25.583 1.0000000000
57446  24.185  -44.747  -27.614 0.6999999881
57447  23.258  -44.530  -27.554 0.6999999881
139049  21.249  -43.148  -25.965 0.8999999762
59388  21.610  -42.471  -26.000 1.0000000000
59412  22.895  -42.954  -27.865 0.6999999881
59434  22.308  -42.242  -27.976 0.8000000119
59436  20.770  -42.469  -27.233 0.8000000119
55281  31.447  -47.182  -18.856 0.6999999881
146884  31.507  -46.789  -18.335 0.6999999881
55290  31.382  -46.622  -19.596 0.6999999881
55308  31.302  -46.153  -20.189 0.6999999881
56348  31.331  -45.118  -21.058 0.6999999881
56369  30.568  -45.215  -22.295 0.6999999881
57357  31.134  -44.784  -21.824 0.6999999881
129882  30.744  -44.112  -23.240 0.8000000119
56381  30.259  -44.844  -23.206 0.8000000119
134967  29.453  -43.154  -24.540 0.8000000119
58371  30.146  -43.240  -24.211 0.8000000119
59366  28.963  -42.664  -24.884 0.8000000119
59383  26.265  -42.769  -25.668 0.8999999762
58391  25.730  -43.558  -25.405 0.8999999762
59382  27.155  -42.795  -25.497 0.8000000119
60339  25.734  -42.004  -26.098 0.8999999762
58393  24.055  -43.183  -25.492 0.8999999762
145887  25.401  -45.307  -27.588 0.6000000238
60355  25.566  -41.022  -26.400 0.8999999762
59385  24.617  -42.361  -25.951 0.8999999762
59367  23.129  -43.163  -25.458 1.0000000000
56452  25.823  -44.767  -27.917 0.6000000238
60342  22.896  -41.612  -26.183 0.8999999762
58446  23.631  -42.908  -28.165 0.6999999881
60343  22.029  -41.053  -26.480 0.8999999762
60385  21.770  -41.484  -27.922 0.8000000119
60369  20.796  -41.666  -26.977 0.8999999762
61333  21.187  -41.073  -26.895 0.8000000119
56304  31.596  -46.283  -18.697 0.6999999881
56316  31.612  -45.866  -19.560 0.6999999881
57356  31.712  -44.401  -21.309 0.6999999881
58357  31.274  -43.755  -22.861 0.6999999881
58356  31.840  -43.255  -22.335 0.6999999881
58363  30.878  -43.343  -23.580 0.6999999881
137666  27.683  -42.129  -25.503 0.8000000119
60338  26.835  -41.941  -25.859 0.8000000119
60337  27.600  -41.466  -25.738 0.8000000119
60353  27.034  -41.043  -26.096 0.8000000119
60341  23.830  -41.830  -26.168 0.8999999762
57471  24.648  -44.073  -27.931 0.6000000238
60354  26.315  -41.323  -26.236 0.8000000119
150428  25.708  -40.394  -26.486 0.8999999762
60340  24.376  -41.578  -26.268 0.8999999762
61317  23.727  -41.047  -26.399 0.8999999762
57470  25.437  -44.091  -28.218 0.6000000238
58445  24.282  -43.354  -28.183 0.6999999881
61318  22.748  -40.688  -26.490 0.8999999762
60384  22.690  -41.480  -28.343 0.6999999881
62402  21.798  -39.916  -26.894 0.8000000119
61358  21.574  -40.588  -27.808 0.6999999881
152494  21.600  -39.832  -27.420 0.8000000119
57337  32.419  -44.050  -20.033 0.6999999881
58355  32.257  -43.061  -21.680 0.6999999881
59349  32.286  -42.496  -22.062 0.6999999881
59381  28.465  -41.970  -25.293 0.8000000119
60336  28.240  -41.256  -25.568 0.8000000119
61327  28.027  -39.969  -26.039 0.8000000119
62413  26.671  -39.635  -26.522 0.8000000119
61330  25.105  -40.232  -26.541 0.8999999762
62415  24.567  -39.474  -26.721 0.8999999762
128382  25.050  -42.884  -28.540 0.6000000238
61331  24.167  -40.267  -26.547 0.8999999762
59432  24.264  -42.367  -28.497 0.6999999881
60383  23.721  -41.500  -28.605 0.6999999881
62400  23.538  -39.576  -26.693 0.8999999762
62447  22.925  -39.262  -28.710 0.6999999881
62437  21.739  -39.620  -28.014 0.8000000119
63446  22.535  -38.462  -27.278 0.8000000119
63475  22.467  -38.709  -28.455 0.6999999881
63457  22.144  -38.652  -27.881 0.8000000119
62417  21.802  -39.598  -27.266 0.8000000119
64419  22.377  -38.045  -28.176 0.8000000119
58322  32.482  -43.450  -20.362 0.6999999881
59340  32.584  -42.549  -21.274 0.6000000238
144706  25.610  -42.665  -28.963 0.6000000238
128911  26.130  -39.012  -26.781 0.8000000119
63443  25.555  -38.387  -26.966 0.8999999762
63444  24.722  -38.604  -26.935 0.8999999762
60382  24.660  -41.539  -28.847 0.6000000238
134870  24.105  -38.005  -27.113 0.8999999762
61356  23.133  -40.616  -28.645 0.8000000119
63445  23.238  -38.161  -27.139 0.8999999762
64410  22.440  -38.038  -27.789 0.8000000119
63474  22.983  -38.274  -28.880 0.6999999881
64418  22.696  -37.311  -28.289 0.8000000119
65327  23.158  -36.950  -27.786 0.8000000119
61355  24.232  -40.765  -28.959 0.6999999881
63456  26.414  -38.213  -27.004 0.8000000119
62446  24.637  -39.285  -29.537 0.5000000000
61366  23.803  -39.858  -29.073 0.6000000238
63472  24.432  -38.405  -29.582 0.6000000238
63473  23.716  -38.887  -29.265 0.6999999881
64394  23.643  -37.367  -27.354 0.8000000119
64427  24.069  -37.574  -29.579 0.6000000238
65353  22.986  -36.517  -29.208 0.6000000238
65346  22.809  -36.515  -28.757 0.6999999881
136706  22.872  -35.755  -28.695 0.8000000119
64395  22.873  -37.682  -27.528 0.8000000119
66385  22.845  -35.282  -29.282 0.6000000238
64407  25.784  -37.542  -27.235 0.8000000119
141407  25.814  -36.119  -27.761 0.8000000119
65338  24.915  -36.369  -27.599 0.8999999762
64426  25.008  -37.794  -29.759 0.6000000238
134274  23.388  -35.225  -28.574 0.8000000119
65326  23.717  -36.733  -27.615 0.8000000119
66369  24.342  -35.660  -28.067 0.8000000119
66377  22.864  -34.967  -29.075 0.6000000238
66367  26.581  -35.758  -27.858 0.8000000119
66368  25.235  -35.743  -27.934 0.8000000119
64438  24.553  -36.934  -29.764 0.6000000238
65362  23.961  -36.019  -29.842 0.6000000238
67354  24.159  -34.691  -28.514 0.8000000119
66398  23.399  -35.041  -29.760 0.6000000238
68253  24.030  -33.803  -28.820 0.6999999881
67353  25.109  -35.068  -28.240 0.8000000119
142541  24.297  -32.663  -30.189 0.6000000238
69244  24.399  -32.681  -29.331 0.6000000238
69243  25.124  -32.531  -29.163 0.6999999881
137553  24.663  -34.040  -30.346 0.6000000238
68292  24.046  -33.548  -30.058 0.6000000238
67350  28.100  -34.531  -28.027 0.8000000119
136882  26.622  -35.024  -28.084 0.8000000119
64437  25.473  -37.206  -29.925 0.6000000238
66366  27.383  -34.726  -28.066 0.8000000119
135790  26.562  -36.107  -30.161 0.5000000000
68251  25.753  -33.734  -28.504 0.8000000119
67352  25.864  -34.614  -28.282 0.8000000119
133117  26.166  -35.145  -30.246 0.6000000238
65361  24.968  -36.315  -30.002 0.6000000238
69242  25.848  -32.413  -29.051 0.6000000238
67394  26.783  -34.474  -30.531 0.5000000000
67395  25.625  -34.212  -30.467 0.6000000238
68291  24.914  -33.231  -30.539 0.6000000238
69257  24.249  -32.283  -29.688 0.6000000238
68290  26.143  -33.494  -30.716 0.6000000238
68306  24.591  -32.223  -30.564 0.6000000238
70289  24.508  -31.590  -30.565 0.6000000238
70288  24.711  -31.275  -30.380 0.6000000238
68249  27.623  -33.856  -28.335 0.8000000119
67351  26.668  -34.206  -28.311 0.8000000119
68248  28.612  -33.957  -28.136 0.8000000119
68266  28.320  -33.201  -28.435 0.6999999881
68267  27.510  -33.024  -28.579 0.6999999881
132270  25.550  -30.786  -29.952 0.6000000238
71240  26.466  -30.828  -29.777 0.6000000238
69241  26.915  -32.390  -28.965 0.6999999881
68304  27.655  -32.472  -31.481 0.5000000000
70276  25.145  -30.601  -30.416 0.6000000238
69279  26.553  -31.618  -31.537 0.5000000000
70299  25.374  -30.824  -31.295 0.6000000238
70287  25.109  -30.551  -30.864 0.6000000238
144868  27.639  -31.763  -31.738 0.5000000000
70256  29.654  -32.029  -28.752 0.6999999881
70257  28.643  -31.899  -29.066 0.6000000238
71239  27.494  -30.835  -29.755 0.6000000238
70258  27.442  -31.605  -29.338 0.6000000238
71256  26.825  -30.236  -30.202 0.6000000238
140205  28.401  -31.151  -29.560 0.6000000238
70298  27.073  -31.014  -31.861 0.5000000000
71274  26.364  -30.180  -32.044 0.6000000238
72233  25.942  -29.229  -31.730 0.6000000238
71265  25.369  -29.959  -30.880 0.6000000238
71257  25.713  -30.246  -30.302 0.6000000238
136629  28.118  -30.340  -30.163 0.6000000238
139741  26.896  -29.788  -32.289 0.6000000238
139784  26.797  -29.018  -32.266 0.6000000238
70309  28.803  -30.762  -32.277 0.5000000000
71284  28.021  -29.752  -32.442 0.5000000000
71283  29.490  -30.074  -32.474 0.4000000060
72242  29.024  -29.022  -32.653 0.5000000000
70275  29.321  -31.363  -29.321 0.6000000238
71255  29.127  -30.717  -29.803 0.6000000238
72232  26.118  -28.910  -31.770 0.6000000238
73266  27.146  -28.871  -30.827 0.6000000238
139629  29.052  -30.086  -30.227 0.6000000238
72244  26.263  -28.589  -32.073 0.6000000238
140033  26.416  -28.136  -32.104 0.6000000238
72243  27.657  -28.784  -32.506 0.5000000000
137094  26.838  -28.166  -32.495 0.6000000238
73290  27.952  -28.020  -32.825 0.5000000000
72241  30.173  -28.643  -32.948 0.4000000060
133284  29.191  -28.175  -32.894 0.4000000060
73273  27.729  -28.185  -30.766 0.6000000238
73265  29.104  -28.567  -30.578 0.5000000000
72217  29.565  -29.477  -30.292 0.5000000000
152829  29.800  -30.890  -29.553 0.5000000000
73274  26.669  -28.445  -31.391 0.6000000238
74279  28.679  -27.752  -30.744 0.5000000000
74309  26.926  -27.359  -32.667 0.6000000238
73299  27.709  -27.214  -33.003 0.5000000000
74321  29.171  -26.833  -33.297 0.4000000060
72216  30.584  -29.678  -29.828 0.4000000060
74289  26.944  -27.648  -31.602 0.6000000238
74288  27.931  -27.341  -31.211 0.5000000000
75237  28.232  -26.234  -33.016 0.4000000060
74308  27.234  -26.981  -32.601 0.6000000238
75215  27.986  -26.338  -32.353 0.6000000238
74287  28.904  -27.024  -30.917 0.4000000060
75236  28.947  -26.155  -33.284 0.4000000060
76128  29.092  -25.279  -33.216 0.4000000060
74286  29.894  -26.744  -30.682 0.4000000060
76115  28.406  -25.786  -32.783 0.4000000060
153011  28.515  -25.854  -31.853 0.4000000060
151577  29.456  -26.326  -33.411 0.4000000060
76103  28.623  -25.426  -32.428 0.4000000060
73262  32.005  -28.682  -29.468 0.4000000060
74277  30.740  -27.311  -30.358 0.4000000060
75207  29.050  -26.141  -31.198 0.4000000060
76127  29.971  -24.381  -33.734 0.4000000060
141601  28.952  -25.066  -32.938 0.4000000060
76993  29.490  -24.209  -32.066 0.4000000060
76093  29.128  -25.162  -31.694 0.4000000060
75200  31.404  -26.934  -30.023 0.4000000060
136058  31.640  -26.150  -29.849 0.4000000060
136802  30.785  -26.435  -30.354 0.4000000060
77838  30.335  -23.858  -33.037 0.3000000119
134971  30.132  -24.857  -31.196 0.4000000060
76092  29.942  -25.788  -30.784 0.4000000060
76078  32.201  -25.537  -29.479 0.4000000060
76079  30.880  -25.553  -30.437 0.4000000060
45574  20.320  -56.506  -28.140 0.8000000119
152461  19.838  -55.461  -27.128 0.8999999762
45547  21.043  -56.398  -26.685 0.8999999762
44603  20.447  -56.748  -27.335 0.8999999762
44602  21.192  -57.192  -26.891 0.8999999762
45503  26.191  -56.443  -23.121 0.8999999762
47390  26.325  -54.663  -23.306 1.0000000000
47389  26.994  -54.363  -22.911 1.0000000000
44585  23.568  -57.147  -25.536 0.8999999762
45513  25.235  -56.621  -24.078 0.8999999762
46442  25.001  -54.833  -24.294 0.8999999762
47400  26.118  -54.130  -23.853 1.0000000000
45528  23.384  -56.449  -25.364 0.8999999762
45514  24.664  -56.237  -24.542 0.8999999762
46444  23.862  -55.124  -24.854 0.8999999762
129493  25.658  -54.817  -23.795 1.0000000000
45529  22.616  -56.198  -25.723 0.8999999762
48408  24.396  -53.668  -24.791 0.8999999762
73264  30.201  -28.744  -30.321 0.4000000060
72215  31.566  -29.506  -29.499 0.4000000060
36370  26.801  -65.889  -19.889 0.8999999762
37375  28.472  -63.727  -23.015 1.0000000000
37403  26.866  -64.541  -26.107 0.8000000119
36355  24.299  -65.777  -19.203 0.8999999762
37330  28.276  -64.038  -20.741 1.0000000000
38472  27.098  -63.116  -26.123 0.8000000119
39362  28.273  -62.252  -18.497 0.8999999762
41487  27.985  -60.321  -24.441 0.8999999762
41515  27.501  -60.862  -25.867 0.8000000119
41526  26.091  -59.960  -27.197 0.8000000119
42610  24.503  -59.474  -27.319 0.8000000119
42528  28.904  -59.035  -21.993 1.0000000000
43592  25.246  -58.592  -26.219 0.8999999762
43605  24.013  -58.946  -27.010 0.8000000119
43595  22.446  -57.924  -26.659 0.8000000119
43555  26.800  -58.118  -23.492 0.8999999762
46455  23.261  -55.643  -25.275 0.8999999762
40372  25.825  -61.599  -16.554 0.8999999762
40373  24.698  -61.432  -16.228 1.0000000000
42484  22.360  -59.054  -18.835 0.6000000238
152660  21.269  -58.225  -19.908 0.4000000060
43502  21.661  -58.631  -19.756 0.4000000060
138297  27.015  -56.151  -22.232 1.0000000000
46430  26.028  -55.554  -23.303 0.8999999762
45582  21.389  -56.903  -28.725 0.6999999881
48461  21.091  -53.093  -27.949 0.8000000119
138701  27.406  -59.337  -16.414 0.8999999762
46457  21.694  -55.109  -25.918 0.8999999762
46483  23.819  -55.044  -27.799 0.6000000238
46484  19.811  -54.900  -27.058 0.8999999762
43449  23.705  -58.676  -14.999 0.6999999881
44493  21.217  -57.235  -18.884 0.4000000060
47414  23.151  -54.758  -25.234 0.8999999762
144701  21.707  -52.696  -26.446 0.8999999762
49373  21.496  -52.370  -26.990 0.8999999762
50420  24.466  -52.196  -27.637 0.6999999881
50436  23.722  -51.196  -28.068 0.6999999881
44443  25.991  -58.111  -14.870 0.8000000119
43453  27.736  -58.397  -16.297 0.8999999762
50371  27.785  -51.920  -23.958 1.0000000000
47402  24.694  -54.197  -24.560 0.8999999762
49352  24.512  -52.936  -24.993 0.8999999762
48409  23.838  -53.430  -25.014 0.8999999762
47403  23.929  -54.255  -24.863 0.8999999762
50400  22.156  -51.160  -26.088 0.8999999762
46345  29.106  -55.703  -17.088 0.8000000119
45399  22.689  -56.217  -15.439 0.5000000000
150866  29.107  -55.557  -18.807 1.0000000000
51376  22.467  -50.455  -25.795 0.8999999762
47316  29.677  -54.406  -17.231 0.6999999881
48342  30.322  -53.269  -18.758 0.8000000119
151445  29.500  -53.964  -19.431 0.8999999762
49306  29.886  -52.648  -20.260 0.8999999762
53420  23.409  -48.837  -28.427 0.6999999881
147420  21.137  -48.389  -26.659 0.8999999762
54400  21.986  -47.461  -28.027 0.8000000119
151184  23.971  -55.552  -14.970 0.6000000238
46325  28.032  -55.666  -15.665 0.8000000119
46316  25.482  -55.336  -15.225 0.6000000238
48336  30.037  -53.703  -17.336 0.6999999881
50332  30.934  -51.860  -19.251 0.6999999881
129053  30.883  -51.128  -19.820 0.6999999881
53368  27.558  -48.490  -23.552 1.0000000000
137221  24.440  -49.023  -25.771 1.0000000000
55401  20.977  -46.333  -26.706 0.8999999762
132052  25.756  -53.652  -15.564 0.6000000238
131263  23.831  -54.958  -15.200 0.5000000000
50325  31.313  -51.041  -18.968 0.6999999881
53354  28.048  -48.504  -22.922 0.8999999762
49251  25.648  -52.782  -15.892 0.5000000000
53302  31.141  -48.715  -19.507 0.6999999881
54282  30.361  -47.966  -20.875 0.8000000119
56399  21.767  -45.243  -25.650 0.8999999762
50303  29.412  -51.345  -16.330 0.6000000238
50304  28.305  -51.156  -16.001 0.5000000000
51289  30.758  -50.503  -17.326 0.6999999881
56395  26.493  -45.529  -24.440 0.8999999762
57398  29.037  -44.367  -24.381 0.8000000119
58374  27.872  -43.855  -24.878 0.8000000119
60344  21.354  -41.334  -26.552 0.8999999762
51276  28.794  -50.487  -16.156 0.5000000000
132036  30.732  -49.657  -17.166 0.6999999881
56349  30.821  -45.402  -21.567 0.6999999881
58364  30.230  -44.032  -23.794 0.8000000119
58390  26.659  -43.495  -25.353 0.8999999762
59384  25.456  -42.799  -25.726 0.8999999762
61357  22.198  -40.810  -28.275 0.8000000119
57338  31.938  -44.697  -20.417 0.6999999881
58345  32.041  -43.692  -21.574 0.6999999881
139054  29.211  -41.922  -24.975 0.8000000119
62401  22.559  -39.810  -26.709 0.8999999762
57355  32.250  -43.957  -20.798 0.6999999881
147396  25.337  -39.164  -26.782 0.8999999762
58312  32.516  -43.310  -19.580 0.6000000238
135810  22.806  -36.840  -28.888 0.6999999881
64393  24.915  -37.824  -27.121 0.8999999762
67365  23.389  -34.355  -28.915 0.6999999881
144573  23.524  -34.257  -29.784 0.6000000238
67397  23.639  -33.752  -29.595 0.6000000238
68268  24.785  -33.266  -28.883 0.8000000119
69256  24.417  -31.690  -29.813 0.6000000238
68250  26.582  -33.226  -28.599 0.6999999881
68305  25.399  -32.524  -30.887 0.6000000238
72220  25.914  -29.618  -30.696 0.6000000238
134742  26.031  -30.647  -31.697 0.6000000238
73263  31.125  -28.748  -29.873 0.4000000060
74278  29.814  -27.773  -30.642 0.4000000060
137580  32.428  -26.278  -29.208 0.4000000060
76982  30.245  -23.877  -31.605 0.4000000060
45546  21.922  -56.701  -26.284 0.8999999762
26427  23.175  -75.469  -22.653 0.4000000060
27544  21.835  -75.200  -21.720 0.4000000060
27525  21.193  -74.545  -21.481 0.4000000060
27541  24.169  -74.456  -22.893 0.4000000060
28541  22.229  -73.626  -21.435 0.4000000060
140119  21.510  -73.913  -21.419 0.4000000060
28572  25.204  -73.373  -22.802 0.3000000119
28557  22.853  -74.336  -21.868 0.4000000060
30658  26.418  -71.333  -23.993 0.4000000060
31607  26.250  -70.889  -24.657 0.4000000060
32600  25.983  -69.365  -25.380 0.4000000060
33608  25.747  -68.655  -25.822 0.4000000060
29557  22.827  -72.982  -21.352 0.5000000000
29559  20.669  -72.822  -21.555 0.4000000060
29555  24.780  -72.991  -22.030 0.4000000060
28540  23.823  -73.253  -21.697 0.4000000060
31590  26.634  -70.878  -23.145 0.5000000000
31606  26.569  -70.514  -24.090 0.4000000060
32599  26.372  -69.319  -24.783 0.4000000060
34546  26.132  -67.825  -25.563 0.5000000000
34559  25.901  -67.255  -26.203 0.5000000000
34560  25.497  -67.181  -26.852 0.6000000238
34575  25.098  -67.056  -27.493 0.5000000000
35481  24.801  -66.448  -28.047 0.6000000238
36457  24.601  -65.564  -28.506 0.4000000060
30618  22.525  -71.949  -21.279 0.5000000000
29572  20.752  -72.111  -21.898 0.5000000000
30631  20.282  -71.636  -22.408 0.5000000000
29586  18.933  -71.680  -23.163 0.5000000000
152203  24.819  -71.916  -21.347 0.6000000238
29556  23.403  -72.497  -21.268 0.6000000238
31576  26.609  -70.768  -22.121 0.5000000000
31558  26.325  -70.602  -21.447 0.6000000238
32558  26.958  -70.074  -22.639 0.5000000000
139888  26.832  -70.109  -23.497 0.5000000000
33594  26.708  -68.772  -24.303 0.4000000060
128948  26.483  -68.088  -24.801 0.6000000238
142785  26.323  -66.108  -26.154 0.6000000238
36445  25.985  -65.721  -26.842 0.6000000238
37414  25.774  -64.886  -27.313 0.6000000238
37424  25.560  -64.078  -27.665 0.6000000238
37441  24.869  -64.031  -28.360 0.6000000238
36456  25.328  -65.653  -27.710 0.6000000238
37425  25.114  -64.827  -28.135 0.6000000238
37442  24.123  -63.918  -28.695 0.6000000238
38503  23.672  -63.368  -28.745 0.6000000238
137361  22.883  -71.034  -21.226 0.5000000000
147847  20.920  -71.520  -22.230 0.5000000000
142660  20.652  -70.987  -22.655 0.5000000000
30645  19.815  -71.054  -23.060 0.5000000000
31559  25.787  -70.755  -21.127 0.6000000238
30617  23.494  -71.733  -21.077 0.6000000238
32542  27.276  -69.193  -22.220 0.6000000238
31543  26.210  -70.125  -20.892 0.6000000238
32571  27.088  -69.295  -23.355 0.5000000000
33553  27.413  -68.381  -22.222 0.6000000238
34524  26.879  -67.846  -24.144 0.6000000238
35453  26.767  -66.587  -24.888 0.6000000238
37413  26.278  -64.098  -26.888 0.6000000238
39540  24.171  -62.633  -28.473 0.6000000238
39541  23.182  -62.643  -28.695 0.6999999881
30630  21.350  -71.000  -22.293 0.6000000238
31579  21.091  -70.446  -22.738 0.5000000000
31592  19.831  -70.274  -23.762 0.5000000000
31544  25.555  -70.122  -20.671 0.6000000238
31561  24.130  -70.520  -20.834 0.6000000238
133687  23.317  -70.295  -21.241 0.6000000238
32573  20.386  -69.498  -23.607 0.5000000000
32601  19.189  -69.183  -24.820 0.5000000000
32528  25.990  -69.510  -20.415 0.6000000238
34523  27.245  -67.201  -23.586 0.6000000238
40577  23.799  -61.870  -28.424 0.6999999881
31577  22.548  -70.230  -21.759 0.6000000238
31578  21.756  -70.162  -22.405 0.6000000238
32561  21.102  -69.763  -23.017 0.6000000238
32544  24.718  -69.962  -20.663 0.6000000238
33536  22.521  -68.708  -21.839 0.6000000238
32572  21.030  -68.923  -23.198 0.6000000238
32586  19.961  -68.952  -23.972 0.6000000238
33595  19.552  -68.728  -24.468 0.6000000238
32530  24.453  -69.226  -20.596 0.6000000238
33610  18.642  -68.352  -25.769 0.5000000000
33534  26.834  -68.692  -20.920 0.6000000238
34548  18.559  -67.590  -25.993 0.6000000238
141810  22.876  -60.860  -28.444 0.6999999881
32546  22.917  -69.481  -21.568 0.6000000238
33555  21.443  -68.283  -22.615 0.6000000238
33516  23.855  -68.651  -20.728 0.6000000238
34498  23.298  -68.086  -20.936 0.6000000238
33554  22.007  -68.735  -22.310 0.6000000238
33577  19.873  -68.289  -23.953 0.6000000238
34539  19.450  -67.793  -24.581 0.6000000238
33514  25.677  -68.768  -20.085 0.6000000238
35440  19.538  -66.825  -24.297 0.6000000238
132603  26.595  -68.101  -20.448 0.6000000238
130092  27.507  -67.062  -22.108 0.6000000238
42612  22.871  -59.557  -27.895 0.6999999881
42613  21.833  -59.370  -28.347 0.6999999881
34481  25.389  -67.997  -19.817 0.6000000238
34500  22.079  -67.430  -21.706 0.6999999881
34511  21.529  -67.483  -22.121 0.6999999881
34468  26.373  -67.573  -20.061 0.6000000238
43608  21.415  -58.495  -27.906 0.6999999881
34484  23.050  -67.409  -20.798 0.6999999881
34470  25.078  -67.237  -19.628 0.6999999881
34483  23.844  -67.792  -20.323 0.6999999881
35413  22.400  -67.092  -21.213 0.6999999881
35426  20.931  -66.898  -22.121 0.6999999881
34525  20.306  -67.512  -23.168 0.6000000238
35427  20.345  -66.864  -22.747 0.6999999881
138494  20.389  -66.132  -22.354 0.6000000238
44616  20.351  -56.949  -27.866 0.8000000119
35383  24.733  -66.491  -19.422 0.6999999881
35397  23.450  -66.966  -20.198 0.6999999881
35399  22.083  -66.452  -20.887 0.6999999881
35415  20.925  -66.212  -21.713 0.6999999881
36434  19.169  -65.029  -25.400 0.5000000000
151462  20.876  -65.543  -21.457 0.6999999881
36399  20.018  -65.034  -22.794 0.6000000238
36409  19.783  -64.825  -23.707 0.6000000238
62412  27.522  -39.432  -26.430 0.6999999881
59356  30.678  -42.510  -24.082 0.6999999881
59365  29.813  -42.371  -24.554 0.6999999881
60335  29.027  -41.150  -25.254 0.6999999881
58362  31.457  -43.084  -23.048 0.6000000238
60311  31.132  -41.801  -23.899 0.6000000238
62399  28.768  -39.694  -25.753 0.6999999881
62411  28.331  -39.206  -26.286 0.6999999881
63442  26.976  -38.841  -26.731 0.6999999881
64406  26.749  -37.410  -27.295 0.6999999881
59350  31.809  -42.461  -22.793 0.6000000238
60323  31.075  -41.004  -24.143 0.6000000238
60325  29.756  -41.440  -24.802 0.6999999881
62398  29.537  -39.411  -25.505 0.6999999881
60301  32.270  -41.726  -22.476 0.6000000238
63441  27.809  -38.656  -26.652 0.6999999881
64405  27.555  -37.478  -27.175 0.6999999881
65335  27.337  -36.018  -27.676 0.6999999881
60310  31.684  -41.679  -23.287 0.6000000238
61294  31.518  -40.239  -23.967 0.6000000238
62391  30.760  -39.333  -24.802 0.6000000238
62397  30.203  -39.154  -25.260 0.6999999881
62410  29.093  -38.932  -26.056 0.6999999881
64404  28.202  -37.119  -27.156 0.6999999881
65334  28.176  -36.265  -27.439 0.6999999881
66365  28.007  -35.317  -27.726 0.6999999881
60309  32.206  -40.958  -22.931 0.6000000238
61293  32.115  -40.264  -23.392 0.6000000238
63418  31.934  -38.287  -24.402 0.5000000000
63420  30.721  -38.532  -25.190 0.6000000238
64389  30.285  -37.046  -26.267 0.5000000000
144642  29.577  -36.144  -26.882 0.6999999881
67348  29.530  -34.865  -27.449 0.6999999881
67349  28.809  -34.723  -27.744 0.6999999881
76101  32.498  -25.513  -32.182 0.3000000119
151858  31.648  -25.318  -32.772 0.3000000119
75235  29.767  -25.642  -33.526 0.3000000119
26428  22.427  -75.778  -22.162 0.4000000060
26429  21.600  -75.910  -21.827 0.3000000119
26430  20.067  -76.033  -21.936 0.4000000060
27561  23.930  -75.222  -23.203 0.3000000119
27526  20.220  -74.542  -21.530 0.4000000060
134622  25.609  -72.984  -24.197 0.4000000060
27527  19.757  -73.743  -21.598 0.4000000060
30659  26.007  -71.614  -24.779 0.4000000060
135055  25.702  -70.825  -25.385 0.4000000060
31634  25.231  -70.278  -26.056 0.4000000060
33623  25.207  -68.748  -26.576 0.5000000000
34576  24.555  -67.308  -27.940 0.4000000060
29574  18.912  -72.557  -22.454 0.4000000060
141728  24.170  -64.679  -28.856 0.5000000000
30646  18.510  -71.451  -23.862 0.5000000000
38504  22.643  -63.469  -29.150 0.6000000238
31609  18.748  -70.470  -24.599 0.5000000000
31608  19.296  -70.207  -24.302 0.5000000000
32603  18.104  -69.754  -25.970 0.5000000000
40578  22.718  -61.722  -28.638 0.6000000238
32617  18.266  -68.938  -26.254 0.5000000000
34562  17.725  -67.649  -27.146 0.4000000060
41536  22.475  -60.181  -28.376 0.6999999881
140293  18.712  -66.874  -25.778 0.5000000000
148111  21.116  -58.938  -28.602 0.6999999881
35462  18.882  -66.015  -25.485 0.5000000000
43617  20.887  -58.338  -28.471 0.8000000119
44631  20.544  -57.105  -28.191 0.6999999881
36446  18.571  -64.917  -26.578 0.5000000000
36410  19.588  -64.649  -24.712 0.6000000238
52281  31.139  -49.165  -17.617 0.6000000238
54248  31.150  -47.797  -17.651 0.6000000238
141541  32.729  -41.809  -21.641 0.6000000238
62380  32.540  -39.586  -23.202 0.5000000000
64372  32.306  -37.596  -24.402 0.5000000000
139184  32.154  -36.447  -25.184 0.5000000000
65313  30.869  -36.704  -25.995 0.5000000000
67340  30.647  -34.842  -26.865 0.5000000000
68246  30.192  -34.510  -27.300 0.5000000000
68264  29.979  -33.212  -28.007 0.5000000000
76991  33.680  -24.355  -32.064 0.3000000119
76110  32.699  -24.570  -32.348 0.3000000119
76126  30.622  -24.250  -33.983 0.3000000119
34496  27.291  -67.170  -21.268 0.6000000238
33533  27.239  -68.563  -21.576 0.6000000238
33574  27.322  -68.520  -22.933 0.6000000238
36373  21.753  -65.715  -20.481 0.8000000119
40576  24.544  -61.986  -28.241 0.6999999881
41535  23.554  -60.358  -28.127 0.6999999881
142913  22.324  -58.933  -27.747 0.6999999881
60324  30.489  -41.668  -24.384 0.6999999881
68265  29.170  -33.283  -28.205 0.6000000238
76113  30.550  -24.960  -33.768 0.3000000119
44615  20.778  -57.607  -27.714 0.8000000119
44645  20.834  -57.517  -28.574 0.6999999881
61307  29.690  -40.719  -25.018 0.6999999881
27542  23.388  -74.796  -22.541 0.4000000060
28555  24.441  -73.733  -22.468 0.4000000060
28573  24.880  -74.027  -23.240 0.3000000119
29571  25.520  -72.670  -22.401 0.5000000000
28558  19.501  -73.051  -21.863 0.5000000000
32616  24.785  -69.692  -26.691 0.3000000119
146466  24.285  -66.867  -28.493 0.4000000060
30647  18.235  -72.024  -23.519 0.5000000000
140329  19.611  -65.844  -24.014 0.6000000238
63440  28.595  -38.410  -26.468 0.6999999881
137419  27.442  -36.822  -27.425 0.6999999881
61306  30.855  -40.139  -24.475 0.6999999881
62390  31.412  -39.498  -24.317 0.6000000238
61314  30.057  -39.954  -24.958 0.6999999881
63430  29.868  -38.484  -25.699 0.6999999881
63408  31.945  -38.919  -24.113 0.6000000238
64373  31.480  -37.851  -24.970 0.5000000000
63429  30.628  -37.609  -25.679 0.6000000238
64390  29.786  -37.643  -26.220 0.6999999881
65324  28.930  -36.603  -27.038 0.6999999881
65333  29.024  -35.631  -27.365 0.6999999881
135965  32.372  -39.047  -23.594 0.5000000000
152571  32.413  -36.909  -24.639 0.5000000000
65312  31.434  -37.007  -25.435 0.5000000000
65322  30.306  -36.235  -26.487 0.5000000000
66356  30.022  -35.396  -27.009 0.5000000000
147654  30.423  -33.703  -27.512 0.5000000000
68247  29.534  -34.029  -27.754 0.6999999881
62359  33.102  -39.514  -22.547 0.5000000000
66346  32.077  -35.659  -25.623 0.5000000000
66347  31.468  -35.511  -26.121 0.5000000000
68245  31.197  -33.389  -27.251 0.5000000000
128332  20.887  -59.041  -29.029 0.6000000238
132247  20.870  -58.379  -28.975 0.6000000238
139399  23.138  -56.998  -29.177 0.5000000000
43636  21.348  -58.655  -29.783 0.6000000238
44644  21.532  -57.735  -29.305 0.6000000238
45561  24.883  -56.129  -28.015 0.5000000000
46490  23.837  -55.911  -28.190 0.5000000000
45581  22.390  -56.865  -29.029 0.6000000238
38436  21.210  -62.345  -24.163 0.5000000000
148164  21.864  -56.261  -28.765 0.6000000238
46481  25.446  -55.596  -27.417 0.5000000000
46482  24.612  -55.437  -27.675 0.5000000000
46480  26.108  -55.088  -26.848 0.5000000000
39442  21.929  -61.634  -23.365 0.4000000060
39463  20.641  -61.638  -24.196 0.4000000060
40493  20.625  -61.464  -22.972 0.4000000060
131232  25.013  -55.147  -27.382 0.5000000000
48434  27.095  -53.846  -26.719 0.5000000000
128128  26.143  -54.050  -26.878 0.5000000000
40469  20.393  -61.260  -21.788 0.4000000060
49384  27.282  -52.454  -27.491 0.5000000000
130102  26.742  -53.148  -27.085 0.5000000000
40450  19.591  -61.030  -21.023 0.4000000060
45420  21.862  -56.686  -16.740 0.4000000060
45421  21.293  -56.339  -17.412 0.4000000060
44473  21.172  -56.748  -18.193 0.4000000060
44494  20.571  -56.417  -18.877 0.3000000119
130164  25.906  -52.005  -16.201 0.4000000060
49273  25.216  -52.186  -16.466 0.4000000060
135831  23.059  -55.049  -15.348 0.4000000060
47293  22.467  -54.676  -15.631 0.4000000060
139908  26.144  -51.184  -16.426 0.4000000060
45408  21.489  -55.793  -16.653 0.4000000060
48318  22.936  -52.802  -16.249 0.4000000060
47302  21.753  -54.152  -16.038 0.4000000060
46346  20.932  -55.601  -17.253 0.4000000060
45422  20.688  -55.978  -17.962 0.4000000060
144426  24.710  -53.896  -15.544 0.4000000060
48316  24.710  -52.589  -16.285 0.4000000060
135834  24.073  -54.071  -15.488 0.4000000060
51278  26.795  -50.414  -16.342 0.4000000060
50307  25.265  -51.630  -16.753 0.4000000060
50308  24.617  -51.962  -16.857 0.4000000060
48317  23.856  -52.697  -16.285 0.4000000060
49275  23.321  -52.157  -16.783 0.4000000060
46328  21.018  -54.753  -16.671 0.4000000060
49285  22.791  -51.634  -17.206 0.4000000060
49277  21.439  -52.597  -16.811 0.4000000060
151095  29.611  -50.565  -16.456 0.4000000060
51279  25.928  -50.338  -16.675 0.4000000060
50318  25.282  -50.924  -17.018 0.4000000060
51275  30.192  -50.133  -16.705 0.5000000000
133869  29.342  -49.830  -16.344 0.4000000060
52268  28.281  -49.619  -16.147 0.4000000060
52269  27.303  -49.743  -16.295 0.4000000060
52271  25.797  -49.619  -16.794 0.4000000060
51290  25.209  -50.079  -17.094 0.4000000060
50319  24.533  -51.354  -17.193 0.4000000060
50309  23.744  -51.671  -17.171 0.4000000060
51292  23.647  -50.946  -17.493 0.4000000060
49286  22.054  -51.564  -17.323 0.4000000060
53277  30.951  -48.419  -17.338 0.5000000000
52266  30.422  -48.338  -16.785 0.5000000000
53267  29.723  -48.259  -16.329 0.5000000000
132620  29.082  -48.958  -16.166 0.4000000060
127795  27.954  -47.782  -15.956 0.4000000060
130990  27.285  -48.435  -16.238 0.4000000060
150326  26.747  -48.644  -16.461 0.4000000060
52284  24.454  -49.756  -17.357 0.4000000060
54237  30.188  -47.557  -16.488 0.5000000000
54239  28.683  -47.192  -15.914 0.4000000060
131181  27.147  -47.549  -16.338 0.4000000060
54250  26.372  -47.344  -16.673 0.4000000060
54224  29.963  -46.799  -16.242 0.4000000060
55260  28.723  -46.352  -16.056 0.4000000060
55261  27.786  -46.785  -16.196 0.4000000060
54249  26.941  -46.829  -16.539 0.4000000060
56278  29.789  -44.519  -16.601 0.4000000060
57282  29.400  -44.021  -16.864 0.4000000060
57283  28.532  -44.093  -16.877 0.4000000060
56293  28.255  -44.914  -16.567 0.4000000060
57284  27.655  -44.348  -17.083 0.4000000060
56291  31.546  -45.574  -17.912 0.5000000000
58255  31.499  -44.047  -17.421 0.5000000000
150278  30.763  -43.804  -17.023 0.4000000060
58278  28.961  -43.319  -17.305 0.4000000060
58279  27.945  -43.508  -17.431 0.4000000060
58299  27.400  -42.979  -18.235 0.3000000119
153357  32.203  -44.550  -19.665 0.5000000000
55258  30.336  -46.024  -16.448 0.5000000000
55259  29.560  -46.113  -16.125 0.4000000060
56279  28.928  -45.509  -16.255 0.4000000060
56280  28.043  -45.809  -16.410 0.4000000060
56295  26.569  -45.477  -17.088 0.4000000060
56292  29.125  -44.704  -16.539 0.4000000060
56294  27.396  -45.189  -16.793 0.4000000060
58276  31.931  -43.644  -17.808 0.5000000000
58256  31.156  -43.915  -17.163 0.5000000000
137556  30.415  -43.392  -17.211 0.4000000060
58277  29.811  -42.853  -17.486 0.4000000060
58298  28.284  -42.732  -17.780 0.3000000119
59310  32.668  -42.473  -19.342 0.5000000000
59284  32.002  -42.916  -17.830 0.5000000000
59286  30.745  -42.746  -17.454 0.4000000060
59287  30.240  -42.127  -17.759 0.4000000060
59301  29.462  -42.187  -17.769 0.4000000060
59302  28.688  -41.952  -18.079 0.3000000119
133300  27.934  -42.297  -18.330 0.3000000119
59303  27.399  -42.235  -18.853 0.3000000119
60250  32.660  -41.590  -19.040 0.5000000000
59319  32.683  -42.695  -20.333 0.4000000060
60258  33.013  -41.925  -20.805 0.5000000000
60236  31.609  -41.328  -18.235 0.3000000119
60221  31.166  -42.073  -17.772 0.4000000060
61219  29.868  -40.764  -18.400 0.4000000060
61220  28.833  -41.027  -18.648 0.3000000119
60239  28.035  -41.682  -18.779 0.3000000119
60252  27.402  -41.612  -19.367 0.3000000119
59311  26.894  -42.099  -19.311 0.3000000119
60235  32.257  -41.090  -18.656 0.3000000119
60249  32.933  -41.150  -19.697 0.4000000060
60257  33.128  -41.225  -20.382 0.4000000060
141706  33.346  -40.659  -20.651 0.4000000060
60300  32.822  -40.905  -22.053 0.4000000060
61281  32.688  -40.232  -22.730 0.4000000060
61218  30.859  -40.624  -18.385 0.3000000119
60237  30.568  -41.398  -18.083 0.3000000119
61238  29.382  -40.194  -19.044 0.3000000119
149958  28.607  -40.502  -19.356 0.3000000119
60251  28.040  -41.017  -19.346 0.3000000119
60253  26.618  -41.566  -19.797 0.3000000119
60254  25.753  -41.837  -19.897 0.3000000119
61217  31.837  -40.340  -18.641 0.3000000119
147738  28.045  -40.312  -19.906 0.3000000119
61240  27.346  -40.954  -19.900 0.3000000119
61248  25.828  -40.780  -20.709 0.3000000119
61236  32.670  -40.593  -19.228 0.3000000119
61243  33.180  -40.561  -19.972 0.3000000119
62340  33.636  -39.575  -21.043 0.3000000119
61280  33.219  -40.123  -22.131 0.4000000060
63383  32.911  -38.841  -23.069 0.4000000060
64357  32.890  -37.601  -23.794 0.4000000060
66331  32.703  -35.689  -25.066 0.4000000060
151902  30.995  -36.035  -26.199 0.4000000060
60260  25.288  -41.390  -20.454 0.3000000119
140627  32.118  -39.001  -19.157 0.3000000119
62310  31.614  -39.411  -18.847 0.3000000119
62309  32.401  -39.705  -19.188 0.3000000119
61244  33.119  -39.828  -19.712 0.3000000119
130767  33.611  -38.079  -20.582 0.3000000119
150833  33.721  -38.041  -22.233 0.3000000119
63406  33.408  -37.905  -23.013 0.4000000060
66288  34.104  -36.214  -23.047 0.3000000119
65283  33.284  -37.173  -23.551 0.4000000060
65300  33.493  -36.425  -23.780 0.4000000060
134489  32.543  -35.104  -25.496 0.4000000060
67325  32.659  -34.327  -25.701 0.4000000060
67338  32.072  -34.289  -26.306 0.4000000060
67339  31.363  -34.714  -26.503 0.4000000060
68239  30.877  -34.136  -26.970 0.4000000060
63353  33.421  -39.095  -20.310 0.3000000119
66307  34.058  -35.514  -23.607 0.3000000119
129682  33.765  -34.993  -24.294 0.3000000119
67324  33.290  -34.079  -25.173 0.4000000060
68224  33.112  -33.525  -25.639 0.4000000060
68238  31.648  -33.842  -26.714 0.4000000060
70239  32.591  -31.532  -27.553 0.4000000060
70240  31.901  -31.943  -27.931 0.4000000060
131484  30.606  -31.790  -28.645 0.4000000060
66306  34.408  -34.901  -23.118 0.3000000119
67306  34.395  -33.986  -23.930 0.3000000119
68223  33.694  -33.490  -25.018 0.3000000119
69206  33.608  -32.791  -25.525 0.4000000060
69218  33.294  -32.308  -26.190 0.4000000060
70227  33.711  -31.496  -26.339 0.4000000060
69219  32.626  -32.645  -26.581 0.4000000060
70238  33.260  -31.095  -27.132 0.3000000119
71222  32.917  -30.755  -27.904 0.4000000060
71237  31.730  -30.756  -28.855 0.3000000119
71238  30.973  -31.104  -29.086 0.3000000119
70274  30.153  -31.327  -29.163 0.4000000060
71253  31.236  -30.316  -29.367 0.3000000119
71254  30.450  -30.620  -29.503 0.3000000119
67284  34.519  -34.179  -23.224 0.3000000119
69187  34.565  -32.581  -24.261 0.3000000119
69205  34.238  -32.280  -25.123 0.3000000119
70215  33.855  -32.078  -25.753 0.3000000119
70226  34.293  -30.913  -26.133 0.3000000119
71204  33.898  -30.655  -26.734 0.3000000119
71220  34.113  -30.026  -26.989 0.3000000119
71235  33.108  -30.055  -28.121 0.3000000119
71236  32.490  -30.266  -28.610 0.3000000119
72214  32.333  -29.472  -29.119 0.3000000119
72203  32.935  -29.450  -28.520 0.3000000119
69171  34.843  -32.496  -23.438 0.3000000119
70198  34.735  -31.739  -24.638 0.3000000119
71191  34.799  -30.665  -25.580 0.3000000119
71203  34.544  -30.171  -26.342 0.3000000119
72188  34.464  -29.469  -26.821 0.3000000119
73237  33.818  -28.822  -27.690 0.3000000119
140416  33.641  -28.048  -27.942 0.3000000119
73250  32.691  -28.677  -28.879 0.3000000119
141681  33.465  -27.223  -28.244 0.3000000119
74275  32.390  -27.834  -29.207 0.3000000119
151187  32.808  -26.336  -28.774 0.3000000119
136561  30.572  -46.847  -16.735 0.5000000000
54236  31.090  -47.008  -17.358 0.5000000000
41537  21.675  -60.036  -28.749 0.6000000238
41558  20.435  -60.285  -29.918 0.5000000000
134770  20.937  -59.238  -29.568 0.5000000000
43634  23.384  -57.975  -29.984 0.5000000000
43649  21.812  -58.672  -30.528 0.5000000000
45560  26.343  -56.052  -27.105 0.5000000000
44628  24.799  -57.244  -29.005 0.5000000000
152444  23.643  -57.561  -29.620 0.5000000000
37360  20.440  -64.148  -22.553 0.6000000238
37377  20.278  -63.896  -23.495 0.6000000238
38420  21.260  -63.021  -23.469 0.6000000238
38437  20.486  -62.547  -24.901 0.5000000000
132821  19.844  -62.169  -25.281 0.5000000000
39483  20.206  -61.913  -24.770 0.5000000000
39484  19.499  -61.957  -25.197 0.5000000000
39464  19.757  -61.779  -24.475 0.4000000060
39443  19.738  -61.715  -23.267 0.4000000060
39421  18.729  -61.860  -21.999 0.4000000060
40470  19.008  -61.415  -21.375 0.4000000060
43515  20.514  -58.332  -20.604 0.3000000119
44509  20.766  -57.134  -19.568 0.3000000119
48337  20.773  -52.790  -17.249 0.4000000060
46347  20.418  -54.978  -17.683 0.4000000060
49287  21.370  -51.912  -17.384 0.4000000060
53279  25.699  -48.023  -16.863 0.4000000060
51293  22.704  -50.810  -17.705 0.4000000060
52287  22.369  -50.174  -18.064 0.4000000060
137903  24.261  -48.902  -17.401 0.4000000060
138024  25.618  -47.118  -16.951 0.4000000060
139254  23.988  -48.205  -17.508 0.4000000060
58280  27.135  -43.901  -17.810 0.4000000060
57285  26.853  -44.662  -17.384 0.4000000060
59304  26.715  -42.686  -18.912 0.3000000119
59312  26.236  -42.302  -19.454 0.3000000119
59313  25.415  -42.524  -19.568 0.3000000119
46471  26.853  -55.302  -26.608 0.5000000000
142493  20.028  -58.823  -20.831 0.4000000060
146677  21.054  -51.528  -17.891 0.4000000060
51294  21.812  -50.833  -17.896 0.4000000060
153182  25.222  -47.560  -17.062 0.4000000060
53280  24.753  -48.037  -17.233 0.4000000060
42515  19.994  -59.794  -20.466 0.4000000060
45572  22.735  -56.089  -28.582 0.5000000000
50306  26.835  -51.798  -15.896 0.4000000060
57298  31.782  -45.407  -18.846 0.5000000000
60283  33.164  -41.157  -21.149 0.5000000000
51277  27.773  -50.409  -16.113 0.4000000060
57318  32.348  -44.038  -19.251 0.5000000000
65301  32.884  -37.017  -24.143 0.4000000060
69237  31.101  -32.240  -28.142 0.4000000060
69220  31.953  -33.053  -26.947 0.4000000060
43635  22.248  -58.099  -30.086 0.6000000238
45570  24.355  -56.640  -28.592 0.5000000000
149752  25.694  -56.417  -27.807 0.5000000000
136838  21.977  -53.078  -16.295 0.4000000060
49276  22.255  -52.150  -16.824 0.4000000060
48320  21.127  -53.490  -16.610 0.4000000060
47317  20.492  -53.875  -17.276 0.4000000060
52267  30.060  -49.169  -16.618 0.5000000000
53268  28.153  -48.680  -16.043 0.4000000060
52285  23.706  -49.593  -17.603 0.4000000060
54238  29.480  -47.444  -16.109 0.4000000060
55269  27.158  -46.075  -16.634 0.4000000060
57281  31.820  -44.821  -18.260 0.5000000000
56275  31.548  -44.867  -17.692 0.5000000000
56277  30.721  -45.122  -16.720 0.5000000000
55257  31.053  -46.026  -17.081 0.5000000000
59300  32.365  -42.404  -18.460 0.5000000000
143278  32.274  -43.225  -18.295 0.5000000000
59285  31.474  -42.770  -17.576 0.4000000060
60220  31.913  -42.169  -17.936 0.4000000060
62321  33.501  -40.004  -20.437 0.3000000119
61263  33.438  -40.307  -21.340 0.4000000060
62358  33.489  -39.537  -21.790 0.3000000119
66330  33.375  -35.662  -24.424 0.4000000060
67308  33.195  -34.878  -24.989 0.4000000060
63354  33.080  -38.312  -19.815 0.3000000119
68237  32.455  -33.525  -26.311 0.4000000060
67285  34.243  -34.655  -23.814 0.3000000119
67307  33.839  -34.214  -24.514 0.3000000119
71221  33.552  -30.237  -27.478 0.3000000119
70255  31.429  -31.510  -28.492 0.4000000060
68185  34.624  -33.297  -23.507 0.3000000119
68203  34.260  -33.431  -24.376 0.3000000119
70182  34.996  -31.862  -23.759 0.3000000119
71177  34.912  -31.077  -24.933 0.3000000119
72158  35.186  -29.903  -25.663 0.3000000119
75183  33.227  -26.436  -28.462 0.3000000119
52286  23.025  -49.507  -17.947 0.4000000060
34561  18.232  -66.899  -26.639 0.4000000060
35463  18.578  -66.011  -26.188 0.4000000060
36459  17.533  -65.327  -28.067 0.4000000060
36458  18.040  -65.107  -27.338 0.3000000119
36435  18.807  -65.293  -25.893 0.4000000060
37426  18.266  -63.863  -27.383 0.3000000119
37416  18.838  -63.708  -26.541 0.5000000000
38475  18.535  -62.884  -26.976 0.3000000119
39542  22.013  -62.678  -29.237 0.5000000000
152448  21.171  -62.446  -29.505 0.5000000000
38505  21.688  -63.530  -29.663 0.5000000000
37393  20.016  -63.466  -25.168 0.5000000000
38465  19.781  -62.820  -25.718 0.4000000060
40567  21.862  -60.886  -28.747 0.5000000000
39553  20.801  -62.999  -30.042 0.5000000000
39567  19.903  -62.494  -30.756 0.3000000119
40579  20.916  -61.114  -29.514 0.5000000000
40589  20.029  -61.212  -30.523 0.4000000060
140114  20.462  -60.179  -30.573 0.4000000060
40600  21.502  -61.095  -31.632 0.3000000119
147766  20.571  -60.848  -31.133 0.3000000119
41571  22.537  -60.081  -31.368 0.3000000119
42645  22.098  -59.211  -31.047 0.3000000119
143919  24.655  -59.146  -30.582 0.3000000119
42644  23.580  -59.312  -30.952 0.3000000119
43648  22.883  -58.534  -30.628 0.4000000060
42646  20.991  -59.300  -30.471 0.4000000060
129666  18.800  -62.153  -23.511 0.3000000119
44627  25.647  -57.326  -28.844 0.4000000060
43633  24.976  -58.207  -29.847 0.4000000060
143992  24.175  -58.507  -30.282 0.4000000060
134727  18.481  -62.125  -22.578 0.3000000119
42516  19.052  -60.198  -20.673 0.3000000119
138184  20.011  -54.780  -18.376 0.3000000119
47330  20.130  -54.123  -18.033 0.3000000119
150588  19.984  -53.669  -18.342 0.3000000119
48344  20.262  -53.185  -17.968 0.3000000119
151859  20.212  -52.669  -18.351 0.3000000119
49288  20.589  -52.188  -17.959 0.3000000119
52296  21.795  -49.623  -18.327 0.3000000119
53281  23.530  -48.787  -17.712 0.3000000119
53282  22.864  -48.656  -18.066 0.3000000119
52295  22.447  -49.352  -18.185 0.3000000119
53291  22.045  -48.629  -18.319 0.3000000119
53293  20.552  -49.329  -18.707 0.3000000119
55271  25.381  -46.340  -17.228 0.3000000119
54251  24.814  -47.050  -17.221 0.3000000119
55273  23.589  -47.056  -17.714 0.3000000119
54253  23.382  -47.849  -17.823 0.3000000119
54254  22.597  -47.775  -18.170 0.3000000119
57286  25.915  -44.859  -17.597 0.3000000119
56296  25.037  -45.518  -17.647 0.3000000119
56297  24.151  -45.877  -17.815 0.3000000119
56298  23.485  -46.350  -17.893 0.3000000119
55274  23.012  -46.997  -17.992 0.3000000119
56306  24.314  -45.089  -18.217 0.3000000119
57302  23.741  -44.594  -18.681 0.3000000119
56307  23.443  -45.468  -18.332 0.3000000119
57299  26.449  -44.226  -17.943 0.3000000119
57300  25.765  -44.139  -18.291 0.3000000119
56305  25.085  -44.670  -18.185 0.3000000119
58302  24.148  -43.836  -19.045 0.3000000119
138305  23.313  -64.094  -29.115 0.5000000000
44642  24.336  -57.741  -29.647 0.4000000060
55272  24.118  -46.670  -17.576 0.3000000119
53292  21.266  -49.054  -18.511 0.3000000119
39509  18.619  -62.510  -26.532 0.3000000119
39498  19.169  -62.248  -25.899 0.3000000119
39465  18.891  -62.061  -24.707 0.3000000119
29575  18.165  -72.666  -23.084 0.4000000060
29598  17.090  -72.453  -24.448 0.4000000060
145748  17.071  -71.883  -24.923 0.4000000060
152684  16.056  -70.807  -27.128 0.4000000060
31647  16.170  -70.109  -27.447 0.3000000119
30670  17.436  -71.251  -25.249 0.4000000060
31637  16.609  -70.487  -26.696 0.4000000060
32619  16.943  -69.712  -27.012 0.4000000060
33624  24.587  -68.847  -27.264 0.3000000119
31624  17.821  -70.513  -25.663 0.4000000060
33639  16.841  -68.587  -28.214 0.3000000119
33652  17.053  -67.955  -28.440 0.3000000119
32618  17.685  -69.376  -26.647 0.4000000060
140670  16.950  -66.502  -28.928 0.3000000119
34597  16.798  -67.385  -29.074 0.3000000119
36478  17.133  -65.546  -28.895 0.3000000119
33625  17.734  -68.545  -26.888 0.4000000060
34578  17.299  -67.283  -28.106 0.3000000119
35483  17.388  -66.288  -28.107 0.3000000119
30671  16.713  -71.670  -25.585 0.4000000060
31625  17.016  -70.875  -25.963 0.4000000060
137056  17.323  -64.420  -28.874 0.3000000119
28559  18.958  -73.596  -22.013 0.3000000119
36496  16.557  -64.841  -29.982 0.3000000119
26413  20.788  -75.406  -21.642 0.4000000060
26431  19.355  -75.866  -22.232 0.4000000060
27524  22.060  -74.460  -21.594 0.4000000060
27543  22.646  -75.021  -22.114 0.4000000060
27545  19.719  -75.315  -21.802 0.4000000060
27560  24.670  -74.701  -23.608 0.3000000119
28542  20.684  -73.698  -21.430 0.4000000060
28556  23.640  -74.086  -22.183 0.4000000060
28574  18.283  -73.451  -22.683 0.3000000119
28575  17.695  -73.325  -23.386 0.4000000060
29554  25.196  -72.305  -21.703 0.4000000060
29558  21.919  -72.675  -21.370 0.5000000000
29570  26.122  -72.257  -22.804 0.3000000119
29573  19.967  -72.418  -22.043 0.5000000000
29585  25.699  -72.872  -23.279 0.3000000119
29587  17.625  -72.537  -23.753 0.4000000060
29597  25.643  -72.428  -24.898 0.4000000060
29599  16.645  -72.414  -25.167 0.4000000060
29608  16.278  -72.286  -25.995 0.4000000060
30614  26.155  -71.278  -21.672 0.5000000000
30615  25.360  -71.531  -21.345 0.6000000238
30616  24.385  -71.422  -21.040 0.6000000238
30619  21.497  -71.806  -21.689 0.5000000000
30629  25.940  -72.049  -21.961 0.5000000000
30632  19.567  -71.836  -22.601 0.5000000000
30644  26.396  -71.684  -23.250 0.5000000000
30660  18.459  -71.046  -24.334 0.5000000000
30661  17.781  -71.667  -24.350 0.4000000060
31560  25.016  -70.759  -20.880 0.6000000238
31562  22.054  -71.009  -21.721 0.6000000238
31591  20.505  -70.343  -23.175 0.5000000000
31593  19.107  -70.875  -23.893 0.5000000000
31610  18.134  -70.838  -24.927 0.4000000060
31622  26.247  -70.097  -24.904 0.4000000060
31623  18.486  -70.147  -25.300 0.4000000060
31636  17.427  -70.138  -26.344 0.4000000060
31648  15.775  -70.721  -27.935 0.4000000060
32527  26.538  -69.412  -20.874 0.6000000238
32529  25.240  -69.384  -20.401 0.6000000238
32543  26.773  -69.956  -21.603 0.6000000238
32545  23.774  -69.547  -20.988 0.6000000238
32559  22.265  -69.434  -22.163 0.6000000238
32560  21.632  -69.225  -22.669 0.6000000238
32574  19.612  -69.540  -24.259 0.5000000000
32585  26.684  -69.697  -24.181 0.4000000060
32587  19.000  -69.803  -24.797 0.5000000000
32602  18.710  -69.266  -25.455 0.5000000000
32615  25.446  -69.454  -26.011 0.4000000060
32630  17.268  -69.003  -27.395 0.4000000060
33502  26.102  -68.153  -19.939 0.6000000238
33513  26.319  -68.803  -20.372 0.6000000238
33515  24.699  -68.532  -20.199 0.6000000238
33535  23.177  -68.712  -21.302 0.6000000238
33537  22.032  -68.066  -22.009 0.6000000238
33556  20.739  -68.150  -23.122 0.6000000238
33575  27.085  -68.486  -23.647 0.5000000000
33576  20.388  -68.644  -23.575 0.6000000238
33607  26.248  -68.670  -25.120 0.4000000060
33609  19.102  -68.511  -25.090 0.6000000238
33635  25.003  -67.895  -27.239 0.5000000000
33636  24.262  -68.187  -27.964 0.4000000060
33638  17.358  -68.202  -27.689 0.3000000119
34469  25.900  -67.430  -19.678 0.6000000238
34482  24.614  -67.748  -19.886 0.6000000238
34497  27.102  -67.968  -21.052 0.6000000238
34499  22.661  -67.896  -21.444 0.6999999881
34510  27.415  -67.704  -22.702 0.6000000238
34512  20.893  -67.539  -22.625 0.6999999881
34526  19.845  -67.556  -23.795 0.6000000238
34537  26.909  -67.087  -24.338 0.6000000238
34538  26.573  -67.370  -24.906 0.6000000238
34547  18.951  -67.682  -25.378 0.6000000238
34577  17.681  -66.862  -27.432 0.4000000060
34595  24.041  -67.477  -28.547 0.4000000060
35384  23.810  -66.426  -19.652 0.8999999762
35395  27.153  -66.400  -20.655 0.8000000119
35396  24.215  -67.111  -19.799 0.6999999881
35398  22.766  -66.736  -20.582 0.8999999762
35414  21.660  -66.807  -21.583 0.6999999881
35425  27.566  -66.327  -22.525 0.8000000119
35439  19.849  -66.806  -23.471 0.6999999881
35452  27.169  -66.476  -24.159 0.8000000119
35454  19.259  -65.892  -24.800 0.5000000000
35461  26.347  -66.819  -25.687 0.6000000238
35471  25.929  -66.582  -26.507 0.5000000000
35472  18.259  -65.840  -26.798 0.4000000060
35480  25.460  -66.437  -27.258 0.6000000238
35482  17.802  -66.080  -27.343 0.4000000060
35499  24.177  -66.240  -28.869 0.4000000060
35512  16.783  -65.891  -29.473 0.3000000119
36356  23.226  -65.787  -19.519 0.8999999762
36357  22.256  -65.376  -19.741 0.8999999762
36387  27.523  -65.689  -21.198 1.0000000000
36389  20.451  -65.332  -22.014 0.6000000238
36398  27.670  -65.566  -22.069 0.8999999762
36432  27.401  -65.063  -24.579 0.8000000119
36495  16.879  -65.038  -29.526 0.3000000119
37294  26.070  -64.255  -18.565 0.8999999762
37312  27.388  -64.315  -19.450 0.8999999762
37313  26.618  -64.675  -19.112 0.8999999762
37314  25.759  -64.932  -18.876 0.8999999762
37346  20.655  -64.578  -21.676 0.8000000119
37358  28.295  -64.261  -22.469 1.0000000000
37378  20.188  -63.689  -24.432 0.5000000000
37404  19.590  -63.951  -25.582 0.5000000000
37405  19.063  -64.388  -25.993 0.5000000000
37415  19.383  -63.493  -26.089 0.5000000000
37427  17.723  -64.419  -27.981 0.3000000119
38338  25.863  -63.049  -17.723 0.8999999762
38339  24.904  -63.205  -17.812 0.8999999762
38354  25.484  -63.719  -18.207 0.8999999762
38376  21.618  -63.494  -19.710 0.6999999881
38388  28.558  -63.323  -20.414 0.8999999762
38389  28.075  -63.882  -19.874 0.8999999762
38406  28.663  -63.424  -21.288 1.0000000000
38419  21.829  -62.117  -23.568 0.5000000000
38434  28.689  -62.946  -23.162 1.0000000000
38452  28.497  -62.731  -24.023 1.0000000000
38453  28.051  -63.186  -24.670 0.8999999762
38454  18.054  -62.537  -24.879 0.3000000119
38464  26.835  -63.754  -26.340 0.8000000119
38474  19.119  -62.812  -26.327 0.4000000060
38502  24.578  -63.317  -28.452 0.6000000238
39330  24.000  -62.051  -16.809 0.8999999762
39345  25.816  -62.346  -17.189 0.8999999762
39347  24.395  -62.635  -17.377 0.8999999762
39364  22.892  -63.024  -17.976 0.8999999762
39386  22.333  -61.676  -19.461 0.6000000238
39387  21.917  -62.453  -19.625 0.8000000119
39400  29.334  -62.055  -20.567 1.0000000000
39402  22.519  -61.526  -20.701 0.6999999881
39417  29.405  -62.092  -21.390 1.0000000000
39420  22.566  -61.619  -22.144 0.6000000238
39462  21.306  -61.837  -23.922 0.4000000060
39482  20.798  -61.959  -24.443 0.5000000000
39497  27.872  -62.429  -25.175 0.8000000119
39508  26.941  -62.419  -26.547 0.8000000119
39510  18.118  -62.469  -27.113 0.3000000119
39523  25.652  -62.513  -27.688 0.8000000119
39539  24.968  -62.592  -28.185 0.6999999881
39543  21.538  -61.843  -29.164 0.5000000000
39554  20.366  -62.077  -29.897 0.5000000000
40387  27.493  -61.511  -17.402 0.8999999762
40388  26.595  -61.922  -17.166 0.8999999762
40390  22.675  -61.238  -17.846 0.6999999881
40409  28.357  -61.466  -18.070 0.8999999762
40432  29.057  -61.530  -19.405 0.8999999762
40434  22.561  -61.102  -20.217 0.6000000238
40448  22.597  -61.047  -20.922 0.6000000238
40449  20.661  -60.737  -21.127 0.5000000000
40451  18.799  -61.008  -20.817 0.3000000119
40490  29.218  -61.385  -22.645 1.0000000000
40491  22.328  -61.464  -22.642 0.6000000238
40494  19.635  -61.605  -22.122 0.4000000060
40512  21.227  -61.531  -23.666 0.4000000060
40566  23.530  -61.168  -28.383 0.6999999881
40601  20.341  -61.810  -31.370 0.3000000119
41352  23.724  -60.028  -15.697 0.8000000119
41363  26.255  -60.839  -16.297 1.0000000000
41366  23.250  -60.403  -16.538 0.8000000119
41380  27.453  -60.730  -17.024 0.8999999762
41383  22.715  -60.292  -17.548 0.6999999881
41402  22.559  -60.481  -18.594 0.6999999881
41420  28.911  -61.036  -18.789 0.8999999762
41436  22.236  -60.399  -20.328 0.5000000000
41438  19.699  -60.558  -20.691 0.4000000060
41454  29.483  -60.551  -21.357 1.0000000000
41486  28.419  -60.501  -23.757 1.0000000000
41498  27.947  -60.935  -25.088 0.8999999762
41525  27.008  -60.877  -26.591 0.8000000119
41534  24.539  -60.133  -27.754 0.8000000119
41546  21.074  -60.228  -29.255 0.5000000000
41570  23.802  -60.256  -31.122 0.3000000119
41572  21.182  -60.018  -31.211 0.3000000119
42441  25.860  -59.587  -15.340 0.8999999762
42448  26.100  -60.243  -15.855 0.8999999762
42449  23.399  -59.292  -15.645 0.6000000238
42512  29.485  -59.531  -20.351 1.0000000000
42566  27.594  -59.542  -24.309 0.8999999762
42586  26.075  -58.823  -26.035 0.8000000119
42599  25.673  -59.269  -26.708 0.8000000119
42609  25.245  -59.720  -27.335 0.8000000119
42620  21.087  -59.546  -28.927 0.6000000238
42632  20.773  -59.685  -29.469 0.5000000000
43447  25.563  -58.917  -14.821 0.8000000119
43485  22.217  -58.411  -18.449 0.6000000238
43486  21.964  -58.492  -19.173 0.6000000238
43501  29.350  -58.685  -19.350 1.0000000000
43514  21.166  -58.677  -20.243 0.4000000060
43528  29.249  -59.033  -21.114 1.0000000000
43541  28.421  -58.487  -22.086 1.0000000000
43596  21.581  -57.897  -27.070 0.8999999762
43607  22.350  -58.421  -27.204 0.8000000119
43647  25.226  -58.752  -30.189 0.4000000060
44472  21.665  -57.120  -17.601 0.5000000000
44490  29.208  -57.385  -19.281 1.0000000000
44508  21.366  -57.900  -19.465 0.4000000060
44550  27.057  -57.201  -22.548 1.0000000000
44559  26.515  -57.297  -23.117 0.8999999762
44568  26.134  -57.688  -23.888 0.8999999762
44583  25.116  -57.649  -24.986 0.8999999762
44584  24.378  -57.359  -25.297 0.8999999762
44586  22.738  -56.952  -25.822 0.8999999762
44599  23.937  -57.724  -26.002 0.8999999762
44601  22.125  -57.371  -26.454 0.8000000119
44629  23.827  -57.153  -29.219 0.5000000000
44630  20.718  -57.600  -28.293 0.8000000119
44641  25.302  -57.736  -29.428 0.5000000000
44643  22.873  -57.419  -29.589 0.5000000000
45397  24.207  -56.184  -14.792 0.6000000238
45407  22.103  -56.093  -15.984 0.4000000060
45419  28.811  -56.562  -17.158 0.8999999762
45437  29.114  -56.834  -17.987 0.8999999762
45479  27.900  -56.455  -21.308 1.0000000000
45491  27.339  -56.715  -22.023 1.0000000000
45504  25.663  -56.275  -23.595 0.8999999762
45515  23.966  -55.929  -24.902 0.8999999762
45530  21.825  -55.908  -26.130 0.8999999762
45548  20.223  -55.919  -27.001 0.8999999762
45562  19.931  -56.120  -27.575 0.8999999762
45569  25.231  -56.776  -28.433 0.5000000000
45571  23.401  -56.596  -28.799 0.5000000000
45573  20.960  -56.050  -28.590 0.6999999881
46314  27.266  -55.101  -15.433 0.6999999881
46317  24.522  -55.408  -15.073 0.6000000238
46319  22.538  -55.512  -15.536 0.4000000060
46323  29.306  -54.842  -16.743 0.6999999881
46324  28.739  -55.283  -16.161 0.6999999881
46327  21.801  -55.193  -15.969 0.4000000060
46390  28.369  -55.326  -20.161 1.0000000000
46443  24.537  -55.424  -24.538 0.8999999762
46456  22.491  -55.389  -25.592 0.8999999762
46458  20.961  -55.569  -26.467 0.8999999762
46492  21.879  -55.484  -28.590 0.6000000238
47288  27.308  -54.161  -15.472 0.5000000000
47290  25.329  -54.225  -15.441 0.6000000238
47292  23.265  -54.324  -15.513 0.4000000060
47301  28.131  -54.764  -15.612 0.8000000119
47328  29.430  -54.912  -18.549 0.8999999762
47329  28.834  -55.092  -19.380 1.0000000000
47340  29.222  -54.451  -19.362 1.0000000000
47378  27.304  -54.762  -22.261 1.0000000000
47379  26.675  -55.123  -22.737 1.0000000000
47401  25.411  -54.165  -24.255 0.8999999762
47416  21.675  -54.298  -25.952 0.8999999762
47428  26.714  -54.567  -26.666 0.5000000000
47429  20.210  -54.452  -26.881 0.8999999762
47439  25.399  -54.768  -27.131 0.5000000000
47441  23.839  -54.319  -27.686 0.6000000238
47442  20.040  -54.361  -27.394 0.8999999762
48294  26.488  -53.481  -15.560 0.5000000000
48295  25.077  -53.348  -15.721 0.4000000060
48296  24.348  -53.266  -15.788 0.4000000060
48297  23.539  -53.423  -15.793 0.4000000060
48319  22.645  -53.719  -15.841 0.4000000060
48349  29.804  -53.419  -19.605 0.8999999762
48373  27.854  -54.437  -21.699 1.0000000000
48394  28.017  -53.132  -23.069 1.0000000000
48395  27.292  -53.671  -23.299 1.0000000000
48410  23.008  -52.633  -25.445 0.8999999762
48435  21.041  -53.099  -26.820 0.8999999762
49274  24.093  -52.215  -16.761 0.4000000060
49349  27.096  -52.313  -24.545 1.0000000000
49350  26.281  -52.648  -24.752 1.0000000000
49353  23.708  -52.723  -25.219 0.8999999762
49365  22.033  -52.047  -26.352 0.8999999762
49385  26.369  -52.365  -27.430 0.6000000238
49387  23.858  -52.902  -27.659 0.6999999881
49388  21.520  -52.552  -27.520 0.8000000119
49396  23.479  -52.029  -27.856 0.6999999881
49397  22.259  -52.620  -27.847 0.6999999881
49398  22.244  -51.930  -27.589 0.8000000119
50305  27.827  -51.766  -15.823 0.5000000000
50320  22.313  -51.217  -17.546 0.4000000060
50321  21.618  -51.316  -17.692 0.4000000060
50385  24.214  -52.088  -25.290 0.8999999762
50387  22.625  -51.970  -25.762 0.8999999762
50408  21.814  -51.419  -26.718 0.8999999762
50421  21.882  -51.694  -27.152 0.8999999762
50437  22.926  -51.468  -27.918 0.6999999881
51291  24.510  -50.600  -17.339 0.4000000060
51340  28.256  -50.569  -22.903 1.0000000000
51352  27.891  -50.934  -23.760 1.0000000000
51372  25.763  -50.689  -25.459 1.0000000000
51374  24.258  -50.574  -25.538 0.8999999762
51377  21.922  -50.328  -26.151 0.8999999762
51392  21.591  -50.163  -27.172 0.8999999762
51402  26.842  -50.802  -28.803 0.6000000238
51407  21.931  -50.193  -27.611 0.8000000119
52270  26.492  -49.698  -16.537 0.4000000060
52282  30.709  -48.958  -17.079 0.6999999881
52283  25.197  -49.048  -17.062 0.4000000060
52304  31.320  -49.165  -19.102 0.6999999881
52305  31.079  -49.447  -19.700 0.6999999881
52313  29.855  -49.287  -21.027 0.8000000119
52371  26.504  -50.079  -25.271 1.0000000000
52379  25.668  -49.825  -25.562 1.0000000000
53269  26.206  -48.899  -16.677 0.4000000060
53278  30.746  -47.661  -17.025 0.5000000000
53301  31.342  -48.616  -18.751 0.6999999881
53314  30.773  -48.907  -20.076 0.6999999881
53315  30.330  -48.721  -20.637 0.6999999881
53337  29.035  -48.520  -21.857 0.8000000119
53353  28.520  -48.522  -22.397 0.8000000119
53389  23.812  -48.331  -25.852 1.0000000000
53390  23.005  -48.811  -25.875 0.8999999762
53392  21.284  -47.728  -26.614 0.8999999762
53399  21.180  -48.965  -26.573 0.8999999762
53400  20.999  -48.030  -26.905 0.8999999762
53408  21.038  -48.236  -27.184 0.8999999762
53416  27.545  -48.867  -28.309 0.6000000238
53418  25.657  -48.690  -28.224 0.6000000238
53422  21.434  -48.342  -27.744 0.8000000119
54225  29.311  -46.778  -16.021 0.4000000060
54240  26.574  -48.147  -16.532 0.4000000060
54252  24.090  -47.470  -17.484 0.4000000060
54261  31.333  -47.902  -18.388 0.6999999881
54324  29.453  -47.306  -22.022 0.8000000119
54350  24.976  -46.889  -25.089 1.0000000000
54361  24.466  -47.569  -25.592 1.0000000000
54365  21.354  -46.920  -26.549 0.8999999762
54375  21.024  -47.210  -26.805 0.8999999762
54381  25.940  -46.994  -27.418 0.6000000238
54383  24.035  -46.846  -27.877 0.6999999881
54401  21.225  -47.571  -27.438 0.8999999762
55268  31.432  -46.487  -17.850 0.5000000000
55270  26.269  -46.413  -16.904 0.4000000060
55331  30.486  -46.552  -21.164 0.6999999881
55332  30.064  -46.898  -21.664 0.8000000119
55364  28.377  -46.605  -23.343 0.8000000119
55380  22.673  -46.037  -25.605 0.8999999762
55389  22.034  -46.462  -26.044 0.8999999762
55390  21.704  -45.976  -25.972 0.8999999762
55412  23.507  -46.417  -27.833 0.6999999881
55415  20.778  -46.710  -26.988 0.8999999762
55426  22.862  -46.674  -28.024 0.6999999881
55429  20.954  -46.207  -27.245 0.8999999762
56276  31.268  -45.097  -17.227 0.5000000000
56334  31.521  -45.495  -20.313 0.6999999881
56393  28.771  -45.125  -24.107 0.8000000119
56398  22.310  -45.018  -25.196 1.0000000000
56409  21.528  -45.700  -26.040 0.8999999762
56410  21.243  -45.744  -26.352 0.8999999762
56422  20.935  -45.605  -26.753 0.8999999762
56435  21.853  -45.351  -27.500 0.6999999881
56436  20.901  -45.429  -27.014 0.8999999762
57261  31.432  -44.554  -17.405 0.5000000000
57262  31.151  -44.502  -17.072 0.5000000000
57263  30.759  -44.342  -16.854 0.4000000060
57264  30.193  -44.025  -16.857 0.4000000060
57280  31.759  -44.323  -17.791 0.5000000000
57297  32.172  -44.041  -18.412 0.5000000000
57319  31.891  -45.137  -19.640 0.6999999881
57376  31.522  -44.085  -22.114 0.6999999881
57377  30.929  -44.478  -22.608 0.6999999881
57399  28.351  -44.453  -24.537 0.8000000119
57400  26.789  -44.806  -24.721 0.8999999762
57401  25.972  -44.961  -24.711 0.8999999762
57403  23.793  -44.562  -24.888 1.0000000000
57404  22.543  -44.472  -25.130 1.0000000000
57417  27.096  -44.088  -25.007 0.8999999762
57421  21.131  -44.534  -26.340 0.8999999762
57445  25.018  -44.726  -27.710 0.6000000238
57450  20.968  -44.419  -27.075 0.8000000119
58257  29.767  -43.524  -17.153 0.4000000060
58296  32.382  -43.510  -18.865 0.5000000000
58297  29.014  -42.581  -17.641 0.4000000060
58300  26.438  -43.505  -18.458 0.3000000119
58344  32.403  -43.241  -21.021 0.6999999881
58372  29.564  -43.864  -24.315 0.8000000119
58377  22.167  -44.054  -25.281 1.0000000000
58395  21.093  -43.827  -26.130 0.8999999762
58425  23.955  -44.069  -27.760 0.6999999881
58426  23.448  -43.594  -27.792 0.6999999881
58427  22.599  -43.757  -27.602 0.6999999881
58428  21.686  -43.831  -27.467 0.6999999881
58429  20.696  -43.660  -26.941 0.8999999762
58447  21.111  -43.897  -27.292 0.8000000119
59273  31.536  -43.434  -17.509 0.5000000000
59274  31.072  -43.335  -17.255 0.4000000060
59309  32.953  -41.866  -19.939 0.4000000060
59355  31.301  -42.496  -23.486 0.6000000238
59386  23.520  -42.431  -25.817 0.8999999762
59387  22.542  -42.440  -25.815 0.8999999762
59389  20.939  -42.401  -26.351 0.8999999762
59400  20.595  -42.338  -26.780 0.8999999762
59413  21.985  -43.034  -27.664 0.8000000119
59415  20.532  -42.339  -27.054 0.8000000119
59431  25.157  -42.165  -28.830 0.6000000238
59433  23.256  -42.245  -28.270 0.6999999881
59435  21.397  -42.313  -27.592 0.8000000119
60238  29.586  -41.536  -18.063 0.4000000060
60259  26.024  -41.292  -20.256 0.3000000119
60356  24.666  -40.967  -26.418 0.8999999762
60386  21.040  -41.659  -27.340 0.8000000119
61247  26.581  -40.819  -20.349 0.3000000119
61249  25.180  -40.832  -20.923 0.3000000119
61315  29.256  -40.229  -25.340 0.6999999881
61316  27.784  -40.745  -25.897 0.8000000119
61319  22.031  -40.366  -26.650 0.8000000119
61320  21.542  -40.618  -26.774 0.8000000119
61328  27.240  -40.226  -26.242 0.8000000119
61329  26.341  -40.500  -26.389 0.8000000119
61332  21.471  -40.249  -27.146 0.8000000119
61346  21.504  -40.058  -27.545 0.8000000119
61347  21.252  -40.861  -27.254 0.8999999762
62294  30.945  -39.848  -18.624 0.3000000119
62381  31.979  -39.593  -23.775 0.6000000238
62414  25.792  -39.804  -26.590 0.8999999762
62416  22.179  -39.222  -27.039 0.8000000119
62429  21.843  -39.392  -27.688 0.8000000119
62436  22.285  -39.974  -28.389 0.6999999881
62448  22.213  -39.234  -28.307 0.6999999881
63370  33.657  -38.856  -21.261 0.3000000119
63382  33.499  -38.698  -22.237 0.3000000119
63407  32.542  -38.316  -23.787 0.5000000000
63419  31.369  -38.735  -24.637 0.5000000000
63439  29.269  -38.213  -26.242 0.6999999881
63447  22.154  -38.917  -27.482 0.8000000119
63455  27.267  -38.086  -26.970 0.6999999881
63463  22.083  -38.792  -28.113 0.8000000119
64391  28.926  -37.533  -26.641 0.6999999881
64392  28.062  -37.881  -26.840 0.6999999881
64408  24.978  -37.109  -27.301 0.8999999762
64409  22.741  -37.289  -27.955 0.8000000119
64428  23.196  -37.364  -29.188 0.6999999881
64429  22.668  -37.382  -28.523 0.8000000119
64430  22.491  -38.105  -28.437 0.6999999881
65282  33.732  -36.923  -22.938 0.4000000060
65311  31.941  -37.155  -24.920 0.5000000000
65323  29.639  -36.874  -26.598 0.6999999881
65325  24.271  -36.861  -27.392 0.8000000119
65336  26.548  -36.577  -27.587 0.8000000119
65337  25.699  -36.795  -27.477 0.8000000119
65339  23.432  -36.164  -28.087 0.8000000119
65340  22.916  -36.579  -28.405 0.8000000119
65352  23.627  -36.712  -29.541 0.6000000238
65354  22.706  -36.039  -29.099 0.6000000238
65360  25.957  -36.668  -30.039 0.5000000000
65363  23.135  -35.876  -29.462 0.6000000238
66355  30.792  -35.454  -26.525 0.4000000060
66357  24.122  -36.353  -27.678 0.8000000119
66378  22.701  -35.704  -28.989 0.6999999881
66384  23.101  -34.565  -29.495 0.6000000238
66397  24.438  -35.362  -29.970 0.6000000238
67326  32.047  -34.945  -25.996 0.4000000060
67382  23.306  -34.305  -29.300 0.6000000238
67396  24.055  -34.469  -30.075 0.6000000238
68252  24.929  -34.159  -28.472 0.8000000119
68269  24.130  -33.249  -29.144 0.6000000238
68270  23.701  -33.719  -29.191 0.6999999881
68278  24.145  -33.099  -29.496 0.6000000238
69188  34.099  -32.923  -24.879 0.3000000119
69207  33.022  -32.958  -26.067 0.4000000060
69226  32.262  -32.290  -27.239 0.4000000060
69227  31.533  -32.650  -27.558 0.4000000060
69228  30.761  -32.957  -27.807 0.4000000060
69229  25.603  -33.021  -28.826 0.8000000119
69238  30.298  -32.503  -28.298 0.5000000000
69239  28.911  -32.604  -28.592 0.6999999881
69240  27.983  -32.464  -28.799 0.6999999881
69268  26.642  -32.707  -31.114 0.6000000238
69269  24.171  -31.915  -30.129 0.6000000238
69280  25.484  -31.748  -31.199 0.6000000238
69281  24.826  -31.786  -30.874 0.6000000238
70214  34.389  -31.482  -25.526 0.3000000119
70228  32.921  -31.871  -26.807 0.4000000060
70254  32.204  -31.149  -28.247 0.4000000060
70259  25.978  -31.527  -29.463 0.6000000238
70260  25.046  -31.879  -29.489 0.6999999881
70277  24.982  -31.194  -29.917 0.6000000238
70297  28.198  -31.357  -31.991 0.5000000000
70300  24.811  -31.206  -30.887 0.6000000238
71252  31.942  -30.099  -29.194 0.3000000119
71273  27.563  -30.519  -32.226 0.5000000000
71275  25.524  -29.861  -31.466 0.6000000238
71285  26.044  -29.427  -32.205 0.6000000238
72189  33.974  -29.505  -27.386 0.3000000119
72202  33.459  -29.466  -27.923 0.3000000119
72218  28.312  -29.335  -30.516 0.6000000238
72219  27.065  -29.552  -30.555 0.6000000238
72225  26.367  -29.030  -30.844 0.6000000238
72226  25.776  -29.455  -31.372 0.6000000238
73249  33.297  -28.724  -28.276 0.3000000119
73281  26.650  -27.818  -32.423 0.6000000238
73289  28.659  -27.423  -33.081 0.4000000060
73291  27.061  -27.453  -32.738 0.6000000238
74258  32.824  -26.993  -28.897 0.3000000119
74276  31.534  -27.796  -29.839 0.4000000060
74296  27.287  -26.940  -31.991 0.6000000238
74297  26.773  -27.482  -32.376 0.6000000238
74307  29.877  -27.634  -33.131 0.4000000060
74320  29.939  -26.672  -33.381 0.4000000060
74322  28.232  -26.772  -33.144 0.5000000000
74323  27.439  -26.933  -32.926 0.6000000238
75199  32.110  -26.993  -29.564 0.4000000060
75208  28.247  -26.605  -31.613 0.5000000000
75225  27.851  -26.572  -32.740 0.6000000238
76056  32.854  -25.766  -28.795 0.3000000119
76102  29.150  -24.676  -32.665 0.4000000060
76114  29.493  -24.484  -33.361 0.4000000060
77004  29.705  -24.209  -32.969 0.3000000119
77013  29.917  -24.113  -33.657 0.3000000119
127926  28.245  -53.030  -15.726 0.6000000238
127957  25.770  -52.218  -24.991 1.0000000000
128393  21.415  -66.042  -21.179 0.8000000119
128497  22.863  -38.928  -26.860 0.8999999762
129080  25.841  -45.716  -17.291 0.3000000119
129319  23.024  -51.268  -17.446 0.4000000060
129814  27.577  -49.134  -16.205 0.4000000060
129924  21.541  -49.127  -26.260 0.8999999762
129995  24.596  -51.069  -28.244 0.6999999881
130255  29.861  -45.224  -16.351 0.4000000060
130257  23.824  -38.779  -26.903 0.8999999762
130531  19.174  -66.879  -25.069 0.5000000000
130999  20.859  -76.156  -21.860 0.3000000119
131217  30.240  -51.152  -20.543 0.8000000119
132133  21.433  -46.834  -27.602 0.8000000119
132198  20.274  -55.576  -28.134 0.8000000119
132211  21.366  -73.208  -21.399 0.4000000060
132217  23.381  -63.850  -18.376 0.8999999762
132516  25.371  -73.542  -23.646 0.3000000119
133075  25.050  -43.537  -28.308 0.6000000238
133132  24.684  -46.275  -17.466 0.3000000119
133281  28.266  -49.726  -22.728 0.8000000119
133451  32.226  -41.692  -18.401 0.4000000060
133455  27.576  -44.606  -24.649 0.8000000119
133497  28.315  -54.081  -21.279 1.0000000000
133831  24.403  -54.761  -24.605 0.8999999762
134245  18.210  -68.021  -26.437 0.4000000060
134574  30.725  -28.092  -30.272 0.4000000060
134679  25.037  -34.808  -30.183 0.6000000238
134759  28.504  -40.494  -25.614 0.6999999881
134790  23.193  -50.263  -17.748 0.4000000060
135033  23.429  -47.941  -28.403 0.6999999881
135219  24.459  -32.121  -29.486 0.6000000238
135302  25.658  -50.056  -28.663 0.6000000238
135486  27.246  -51.085  -16.017 0.4000000060
135637  24.920  -43.291  -25.500 0.8999999762
135961  28.853  -48.061  -15.976 0.4000000060
136152  27.409  -67.826  -21.785 0.6000000238
136212  27.000  -69.191  -21.407 0.6000000238
136645  27.824  -47.205  -23.326 0.8999999762
136778  30.327  -40.822  -24.645 0.6999999881
137034  31.420  -47.213  -18.020 0.6999999881
137312  21.750  -57.867  -18.736 0.5000000000
137347  22.527  -59.673  -18.324 0.6999999881
138333  20.855  -63.080  -24.237 0.5000000000
138513  31.652  -40.914  -23.579 0.6000000238
138609  29.483  -59.948  -19.606 0.8999999762
138867  20.221  -68.036  -23.497 0.6000000238
138892  22.773  -37.566  -28.752 0.6999999881
139185  20.193  -55.511  -18.515 0.3000000119
139253  24.297  -72.336  -21.415 0.6000000238
139256  25.586  -67.924  -26.376 0.5000000000
139268  24.885  -45.547  -24.694 1.0000000000
139477  25.180  -58.252  -14.604 0.6999999881
139863  31.492  -36.223  -25.755 0.5000000000
139911  29.804  -30.277  -29.902 0.5000000000
140020  33.029  -27.903  -28.534 0.3000000119
140327  28.960  -62.696  -22.477 1.0000000000
140549  19.874  -65.964  -23.113 0.6000000238
140685  27.872  -51.349  -28.720 0.6000000238
141114  32.846  -36.365  -24.562 0.4000000060
141134  25.898  -35.413  -28.061 0.8000000119
141271  21.404  -45.193  -26.083 0.8999999762
141448  27.220  -67.956  -23.417 0.6000000238
141560  26.382  -71.539  -22.449 0.5000000000
141658  24.101  -32.894  -29.895 0.6000000238
141659  23.600  -71.010  -20.932 0.6000000238
142102  20.733  -43.039  -26.492 0.8999999762
142220  25.500  -35.735  -30.102 0.6000000238
142241  23.160  -44.332  -25.047 1.0000000000
142290  20.591  -42.986  -27.062 0.8000000119
142768  23.876  -50.253  -17.514 0.4000000060
142856  24.999  -41.600  -26.255 0.8999999762
142879  27.076  -50.549  -24.984 1.0000000000
142902  28.754  -51.953  -16.021 0.5000000000
143070  28.662  -62.309  -19.298 0.8999999762
143115  29.163  -58.740  -18.438 1.0000000000
143450  23.088  -73.702  -21.655 0.4000000060
143538  21.907  -41.791  -26.211 1.0000000000
143623  24.364  -37.397  -27.226 0.8999999762
143737  20.921  -48.736  -26.905 0.8999999762
144375  21.469  -64.590  -20.218 0.8000000119
144377  24.591  -57.000  -14.635 0.6999999881
144798  22.708  -57.873  -16.135 0.6000000238
145530  26.661  -54.063  -23.427 1.0000000000
145743  21.224  -72.518  -21.533 0.5000000000
146069  32.094  -44.686  -18.996 0.5000000000
146167  26.928  -49.099  -16.389 0.4000000060
146389  22.780  -36.077  -28.750 0.8000000119
146568  23.637  -38.121  -29.371 0.6000000238
146715  27.624  -63.754  -25.114 0.8000000119
146838  20.755  -56.852  -28.410 0.6999999881
146894  20.577  -59.725  -29.973 0.5000000000
147779  20.104  -73.120  -21.615 0.5000000000
148024  23.304  -53.179  -25.251 0.8999999762
148051  26.097  -72.230  -23.893 0.4000000060
148338  28.000  -41.701  -25.520 0.8000000119
148377  21.620  -46.623  -26.340 0.8999999762
148440  34.937  -29.485  -26.286 0.3000000119
148863  21.245  -41.913  -26.331 0.8999999762
149068  30.296  -44.647  -16.622 0.4000000060
149129  25.723  -70.001  -25.549 0.4000000060
149160  29.613  -32.724  -28.359 0.6000000238
149281  28.084  -59.849  -23.896 1.0000000000
149292  32.459  -42.970  -18.886 0.5000000000
149514  24.517  -60.198  -15.377 1.0000000000
149668  23.415  -64.538  -18.817 0.8999999762
149826  23.039  -39.931  -28.716 0.8000000119
149843  23.958  -49.218  -28.510 0.6999999881
149962  27.194  -35.364  -27.876 0.8000000119
150096  22.159  -48.217  -26.155 0.8999999762
150300  24.226  -51.571  -27.914 0.6999999881
150362  26.193  -37.081  -27.416 0.8000000119
150592  26.317  -64.937  -26.672 0.6000000238
150613  25.883  -56.980  -28.271 0.5000000000
150718  25.208  -39.670  -26.648 0.8999999762
150749  20.661  -61.525  -23.696 0.4000000060
150915  23.345  -40.276  -26.552 0.8999999762
150992  24.840  -60.734  -15.724 1.0000000000
151024  18.543  -72.217  -23.026 0.5000000000
151381  27.673  -65.274  -21.521 1.0000000000
151403  25.286  -45.098  -24.681 0.8999999762
151433  31.387  -41.355  -23.746 0.6000000238
151560  21.849  -49.769  -27.778 0.6999999881
151566  24.530  -50.114  -25.614 0.8999999762
152026  22.575  -46.396  -27.863 0.6999999881
152361  26.004  -47.776  -24.700 1.0000000000
152459  22.782  -47.421  -26.079 0.8999999762
153287  25.113  -49.929  -28.619 0.6000000238
153321  22.827  -54.328  -25.408 0.8999999762
