#!ascii label  , from subject sub-v1s0x0050659_ses-1 vox2ras=TkReg
1440
95591  -41.845  1.603  39.018 0.0000000000
97577  -57.036  4.490  31.489 0.0000000000
102872  -51.705  10.573  42.510 0.0000000000
94674  -51.142  0.955  38.028 0.0000000000
92827  -47.307  -1.201  47.380 0.0000000000
101996  -50.046  8.092  31.861 0.0000000000
102949  -44.615  9.723  32.522 0.0000000000
108332  -43.381  16.441  34.276 0.0000000000
88102  -40.796  -6.552  48.503 0.0000000000
94687  -46.459  0.299  37.141 0.0000000000
96629  -49.442  2.828  33.323 0.0000000000
99262  -45.765  5.130  35.188 0.0000000000
108293  -50.584  16.435  39.576 0.0000000000
104603  -47.383  10.929  38.847 0.0000000000
107590  -46.742  15.161  34.051 0.0000000000
106920  -44.659  15.052  28.702 0.0000000000
109806  -48.045  18.085  30.580 0.0000000000
98474  -52.356  4.855  28.812 0.0000000000
96522  -41.710  2.371  43.633 0.0000000000
100074  -45.471  6.852  40.579 0.0000000000
97449  -53.244  3.909  44.293 0.0000000000
94633  -48.825  0.260  42.951 0.0000000000
91026  -45.662  -3.329  40.759 0.0000000000
89988  -42.851  -4.491  46.016 0.0000000000
100160  -54.989  7.427  30.390 0.0000000000
103940  -53.449  10.723  27.901 0.0000000000
101951  -50.439  8.290  37.226 0.0000000000
103872  -50.898  11.581  33.804 0.0000000000
102036  -47.654  9.101  26.720 0.0000000000
104708  -43.348  11.635  26.854 0.0000000000
106155  -40.435  13.728  31.138 0.0000000000
94684  -44.215  0.665  37.453 0.0000000000
96597  -45.390  2.631  35.708 0.0000000000
97498  -43.670  3.530  37.145 0.0000000000
147736  -51.664  18.405  36.771 0.0000000000
160021  -48.124  16.247  36.920 0.0000000000
154338  -49.733  17.422  34.537 0.0000000000
107610  -48.622  16.243  30.572 0.0000000000
163123  -54.958  4.786  30.336 0.0000000000
97411  -40.571  3.993  47.018 0.0000000000
98320  -43.653  4.934  45.929 0.0000000000
93724  -48.146  -0.864  44.875 0.0000000000
92902  -47.537  -1.486  41.763 0.0000000000
91947  -47.067  -2.747  43.942 0.0000000000
151468  -40.958  -3.809  47.869 0.0000000000
91006  -38.762  -3.734  42.150 0.0000000000
93751  -38.915  -0.848  41.803 0.0000000000
91960  -36.407  -2.212  42.563 0.0000000000
96586  -52.694  2.152  36.240 0.0000000000
98442  -49.315  5.135  31.579 0.0000000000
98445  -51.915  4.920  31.761 0.0000000000
101037  -51.204  7.482  30.208 0.0000000000
102018  -55.099  9.564  29.025 0.0000000000
102968  -53.172  10.914  31.064 0.0000000000
100956  -48.266  8.027  41.581 0.0000000000
138104  -47.476  7.579  39.000 0.0000000000
101925  -51.268  8.935  39.459 0.0000000000
103846  -45.356  10.349  35.695 0.0000000000
103849  -48.293  10.376  35.929 0.0000000000
158455  -47.084  9.447  33.334 0.0000000000
102978  -49.328  9.776  30.075 0.0000000000
102004  -46.229  8.948  30.443 0.0000000000
103012  -45.298  10.290  26.051 0.0000000000
103919  -44.351  10.862  29.392 0.0000000000
107606  -44.672  15.529  31.644 0.0000000000
106910  -42.417  15.007  29.492 0.0000000000
106893  -42.458  14.476  32.115 0.0000000000
106141  -40.232  13.578  33.436 0.0000000000
107587  -41.876  15.000  35.014 0.0000000000
94703  -49.065  0.530  37.097 0.0000000000
149419  -50.359  1.458  35.807 0.0000000000
95647  -48.117  1.734  34.791 0.0000000000
97540  -46.989  3.670  33.726 0.0000000000
100127  -47.707  6.222  33.849 0.0000000000
106084  -51.340  13.231  42.091 0.0000000000
153793  -50.600  11.507  41.006 0.0000000000
106092  -48.177  13.443  39.467 0.0000000000
106119  -46.103  13.575  36.942 0.0000000000
106134  -45.238  13.304  33.969 0.0000000000
105416  -44.594  12.528  30.725 0.0000000000
148483  -46.325  14.352  31.605 0.0000000000
152822  -46.900  16.395  29.636 0.0000000000
109062  -45.975  17.403  32.430 0.0000000000
98472  -50.273  4.741  28.033 0.0000000000
96542  -41.751  2.325  41.180 0.0000000000
98353  -42.461  4.667  39.500 0.0000000000
98345  -43.448  4.631  41.843 0.0000000000
152578  -46.635  6.902  43.776 0.0000000000
101893  -47.814  8.573  44.001 0.0000000000
103770  -46.796  10.185  42.277 0.0000000000
104557  -49.133  11.837  42.537 0.0000000000
95568  -52.481  2.225  40.871 0.0000000000
95553  -50.979  2.166  43.071 0.0000000000
94650  -50.248  0.809  40.182 0.0000000000
154498  -48.190  -0.544  39.768 0.0000000000
92930  -45.956  -1.425  38.616 0.0000000000
92819  -45.200  -1.295  49.109 0.0000000000
89914  -42.831  -4.037  50.262 0.0000000000
91884  -43.309  -2.616  48.442 0.0000000000
90939  -45.281  -3.495  46.492 0.0000000000
90039  -44.242  -5.122  43.044 0.0000000000
93766  -41.437  -0.640  40.645 0.0000000000
100129  -57.989  6.668  32.941 0.0000000000
97531  -52.664  3.497  34.256 0.0000000000
99288  -54.986  5.730  32.392 0.0000000000
100163  -56.940  6.706  30.889 0.0000000000
100172  -56.142  7.260  29.159 0.0000000000
100193  -53.369  7.354  27.728 0.0000000000
101061  -50.333  7.417  27.058 0.0000000000
100092  -44.540  6.550  37.521 0.0000000000
100998  -47.783  7.313  35.761 0.0000000000
101015  -49.747  7.919  34.641 0.0000000000
103815  -51.864  10.460  38.654 0.0000000000
102917  -53.548  11.001  36.116 0.0000000000
146617  -52.763  10.638  33.428 0.0000000000
104672  -52.411  12.168  30.691 0.0000000000
103004  -50.539  10.207  27.556 0.0000000000
101081  -48.216  7.997  25.130 0.0000000000
105431  -43.379  13.708  27.777 0.0000000000
104682  -41.395  12.127  29.098 0.0000000000
103891  -40.779  10.418  31.256 0.0000000000
103879  -39.509  10.927  32.360 0.0000000000
105392  -38.560  12.308  33.897 0.0000000000
95593  -42.934  1.253  38.023 0.0000000000
96573  -43.855  2.119  37.045 0.0000000000
96571  -42.678  2.773  37.958 0.0000000000
143233  -50.890  18.026  34.838 0.0000000000
109069  -50.463  17.906  31.691 0.0000000000
97576  -56.101  4.171  31.366 0.0000000000
93718  -47.998  -0.996  45.810 0.0000000000
91931  -47.438  -2.095  44.519 0.0000000000
91915  -47.274  -2.130  45.346 0.0000000000
90033  -37.514  -4.161  42.948 0.0000000000
90997  -37.339  -3.407  42.544 0.0000000000
95595  -52.196  1.474  38.547 0.0000000000
95625  -52.224  1.556  36.823 0.0000000000
100146  -49.118  6.485  31.632 0.0000000000
99312  -50.065  6.077  30.890 0.0000000000
101036  -50.547  7.637  30.580 0.0000000000
102007  -51.557  8.611  30.276 0.0000000000
101998  -51.411  9.061  30.963 0.0000000000
101907  -49.949  9.142  42.562 0.0000000000
101915  -50.183  8.631  40.626 0.0000000000
101912  -51.189  9.192  41.203 0.0000000000
158838  -44.834  9.666  33.946 0.0000000000
102925  -46.676  9.645  34.592 0.0000000000
102951  -46.225  9.293  32.842 0.0000000000
102962  -46.608  9.186  31.919 0.0000000000
158748  -45.244  9.301  31.376 0.0000000000
102975  -44.856  9.574  29.985 0.0000000000
152713  -44.276  10.151  31.205 0.0000000000
107598  -44.398  15.713  32.853 0.0000000000
106894  -43.244  14.810  31.495 0.0000000000
106887  -43.267  14.776  32.760 0.0000000000
106878  -42.188  14.628  34.210 0.0000000000
108331  -42.715  16.317  34.701 0.0000000000
94689  -48.252  0.256  37.303 0.0000000000
95621  -48.126  1.075  36.149 0.0000000000
95620  -47.254  1.113  36.089 0.0000000000
97518  -45.385  3.356  35.471 0.0000000000
163341  -46.315  2.832  34.705 0.0000000000
98402  -46.146  4.490  34.536 0.0000000000
99276  -47.101  5.007  33.586 0.0000000000
99264  -46.994  5.753  34.121 0.0000000000
106828  -51.107  14.315  40.972 0.0000000000
106094  -49.950  13.703  40.405 0.0000000000
107545  -49.287  15.175  39.361 0.0000000000
108326  -47.710  16.124  35.380 0.0000000000
161278  -46.876  14.548  37.091 0.0000000000
107571  -46.509  14.695  35.889 0.0000000000
106127  -45.391  13.262  35.766 0.0000000000
106879  -45.640  13.951  34.579 0.0000000000
106151  -45.487  13.583  32.899 0.0000000000
106896  -46.688  14.707  32.279 0.0000000000
108370  -48.547  16.980  29.881 0.0000000000
107628  -47.604  15.972  29.430 0.0000000000
108359  -47.462  16.637  29.706 0.0000000000
108349  -46.016  16.679  31.708 0.0000000000
109797  -46.982  17.891  31.485 0.0000000000
98473  -51.464  4.560  28.750 0.0000000000
96528  -41.706  2.130  42.722 0.0000000000
143116  -42.454  3.551  41.809 0.0000000000
97454  -42.658  3.377  42.657 0.0000000000
99200  -44.983  6.552  45.821 0.0000000000
99211  -45.458  6.074  44.711 0.0000000000
100058  -46.206  7.177  45.461 0.0000000000
100938  -47.202  7.593  44.333 0.0000000000
101884  -46.948  7.972  44.880 0.0000000000
158541  -45.628  10.827  41.383 0.0000000000
104556  -48.245  11.037  42.369 0.0000000000
106065  -48.618  13.444  41.842 0.0000000000
106066  -49.710  13.955  42.236 0.0000000000
106811  -49.071  14.398  41.684 0.0000000000
96531  -53.480  3.303  41.999 0.0000000000
144580  -52.522  2.768  42.278 0.0000000000
95542  -50.411  1.729  44.423 0.0000000000
95551  -49.856  1.239  43.125 0.0000000000
95560  -50.376  1.434  41.836 0.0000000000
94642  -49.428  0.597  41.289 0.0000000000
94656  -48.935  -0.054  39.852 0.0000000000
93768  -48.287  -0.446  40.551 0.0000000000
91993  -46.783  -2.492  41.054 0.0000000000
92908  -46.681  -2.162  40.168 0.0000000000
92002  -45.877  -2.514  39.736 0.0000000000
89007  -42.145  -5.235  49.511 0.0000000000
90922  -41.997  -3.311  48.258 0.0000000000
90937  -43.360  -3.592  47.088 0.0000000000
90924  -43.818  -3.051  47.585 0.0000000000
89967  -43.774  -4.170  46.196 0.0000000000
89989  -45.110  -4.270  45.128 0.0000000000
89073  -43.601  -5.178  44.475 0.0000000000
151647  -41.295  -0.118  41.114 0.0000000000
145495  -40.453  -0.852  41.553 0.0000000000
99267  -58.025  6.223  34.718 0.0000000000
96613  -50.434  2.359  34.346 0.0000000000
96599  -51.603  2.264  35.001 0.0000000000
151357  -50.817  3.183  33.468 0.0000000000
99303  -52.537  5.591  31.261 0.0000000000
98446  -52.835  5.141  31.979 0.0000000000
99305  -54.727  6.156  31.587 0.0000000000
99306  -55.987  6.631  31.523 0.0000000000
100161  -56.301  7.538  30.182 0.0000000000
99325  -56.547  7.127  29.673 0.0000000000
101038  -56.106  8.099  29.557 0.0000000000
151966  -54.551  10.370  28.736 0.0000000000
102029  -55.016  9.181  28.375 0.0000000000
102042  -53.914  8.953  27.674 0.0000000000
101063  -51.858  7.509  27.399 0.0000000000
152814  -52.001  9.428  27.329 0.0000000000
99224  -43.492  5.774  39.671 0.0000000000
99237  -43.285  5.757  38.130 0.0000000000
154291  -45.312  7.121  39.005 0.0000000000
100982  -49.528  8.055  38.391 0.0000000000
100980  -47.485  7.528  37.263 0.0000000000
161804  -48.839  7.688  36.833 0.0000000000
100999  -48.537  7.532  35.605 0.0000000000
101960  -50.565  8.308  36.336 0.0000000000
104593  -48.681  11.226  39.852 0.0000000000
103800  -50.359  10.712  39.714 0.0000000000
103813  -48.992  10.504  38.638 0.0000000000
144789  -49.871  10.933  34.350 0.0000000000
139807  -50.656  10.883  36.054 0.0000000000
104633  -52.969  11.973  35.104 0.0000000000
102929  -53.610  11.341  34.952 0.0000000000
143783  -53.380  12.078  34.512 0.0000000000
104653  -53.563  12.149  32.431 0.0000000000
104652  -52.361  12.395  32.554 0.0000000000
102015  -47.910  8.845  28.980 0.0000000000
102991  -49.459  9.752  28.951 0.0000000000
103014  -49.145  9.425  27.067 0.0000000000
103028  -49.272  9.142  26.573 0.0000000000
102050  -47.482  8.957  25.639 0.0000000000
101086  -46.868  7.850  24.095 0.0000000000
102049  -46.365  9.304  25.024 0.0000000000
103938  -44.081  11.180  25.974 0.0000000000
162070  -44.164  10.370  25.704 0.0000000000
106163  -44.741  13.441  29.604 0.0000000000
105425  -44.419  12.822  29.433 0.0000000000
147178  -43.953  14.776  28.526 0.0000000000
139072  -41.085  14.145  30.327 0.0000000000
106168  -41.852  13.947  28.771 0.0000000000
105423  -40.736  13.022  29.688 0.0000000000
104669  -41.022  11.748  30.009 0.0000000000
144702  -40.536  11.425  30.816 0.0000000000
103890  -40.037  11.120  31.569 0.0000000000
105406  -39.525  12.458  31.840 0.0000000000
138039  -40.284  13.824  35.094 0.0000000000
105399  -39.251  12.660  33.346 0.0000000000
106125  -39.400  13.332  35.125 0.0000000000
106124  -38.002  12.605  35.154 0.0000000000
94686  -45.612  0.466  37.126 0.0000000000
95618  -45.609  1.396  36.318 0.0000000000
95617  -44.950  1.406  36.639 0.0000000000
96596  -44.882  3.022  36.048 0.0000000000
98380  -44.487  4.412  36.442 0.0000000000
108300  -49.045  16.423  38.246 0.0000000000
108311  -49.914  17.411  37.276 0.0000000000
162257  -49.003  16.995  35.094 0.0000000000
108333  -47.843  16.181  34.440 0.0000000000
107600  -47.685  15.652  32.750 0.0000000000
108343  -48.828  16.569  32.937 0.0000000000
108353  -49.675  17.431  30.926 0.0000000000
98464  -53.726  4.807  29.607 0.0000000000
97437  -41.532  3.087  45.372 0.0000000000
97439  -42.857  3.662  44.559 0.0000000000
98319  -42.790  4.441  46.208 0.0000000000
93743  -48.388  -0.439  43.269 0.0000000000
93754  -47.932  -0.912  42.032 0.0000000000
92880  -47.945  -1.134  43.435 0.0000000000
91963  -47.015  -2.616  42.847 0.0000000000
146999  -46.358  -3.458  42.547 0.0000000000
89024  -40.659  -4.821  48.204 0.0000000000
89986  -40.820  -4.347  45.956 0.0000000000
91007  -39.616  -3.479  41.784 0.0000000000
93759  -39.613  -1.352  41.662 0.0000000000
92893  -38.714  -1.834  41.749 0.0000000000
92891  -37.081  -1.425  42.275 0.0000000000
97559  -48.925  3.842  32.364 0.0000000000
97561  -50.856  3.722  32.803 0.0000000000
98443  -50.034  4.906  31.512 0.0000000000
99302  -51.472  5.482  31.185 0.0000000000
100159  -52.647  6.867  30.044 0.0000000000
100171  -54.803  8.064  29.613 0.0000000000
101046  -52.828  8.308  29.597 0.0000000000
102993  -54.247  10.197  29.342 0.0000000000
103924  -53.787  11.329  29.698 0.0000000000
142186  -47.015  7.515  41.206 0.0000000000
100960  -46.809  7.486  39.522 0.0000000000
100961  -47.754  7.648  39.749 0.0000000000
100973  -49.266  8.035  39.183 0.0000000000
101935  -51.379  8.899  38.678 0.0000000000
103820  -45.938  10.802  37.168 0.0000000000
103822  -47.448  10.453  37.449 0.0000000000
136863  -46.687  10.151  35.864 0.0000000000
102927  -48.407  10.203  34.339 0.0000000000
103870  -48.933  10.146  33.054 0.0000000000
103882  -49.886  10.605  31.738 0.0000000000
102964  -48.442  9.545  31.395 0.0000000000
102989  -47.880  8.987  29.958 0.0000000000
158404  -46.888  8.833  28.588 0.0000000000
103002  -46.023  9.532  26.741 0.0000000000
102026  -45.843  9.076  28.736 0.0000000000
103000  -44.748  10.336  27.925 0.0000000000
140267  -43.953  11.731  27.231 0.0000000000
107625  -45.023  15.347  29.113 0.0000000000
106919  -43.672  14.949  28.433 0.0000000000
106902  -43.238  15.072  30.154 0.0000000000
106901  -42.388  14.741  30.840 0.0000000000
106156  -40.947  14.390  31.305 0.0000000000
156700  -40.346  13.753  32.588 0.0000000000
106142  -40.951  13.906  33.166 0.0000000000
106877  -41.502  14.324  34.654 0.0000000000
106869  -41.226  14.733  35.460 0.0000000000
94690  -49.738  0.480  37.648 0.0000000000
95607  -51.085  1.016  37.215 0.0000000000
139815  -49.877  1.139  36.234 0.0000000000
95637  -49.518  1.430  35.613 0.0000000000
96611  -48.531  2.215  34.193 0.0000000000
95634  -46.796  1.587  35.504 0.0000000000
96610  -47.649  2.321  34.266 0.0000000000
97542  -48.555  3.182  32.971 0.0000000000
98426  -47.944  4.639  32.571 0.0000000000
99286  -48.214  5.347  32.431 0.0000000000
101022  -48.927  7.235  32.919 0.0000000000
105325  -51.467  12.279  42.665 0.0000000000
103785  -52.215  10.898  41.599 0.0000000000
104573  -50.744  12.247  41.429 0.0000000000
104583  -48.439  11.822  40.061 0.0000000000
105354  -47.657  12.069  39.556 0.0000000000
107553  -47.852  15.212  38.048 0.0000000000
106101  -46.823  13.384  38.314 0.0000000000
104601  -46.154  11.767  38.041 0.0000000000
137730  -45.384  11.887  37.022 0.0000000000
104623  -44.623  11.281  35.113 0.0000000000
104642  -44.319  11.421  33.346 0.0000000000
104650  -44.330  11.395  32.296 0.0000000000
105400  -44.617  12.297  32.810 0.0000000000
106158  -45.733  13.737  31.595 0.0000000000
106913  -46.021  14.865  29.341 0.0000000000
107618  -47.555  15.371  30.809 0.0000000000
107627  -47.038  15.752  29.220 0.0000000000
107626  -46.025  15.459  29.314 0.0000000000
107617  -45.749  15.699  29.774 0.0000000000
108348  -45.198  16.165  32.284 0.0000000000
108340  -44.878  16.687  33.180 0.0000000000
95579  -41.662  1.764  39.839 0.0000000000
96550  -41.917  3.115  39.102 0.0000000000
97466  -42.190  3.911  40.063 0.0000000000
98349  -43.193  4.863  41.176 0.0000000000
99222  -44.258  5.740  41.190 0.0000000000
98334  -43.799  4.365  43.593 0.0000000000
99214  -44.821  5.591  42.775 0.0000000000
100071  -45.622  6.581  41.647 0.0000000000
100950  -46.983  7.368  42.125 0.0000000000
100952  -48.187  8.121  42.740 0.0000000000
101895  -49.215  9.248  43.141 0.0000000000
101905  -45.941  8.563  43.929 0.0000000000
102868  -47.448  9.617  43.120 0.0000000000
102869  -48.519  9.906  43.054 0.0000000000
148194  -50.577  11.090  42.716 0.0000000000
106056  -51.061  12.901  42.635 0.0000000000
106813  -51.158  14.088  42.277 0.0000000000
107539  -51.170  15.855  41.286 0.0000000000
96543  -53.063  2.294  40.145 0.0000000000
150910  -51.687  1.433  39.613 0.0000000000
156356  -51.682  2.909  44.582 0.0000000000
96524  -51.659  2.668  43.544 0.0000000000
95561  -50.977  2.026  42.183 0.0000000000
95566  -50.870  1.323  40.661 0.0000000000
94659  -50.874  0.854  38.826 0.0000000000
94672  -49.613  0.320  38.491 0.0000000000
94671  -48.872  -0.099  38.714 0.0000000000
93786  -47.306  -0.697  38.298 0.0000000000
93767  -47.723  -1.014  40.095 0.0000000000
92931  -46.871  -1.300  38.790 0.0000000000
93785  -46.419  -0.790  38.162 0.0000000000
93784  -45.453  -0.781  38.054 0.0000000000
153237  -44.259  -3.233  50.765 0.0000000000
89935  -41.439  -3.891  49.176 0.0000000000
91862  -42.449  -2.985  49.293 0.0000000000
160085  -43.282  -2.266  49.891 0.0000000000
91874  -43.793  -2.035  48.928 0.0000000000
91886  -45.268  -2.443  47.798 0.0000000000
91900  -46.493  -2.517  46.570 0.0000000000
90956  -46.302  -3.298  45.245 0.0000000000
144437  -45.954  -3.935  43.910 0.0000000000
90051  -44.966  -4.368  41.934 0.0000000000
94654  -41.720  0.829  39.453 0.0000000000
148491  -41.576  0.992  40.368 0.0000000000
95565  -41.541  1.569  41.866 0.0000000000
95550  -41.229  1.789  43.314 0.0000000000
95549  -40.494  1.867  43.620 0.0000000000
159954  -58.421  4.442  34.935 0.0000000000
98419  -58.433  5.308  33.591 0.0000000000
98449  -58.129  5.714  31.740 0.0000000000
95639  -51.787  1.797  35.904 0.0000000000
97519  -52.990  3.069  34.903 0.0000000000
97562  -51.849  3.963  32.899 0.0000000000
98414  -53.070  4.339  33.364 0.0000000000
144906  -54.456  4.727  33.748 0.0000000000
99277  -55.537  5.668  32.954 0.0000000000
100139  -57.464  6.551  31.719 0.0000000000
98448  -57.583  5.491  31.343 0.0000000000
98455  -56.597  5.725  30.615 0.0000000000
98465  -54.775  5.224  29.782 0.0000000000
99323  -54.452  5.705  29.145 0.0000000000
102020  -56.522  9.001  29.005 0.0000000000
158607  -55.018  7.216  28.415 0.0000000000
99333  -52.806  5.659  28.349 0.0000000000
100180  -52.218  6.065  27.853 0.0000000000
100190  -50.544  6.375  27.397 0.0000000000
99353  -49.166  6.080  26.483 0.0000000000
98368  -42.739  4.243  38.040 0.0000000000
98370  -44.081  4.981  37.058 0.0000000000
99245  -44.970  5.823  36.234 0.0000000000
100978  -46.182  7.369  37.753 0.0000000000
100988  -46.169  7.152  36.822 0.0000000000
100111  -46.587  6.600  35.495 0.0000000000
101006  -47.957  7.141  35.074 0.0000000000
101014  -48.902  7.408  33.951 0.0000000000
101023  -49.806  7.982  33.477 0.0000000000
103790  -52.151  10.520  40.693 0.0000000000
102897  -52.500  10.080  39.103 0.0000000000
101944  -52.738  9.876  37.747 0.0000000000
137591  -49.479  10.500  37.123 0.0000000000
103839  -52.926  10.687  37.501 0.0000000000
101953  -52.856  9.876  36.998 0.0000000000
101969  -51.823  9.063  35.437 0.0000000000
161115  -51.819  9.336  34.061 0.0000000000
101979  -51.777  9.648  33.133 0.0000000000
103896  -52.941  10.917  32.025 0.0000000000
103922  -52.734  11.666  28.952 0.0000000000
103908  -50.737  11.008  30.276 0.0000000000
146948  -50.922  10.991  29.217 0.0000000000
103930  -51.385  10.489  27.633 0.0000000000
102038  -50.040  9.314  26.747 0.0000000000
101074  -49.530  7.738  26.581 0.0000000000
103027  -45.632  9.540  24.887 0.0000000000
104660  -44.383  11.789  30.544 0.0000000000
104685  -43.961  12.168  27.912 0.0000000000
105443  -43.056  12.335  27.169 0.0000000000
106918  -42.784  15.009  28.431 0.0000000000
106180  -42.277  13.511  28.175 0.0000000000
104698  -42.386  12.192  27.703 0.0000000000
103918  -42.281  11.117  28.797 0.0000000000
103904  -41.764  10.302  30.152 0.0000000000
101991  -41.354  8.794  31.754 0.0000000000
147894  -39.329  12.510  32.596 0.0000000000
104641  -38.887  12.076  33.100 0.0000000000
109787  -43.758  18.375  33.705 0.0000000000
109054  -42.830  17.220  34.633 0.0000000000
109049  -42.195  16.884  35.067 0.0000000000
108318  -41.088  15.980  35.916 0.0000000000
107569  -40.544  15.540  36.330 0.0000000000
95592  -42.371  1.978  38.386 0.0000000000
95604  -43.120  2.039  37.679 0.0000000000
138356  -47.891  -0.748  46.817 0.0000000000
92836  -47.481  -1.428  46.483 0.0000000000
145282  -47.527  -1.621  45.769 0.0000000000
91901  -47.097  -2.053  46.143 0.0000000000
90024  -37.922  -4.577  43.620 0.0000000000
95594  -51.810  1.279  38.143 0.0000000000
95609  -52.449  1.548  37.788 0.0000000000
95608  -51.705  1.231  37.433 0.0000000000
101029  -49.559  7.325  31.484 0.0000000000
101035  -49.980  7.266  30.823 0.0000000000
101030  -50.185  7.882  31.097 0.0000000000
102006  -50.813  8.320  30.719 0.0000000000
101997  -50.713  8.545  31.440 0.0000000000
102871  -51.218  9.846  42.449 0.0000000000
101908  -50.926  9.306  41.987 0.0000000000
102879  -51.988  9.705  41.836 0.0000000000
102937  -44.834  9.618  33.202 0.0000000000
102938  -45.472  9.428  33.507 0.0000000000
102950  -45.231  9.431  32.668 0.0000000000
137208  -45.658  9.268  31.997 0.0000000000
102961  -44.910  9.493  31.906 0.0000000000
140634  -44.691  9.605  31.039 0.0000000000
102960  -44.493  9.808  31.786 0.0000000000
108339  -44.116  16.514  33.738 0.0000000000
161309  -43.845  15.211  32.866 0.0000000000
107597  -43.631  15.537  33.571 0.0000000000
107589  -43.067  15.704  34.252 0.0000000000
94688  -47.331  0.215  37.168 0.0000000000
94702  -47.713  0.663  36.661 0.0000000000
94701  -46.864  0.707  36.628 0.0000000000
98391  -45.481  4.213  35.245 0.0000000000
97528  -45.945  3.533  34.736 0.0000000000
99275  -46.629  5.006  34.125 0.0000000000
99263  -46.375  5.438  34.666 0.0000000000
107546  -50.419  15.586  39.873 0.0000000000
106838  -50.204  14.705  40.156 0.0000000000
107582  -47.192  15.619  34.729 0.0000000000
107572  -47.106  15.393  35.665 0.0000000000
107581  -46.544  15.036  34.997 0.0000000000
106870  -45.988  14.399  35.221 0.0000000000
106880  -46.152  14.573  34.319 0.0000000000
106889  -46.408  14.639  33.344 0.0000000000
107599  -47.018  15.184  33.054 0.0000000000
109077  -48.819  17.748  30.092 0.0000000000
109076  -48.027  17.183  29.803 0.0000000000
109068  -47.425  17.384  30.725 0.0000000000
98463  -52.774  4.471  29.454 0.0000000000
98462  -51.899  4.196  29.336 0.0000000000
97605  -51.085  3.925  29.214 0.0000000000
96529  -42.253  2.792  43.165 0.0000000000
156216  -45.144  7.099  45.768 0.0000000000
100057  -45.617  6.881  45.773 0.0000000000
100926  -46.742  7.632  44.965 0.0000000000
101883  -46.318  7.618  45.210 0.0000000000
106064  -47.258  13.213  41.303 0.0000000000
97450  -53.976  4.268  43.838 0.0000000000
163502  -53.058  3.314  42.734 0.0000000000
97455  -53.133  3.613  43.459 0.0000000000
94635  -49.678  0.925  41.874 0.0000000000
154533  -48.917  0.386  41.945 0.0000000000
94648  -48.877  0.149  40.955 0.0000000000
91014  -46.196  -3.218  41.200 0.0000000000
91992  -46.146  -2.870  40.465 0.0000000000
91991  -45.380  -3.076  40.164 0.0000000000
92001  -44.944  -2.618  39.557 0.0000000000
89006  -41.575  -5.436  49.075 0.0000000000
153166  -42.918  -3.971  46.676 0.0000000000
90007  -43.638  -4.752  45.330 0.0000000000
142439  -44.374  -4.429  45.451 0.0000000000
92900  -41.045  -1.661  41.223 0.0000000000
92899  -40.272  -1.869  41.514 0.0000000000
98404  -55.036  4.675  34.497 0.0000000000
96630  -50.291  2.737  33.726 0.0000000000
99315  -53.410  6.435  30.651 0.0000000000
99304  -53.613  5.784  31.412 0.0000000000
100148  -54.453  6.543  31.009 0.0000000000
100149  -55.635  7.069  30.964 0.0000000000
103941  -54.110  10.669  28.208 0.0000000000
103019  -53.974  9.921  27.760 0.0000000000
102041  -52.935  9.162  27.518 0.0000000000
103018  -52.735  10.052  27.516 0.0000000000
145984  -44.746  6.479  40.226 0.0000000000
100076  -44.255  6.325  39.566 0.0000000000
100077  -45.004  6.830  39.643 0.0000000000
101942  -50.354  8.360  38.086 0.0000000000
100981  -49.226  7.811  37.508 0.0000000000
101000  -49.414  7.820  36.542 0.0000000000
103798  -48.203  10.750  39.213 0.0000000000
103812  -47.831  10.559  38.392 0.0000000000
103861  -51.524  11.634  34.803 0.0000000000
104643  -52.374  12.190  34.232 0.0000000000
104644  -52.951  12.479  33.520 0.0000000000
104651  -51.764  12.126  33.284 0.0000000000
102027  -47.776  8.990  27.870 0.0000000000
102028  -48.744  9.252  28.196 0.0000000000
155156  -48.424  9.167  27.221 0.0000000000
102037  -48.501  9.069  26.444 0.0000000000
102035  -46.739  9.396  26.082 0.0000000000
103946  -43.894  11.193  26.115 0.0000000000
103025  -43.887  10.782  25.783 0.0000000000
103937  -43.555  11.151  26.503 0.0000000000
103936  -43.031  11.539  26.930 0.0000000000
106172  -44.941  14.618  28.797 0.0000000000
105424  -41.206  13.728  29.532 0.0000000000
106162  -40.509  13.358  30.308 0.0000000000
104668  -40.445  12.433  30.382 0.0000000000
105415  -39.895  12.919  31.035 0.0000000000
104659  -39.902  12.014  31.208 0.0000000000
94685  -44.895  0.792  37.053 0.0000000000
95606  -44.314  1.352  37.018 0.0000000000
96583  -43.907  2.899  36.907 0.0000000000
96584  -44.409  2.593  36.556 0.0000000000
97508  -44.309  3.493  36.543 0.0000000000
98390  -44.894  3.900  35.905 0.0000000000
98379  -43.977  4.141  36.901 0.0000000000
154318  -50.870  17.852  37.263 0.0000000000
143867  -49.887  17.526  35.629 0.0000000000
108327  -48.305  16.580  35.040 0.0000000000
108334  -48.738  16.716  34.157 0.0000000000
108335  -49.592  17.266  33.453 0.0000000000
157012  -51.045  18.580  31.430 0.0000000000
137814  -49.410  17.839  30.333 0.0000000000
97586  -54.515  4.046  30.747 0.0000000000
97585  -53.572  3.668  30.600 0.0000000000
98454  -54.088  4.367  30.193 0.0000000000
97425  -40.985  3.342  46.069 0.0000000000
97426  -41.965  3.745  45.975 0.0000000000
97412  -41.416  4.177  46.838 0.0000000000
93734  -48.490  -0.311  44.638 0.0000000000
92865  -48.288  -0.683  44.074 0.0000000000
91948  -47.522  -1.939  43.607 0.0000000000
90987  -46.496  -3.387  43.451 0.0000000000
89103  -39.925  -5.238  42.944 0.0000000000
157494  -39.419  -4.141  42.141 0.0000000000
90047  -40.060  -4.142  41.915 0.0000000000
91974  -39.093  -2.786  41.717 0.0000000000
91961  -37.209  -2.494  42.317 0.0000000000
98428  -49.467  4.382  31.886 0.0000000000
100157  -50.460  6.841  30.549 0.0000000000
99313  -50.933  6.087  30.655 0.0000000000
100158  -51.502  6.778  30.243 0.0000000000
99314  -52.061  6.113  30.610 0.0000000000
100169  -52.110  7.528  29.783 0.0000000000
100170  -53.315  7.751  29.628 0.0000000000
102979  -52.458  9.586  30.434 0.0000000000
102016  -52.453  8.853  29.785 0.0000000000
102980  -53.494  10.499  30.045 0.0000000000
103923  -53.991  10.912  29.563 0.0000000000
103909  -53.596  11.334  30.335 0.0000000000
100955  -47.644  7.695  41.132 0.0000000000
140549  -47.290  7.580  40.431 0.0000000000
138697  -48.106  7.805  40.613 0.0000000000
101923  -49.415  8.292  40.049 0.0000000000
101924  -50.227  8.538  39.731 0.0000000000
101934  -50.275  8.447  38.898 0.0000000000
103833  -45.534  10.674  36.380 0.0000000000
103834  -46.386  10.409  36.621 0.0000000000
103847  -45.911  10.171  35.848 0.0000000000
102939  -46.391  9.414  33.821 0.0000000000
102926  -47.492  9.889  34.668 0.0000000000
102940  -47.354  9.670  34.021 0.0000000000
138390  -48.996  10.331  33.680 0.0000000000
102941  -48.089  9.779  33.343 0.0000000000
102953  -48.432  9.727  32.359 0.0000000000
101995  -46.889  9.017  31.089 0.0000000000
102005  -47.098  8.839  30.267 0.0000000000
157950  -47.274  8.771  29.510 0.0000000000
102014  -46.470  8.804  29.573 0.0000000000
141258  -46.171  9.174  27.860 0.0000000000
102987  -44.527  10.099  29.142 0.0000000000
102988  -45.074  9.553  28.901 0.0000000000
103928  -44.252  11.167  26.954 0.0000000000
145843  -44.356  11.118  28.172 0.0000000000
107616  -44.864  15.503  30.302 0.0000000000
107624  -44.097  15.396  29.545 0.0000000000
107615  -43.997  15.284  30.885 0.0000000000
106892  -41.541  14.511  31.566 0.0000000000
106149  -40.878  14.304  32.215 0.0000000000
106143  -41.690  14.201  32.696 0.0000000000
106885  -41.665  14.056  33.710 0.0000000000
106126  -40.939  14.145  35.073 0.0000000000
94704  -49.825  0.753  36.849 0.0000000000
95636  -48.592  1.398  35.524 0.0000000000
95648  -49.075  1.740  34.825 0.0000000000
95633  -45.882  1.917  35.657 0.0000000000
95619  -46.397  1.242  36.133 0.0000000000
96626  -46.598  3.219  34.245 0.0000000000
145997  -46.896  2.537  34.462 0.0000000000
96627  -47.249  2.941  33.851 0.0000000000
96628  -48.024  2.744  33.618 0.0000000000
97541  -47.669  3.424  33.240 0.0000000000
97558  -48.082  3.981  32.588 0.0000000000
97557  -47.416  4.294  33.165 0.0000000000
164355  -47.447  5.576  33.499 0.0000000000
99285  -47.588  5.106  32.948 0.0000000000
100137  -47.946  5.879  33.082 0.0000000000
100138  -48.553  6.348  32.439 0.0000000000
100128  -48.327  6.683  33.433 0.0000000000
105333  -51.483  12.386  42.297 0.0000000000
106083  -50.851  13.345  41.192 0.0000000000
106093  -48.915  13.283  39.980 0.0000000000
105345  -49.457  12.517  40.527 0.0000000000
105355  -48.322  12.616  39.858 0.0000000000
161172  -47.688  12.838  39.366 0.0000000000
107564  -48.272  16.026  37.731 0.0000000000
107554  -48.638  15.638  38.569 0.0000000000
106854  -47.248  14.781  37.478 0.0000000000
106845  -46.716  14.033  37.528 0.0000000000
106111  -46.228  13.160  37.697 0.0000000000
105371  -45.721  12.047  37.520 0.0000000000
106110  -45.691  12.711  37.135 0.0000000000
106135  -45.270  13.310  34.951 0.0000000000
105388  -45.033  12.626  35.360 0.0000000000
105387  -44.724  12.008  34.834 0.0000000000
104632  -44.382  11.209  34.314 0.0000000000
105393  -44.682  12.308  33.885 0.0000000000
106144  -44.969  12.975  33.176 0.0000000000
106164  -45.585  13.875  29.966 0.0000000000
106903  -46.246  14.391  30.486 0.0000000000
107609  -48.082  15.751  31.484 0.0000000000
107619  -48.013  15.788  30.102 0.0000000000
108369  -47.165  16.185  29.245 0.0000000000
108368  -46.814  15.852  29.250 0.0000000000
107634  -46.206  15.408  29.327 0.0000000000
151582  -46.552  16.059  29.426 0.0000000000
108358  -46.258  16.288  30.294 0.0000000000
108341  -45.501  16.869  32.658 0.0000000000
109061  -45.234  17.592  33.084 0.0000000000
97604  -50.551  4.237  28.606 0.0000000000
98481  -49.483  4.787  27.421 0.0000000000
159181  -41.681  2.297  40.434 0.0000000000
97465  -41.869  3.077  40.508 0.0000000000
98339  -43.107  3.956  42.213 0.0000000000
98344  -42.833  4.252  41.407 0.0000000000
99217  -43.780  5.213  41.484 0.0000000000
98329  -43.156  4.197  45.408 0.0000000000
97440  -43.320  3.859  43.871 0.0000000000
98330  -43.673  4.370  44.735 0.0000000000
99215  -45.436  5.941  43.719 0.0000000000
99210  -44.883  5.473  43.922 0.0000000000
100070  -44.987  5.949  41.846 0.0000000000
137874  -45.715  6.343  42.911 0.0000000000
100068  -46.381  6.962  42.482 0.0000000000
100939  -47.661  8.051  44.155 0.0000000000
100946  -47.708  7.846  43.580 0.0000000000
101894  -48.517  8.820  43.585 0.0000000000
101906  -48.918  8.679  43.159 0.0000000000
102854  -48.574  9.214  43.514 0.0000000000
102866  -45.660  8.913  43.024 0.0000000000
102867  -46.382  9.419  42.798 0.0000000000
102852  -47.098  8.937  43.827 0.0000000000
104572  -48.303  11.957  42.181 0.0000000000
103772  -49.518  10.807  42.684 0.0000000000
104558  -50.220  11.819  42.666 0.0000000000
105323  -50.824  12.515  42.729 0.0000000000
105322  -49.866  12.601  42.610 0.0000000000
106812  -50.406  14.639  42.242 0.0000000000
106055  -50.486  13.834  42.467 0.0000000000
142080  -51.067  14.999  42.170 0.0000000000
106829  -51.216  14.876  41.685 0.0000000000
107526  -51.046  15.664  41.795 0.0000000000
97467  -54.424  3.643  41.455 0.0000000000
96539  -52.751  2.624  41.557 0.0000000000
136367  -53.515  2.816  40.973 0.0000000000
95575  -52.192  1.790  40.060 0.0000000000
95567  -51.637  1.778  40.811 0.0000000000
95552  -50.401  1.709  43.537 0.0000000000
96516  -50.958  2.295  44.896 0.0000000000
96523  -50.982  2.265  43.993 0.0000000000
96530  -51.706  2.447  42.633 0.0000000000
94643  -50.112  0.994  41.096 0.0000000000
163718  -50.593  1.374  41.248 0.0000000000
95573  -50.991  1.102  39.665 0.0000000000
94658  -50.186  0.607  39.222 0.0000000000
94657  -49.672  0.436  39.814 0.0000000000
93775  -48.363  -0.411  39.189 0.0000000000
93787  -48.077  -0.432  38.501 0.0000000000
93761  -47.713  -1.016  41.095 0.0000000000
92919  -46.362  -1.884  39.296 0.0000000000
92920  -47.120  -1.522  39.606 0.0000000000
92820  -46.161  -1.139  48.730 0.0000000000
89008  -42.747  -5.016  49.993 0.0000000000
89915  -44.015  -4.192  50.448 0.0000000000
90887  -43.445  -3.411  50.367 0.0000000000
89948  -40.933  -4.080  48.399 0.0000000000
90910  -41.342  -3.623  48.472 0.0000000000
90912  -42.484  -2.899  48.741 0.0000000000
90911  -41.828  -3.259  49.013 0.0000000000
91863  -42.850  -2.823  49.774 0.0000000000
91873  -43.049  -2.445  49.279 0.0000000000
91864  -43.593  -1.795  49.702 0.0000000000
90925  -44.829  -3.073  47.320 0.0000000000
91899  -45.727  -2.874  46.973 0.0000000000
91887  -46.176  -2.237  47.433 0.0000000000
90940  -46.098  -3.191  46.136 0.0000000000
90025  -44.802  -4.711  43.678 0.0000000000
90008  -45.298  -4.340  44.265 0.0000000000
90026  -45.448  -4.334  43.545 0.0000000000
90986  -45.904  -4.004  43.083 0.0000000000
143038  -45.130  -4.544  42.823 0.0000000000
92906  -41.745  -1.177  40.319 0.0000000000
92907  -42.324  -1.683  40.193 0.0000000000
93773  -41.727  -0.558  39.911 0.0000000000
93774  -42.121  -0.457  39.252 0.0000000000
94647  -41.513  0.149  40.325 0.0000000000
94640  -40.968  0.076  41.761 0.0000000000
94641  -41.415  0.687  41.269 0.0000000000
159445  -39.720  -0.626  41.826 0.0000000000
95548  -39.521  1.779  43.535 0.0000000000
96520  -39.841  2.178  44.130 0.0000000000
96521  -40.579  2.375  44.553 0.0000000000
98395  -58.461  4.843  35.360 0.0000000000
99257  -58.277  5.254  35.806 0.0000000000
100130  -58.042  6.517  33.766 0.0000000000
100120  -58.227  6.240  34.197 0.0000000000
99292  -58.442  6.000  33.149 0.0000000000
98436  -58.370  5.540  32.849 0.0000000000
99291  -58.323  6.104  32.255 0.0000000000
139416  -51.034  1.473  36.058 0.0000000000
95624  -51.416  1.331  36.661 0.0000000000
95638  -50.989  1.768  35.378 0.0000000000
96615  -52.185  2.834  34.573 0.0000000000
98430  -51.377  4.362  32.271 0.0000000000
144434  -52.261  4.516  32.413 0.0000000000
99287  -53.817  5.380  32.202 0.0000000000
98431  -53.059  4.717  32.667 0.0000000000
98432  -53.962  4.847  33.031 0.0000000000
98433  -54.799  5.225  33.169 0.0000000000
98416  -55.340  5.251  33.669 0.0000000000
100150  -57.054  6.709  31.225 0.0000000000
100151  -57.503  6.536  31.361 0.0000000000
99307  -57.939  6.266  31.565 0.0000000000
98456  -57.312  6.253  31.023 0.0000000000
99317  -56.811  6.651  30.459 0.0000000000
99324  -55.626  6.279  29.386 0.0000000000
99335  -55.322  6.711  28.793 0.0000000000
101048  -56.072  8.998  29.184 0.0000000000
102019  -56.041  9.216  28.914 0.0000000000
101065  -54.160  8.184  27.825 0.0000000000
101054  -55.228  8.162  28.324 0.0000000000
144641  -54.108  7.281  28.158 0.0000000000
99334  -53.994  6.281  28.533 0.0000000000
100181  -53.153  6.528  27.942 0.0000000000
100192  -52.545  6.938  27.562 0.0000000000
143912  -51.092  7.145  27.275 0.0000000000
99342  -49.625  5.781  27.215 0.0000000000
100189  -49.660  6.714  26.918 0.0000000000
97474  -42.134  3.896  39.242 0.0000000000
97484  -42.386  3.562  38.438 0.0000000000
98360  -42.442  4.561  38.682 0.0000000000
100091  -43.884  6.286  38.082 0.0000000000
99238  -43.857  5.867  37.467 0.0000000000
99244  -44.403  5.871  36.809 0.0000000000
100100  -44.919  6.414  36.730 0.0000000000
100969  -46.019  7.397  38.782 0.0000000000
100970  -46.853  7.504  38.501 0.0000000000
100990  -47.636  7.442  36.459 0.0000000000
150181  -46.728  7.402  37.225 0.0000000000
100989  -46.882  7.308  36.599 0.0000000000
100102  -46.355  6.912  36.096 0.0000000000
100997  -47.054  7.119  35.916 0.0000000000
100112  -47.255  6.838  35.277 0.0000000000
101007  -48.758  7.499  34.870 0.0000000000
101977  -50.995  8.660  34.476 0.0000000000
104584  -51.622  11.123  41.222 0.0000000000
103791  -52.394  10.238  40.938 0.0000000000
145312  -50.882  10.546  39.086 0.0000000000
103801  -51.837  10.488  39.646 0.0000000000
103816  -52.441  10.194  38.848 0.0000000000
101936  -52.343  9.676  38.511 0.0000000000
103826  -52.611  10.401  38.026 0.0000000000
103836  -48.376  10.419  36.802 0.0000000000
137325  -49.412  10.548  36.280 0.0000000000
103851  -53.148  11.085  36.754 0.0000000000
103850  -51.946  11.081  36.602 0.0000000000
163463  -53.073  10.469  37.438 0.0000000000
150310  -53.220  10.680  36.943 0.0000000000
101961  -51.833  9.016  36.219 0.0000000000
101962  -53.094  9.983  36.103 0.0000000000
102942  -52.880  10.397  34.370 0.0000000000
102955  -52.365  10.304  32.470 0.0000000000
103884  -53.225  11.288  32.974 0.0000000000
105408  -53.104  12.525  32.061 0.0000000000
159748  -53.589  12.126  31.857 0.0000000000
105426  -53.465  12.193  31.155 0.0000000000
104687  -52.587  11.926  29.797 0.0000000000
102965  -49.220  9.895  31.057 0.0000000000
103895  -50.628  11.125  31.245 0.0000000000
103894  -49.938  10.449  30.678 0.0000000000
103920  -50.277  10.377  28.507 0.0000000000
158115  -51.165  10.818  28.296 0.0000000000
103016  -50.731  9.920  27.017 0.0000000000
102051  -48.499  8.566  25.861 0.0000000000
102052  -49.361  8.634  26.426 0.0000000000
101073  -48.828  7.935  25.800 0.0000000000
100202  -48.929  6.893  26.177 0.0000000000
100207  -47.518  6.645  24.357 0.0000000000
103013  -45.825  9.793  25.521 0.0000000000
103026  -45.103  10.183  25.337 0.0000000000
102034  -44.350  9.109  26.538 0.0000000000
102047  -44.592  9.733  25.551 0.0000000000
146033  -44.415  11.815  31.390 0.0000000000
150598  -44.291  10.996  31.381 0.0000000000
105432  -43.982  13.042  28.206 0.0000000000
104684  -43.513  12.921  27.651 0.0000000000
105440  -43.180  13.006  27.591 0.0000000000
106911  -43.377  15.175  28.989 0.0000000000
105430  -41.353  13.055  28.945 0.0000000000
104697  -41.954  12.585  28.249 0.0000000000
105439  -42.721  12.834  27.570 0.0000000000
104683  -41.983  11.786  28.482 0.0000000000
103903  -41.217  10.872  30.469 0.0000000000
103892  -41.380  10.144  30.777 0.0000000000
102972  -41.830  9.599  30.651 0.0000000000
102959  -41.343  9.593  31.257 0.0000000000
102958  -40.737  9.537  31.780 0.0000000000
104658  -39.558  11.674  31.833 0.0000000000
103880  -40.167  10.229  31.996 0.0000000000
103868  -39.218  10.326  33.208 0.0000000000
164001  -39.562  12.857  32.255 0.0000000000
106147  -39.776  13.106  32.824 0.0000000000
104640  -38.403  11.660  33.682 0.0000000000
109053  -42.084  17.899  34.920 0.0000000000
108323  -41.101  16.793  35.933 0.0000000000
108317  -40.641  16.359  36.252 0.0000000000
94670  -43.502  0.622  37.880 0.0000000000
95605  -43.646  1.342  37.499 0.0000000000
96572  -43.373  2.807  37.393 0.0000000000
97497  -43.003  3.540  37.693 0.0000000000
109042  -51.329  18.228  35.779 0.0000000000
109063  -50.478  17.808  32.832 0.0000000000
109064  -51.325  18.408  33.386 0.0000000000
109070  -51.233  18.455  32.343 0.0000000000
109807  -51.064  19.151  30.834 0.0000000000
98447  -55.711  4.695  30.745 0.0000000000
93719  -48.443  -0.299  46.281 0.0000000000
92864  -47.860  -1.370  44.267 0.0000000000
92848  -47.711  -1.504  45.095 0.0000000000
91930  -46.906  -2.734  44.849 0.0000000000
90034  -38.265  -4.384  42.761 0.0000000000
141643  -37.979  -3.743  42.455 0.0000000000
95596  -52.911  1.823  38.664 0.0000000000
96574  -52.992  1.921  37.096 0.0000000000
99300  -49.464  5.906  31.358 0.0000000000
100147  -49.714  6.648  31.027 0.0000000000
101045  -51.775  8.102  29.850 0.0000000000
162701  -51.086  8.035  30.267 0.0000000000
102967  -52.266  9.963  31.431 0.0000000000
101910  -49.094  8.481  42.163 0.0000000000
101914  -49.063  8.303  40.922 0.0000000000
101911  -50.084  8.745  41.614 0.0000000000
101916  -51.269  9.066  40.303 0.0000000000
102914  -44.998  10.244  35.288 0.0000000000
102915  -45.453  9.943  35.224 0.0000000000
102924  -45.633  9.578  34.483 0.0000000000
102952  -47.348  9.395  32.592 0.0000000000
101994  -45.984  9.118  31.246 0.0000000000
101993  -45.357  9.212  30.640 0.0000000000
102013  -45.584  9.122  29.730 0.0000000000
102974  -44.387  10.082  30.238 0.0000000000
107605  -43.957  15.087  32.122 0.0000000000
106886  -42.418  14.378  33.223 0.0000000000
107596  -42.925  14.957  33.829 0.0000000000
107588  -42.457  15.470  34.640 0.0000000000
154418  -48.452  0.680  36.695 0.0000000000
95635  -47.671  1.446  35.471 0.0000000000
96608  -45.857  2.733  35.194 0.0000000000
97529  -46.431  3.852  34.180 0.0000000000
98413  -46.771  4.371  33.873 0.0000000000
106837  -48.936  14.186  39.604 0.0000000000
108309  -47.644  15.892  36.315 0.0000000000
107563  -47.651  15.553  37.199 0.0000000000
107562  -47.069  15.024  36.626 0.0000000000
149111  -46.518  14.314  36.701 0.0000000000
106118  -45.613  13.224  36.460 0.0000000000
106861  -45.908  13.938  36.068 0.0000000000
163402  -45.622  13.793  35.331 0.0000000000
106888  -45.765  14.110  33.625 0.0000000000
106895  -46.011  14.227  32.597 0.0000000000
107620  -48.220  16.345  29.838 0.0000000000
108360  -47.731  16.419  29.585 0.0000000000
108350  -46.848  16.815  30.667 0.0000000000
109067  -46.621  17.362  31.656 0.0000000000
149948  -46.385  17.803  32.117 0.0000000000
99331  -51.014  4.958  28.169 0.0000000000
96536  -41.810  2.377  41.923 0.0000000000
97460  -41.987  3.023  41.436 0.0000000000
96537  -42.117  2.879  42.288 0.0000000000
98321  -44.453  5.813  45.875 0.0000000000
98331  -44.201  5.129  45.256 0.0000000000
99208  -45.253  6.352  45.563 0.0000000000
100064  -46.016  6.670  45.359 0.0000000000
100067  -46.093  6.440  44.327 0.0000000000
100065  -46.659  7.040  44.945 0.0000000000
100927  -47.292  8.057  44.563 0.0000000000
101892  -47.300  8.387  44.355 0.0000000000
152486  -46.685  11.571  41.519 0.0000000000
103784  -47.154  10.962  42.047 0.0000000000
104571  -47.510  11.738  41.876 0.0000000000
105332  -48.873  12.652  42.344 0.0000000000
106054  -49.680  13.330  42.450 0.0000000000
97461  -54.444  3.940  42.224 0.0000000000
145476  -50.410  1.634  42.687 0.0000000000
95559  -49.929  1.220  42.428 0.0000000000
94649  -49.548  0.493  40.543 0.0000000000
91980  -47.188  -2.174  41.883 0.0000000000
145896  -47.273  -1.804  41.161 0.0000000000
163639  -47.040  -2.033  40.708 0.0000000000
92918  -45.446  -2.025  39.085 0.0000000000
89965  -41.043  -3.899  46.926 0.0000000000
89949  -41.589  -3.671  47.645 0.0000000000
90936  -42.436  -3.564  47.385 0.0000000000
90923  -42.827  -3.077  47.914 0.0000000000
90938  -44.338  -3.613  46.784 0.0000000000
90954  -44.787  -4.020  45.964 0.0000000000
90955  -45.602  -3.736  45.629 0.0000000000
137678  -44.447  -4.714  44.594 0.0000000000
89074  -44.163  -5.109  43.880 0.0000000000
91988  -42.275  -2.388  40.667 0.0000000000
91987  -41.721  -1.771  40.774 0.0000000000
92901  -41.375  -1.227  40.853 0.0000000000
93760  -41.066  -0.732  41.237 0.0000000000
93753  -40.221  0.008  42.021 0.0000000000
99256  -58.003  5.789  35.489 0.0000000000
99266  -57.641  6.271  34.434 0.0000000000
99279  -57.562  6.430  33.517 0.0000000000
95649  -50.130  1.832  34.954 0.0000000000
96598  -50.894  2.168  34.758 0.0000000000
96614  -51.245  2.752  34.156 0.0000000000
97530  -52.006  3.261  34.010 0.0000000000
143509  -56.659  7.073  30.729 0.0000000000
100162  -56.602  7.136  30.207 0.0000000000
101039  -56.329  7.758  29.523 0.0000000000
100173  -56.379  8.045  29.268 0.0000000000
102995  -55.021  9.604  28.881 0.0000000000
102030  -56.068  9.221  28.879 0.0000000000
103005  -54.598  10.010  28.408 0.0000000000
101064  -52.968  8.057  27.532 0.0000000000
102040  -51.946  8.575  27.307 0.0000000000
101062  -51.025  8.081  27.259 0.0000000000
99220  -42.890  5.228  39.810 0.0000000000
157059  -42.817  5.430  38.920 0.0000000000
100084  -43.634  6.092  38.813 0.0000000000
100085  -44.528  6.671  38.672 0.0000000000
100086  -45.296  7.101  38.137 0.0000000000
100972  -48.715  7.735  38.335 0.0000000000
100971  -47.715  7.594  38.221 0.0000000000
139956  -48.280  7.639  37.659 0.0000000000
139955  -48.305  7.618  36.998 0.0000000000
100991  -48.470  7.595  36.309 0.0000000000
161152  -48.952  7.684  36.013 0.0000000000
101008  -49.504  7.827  35.628 0.0000000000
101968  -50.695  8.403  35.440 0.0000000000
103788  -49.733  11.147  40.224 0.0000000000
103789  -51.045  10.941  40.512 0.0000000000
103799  -49.170  10.739  39.526 0.0000000000
156639  -49.892  10.569  39.073 0.0000000000
103814  -50.500  10.516  38.401 0.0000000000
103860  -49.282  10.576  35.291 0.0000000000
155061  -50.667  11.175  35.296 0.0000000000
103862  -52.260  11.470  35.829 0.0000000000
103852  -53.445  11.510  35.615 0.0000000000
102918  -53.603  11.355  35.525 0.0000000000
155744  -53.535  11.813  35.121 0.0000000000
103863  -53.608  11.744  35.118 0.0000000000
103873  -53.549  11.859  34.367 0.0000000000
103885  -53.605  11.923  33.299 0.0000000000
104645  -53.441  12.183  33.322 0.0000000000
105401  -53.197  12.479  32.768 0.0000000000
104662  -52.308  12.306  31.571 0.0000000000
102990  -48.652  9.257  29.473 0.0000000000
103003  -49.682  9.881  27.722 0.0000000000
103015  -49.916  9.720  26.957 0.0000000000
102060  -47.666  8.318  24.973 0.0000000000
101080  -47.540  7.564  24.477 0.0000000000
102059  -46.816  8.605  24.622 0.0000000000
103948  -44.516  10.628  25.753 0.0000000000
103947  -44.109  10.992  25.699 0.0000000000
103011  -43.920  10.006  26.032 0.0000000000
106171  -43.906  14.065  28.434 0.0000000000
143528  -41.844  14.702  29.159 0.0000000000
104681  -40.929  12.494  29.614 0.0000000000
136484  -39.896  13.518  34.282 0.0000000000
106140  -39.684  13.164  33.615 0.0000000000
106132  -39.267  12.885  34.196 0.0000000000
106131  -38.696  12.668  34.739 0.0000000000
105386  -38.019  12.299  34.524 0.0000000000
138357  -38.636  13.051  35.416 0.0000000000
94700  -46.050  0.847  36.680 0.0000000000
94699  -45.400  0.976  36.739 0.0000000000
96585  -45.080  2.121  36.218 0.0000000000
143250  -44.501  1.906  36.668 0.0000000000
98381  -45.096  4.908  35.877 0.0000000000
107555  -49.543  16.065  39.098 0.0000000000
108301  -49.917  16.825  38.710 0.0000000000
137974  -49.588  17.013  37.924 0.0000000000
108310  -48.948  16.727  37.233 0.0000000000
109041  -50.554  17.756  36.531 0.0000000000
153796  -49.502  17.271  36.540 0.0000000000
108319  -48.563  16.731  36.031 0.0000000000
107591  -47.394  15.674  33.768 0.0000000000
108342  -48.086  16.152  33.453 0.0000000000
108351  -48.297  16.051  32.506 0.0000000000
108352  -48.826  16.309  31.742 0.0000000000
108344  -49.566  17.114  32.103 0.0000000000
154211  -49.173  16.712  31.015 0.0000000000
108361  -48.985  16.867  30.214 0.0000000000
96514  -41.505  2.650  44.549 0.0000000000
96515  -42.247  2.971  44.061 0.0000000000
97438  -42.137  3.274  44.985 0.0000000000
97427  -42.602  3.813  45.428 0.0000000000
98318  -42.133  4.450  46.726 0.0000000000
155374  -43.174  5.088  46.545 0.0000000000
99199  -43.625  5.646  46.306 0.0000000000
154280  -48.776  0.066  43.966 0.0000000000
93755  -48.404  -0.302  42.411 0.0000000000
93742  -48.045  -0.861  42.757 0.0000000000
91964  -47.595  -1.579  42.620 0.0000000000
91979  -46.662  -2.961  41.877 0.0000000000
157340  -46.142  -3.541  41.831 0.0000000000
89014  -40.972  -5.586  48.669 0.0000000000
89023  -40.077  -4.998  47.711 0.0000000000
89947  -40.478  -4.216  47.574 0.0000000000
89964  -40.206  -4.145  46.637 0.0000000000
91975  -39.966  -2.701  41.576 0.0000000000
92898  -39.533  -2.105  41.624 0.0000000000
91962  -38.115  -2.845  42.076 0.0000000000
92892  -37.810  -1.930  42.006 0.0000000000
147847  -38.010  -1.071  41.872 0.0000000000
97543  -49.366  3.304  32.769 0.0000000000
97544  -50.116  3.211  33.059 0.0000000000
97560  -49.850  3.734  32.419 0.0000000000
98429  -50.413  4.291  32.041 0.0000000000
98444  -50.946  4.878  31.638 0.0000000000
99301  -50.511  5.488  31.171 0.0000000000
149275  -53.758  7.288  30.046 0.0000000000
101047  -54.394  8.756  29.439 0.0000000000
102017  -53.714  9.259  29.535 0.0000000000
102994  -54.499  10.572  29.032 0.0000000000
103933  -54.228  10.917  28.875 0.0000000000
103932  -53.818  11.145  28.540 0.0000000000
161022  -46.010  7.195  40.525 0.0000000000
154422  -45.850  7.251  39.789 0.0000000000
100954  -46.514  7.398  40.455 0.0000000000
100962  -48.635  7.907  39.917 0.0000000000
139957  -48.259  7.700  39.061 0.0000000000
104609  -46.298  11.000  37.829 0.0000000000
103811  -46.959  10.680  38.141 0.0000000000
161376  -46.903  10.424  37.011 0.0000000000
103835  -47.332  10.333  36.498 0.0000000000
103848  -47.068  9.943  35.215 0.0000000000
103859  -47.984  10.208  35.168 0.0000000000
103871  -49.711  10.800  33.348 0.0000000000
103883  -50.454  11.273  32.749 0.0000000000
149436  -49.399  10.411  32.515 0.0000000000
102954  -49.074  10.002  31.825 0.0000000000
102963  -47.592  9.293  31.710 0.0000000000
102976  -47.751  9.140  30.839 0.0000000000
102977  -48.550  9.404  30.491 0.0000000000
138954  -46.859  9.107  27.325 0.0000000000
103001  -45.419  9.762  27.604 0.0000000000
103929  -44.686  10.610  26.605 0.0000000000
104700  -43.680  11.481  26.661 0.0000000000
106912  -44.173  15.160  28.779 0.0000000000
106909  -41.637  14.641  30.399 0.0000000000
162846  -40.458  14.025  31.867 0.0000000000
106133  -40.858  13.787  34.247 0.0000000000
106868  -40.577  14.358  35.679 0.0000000000
94691  -50.477  0.757  37.416 0.0000000000
95623  -50.588  1.116  36.601 0.0000000000
95622  -49.074  0.974  36.301 0.0000000000
96612  -49.536  2.321  34.144 0.0000000000
96609  -46.475  2.201  35.028 0.0000000000
95646  -47.245  1.891  34.864 0.0000000000
144593  -48.792  2.618  33.602 0.0000000000
98427  -48.635  4.673  32.109 0.0000000000
99299  -48.805  5.609  31.794 0.0000000000
101028  -49.031  7.063  32.110 0.0000000000
144124  -49.491  7.686  32.378 0.0000000000
103775  -52.097  11.040  42.418 0.0000000000
102880  -52.225  10.329  42.184 0.0000000000
104575  -51.980  11.529  42.346 0.0000000000
104574  -51.603  11.705  41.761 0.0000000000
137967  -49.495  11.711  40.474 0.0000000000
104592  -47.855  11.343  39.470 0.0000000000
104591  -47.133  11.613  39.055 0.0000000000
106847  -48.303  14.783  38.835 0.0000000000
106846  -47.434  14.286  38.346 0.0000000000
106102  -47.465  13.476  38.939 0.0000000000
105364  -47.021  12.554  38.953 0.0000000000
153462  -46.608  11.905  38.624 0.0000000000
104602  -46.721  11.249  38.452 0.0000000000
104608  -45.789  11.423  37.446 0.0000000000
141917  -45.491  11.216  36.922 0.0000000000
104614  -45.171  11.465  36.359 0.0000000000
105378  -45.234  12.453  36.280 0.0000000000
104624  -44.896  11.795  35.630 0.0000000000
103832  -44.946  10.870  35.675 0.0000000000
103858  -44.634  10.566  34.926 0.0000000000
103869  -44.466  10.259  34.175 0.0000000000
150599  -44.212  10.703  32.980 0.0000000000
103893  -44.268  10.295  32.226 0.0000000000
105407  -44.655  12.396  31.792 0.0000000000
106150  -45.064  13.060  32.251 0.0000000000
106157  -45.058  13.109  31.031 0.0000000000
106921  -45.449  15.108  28.929 0.0000000000
107608  -47.327  15.228  31.932 0.0000000000
106904  -46.917  14.864  30.926 0.0000000000
106905  -47.285  15.436  29.778 0.0000000000
146417  -46.690  14.968  29.861 0.0000000000
106914  -46.673  15.297  29.500 0.0000000000
107633  -45.475  15.199  28.990 0.0000000000
107607  -45.454  15.969  31.037 0.0000000000
96561  -41.828  2.330  39.069 0.0000000000
96549  -41.728  2.674  39.770 0.0000000000
97473  -41.913  3.351  39.728 0.0000000000
139802  -42.298  3.757  40.944 0.0000000000
98348  -42.709  4.614  40.496 0.0000000000
99221  -43.458  5.385  40.607 0.0000000000
99225  -44.172  6.011  40.375 0.0000000000
100073  -44.866  6.287  40.974 0.0000000000
97447  -42.776  3.388  43.542 0.0000000000
97448  -43.310  3.810  43.029 0.0000000000
98340  -43.689  4.451  42.652 0.0000000000
98335  -44.298  4.951  44.273 0.0000000000
98341  -44.262  4.974  43.205 0.0000000000
99213  -44.062  5.061  42.275 0.0000000000
99218  -44.375  5.510  41.888 0.0000000000
100949  -46.256  7.164  41.282 0.0000000000
100951  -47.609  7.690  41.908 0.0000000000
100945  -47.123  7.354  43.211 0.0000000000
151918  -47.550  7.636  42.731 0.0000000000
102870  -50.109  9.712  42.751 0.0000000000
101891  -46.675  8.309  44.545 0.0000000000
102853  -47.909  9.094  43.902 0.0000000000
103771  -47.626  10.328  42.552 0.0000000000
102855  -49.560  9.893  42.961 0.0000000000
161523  -50.120  10.484  42.813 0.0000000000
103774  -51.470  11.178  42.652 0.0000000000
104559  -51.210  11.883  42.861 0.0000000000
105324  -51.352  12.374  42.767 0.0000000000
106067  -51.146  13.003  42.450 0.0000000000
143795  -50.528  13.168  42.599 0.0000000000
164575  -50.940  13.465  42.522 0.0000000000
152503  -51.351  13.999  41.691 0.0000000000
107538  -51.110  15.249  40.788 0.0000000000
107547  -51.132  16.094  40.507 0.0000000000
108273  -51.104  16.557  41.376 0.0000000000
95581  -52.806  1.941  39.493 0.0000000000
149464  -52.231  1.584  39.223 0.0000000000
95580  -51.568  1.226  38.878 0.0000000000
96538  -51.839  2.219  41.668 0.0000000000
136874  -51.029  1.709  41.398 0.0000000000
95574  -51.471  1.483  40.173 0.0000000000
94673  -50.359  0.610  38.271 0.0000000000
139266  -49.013  0.180  37.856 0.0000000000
162981  -49.463  0.238  39.226 0.0000000000
145445  -48.420  -0.138  37.988 0.0000000000
93801  -47.732  -0.227  37.776 0.0000000000
93800  -46.891  -0.286  37.638 0.0000000000
93762  -48.349  -0.335  41.502 0.0000000000
92909  -47.288  -1.605  40.467 0.0000000000
92932  -47.686  -0.875  39.150 0.0000000000
93799  -45.959  -0.199  37.581 0.0000000000
93798  -44.934  -0.032  37.511 0.0000000000
93797  -44.032  -0.036  37.883 0.0000000000
94668  -42.235  1.063  38.623 0.0000000000
92826  -46.591  -1.560  47.856 0.0000000000
146843  -45.253  -3.509  51.415 0.0000000000
91856  -43.902  -2.130  50.948 0.0000000000
89934  -41.184  -4.681  48.779 0.0000000000
89925  -41.607  -4.629  49.308 0.0000000000
89926  -42.024  -4.285  49.798 0.0000000000
153106  -42.242  -3.481  49.679 0.0000000000
90900  -42.887  -3.242  50.106 0.0000000000
91855  -43.422  -2.634  50.304 0.0000000000
92811  -44.011  -1.211  50.162 0.0000000000
92818  -44.273  -1.448  49.437 0.0000000000
91885  -44.289  -2.529  48.118 0.0000000000
91875  -44.743  -1.914  48.607 0.0000000000
92825  -45.709  -1.793  48.262 0.0000000000
92835  -46.917  -1.880  46.995 0.0000000000
91914  -46.711  -2.665  45.709 0.0000000000
90972  -46.470  -3.363  44.357 0.0000000000
90971  -45.812  -3.850  44.752 0.0000000000
90998  -45.717  -4.006  42.256 0.0000000000
91013  -45.482  -3.763  41.391 0.0000000000
146167  -42.967  -5.425  44.210 0.0000000000
89089  -43.550  -5.374  43.643 0.0000000000
90038  -43.851  -5.095  42.285 0.0000000000
150839  -44.489  -4.793  42.351 0.0000000000
90050  -44.188  -4.649  41.740 0.0000000000
91012  -44.563  -4.089  41.213 0.0000000000
91025  -44.944  -3.559  40.665 0.0000000000
94655  -42.077  0.234  38.851 0.0000000000
95572  -41.603  1.582  40.850 0.0000000000
151930  -40.831  1.362  43.028 0.0000000000
161289  -41.136  2.135  43.959 0.0000000000
96513  -41.003  2.742  45.240 0.0000000000
96497  -40.310  2.736  45.513 0.0000000000
147793  -39.033  2.434  45.186 0.0000000000
96496  -39.493  2.737  45.769 0.0000000000
97424  -40.048  3.287  46.396 0.0000000000
97551  -58.260  4.458  34.148 0.0000000000
99268  -58.343  5.730  34.895 0.0000000000
98406  -58.498  5.127  34.471 0.0000000000
98418  -58.198  4.823  33.141 0.0000000000
97566  -57.679  4.456  32.610 0.0000000000
98434  -57.633  4.953  31.875 0.0000000000
96600  -52.430  2.456  35.364 0.0000000000
96601  -53.228  2.770  35.729 0.0000000000
97545  -51.535  3.442  33.494 0.0000000000
97546  -52.391  3.798  33.554 0.0000000000
98415  -53.631  4.372  33.850 0.0000000000
98403  -54.111  4.357  34.339 0.0000000000
99278  -56.456  5.916  33.302 0.0000000000
99290  -57.449  6.478  32.549 0.0000000000
99289  -56.437  6.301  32.213 0.0000000000
100152  -57.962  6.530  32.068 0.0000000000
143762  -56.848  5.052  30.984 0.0000000000
99316  -55.946  5.754  30.072 0.0000000000
99322  -53.324  5.258  28.961 0.0000000000
101049  -56.513  8.622  29.051 0.0000000000
100182  -56.070  7.925  28.765 0.0000000000
101055  -56.265  8.890  28.801 0.0000000000
99332  -51.887  5.248  28.225 0.0000000000
99344  -51.301  5.724  27.786 0.0000000000
100191  -51.601  6.585  27.517 0.0000000000
99343  -50.394  5.369  27.692 0.0000000000
149599  -42.191  2.758  38.569 0.0000000000
98369  -43.381  4.380  37.472 0.0000000000
98361  -42.846  5.041  38.095 0.0000000000
150396  -43.444  5.232  37.598 0.0000000000
147100  -44.616  5.170  36.479 0.0000000000
99253  -45.546  5.828  35.696 0.0000000000
100979  -46.980  7.504  37.780 0.0000000000
100093  -45.403  6.947  37.160 0.0000000000
100101  -45.597  6.548  36.303 0.0000000000
100110  -46.016  6.411  35.719 0.0000000000
99254  -46.150  5.968  35.239 0.0000000000
100117  -46.777  6.219  34.878 0.0000000000
100118  -47.460  6.528  34.593 0.0000000000
100119  -48.170  6.913  34.323 0.0000000000
101986  -50.129  8.244  32.674 0.0000000000
152543  -52.425  10.154  41.596 0.0000000000
102882  -52.289  9.767  40.871 0.0000000000
101917  -52.069  9.522  39.978 0.0000000000
103802  -52.542  10.150  39.875 0.0000000000
101926  -52.168  9.592  39.277 0.0000000000
101943  -51.587  8.913  37.894 0.0000000000
103823  -48.545  10.453  37.703 0.0000000000
164141  -49.558  10.494  37.856 0.0000000000
103824  -50.688  10.580  37.547 0.0000000000
103837  -50.664  10.701  36.820 0.0000000000
103838  -52.094  10.815  37.245 0.0000000000
103825  -51.936  10.604  37.914 0.0000000000
102906  -52.916  10.492  37.571 0.0000000000
101952  -51.735  8.963  37.066 0.0000000000
102928  -53.458  10.649  35.464 0.0000000000
101970  -52.433  9.628  35.000 0.0000000000
101978  -50.866  8.701  33.361 0.0000000000
101987  -50.802  8.705  32.388 0.0000000000
102966  -51.472  9.338  31.931 0.0000000000
103897  -53.537  11.776  32.175 0.0000000000
104689  -53.533  11.668  29.815 0.0000000000
103931  -53.027  11.291  28.299 0.0000000000
153956  -50.667  11.304  32.013 0.0000000000
104661  -51.404  11.788  31.810 0.0000000000
104671  -51.469  11.703  30.918 0.0000000000
103907  -50.074  10.385  29.615 0.0000000000
104686  -51.643  11.586  29.944 0.0000000000
103921  -51.827  11.521  28.954 0.0000000000
143722  -52.060  11.203  28.215 0.0000000000
103939  -52.365  10.699  27.758 0.0000000000
103017  -51.635  9.994  27.354 0.0000000000
102039  -51.040  9.255  26.942 0.0000000000
101075  -50.204  8.490  26.780 0.0000000000
102056  -45.162  9.795  25.050 0.0000000000
102048  -45.301  9.037  24.930 0.0000000000
103906  -44.308  10.892  30.409 0.0000000000
104670  -44.292  11.886  29.258 0.0000000000
161787  -44.276  11.528  28.717 0.0000000000
104699  -43.428  12.211  27.181 0.0000000000
106170  -43.240  14.622  27.943 0.0000000000
106169  -42.552  14.491  28.178 0.0000000000
106181  -42.950  13.847  27.710 0.0000000000
104707  -42.810  12.093  27.095 0.0000000000
103927  -42.560  11.469  27.746 0.0000000000
102998  -42.625  10.524  28.536 0.0000000000
103905  -42.239  10.441  29.424 0.0000000000
103917  -41.687  11.185  29.517 0.0000000000
102973  -42.290  9.726  29.975 0.0000000000
102002  -42.392  8.944  30.538 0.0000000000
102948  -40.249  9.417  32.350 0.0000000000
106148  -39.893  13.315  31.910 0.0000000000
104649  -39.254  11.833  32.432 0.0000000000
104631  -37.759  11.980  34.320 0.0000000000
110622  -48.089  19.065  30.192 0.0000000000
109789  -45.869  18.082  32.538 0.0000000000
146631  -44.573  18.173  33.378 0.0000000000
109060  -44.433  17.473  33.687 0.0000000000
109055  -43.629  17.405  34.192 0.0000000000
109786  -42.856  19.056  33.737 0.0000000000
109781  -42.908  18.189  34.326 0.0000000000
108325  -42.224  16.149  35.046 0.0000000000
107580  -41.961  15.688  35.158 0.0000000000
109048  -41.567  17.256  35.441 0.0000000000
108324  -41.674  16.335  35.467 0.0000000000
107579  -41.513  15.492  35.527 0.0000000000
107570  -41.034  15.309  35.860 0.0000000000
106860  -40.751  14.892  35.977 0.0000000000
89118  -43.191  -5.176  42.265 0.0000000000
90035  -39.671  -4.731  42.418 0.0000000000
98313  -42.549  4.963  46.881 0.0000000000
98435  -58.165  5.313  32.329 0.0000000000
99207  -44.809  5.605  45.025 0.0000000000
99265  -56.954  6.013  34.108 0.0000000000
99280  -58.456  5.845  33.973 0.0000000000
100131  -58.296  6.314  33.586 0.0000000000
100140  -58.197  6.491  32.918 0.0000000000
100183  -56.597  8.726  29.006 0.0000000000
100911  -45.124  6.842  45.838 0.0000000000
100925  -45.721  7.153  45.729 0.0000000000
100947  -48.146  8.372  43.661 0.0000000000
102851  -46.388  8.822  43.662 0.0000000000
102888  -52.624  10.019  40.012 0.0000000000
102903  -52.593  10.232  38.207 0.0000000000
102916  -46.188  9.832  35.227 0.0000000000
102923  -44.897  9.881  34.744 0.0000000000
102943  -53.403  11.382  34.010 0.0000000000
102992  -53.224  9.669  29.801 0.0000000000
103033  -44.488  10.466  25.664 0.0000000000
103773  -50.727  10.382  42.705 0.0000000000
103786  -52.365  10.659  41.916 0.0000000000
103821  -46.608  10.603  37.402 0.0000000000
103881  -44.355  10.024  33.271 0.0000000000
104560  -51.684  11.774  42.677 0.0000000000
104673  -53.204  12.251  30.708 0.0000000000
104688  -53.248  11.873  29.807 0.0000000000
104701  -53.458  11.557  29.052 0.0000000000
104702  -53.825  11.342  29.145 0.0000000000
105363  -46.404  12.555  38.279 0.0000000000
105372  -45.988  12.464  37.770 0.0000000000
105394  -44.934  12.745  34.615 0.0000000000
105409  -53.421  12.329  32.313 0.0000000000
105410  -53.518  12.219  31.804 0.0000000000
105417  -52.913  12.472  31.334 0.0000000000
105418  -53.368  12.349  31.610 0.0000000000
106836  -47.975  14.097  39.086 0.0000000000
107635  -47.266  16.034  29.228 0.0000000000
109047  -40.927  17.588  35.760 0.0000000000
144438  -46.338  10.840  41.667 0.0000000000
146366  -47.465  10.215  35.738 0.0000000000
150112  -43.637  -1.842  50.356 0.0000000000
150549  -41.718  0.018  39.482 0.0000000000
150600  -44.273  10.683  33.637 0.0000000000
154037  -49.837  5.508  31.278 0.0000000000
154474  -51.292  11.785  32.499 0.0000000000
156728  -48.232  17.052  29.741 0.0000000000
157118  -53.048  10.669  37.330 0.0000000000
161489  -51.242  12.632  42.702 0.0000000000
162110  -51.366  19.571  31.274 0.0000000000
163416  -54.774  9.911  28.968 0.0000000000
164580  -47.230  8.114  24.443 0.0000000000
