#!ascii label  , from subject sub-v1s0x0050659_ses-1 vox2ras=TkReg
1237
82339  -22.649  -14.124  -9.671 0.5555555820
82340  -23.180  -13.690  -10.058 0.6666666865
84153  -22.941  -12.206  -9.918 0.7777777910
157768  -23.636  -12.412  -10.259 0.7777777910
85087  -23.085  -10.610  -10.242 0.8888888955
85090  -25.245  -10.461  -10.416 0.8888888955
81345  -21.921  -14.872  -8.899 0.5555555820
82338  -21.919  -14.099  -9.004 0.5555555820
83276  -21.884  -12.488  -9.104 0.6666666865
139339  -22.118  -11.900  -9.455 0.8888888955
84164  -24.184  -12.148  -10.416 0.8888888955
85962  -23.977  -9.223  -10.534 1.0000000000
85952  -25.284  -9.707  -10.320 0.8888888955
86859  -24.763  -8.306  -10.179 1.0000000000
84141  -20.568  -11.382  -8.435 0.7777777910
85075  -20.578  -10.302  -8.641 1.0000000000
85949  -20.376  -9.503  -8.638 1.0000000000
85951  -21.480  -9.757  -9.469 1.0000000000
87785  -21.345  -8.074  -9.598 1.0000000000
85950  -20.951  -9.273  -9.108 1.0000000000
86856  -22.478  -8.353  -10.073 1.0000000000
88694  -21.429  -7.427  -9.621 1.0000000000
87789  -21.905  -7.824  -9.810 1.0000000000
87790  -22.722  -7.560  -9.994 1.0000000000
87793  -24.860  -7.473  -10.055 1.0000000000
88699  -22.119  -7.053  -9.839 1.0000000000
88700  -22.905  -6.771  -10.071 1.0000000000
88703  -25.063  -6.662  -9.908 1.0000000000
89627  -23.717  -5.532  -10.498 1.0000000000
162082  -24.901  -5.368  -10.043 0.7777777910
87774  -19.649  -8.113  -8.523 0.8888888955
86850  -20.635  -8.770  -9.031 1.0000000000
88685  -20.251  -7.258  -9.010 1.0000000000
148235  -20.989  -6.273  -9.538 1.0000000000
89625  -21.968  -5.572  -10.231 1.0000000000
89626  -22.803  -5.471  -10.446 1.0000000000
90572  -23.406  -4.705  -10.577 1.0000000000
89629  -24.733  -4.738  -10.182 1.0000000000
151674  -25.144  -4.969  -9.671 0.8888888955
90566  -24.943  -4.162  -9.838 1.0000000000
90560  -25.307  -4.390  -9.002 0.7777777910
142723  -25.535  -4.108  -8.221 0.7777777910
89604  -18.223  -5.884  -7.082 0.5555555820
145924  -18.430  -3.977  -7.624 0.7777777910
89613  -19.387  -5.269  -8.453 0.8888888955
89620  -20.548  -5.542  -9.364 1.0000000000
89621  -21.272  -5.576  -9.794 1.0000000000
90564  -20.123  -4.517  -9.311 0.8888888955
90565  -20.934  -4.573  -9.751 1.0000000000
90570  -21.680  -4.058  -10.229 1.0000000000
91518  -23.537  -3.262  -10.568 1.0000000000
137572  -24.212  -3.216  -10.419 0.8888888955
92473  -24.769  -3.064  -9.058 0.8888888955
93387  -24.912  -2.150  -7.774 0.7777777910
91500  -26.005  -3.367  -7.088 0.6666666865
92456  -26.055  -2.578  -6.727 0.6666666865
150376  -17.577  -3.086  -6.312 0.4444444478
91487  -18.059  -3.683  -7.006 0.7777777910
92441  -17.792  -2.226  -6.718 0.6666666865
150706  -18.720  -2.700  -8.458 0.7777777910
161466  -19.922  -3.294  -9.412 0.8888888955
91517  -22.528  -3.470  -10.468 1.0000000000
92471  -21.275  -2.614  -10.094 1.0000000000
92477  -22.123  -2.580  -10.506 1.0000000000
92479  -23.858  -2.482  -10.490 1.0000000000
93406  -24.325  -1.700  -9.911 0.8888888955
164391  -24.435  -1.785  -9.241 0.7777777910
92443  -26.650  -2.229  -6.058 0.5555555820
93379  -25.110  -1.289  -7.387 0.7777777910
93367  -25.722  -1.261  -6.663 0.6666666865
93363  -17.710  -1.326  -6.720 0.6666666865
151454  -17.567  -1.405  -6.457 0.6666666865
93377  -18.508  -1.637  -8.062 0.7777777910
152634  -18.417  -0.769  -7.699 0.7777777910
93386  -18.941  -1.615  -8.885 0.8888888955
93396  -20.751  -1.756  -9.692 0.8888888955
155881  -20.086  -1.403  -9.425 1.0000000000
152881  -21.283  -0.904  -10.076 1.0000000000
93404  -23.268  -1.287  -10.532 1.0000000000
93403  -22.621  -1.833  -10.672 0.8888888955
94250  -23.901  -0.493  -9.480 0.8888888955
94239  -24.801  -0.462  -7.751 0.8888888955
93378  -24.563  -1.386  -8.373 0.7777777910
145708  -23.819  0.086  -8.864 0.8888888955
160704  -24.247  -0.497  -8.619 0.7777777910
95129  -25.182  0.361  -7.176 0.7777777910
153811  -26.035  -0.537  -6.152 0.7777777910
152884  -26.551  -0.226  -5.369 0.6666666865
93362  -17.608  -0.699  -6.595 0.6666666865
93342  -16.581  -1.652  -5.097 0.5555555820
151854  -17.815  -0.649  -6.928 0.7777777910
93395  -18.863  -0.530  -8.608 0.8888888955
94258  -19.835  -0.097  -9.205 1.0000000000
150953  -20.397  -0.866  -9.517 1.0000000000
95166  -23.154  0.172  -10.215 1.0000000000
94265  -23.181  -0.539  -10.406 0.8888888955
96093  -25.624  1.054  -6.429 0.7777777910
96071  -26.392  1.233  -5.741 0.6666666865
96072  -26.984  1.369  -5.044 0.5555555820
95098  -27.502  0.652  -4.641 0.5555555820
94218  -17.621  -0.175  -6.517 0.7777777910
152736  -17.544  -0.205  -6.362 0.6666666865
94238  -18.454  -0.152  -7.630 0.8888888955
95154  -20.234  0.687  -9.345 1.0000000000
95155  -21.173  0.701  -10.000 1.0000000000
95157  -23.089  1.136  -9.523 0.8888888955
94249  -23.459  0.274  -9.677 0.8888888955
163184  -23.994  1.369  -8.395 0.8888888955
95144  -24.455  0.586  -8.119 0.8888888955
97026  -25.289  2.006  -6.662 0.7777777910
97001  -26.417  2.748  -5.811 0.7777777910
152322  -26.060  1.973  -6.117 0.7777777910
156605  -27.274  2.050  -5.017 0.5555555820
97925  -26.154  3.495  -6.094 0.7777777910
97904  -27.574  3.408  -5.036 0.5555555820
97003  -27.934  2.508  -4.739 0.5555555820
97903  -26.807  3.481  -5.556 0.6666666865
95048  -16.716  1.686  -4.090 0.4444444478
95090  -17.729  0.287  -6.566 0.5555555820
145149  -18.463  0.837  -7.623 0.7777777910
95153  -19.267  0.637  -8.725 1.0000000000
95142  -18.856  0.770  -8.203 0.8888888955
96143  -20.750  1.434  -9.624 1.0000000000
96144  -22.081  1.480  -10.294 0.8888888955
96146  -22.794  1.996  -9.595 0.8888888955
96126  -23.353  1.666  -8.885 0.8888888955
158554  -23.825  2.157  -8.297 0.8888888955
152254  -24.751  2.068  -7.220 0.8888888955
152632  -28.116  4.078  -4.925 0.5555555820
97952  -19.821  2.655  -8.512 0.6666666865
97046  -18.795  1.468  -8.010 0.6666666865
97966  -20.982  2.815  -9.242 0.7777777910
97062  -22.045  2.809  -9.995 0.8888888955
149382  -21.685  3.066  -9.665 0.7777777910
97955  -23.434  3.728  -8.796 0.7777777910
97049  -23.250  2.738  -9.029 0.8888888955
98806  -24.261  4.313  -7.878 0.7777777910
153126  -23.834  3.073  -8.270 0.8888888955
97941  -25.011  3.926  -7.311 0.7777777910
158485  -25.972  4.117  -6.365 0.6666666865
99653  -25.754  5.347  -7.083 0.6666666865
99640  -26.483  5.482  -6.466 0.6666666865
98790  -26.803  4.898  -5.954 0.6666666865
98777  -26.501  4.190  -5.931 0.5555555820
151053  -27.201  6.920  -6.227 0.6666666865
100484  -27.453  6.307  -5.766 0.5555555820
100472  -28.142  6.367  -5.156 0.5555555820
98779  -27.871  4.889  -5.046 0.4444444478
100485  -28.783  7.027  -5.170 0.5555555820
141792  -20.917  5.011  -7.517 0.3333333433
98805  -20.535  4.407  -7.837 0.3333333433
98834  -21.523  4.596  -9.259 0.5555555820
97954  -21.126  4.130  -9.016 0.6666666865
99681  -21.854  5.193  -9.258 0.5555555820
98835  -21.934  4.548  -9.510 0.7777777910
98822  -23.162  4.451  -9.232 0.7777777910
153137  -24.241  6.092  -8.061 0.6666666865
98823  -23.739  4.546  -8.711 0.6666666865
99667  -24.191  5.222  -8.299 0.6666666865
99652  -24.919  5.641  -7.617 0.6666666865
100492  -26.214  6.141  -6.939 0.6666666865
101380  -26.891  7.565  -6.563 0.6666666865
101381  -27.517  7.543  -6.228 0.6666666865
101370  -28.769  7.756  -5.658 0.5555555820
102345  -29.428  8.310  -5.555 0.5555555820
102344  -28.643  8.570  -5.892 0.6666666865
99651  -21.691  5.847  -8.377 0.4444444478
99664  -21.809  5.632  -8.759 0.4444444478
100509  -22.046  6.268  -8.302 0.5555555820
99665  -22.391  5.837  -8.833 0.5555555820
158317  -22.982  5.713  -9.029 0.6666666865
153053  -23.546  5.890  -8.614 0.6666666865
100491  -25.533  6.174  -7.371 0.6666666865
100503  -26.010  6.821  -7.371 0.6666666865
101392  -26.301  7.537  -7.155 0.6666666865
151218  -28.497  9.391  -6.162 0.6666666865
103303  -29.016  9.892  -5.893 0.5555555820
103290  -29.230  9.170  -5.708 0.6666666865
100501  -22.245  6.976  -7.716 0.4444444478
101398  -23.979  7.328  -8.132 0.6666666865
100512  -23.608  6.758  -8.396 0.6666666865
101390  -24.652  7.484  -7.704 0.6666666865
160493  -24.851  6.288  -7.656 0.6666666865
100502  -24.386  6.795  -7.868 0.6666666865
103301  -27.187  8.897  -6.902 0.6666666865
161762  -22.704  -11.049  -9.948 0.8888888955
84151  -20.884  -10.827  -8.781 1.0000000000
85960  -22.173  -9.179  -10.005 1.0000000000
86858  -24.292  -8.535  -10.401 1.0000000000
92425  -16.657  -2.573  -5.089 0.5555555820
93398  -24.124  -1.027  -10.051 0.8888888955
94201  -16.567  -0.726  -5.082 0.5555555820
151543  -17.510  1.553  -5.385 0.5555555820
94237  -18.058  -0.115  -7.129 0.7777777910
96971  -17.410  1.904  -4.570 0.2222222239
98778  -27.265  4.285  -5.408 0.6666666865
97969  -22.868  3.617  -9.321 0.7777777910
99636  -28.375  5.585  -4.805 0.4444444478
100511  -22.982  6.394  -8.732 0.6666666865
101397  -23.538  7.523  -8.339 0.6666666865
93325  -16.170  -2.233  -4.213 0.4444444478
94185  -15.743  -0.901  -4.224 0.4444444478
103291  -29.890  9.870  -5.703 0.5555555820
102346  -30.036  8.941  -5.351 0.5555555820
99639  -21.402  5.402  -6.825 0.2222222239
136350  -30.138  10.923  -5.633 0.5555555820
79469  -23.412  -16.075  -9.866 0.5555555820
80356  -23.695  -15.320  -10.279 0.5555555820
81347  -23.253  -14.586  -10.156 0.6666666865
82352  -23.915  -13.599  -10.433 0.5555555820
82353  -24.536  -13.503  -10.498 0.5555555820
84166  -25.534  -11.765  -10.253 0.7777777910
85091  -25.786  -11.034  -10.123 0.8888888955
79468  -22.644  -16.160  -9.370 0.5555555820
83289  -24.125  -12.946  -10.416 0.6666666865
83290  -24.721  -12.736  -10.449 0.6666666865
84165  -24.858  -11.761  -10.437 0.8888888955
85078  -25.662  -10.280  -10.125 0.7777777910
85953  -25.817  -9.694  -9.611 0.7777777910
144036  -25.295  -8.848  -9.934 0.8888888955
80341  -21.595  -15.379  -8.538 0.4444444478
82328  -20.690  -13.152  -7.806 0.5555555820
139406  -25.094  -8.024  -9.845 1.0000000000
84127  -19.907  -11.453  -7.751 0.2222222239
146201  -20.379  -10.675  -8.452 0.6666666865
88695  -25.400  -6.573  -9.294 0.8888888955
162064  -25.445  -6.008  -9.109 0.6666666865
90554  -25.631  -4.826  -8.162 0.7777777910
85941  -19.425  -9.691  -8.027 0.5555555820
90555  -25.912  -4.237  -7.433 0.6666666865
87754  -18.268  -7.927  -7.329 0.4444444478
155295  -26.334  -3.936  -6.739 0.5555555820
92433  -27.284  -2.176  -5.465 0.5555555820
89592  -17.726  -5.067  -6.263 0.2222222239
93350  -26.952  -1.523  -5.588 0.5555555820
92409  -16.339  -2.831  -4.104 0.4444444478
152739  -26.975  -0.025  -4.760 0.5555555820
153669  -13.334  -1.771  -2.206 0.3333333433
163734  -28.267  0.274  -4.407 0.5555555820
152110  -15.986  0.948  -3.876 0.4444444478
96043  -28.668  1.816  -4.463 0.4444444478
96023  -16.160  1.915  -3.134 0.3333333433
97891  -29.284  3.317  -4.506 0.5555555820
98767  -28.769  4.700  -4.657 0.4444444478
97939  -20.520  3.566  -7.549 0.3333333433
97938  -19.995  3.176  -7.600 0.3333333433
97937  -19.409  2.311  -8.206 0.4444444478
100473  -29.474  6.872  -4.850 0.4444444478
101372  -30.233  8.032  -5.237 0.4444444478
136268  -30.681  10.206  -5.588 0.2222222239
100500  -21.914  6.581  -7.753 0.3333333433
100510  -22.660  6.791  -8.350 0.6666666865
102367  -24.949  8.219  -7.584 0.6666666865
102368  -25.950  8.208  -7.439 0.6666666865
150092  -26.361  8.943  -7.405 0.6666666865
103317  -26.851  9.667  -7.276 0.6666666865
104174  -27.409  10.449  -7.169 0.6666666865
103302  -27.772  9.574  -6.783 0.6666666865
144258  -28.426  10.314  -6.491 0.6666666865
103304  -29.246  10.609  -5.936 0.4444444478
102378  -23.615  8.200  -8.306 0.5555555820
147930  -22.357  -13.401  -9.367 0.6666666865
81346  -22.502  -14.764  -9.469 0.5555555820
81352  -23.756  -14.145  -10.424 0.6666666865
83277  -22.705  -12.796  -9.649 0.7777777910
83278  -23.463  -12.979  -10.124 0.7777777910
84163  -23.310  -11.592  -10.185 0.8888888955
151380  -22.284  -9.972  -10.100 1.0000000000
85077  -22.026  -10.592  -9.712 1.0000000000
141145  -24.712  -9.904  -10.579 1.0000000000
85089  -24.728  -10.765  -10.539 0.8888888955
149205  -25.237  -11.141  -10.410 0.8888888955
80355  -22.965  -15.380  -9.777 0.5555555820
80354  -22.232  -15.468  -9.147 0.4444444478
81334  -21.390  -14.589  -8.386 0.4444444478
82329  -21.230  -13.678  -8.271 0.5555555820
159906  -21.024  -12.881  -8.239 0.6666666865
143998  -21.608  -13.123  -8.722 0.6666666865
84142  -21.334  -11.592  -8.923 0.8888888955
83268  -21.135  -12.249  -8.571 0.5555555820
84152  -21.614  -11.056  -9.250 0.8888888955
142510  -24.082  -11.185  -10.477 0.8888888955
85088  -24.014  -10.210  -10.596 1.0000000000
85963  -24.760  -9.099  -10.432 1.0000000000
85961  -23.116  -9.679  -10.388 1.0000000000
146614  -23.067  -8.928  -10.348 1.0000000000
87792  -24.279  -7.749  -10.279 1.0000000000
84128  -20.179  -11.651  -8.022 0.5555555820
83267  -20.559  -12.274  -8.105 0.6666666865
85076  -21.185  -10.360  -9.068 1.0000000000
85066  -20.113  -10.329  -8.339 0.8888888955
153855  -20.345  -9.978  -8.544 0.8888888955
152440  -20.800  -9.860  -8.858 1.0000000000
153756  -19.866  -9.510  -8.326 0.8888888955
86839  -20.119  -8.908  -8.595 1.0000000000
85959  -21.418  -9.070  -9.516 1.0000000000
86851  -21.103  -8.624  -9.402 1.0000000000
86857  -23.504  -8.218  -10.316 1.0000000000
87784  -20.863  -7.996  -9.410 1.0000000000
88693  -20.906  -7.105  -9.422 1.0000000000
87791  -23.578  -7.232  -10.192 1.0000000000
87786  -25.284  -7.356  -9.590 0.8888888955
88702  -24.420  -6.782  -10.230 1.0000000000
150326  -22.360  -6.252  -10.167 1.0000000000
141769  -21.575  -6.485  -9.770 1.0000000000
148986  -23.076  -6.092  -10.361 1.0000000000
152703  -24.784  -5.991  -10.144 1.0000000000
89622  -25.208  -5.844  -9.647 0.8888888955
89615  -25.466  -5.399  -8.910 0.7777777910
87762  -18.897  -7.511  -7.887 0.5555555820
86838  -19.566  -9.082  -8.161 0.6666666865
86824  -19.019  -8.541  -7.834 0.5555555820
145912  -20.561  -6.477  -9.251 1.0000000000
88684  -19.487  -6.935  -8.440 0.8888888955
164361  -21.633  -4.893  -10.154 1.0000000000
90571  -22.439  -4.605  -10.438 1.0000000000
147977  -23.210  -3.990  -10.553 1.0000000000
145832  -23.946  -3.953  -10.648 1.0000000000
162932  -24.994  -3.707  -9.344 0.8888888955
91507  -25.201  -3.621  -8.621 0.7777777910
91499  -25.522  -3.506  -7.827 0.6666666865
88661  -17.668  -6.396  -6.578 0.5555555820
88671  -18.220  -6.922  -7.192 0.5555555820
89593  -17.794  -5.409  -6.442 0.6666666865
89612  -18.778  -5.477  -7.804 0.6666666865
88683  -18.805  -6.455  -7.799 0.7777777910
143563  -19.293  -6.040  -8.286 0.7777777910
90559  -18.792  -4.583  -8.050 0.7777777910
92453  -17.974  -2.738  -7.120 0.6666666865
91498  -18.314  -3.208  -7.730 0.8888888955
91505  -18.757  -3.710  -8.296 0.8888888955
89614  -19.992  -6.107  -8.809 0.8888888955
89619  -19.933  -5.143  -8.943 1.0000000000
91512  -20.313  -3.758  -9.558 0.8888888955
91513  -21.044  -3.520  -9.890 1.0000000000
92478  -23.046  -2.584  -10.596 1.0000000000
92472  -24.530  -2.415  -9.609 0.8888888955
92465  -24.636  -2.312  -8.678 0.8888888955
92466  -24.966  -2.939  -8.178 0.7777777910
92455  -25.492  -2.767  -7.423 0.7777777910
92442  -25.489  -2.002  -7.029 0.6666666865
91488  -26.629  -3.260  -6.309 0.5555555820
162380  -26.050  -1.883  -6.511 0.6666666865
158785  -17.688  -3.176  -6.535 0.5555555820
91471  -16.764  -3.431  -4.804 0.3333333433
90541  -17.822  -4.364  -6.290 0.3333333433
90542  -17.851  -4.321  -6.412 0.4444444478
90543  -18.269  -4.749  -7.136 0.6666666865
93376  -18.107  -1.645  -7.252 0.6666666865
92454  -18.314  -2.388  -7.719 0.7777777910
92464  -19.474  -2.805  -9.130 0.8888888955
91516  -21.695  -3.250  -10.294 1.0000000000
93397  -21.696  -1.759  -10.458 1.0000000000
93399  -24.245  -1.157  -9.360 0.7777777910
94223  -25.451  -0.491  -6.960 0.7777777910
94207  -26.604  -0.907  -5.670 0.5555555820
160206  -18.638  -0.846  -8.318 0.8888888955
152738  -22.300  -0.902  -10.549 1.0000000000
95115  -25.664  0.153  -6.515 0.7777777910
95116  -26.124  0.373  -5.881 0.6666666865
93324  -15.393  -1.896  -3.527 0.4444444478
94257  -19.191  -0.104  -8.725 0.8888888955
94263  -21.658  -0.054  -10.323 1.0000000000
163892  -23.034  0.771  -10.024 0.8888888955
96108  -24.917  1.290  -7.176 0.7777777910
96073  -27.780  1.576  -4.663 0.5555555820
95070  -16.285  0.143  -4.706 0.5555555820
95111  -17.998  0.237  -6.981 0.6666666865
149668  -18.896  0.265  -8.243 0.8888888955
95165  -22.562  0.778  -10.230 1.0000000000
95143  -23.595  0.803  -8.837 0.8888888955
97027  -25.763  2.788  -6.407 0.8888888955
97002  -27.078  2.716  -5.231 0.6666666865
97038  -25.081  2.904  -7.144 0.8888888955
97905  -28.427  3.309  -4.691 0.5555555820
96064  -17.129  1.253  -4.983 0.5555555820
152372  -17.960  0.643  -6.874 0.5555555820
96125  -19.019  0.933  -8.663 1.0000000000
97059  -19.359  1.812  -8.780 0.7777777910
96107  -18.488  1.116  -7.654 0.7777777910
96145  -22.271  2.175  -10.154 0.8888888955
97061  -21.512  2.195  -9.966 0.7777777910
152737  -28.832  3.906  -4.654 0.5555555820
97936  -18.821  1.906  -7.782 0.5555555820
97037  -19.031  1.987  -8.064 0.5555555820
97047  -19.174  1.982  -8.497 0.6666666865
97967  -21.405  3.809  -9.366 0.6666666865
96091  -17.994  1.261  -6.888 0.7777777910
97022  -18.247  1.159  -7.236 0.6666666865
97968  -22.119  3.617  -9.652 0.7777777910
97060  -20.322  2.065  -9.252 0.7777777910
97956  -23.783  3.855  -8.119 0.7777777910
98807  -24.995  4.826  -7.539 0.6666666865
98789  -25.589  4.442  -6.901 0.6666666865
100493  -26.816  6.207  -6.335 0.6666666865
99641  -27.080  5.580  -5.907 0.5555555820
146908  -27.353  5.036  -5.573 0.5555555820
101371  -29.531  7.538  -5.262 0.4444444478
99624  -29.254  5.488  -4.590 0.4444444478
98819  -20.675  3.633  -8.655 0.4444444478
98820  -21.428  4.894  -8.922 0.5555555820
98821  -22.605  5.130  -9.429 0.6666666865
99666  -23.446  5.182  -9.084 0.7777777910
102354  -27.345  8.174  -6.474 0.6666666865
152178  -23.108  7.087  -8.563 0.6666666865
102353  -26.674  8.233  -6.988 0.6666666865
95069  -15.489  -0.106  -4.011 0.4444444478
96994  -17.853  2.051  -5.236 0.3333333433
92408  -15.742  -2.500  -3.518 0.4444444478
94164  -14.792  -1.105  -3.187 0.4444444478
103281  -30.760  9.503  -5.332 0.3333333433
135886  -30.110  11.908  -5.738 0.3333333433
84167  -26.104  -11.780  -10.006 0.6666666865
79467  -21.866  -16.218  -8.679 0.4444444478
86840  -25.468  -8.150  -9.273 0.7777777910
150471  -21.373  -15.854  -8.181 0.3333333433
89605  -25.688  -5.565  -8.101 0.6666666865
85942  -19.844  -9.969  -8.272 0.7777777910
88650  -17.539  -5.962  -6.315 0.3333333433
88651  -17.060  -6.101  -5.346 0.1111111119
145342  -17.048  -4.080  -5.097 0.1111111119
93313  -14.232  -2.031  -2.612 0.4444444478
94163  -13.994  -0.488  -2.455 0.3333333433
95047  -15.129  0.176  -3.178 0.3333333433
137576  -28.780  11.105  -6.403 0.6666666865
136126  -29.395  11.478  -6.016 0.4444444478
80363  -28.682  -15.809  -10.878 0.4444444478
136558  -28.687  -15.998  -8.675 0.2222222239
78570  -24.463  -16.840  -10.328 0.4444444478
78571  -25.353  -17.002  -10.536 0.4444444478
80360  -24.439  -15.356  -10.553 0.4444444478
143968  -25.247  -15.438  -10.724 0.4444444478
80362  -27.450  -15.705  -10.695 0.4444444478
81355  -28.123  -15.090  -10.804 0.4444444478
155344  -29.575  -14.783  -9.919 0.2222222239
81354  -25.020  -14.125  -10.553 0.4444444478
142136  -25.966  -14.178  -10.434 0.4444444478
154128  -26.976  -14.510  -10.511 0.4444444478
82343  -29.540  -14.001  -9.386 0.1111111119
82330  -29.843  -13.632  -8.652 0.1111111119
158202  -26.649  -13.901  -10.325 0.4444444478
82341  -28.208  -13.777  -10.151 0.3333333433
82354  -25.223  -13.392  -10.443 0.4444444478
83280  -27.763  -12.811  -9.641 0.3333333433
83271  -29.451  -13.168  -8.911 0.2222222239
155576  -26.960  -13.261  -10.088 0.4444444478
137537  -25.981  -13.291  -10.269 0.4444444478
84144  -28.203  -11.741  -8.335 0.2222222239
84145  -28.979  -12.123  -8.468 0.1111111119
85054  -29.511  -10.872  -7.936 0.1111111119
83269  -27.479  -12.028  -9.101 0.3333333433
84143  -27.387  -11.414  -8.700 0.3333333433
85079  -26.152  -10.559  -9.593 0.4444444478
85943  -26.418  -10.120  -8.940 0.5555555820
148470  -26.353  -9.382  -8.649 0.6666666865
85929  -28.075  -9.491  -7.494 0.4444444478
86852  -25.767  -8.906  -9.185 0.6666666865
87766  -28.422  -8.113  -6.845 0.3333333433
86841  -26.044  -8.405  -8.303 0.6666666865
87764  -26.547  -7.227  -7.244 0.5555555820
87776  -25.621  -7.312  -8.619 0.6666666865
87763  -25.874  -6.803  -7.738 0.5555555820
88674  -27.206  -6.855  -6.690 0.5555555820
87765  -27.428  -7.720  -6.903 0.4444444478
88662  -27.078  -6.122  -6.513 0.3333333433
144402  -26.916  -4.918  -6.215 0.4444444478
90545  -26.829  -4.193  -6.205 0.5555555820
89595  -26.624  -5.483  -6.590 0.4444444478
91476  -27.339  -3.729  -5.711 0.4444444478
143635  -25.390  8.933  -7.668 0.5555555820
136162  -26.532  10.263  -7.630 0.5555555820
145283  -27.849  11.960  -7.041 0.5555555820
78573  -26.983  -17.062  -10.523 0.4444444478
80342  -29.109  -15.481  -9.714 0.2222222239
151694  -24.018  -14.683  -10.507 0.4444444478
139518  -28.847  -13.301  -9.472 0.2222222239
84146  -29.885  -12.085  -8.645 0.1111111119
85068  -27.943  -10.923  -8.248 0.4444444478
85053  -28.569  -10.486  -7.675 0.3333333433
85067  -26.913  -10.769  -8.814 0.4444444478
86842  -26.964  -9.066  -7.708 0.4444444478
89596  -27.531  -5.534  -6.172 0.3333333433
93351  -27.596  -1.691  -4.965 0.4444444478
154703  -25.899  10.559  -8.315 0.5555555820
135984  -25.291  10.271  -8.663 0.5555555820
81353  -24.313  -14.126  -10.539 0.4444444478
86827  -28.768  -8.928  -7.328 0.2222222239
136315  -28.111  11.173  -6.874 0.5555555820
77525  -26.138  -18.356  -9.970 0.4444444478
78551  -26.730  -17.766  -10.278 0.4444444478
161516  -27.395  -17.769  -9.454 0.4444444478
139930  -28.200  -16.829  -8.735 0.2222222239
79440  -28.421  -16.493  -7.716 0.2222222239
79428  -28.717  -16.351  -6.945 0.1111111119
78569  -23.752  -16.831  -9.990 0.4444444478
77538  -25.358  -17.955  -10.192 0.4444444478
81336  -29.756  -14.879  -9.346 0.1111111119
81321  -29.717  -14.239  -8.201 0.1111111119
80323  -28.928  -15.741  -7.612 0.1111111119
139635  -30.194  -13.057  -8.146 0.1111111119
84147  -30.578  -11.341  -9.291 0.1111111119
85055  -30.202  -10.415  -9.789 0.1111111119
85931  -29.867  -9.769  -8.306 0.1111111119
86828  -29.703  -8.958  -7.741 0.2222222239
87755  -28.219  -7.297  -6.494 0.1111111119
88663  -27.949  -6.419  -6.324 0.2222222239
89584  -28.281  -5.251  -5.830 0.2222222239
90529  -27.594  -4.642  -5.766 0.3333333433
91475  -27.257  -2.888  -5.621 0.4444444478
92434  -27.900  -2.664  -4.858 0.3333333433
93352  -28.386  -1.956  -4.359 0.3333333433
94208  -27.157  -0.815  -5.007 0.4444444478
151611  -27.935  -1.067  -4.338 0.3333333433
97919  -18.505  1.512  -7.450 0.4444444478
96977  -28.915  2.598  -4.511 0.4444444478
101353  -30.308  7.165  -4.768 0.3333333433
101396  -23.103  7.632  -8.207 0.4444444478
135881  -28.765  11.905  -6.652 0.5555555820
103315  -24.506  8.883  -8.151 0.5555555820
103330  -24.973  9.916  -8.541 0.5555555820
136858  -26.638  10.810  -7.667 0.5555555820
135883  -26.895  12.142  -7.656 0.5555555820
156266  -27.634  12.632  -7.108 0.5555555820
103329  -24.302  9.593  -8.630 0.5555555820
79481  -24.110  -16.063  -10.309 0.4444444478
79482  -24.874  -16.122  -10.622 0.4444444478
83291  -25.363  -12.553  -10.340 0.5555555820
83292  -26.053  -12.486  -10.117 0.5555555820
88672  -25.849  -6.048  -7.701 0.5555555820
89606  -25.992  -5.306  -7.339 0.5555555820
90544  -26.384  -4.682  -6.704 0.4444444478
146211  -27.708  -0.234  -4.565 0.4444444478
101354  -30.998  7.850  -4.723 0.3333333433
149468  -24.742  -14.732  -10.636 0.4444444478
84154  -26.600  -11.419  -9.483 0.3333333433
83279  -26.748  -12.319  -9.714 0.3333333433
79485  -27.740  -16.334  -10.563 0.4444444478
80357  -29.280  -15.788  -10.974 0.4444444478
79454  -28.494  -16.164  -9.791 0.3333333433
78553  -27.727  -16.861  -10.335 0.4444444478
80343  -29.210  -15.372  -8.662 0.1111111119
79483  -25.753  -16.176  -10.717 0.4444444478
78572  -26.163  -17.543  -10.469 0.4444444478
138941  -26.205  -16.816  -10.638 0.4444444478
145872  -25.606  -14.841  -10.679 0.4444444478
79484  -26.733  -16.258  -10.628 0.4444444478
80361  -26.232  -15.563  -10.721 0.4444444478
146469  -26.713  -15.028  -10.654 0.4444444478
81356  -29.296  -15.390  -11.067 0.4444444478
158213  -29.476  -15.023  -10.770 0.4444444478
82355  -27.640  -14.217  -10.456 0.4444444478
81335  -29.538  -15.204  -10.620 0.2222222239
82342  -29.098  -14.346  -10.124 0.4444444478
148827  -29.872  -14.360  -9.184 0.1111111119
82331  -29.830  -12.907  -8.535 0.1111111119
160492  -30.011  -13.634  -7.930 0.1111111119
83270  -28.424  -12.401  -9.009 0.3333333433
147170  -29.138  -12.645  -8.890 0.2222222239
85069  -28.821  -11.404  -7.797 0.1111111119
143019  -29.506  -11.672  -8.407 0.1111111119
85070  -30.300  -11.205  -9.308 0.1111111119
85944  -27.319  -10.045  -8.152 0.4444444478
86826  -27.689  -8.588  -7.208 0.3333333433
85930  -29.004  -9.851  -7.571 0.3333333433
87756  -29.160  -7.655  -6.686 0.1111111119
86825  -26.747  -8.112  -7.471 0.4444444478
87777  -26.050  -7.590  -7.806 0.5555555820
88673  -26.373  -6.271  -7.066 0.5555555820
154848  -25.789  9.771  -7.936 0.5555555820
103316  -24.959  9.449  -8.123 0.5555555820
135882  -27.205  11.321  -7.395 0.5555555820
78552  -27.321  -17.496  -10.098 0.4444444478
154711  -25.222  10.698  -9.277 0.5555555820
162077  -29.320  -9.359  -7.620 0.2222222239
78534  -27.618  -17.655  -8.574 0.4444444478
78515  -27.959  -17.212  -7.676 0.2222222239
78535  -27.962  -17.097  -9.760 0.4444444478
78550  -24.070  -17.544  -9.981 0.4444444478
78549  -23.406  -17.586  -9.652 0.4444444478
80324  -29.336  -14.961  -7.986 0.1111111119
71809  -25.742  -24.679  -4.898 0.1111111119
72799  -24.027  -23.551  -8.118 0.3333333433
72785  -24.948  -23.667  -6.561 0.2222222239
72774  -25.399  -24.041  -5.584 0.2222222239
72759  -26.202  -23.880  -5.031 0.1111111119
155813  -26.589  -23.231  -5.065 0.1111111119
163653  -21.994  -21.524  -8.210 0.3333333433
73701  -22.456  -22.186  -8.210 0.3333333433
73702  -23.076  -23.074  -8.171 0.3333333433
73720  -24.802  -22.196  -8.459 0.3333333433
73704  -25.230  -22.367  -7.836 0.3333333433
73687  -25.445  -22.757  -6.799 0.2222222239
74596  -25.891  -22.004  -7.084 0.2222222239
73673  -25.839  -23.149  -5.742 0.2222222239
73674  -26.625  -22.580  -5.380 0.1111111119
73688  -26.194  -22.309  -6.188 0.2222222239
76480  -21.686  -20.063  -7.965 0.2222222239
74630  -22.078  -20.850  -8.453 0.2222222239
73717  -22.749  -21.498  -8.515 0.3333333433
73718  -23.369  -22.213  -8.458 0.3333333433
73719  -24.175  -22.226  -8.627 0.3333333433
74597  -26.499  -21.528  -6.478 0.1111111119
77507  -21.844  -18.444  -8.258 0.2222222239
140987  -22.351  -20.085  -8.780 0.3333333433
77508  -22.401  -18.497  -8.948 0.3333333433
76496  -23.040  -20.136  -9.154 0.3333333433
77521  -23.070  -18.386  -9.452 0.3333333433
75522  -23.633  -19.808  -9.406 0.3333333433
75503  -23.658  -20.579  -9.184 0.3333333433
75523  -24.234  -20.251  -9.378 0.3333333433
159446  -25.493  -20.526  -8.847 0.3333333433
75524  -24.956  -20.309  -9.329 0.3333333433
75506  -26.079  -20.228  -8.468 0.3333333433
75490  -26.389  -20.485  -7.636 0.3333333433
75476  -26.680  -20.691  -6.738 0.1111111119
75491  -27.056  -20.010  -7.202 0.2222222239
78532  -21.629  -17.612  -7.885 0.2222222239
78533  -22.133  -17.714  -8.634 0.2222222239
155688  -23.721  -18.158  -9.697 0.3333333433
76509  -24.495  -19.453  -9.536 0.3333333433
77524  -25.261  -18.804  -9.714 0.3333333433
76511  -25.852  -19.168  -9.401 0.3333333433
76481  -26.741  -19.796  -8.053 0.3333333433
76482  -27.256  -19.264  -7.589 0.1111111119
79439  -21.463  -16.656  -7.932 0.3333333433
158762  -21.915  -17.017  -8.377 0.3333333433
143716  -23.069  -16.878  -9.527 0.3333333433
77523  -24.464  -18.336  -9.824 0.3333333433
77509  -26.550  -18.774  -9.226 0.3333333433
77526  -26.920  -18.139  -9.734 0.3333333433
77510  -27.151  -18.337  -8.913 0.3333333433
141368  -28.072  -4.025  -5.266 0.2222222239
146204  -28.454  -3.441  -4.854 0.2222222239
95099  -28.449  0.989  -4.302 0.3333333433
95075  -29.044  0.339  -3.953 0.2222222239
72800  -24.751  -23.168  -7.530 0.3333333433
74582  -26.859  -21.880  -5.697 0.1111111119
76494  -22.034  -19.274  -8.567 0.3333333433
75502  -22.913  -20.776  -8.847 0.3333333433
74632  -24.611  -21.642  -8.814 0.3333333433
75505  -25.092  -21.081  -8.922 0.3333333433
74615  -25.654  -21.682  -7.790 0.3333333433
74616  -26.102  -21.189  -7.275 0.3333333433
76495  -22.825  -19.328  -9.206 0.3333333433
78548  -22.720  -17.689  -9.250 0.3333333433
77493  -27.310  -18.447  -7.982 0.3333333433
70797  -25.099  -25.191  -5.103 0.1111111119
139434  -26.334  -25.174  -4.539 0.1111111119
72797  -22.375  -23.653  -7.758 0.3333333433
72798  -23.239  -24.014  -7.848 0.3333333433
71847  -23.822  -24.267  -7.592 0.3333333433
71834  -24.298  -24.391  -6.880 0.3333333433
71835  -24.735  -24.442  -5.998 0.3333333433
70782  -27.083  -25.287  -4.322 0.1111111119
72760  -27.045  -23.753  -4.578 0.1111111119
163151  -27.184  -22.218  -5.111 0.1111111119
148458  -21.590  -19.094  -7.732 0.2222222239
74598  -27.205  -21.041  -5.898 0.1111111119
75477  -27.401  -20.228  -6.370 0.1111111119
76467  -27.579  -19.480  -6.741 0.1111111119
78514  -27.638  -17.889  -7.567 0.1111111119
150687  -29.445  2.000  -4.401 0.2222222239
96045  -30.238  1.792  -4.271 0.2222222239
80340  -21.121  -15.168  -8.031 0.2222222239
85065  -19.758  -10.353  -8.087 0.5555555820
81333  -20.907  -14.170  -7.727 0.3333333433
79453  -22.428  -16.936  -8.950 0.4444444478
94190  -29.513  -0.460  -3.963 0.2222222239
71810  -26.657  -24.535  -4.547 0.1111111119
159552  -25.087  -24.632  -5.366 0.1111111119
155642  -23.872  -22.838  -8.448 0.3333333433
156641  -24.361  -23.844  -7.437 0.3333333433
75488  -21.487  -21.062  -7.655 0.2222222239
74614  -21.623  -21.969  -7.792 0.2222222239
73700  -21.994  -22.810  -7.881 0.3333333433
73703  -24.485  -22.759  -8.242 0.3333333433
74633  -25.229  -21.714  -8.403 0.3333333433
74631  -23.711  -21.430  -8.840 0.3333333433
77492  -21.537  -18.351  -7.539 0.2222222239
77522  -23.679  -18.924  -9.537 0.3333333433
75504  -24.399  -20.926  -9.171 0.3333333433
76497  -25.657  -19.915  -9.108 0.3333333433
75489  -25.697  -20.981  -8.187 0.3333333433
76510  -25.244  -19.562  -9.442 0.3333333433
76498  -26.312  -19.506  -8.799 0.3333333433
76499  -26.904  -19.031  -8.420 0.3333333433
70780  -25.115  -25.993  -4.994 0.1111111119
151362  -21.826  -24.046  -7.516 0.2222222239
71846  -23.194  -24.730  -7.555 0.3333333433
71833  -23.641  -24.871  -7.100 0.3333333433
74613  -20.960  -21.722  -7.180 0.2222222239
92414  -28.870  -2.845  -4.408 0.1111111119
91468  -29.400  -3.476  -4.898 0.1111111119
164303  -30.510  -2.847  -5.409 0.1111111119
92415  -29.931  -2.884  -4.750 0.1111111119
93330  -30.119  -1.338  -4.285 0.1111111119
93331  -31.169  -1.314  -4.988 0.1111111119
94191  -30.556  -0.497  -4.347 0.1111111119
95076  -30.028  0.326  -3.874 0.1111111119
95077  -30.993  0.301  -4.436 0.1111111119
151536  -30.053  4.681  -4.295 0.2222222239
150032  -30.497  1.006  -4.145 0.1111111119
160959  -31.072  0.902  -4.418 0.1111111119
100475  -31.678  6.140  -4.393 0.1111111119
161180  -30.776  6.471  -4.463 0.2222222239
102333  -31.552  8.399  -4.665 0.1111111119
150865  -32.064  6.917  -4.365 0.1111111119
102366  -24.087  8.062  -8.212 0.4444444478
102332  -30.855  8.680  -4.961 0.1111111119
103313  -23.106  8.834  -7.712 0.4444444478
140589  -23.959  8.831  -8.557 0.4444444478
103292  -32.268  10.088  -4.918 0.1111111119
135880  -26.165  11.326  -8.169 0.4444444478
135884  -29.473  12.364  -6.198 0.3333333433
135887  -30.871  11.512  -5.617 0.1111111119
135889  -31.895  10.746  -5.379 0.1111111119
136020  -32.222  11.544  -5.348 0.1111111119
161534  -25.668  10.942  -8.818 0.4444444478
104963  -25.456  11.290  -9.343 0.4444444478
105716  -25.213  11.871  -9.955 0.4444444478
105717  -25.950  11.967  -8.802 0.4444444478
106435  -26.485  13.336  -8.165 0.4444444478
106436  -27.129  13.034  -7.505 0.4444444478
107169  -28.299  14.069  -6.759 0.4444444478
106425  -28.734  13.335  -6.646 0.2222222239
107170  -29.169  14.038  -6.586 0.2222222239
149915  -29.852  14.153  -6.360 0.2222222239
151717  -30.616  14.562  -6.196 0.2222222239
106428  -31.193  13.911  -5.872 0.2222222239
110147  -28.158  18.492  -10.824 0.1111111119
109356  -29.407  17.435  -8.413 0.1111111119
149160  -31.928  14.891  -6.222 0.1111111119
103314  -23.375  9.513  -8.216 0.4444444478
136037  -23.829  10.531  -8.855 0.4444444478
136158  -23.903  9.876  -8.744 0.4444444478
154793  -24.654  10.657  -9.568 0.3333333433
135879  -24.970  11.095  -9.962 0.4444444478
106441  -25.211  12.805  -9.966 0.4444444478
142866  -25.413  13.857  -9.522 0.4444444478
107183  -26.390  14.176  -8.276 0.4444444478
154126  -27.196  14.768  -7.578 0.4444444478
107911  -25.038  15.323  -9.465 0.3333333433
107896  -27.595  15.648  -7.405 0.3333333433
108635  -27.622  16.521  -7.607 0.1111111119
107897  -28.421  15.509  -7.064 0.1111111119
108637  -29.423  16.477  -7.434 0.1111111119
107171  -30.007  14.774  -6.447 0.2222222239
107899  -30.096  15.985  -7.034 0.1111111119
109346  -30.260  16.712  -7.649 0.1111111119
135878  -23.231  10.186  -8.177 0.2222222239
105715  -24.456  11.682  -9.970 0.3333333433
105721  -24.570  12.470  -10.295 0.3333333433
107191  -25.906  14.703  -8.650 0.4444444478
108648  -25.296  16.364  -9.114 0.2222222239
107912  -25.828  15.649  -8.525 0.2222222239
108634  -26.824  16.215  -7.827 0.2222222239
108651  -28.047  17.123  -7.777 0.1111111119
108663  -24.994  16.942  -9.905 0.1111111119
109352  -25.839  17.539  -8.986 0.1111111119
109353  -26.628  17.967  -8.318 0.1111111119
109355  -28.558  17.611  -8.292 0.1111111119
109369  -27.329  18.355  -9.039 0.1111111119
110129  -28.207  18.048  -8.810 0.1111111119
105714  -24.217  11.092  -9.470 0.3333333433
105710  -21.929  11.706  -7.851 0.3333333433
106440  -23.081  12.502  -9.220 0.3333333433
106449  -24.596  13.333  -10.406 0.3333333433
107190  -24.613  14.315  -10.414 0.3333333433
107921  -24.466  15.553  -10.464 0.2222222239
146445  -25.833  18.512  -10.234 0.1111111119
146397  -27.613  18.512  -9.976 0.1111111119
111032  -26.608  19.328  -12.568 0.1111111119
105693  -22.672  12.664  -5.435 0.1111111119
106423  -21.706  13.266  -6.337 0.1111111119
106433  -21.968  13.442  -8.425 0.2222222239
107189  -22.168  14.105  -9.070 0.2222222239
106439  -23.031  13.588  -9.610 0.3333333433
107910  -22.536  14.650  -9.500 0.2222222239
107197  -24.036  13.962  -10.883 0.3333333433
107196  -23.000  14.261  -10.099 0.3333333433
107919  -22.965  14.860  -10.501 0.2222222239
108673  -23.247  15.694  -11.271 0.1111111119
108672  -22.761  16.539  -10.996 0.1111111119
109382  -23.042  16.541  -11.398 0.1111111119
110143  -24.048  18.103  -11.054 0.1111111119
109367  -25.449  17.990  -9.746 0.1111111119
110144  -25.012  18.631  -10.883 0.1111111119
111021  -25.566  19.052  -11.302 0.1111111119
110145  -26.480  18.746  -10.790 0.1111111119
159204  -28.749  18.265  -11.852 0.1111111119
110148  -29.084  18.170  -10.770 0.1111111119
106413  -22.352  13.418  -5.565 0.1111111119
107168  -22.410  14.288  -5.869 0.1111111119
107182  -21.723  13.846  -6.959 0.1111111119
107167  -22.145  14.858  -6.666 0.1111111119
108632  -22.868  15.934  -7.388 0.1111111119
162865  -22.929  16.197  -8.116 0.1111111119
107918  -22.644  15.321  -9.818 0.2222222239
144189  -22.537  16.700  -9.410 0.1111111119
108661  -22.639  16.163  -10.064 0.1111111119
110127  -22.310  18.486  -9.606 0.1111111119
149918  -22.539  17.645  -10.855 0.1111111119
110141  -22.617  18.587  -11.184 0.1111111119
110157  -23.303  18.476  -11.619 0.1111111119
107879  -23.664  14.881  -5.424 0.1111111119
108622  -24.211  15.661  -5.759 0.1111111119
108633  -23.424  16.423  -6.974 0.1111111119
109343  -23.950  17.326  -7.208 0.1111111119
109342  -23.319  16.852  -7.758 0.1111111119
110114  -23.378  18.508  -7.965 0.1111111119
110992  -22.710  19.290  -9.137 0.1111111119
108627  -24.605  16.585  -5.899 0.1111111119
109332  -25.472  17.071  -5.486 0.1111111119
152115  -24.677  17.774  -6.767 0.1111111119
92435  -30.292  -3.303  -5.560 0.1111111119
153303  -29.520  -2.145  -4.237 0.1111111119
92416  -30.749  -2.297  -5.000 0.1111111119
146079  -30.874  2.539  -4.272 0.1111111119
96046  -31.211  1.505  -4.388 0.1111111119
146457  -31.076  3.460  -4.358 0.1111111119
102334  -32.532  8.441  -4.520 0.1111111119
103328  -23.855  9.323  -8.663 0.4444444478
135885  -28.321  12.636  -6.763 0.4444444478
105704  -30.170  12.791  -5.863 0.2222222239
136980  -30.826  12.314  -5.638 0.1111111119
135888  -31.435  12.609  -5.555 0.1111111119
135891  -32.691  10.845  -5.041 0.1111111119
107886  -30.414  15.309  -6.572 0.2222222239
108636  -28.457  16.329  -7.365 0.1111111119
109345  -29.671  17.009  -7.922 0.1111111119
109347  -31.095  16.926  -7.916 0.1111111119
110135  -28.443  18.281  -9.728 0.1111111119
146827  -22.328  14.819  -8.359 0.2222222239
108626  -23.740  16.038  -6.418 0.1111111119
110128  -22.672  18.506  -8.684 0.1111111119
111019  -22.431  19.106  -10.874 0.1111111119
110115  -24.190  18.377  -7.332 0.1111111119
109338  -25.049  17.408  -6.127 0.1111111119
93353  -31.325  -1.862  -6.261 0.1111111119
145829  -30.192  3.359  -4.417 0.2222222239
99625  -30.040  5.302  -4.369 0.2222222239
103283  -32.710  9.438  -4.556 0.1111111119
102377  -23.276  8.309  -8.087 0.4444444478
135995  -24.612  10.193  -9.048 0.4444444478
106442  -25.807  13.371  -8.940 0.4444444478
107895  -26.621  15.182  -7.962 0.4444444478
107159  -23.145  14.269  -4.942 0.1111111119
107160  -24.277  14.728  -4.683 0.1111111119
108623  -25.100  16.201  -5.313 0.1111111119
92436  -30.952  -2.806  -6.599 0.1111111119
91477  -28.975  -4.073  -5.178 0.1111111119
91478  -29.942  -3.921  -5.650 0.1111111119
92457  -31.407  -2.008  -8.552 0.1111111119
93369  -31.095  -2.149  -7.875 0.1111111119
94224  -31.667  -0.604  -6.626 0.1111111119
94192  -31.357  -0.476  -5.041 0.1111111119
95101  -32.158  0.762  -5.415 0.1111111119
155488  -31.626  0.789  -4.710 0.1111111119
97893  -32.626  3.551  -4.743 0.1111111119
146796  -32.338  2.816  -4.644 0.1111111119
96980  -32.684  2.073  -4.827 0.1111111119
163525  -32.166  4.099  -4.541 0.1111111119
150090  -33.442  5.786  -4.710 0.1111111119
102335  -33.641  7.995  -4.538 0.1111111119
146986  -33.499  8.949  -4.555 0.1111111119
150856  -33.272  9.573  -4.519 0.1111111119
105694  -32.674  12.927  -5.379 0.1111111119
136069  -33.502  11.053  -4.745 0.1111111119
164085  -23.122  9.443  -7.535 0.4444444478
107163  -33.972  14.170  -5.944 0.1111111119
107888  -32.229  15.479  -6.651 0.1111111119
103300  -23.189  9.942  -7.128 0.2222222239
136291  -22.787  10.665  -7.769 0.2222222239
105709  -22.998  11.141  -8.385 0.2222222239
109358  -31.263  17.063  -8.833 0.1111111119
156046  -23.095  11.510  -5.740 0.1111111119
106434  -21.490  12.673  -7.472 0.2222222239
109384  -29.913  17.742  -10.738 0.1111111119
109398  -30.307  17.684  -11.592 0.1111111119
105685  -23.407  11.551  -4.810 0.1111111119
158513  -23.709  12.140  -4.331 0.1111111119
106411  -24.186  13.648  -4.211 0.1111111119
156299  -28.265  18.233  -12.972 0.1111111119
106405  -25.031  13.580  -3.451 0.1111111119
107149  -25.667  14.439  -3.259 0.1111111119
111027  -22.684  19.728  -11.597 0.1111111119
111043  -23.506  19.895  -12.688 0.1111111119
111044  -24.953  19.667  -13.186 0.1111111119
111045  -25.793  19.628  -13.689 0.1111111119
107874  -25.129  15.318  -4.152 0.1111111119
107881  -25.587  15.881  -4.682 0.1111111119
110993  -23.228  19.294  -8.363 0.1111111119
112711  -22.939  21.371  -9.503 0.1111111119
110101  -24.997  18.660  -6.739 0.1111111119
149048  -30.501  4.138  -4.389 0.1111111119
154734  -31.537  11.279  -5.544 0.1111111119
106424  -27.877  13.300  -6.874 0.4444444478
93329  -28.898  -1.230  -4.063 0.1111111119
149549  -31.270  7.054  -4.441 0.2222222239
93354  -31.539  -1.001  -5.972 0.1111111119
156988  -31.635  0.158  -5.208 0.1111111119
99627  -31.544  5.176  -4.356 0.1111111119
100476  -32.681  6.348  -4.432 0.1111111119
135892  -33.182  10.167  -4.609 0.1111111119
155220  -32.085  12.408  -5.442 0.1111111119
136003  -32.967  11.522  -5.011 0.1111111119
107185  -27.968  14.824  -7.088 0.2222222239
107884  -28.888  14.878  -6.738 0.2222222239
107885  -29.678  15.227  -6.683 0.1111111119
107172  -31.412  14.587  -6.097 0.2222222239
107161  -32.082  14.173  -5.911 0.1111111119
110136  -29.447  17.950  -9.865 0.1111111119
164609  -27.656  18.593  -11.186 0.1111111119
109357  -30.322  17.220  -8.441 0.1111111119
110130  -29.046  17.949  -8.984 0.1111111119
109370  -29.839  17.590  -9.163 0.1111111119
109371  -30.648  17.399  -9.420 0.1111111119
158032  -33.324  14.616  -6.284 0.1111111119
107162  -33.001  14.126  -5.890 0.1111111119
107887  -31.279  15.299  -6.419 0.2222222239
150580  -25.349  14.731  -9.286 0.3333333433
108638  -30.927  16.386  -7.281 0.2222222239
106448  -24.012  13.271  -10.354 0.3333333433
108649  -26.221  16.906  -8.303 0.2222222239
108650  -27.115  17.217  -7.845 0.1111111119
109368  -26.323  18.261  -9.246 0.1111111119
152382  -23.372  11.623  -9.051 0.3333333433
105702  -21.906  11.245  -7.053 0.1111111119
107920  -23.905  14.728  -11.278 0.2222222239
140154  -23.816  15.343  -11.422 0.1111111119
109383  -23.568  16.921  -11.194 0.1111111119
109366  -24.567  17.500  -10.502 0.1111111119
149211  -27.128  18.773  -11.585 0.1111111119
110158  -26.338  19.119  -11.618 0.1111111119
139244  -27.968  18.590  -11.846 0.1111111119
111031  -25.751  19.456  -12.318 0.1111111119
158780  -23.206  12.132  -5.235 0.1111111119
105703  -21.562  12.205  -6.412 0.1111111119
107181  -21.911  14.400  -7.716 0.1111111119
106447  -23.608  13.921  -10.601 0.3333333433
107927  -23.243  15.094  -11.313 0.2222222239
108674  -23.433  15.855  -11.357 0.1111111119
109365  -22.422  17.063  -10.150 0.1111111119
110142  -23.102  17.467  -11.378 0.1111111119
111030  -25.019  19.417  -12.145 0.1111111119
111020  -24.327  18.970  -11.716 0.1111111119
107883  -23.200  15.120  -6.246 0.1111111119
106410  -23.298  13.641  -4.881 0.1111111119
108625  -22.830  15.599  -6.818 0.1111111119
109341  -22.819  16.810  -8.606 0.1111111119
152765  -22.339  15.215  -7.309 0.1111111119
108647  -22.661  15.951  -8.973 0.1111111119
109350  -22.352  17.602  -9.227 0.1111111119
160346  -22.196  17.834  -10.111 0.1111111119
110132  -22.316  18.435  -10.510 0.1111111119
111009  -22.424  19.230  -10.083 0.1111111119
109397  -22.865  18.021  -11.329 0.1111111119
111028  -23.006  19.120  -11.886 0.1111111119
111029  -23.546  19.234  -12.141 0.1111111119
107154  -23.935  14.184  -4.492 0.1111111119
107880  -24.684  15.440  -5.005 0.1111111119
109337  -24.222  16.918  -6.539 0.1111111119
111923  -22.807  20.202  -9.619 0.1111111119
98769  -31.419  4.287  -4.430 0.1111111119
106416  -32.607  13.580  -5.647 0.1111111119
108630  -32.159  16.053  -7.192 0.1111111119
108640  -32.431  16.276  -7.823 0.1111111119
143810  -22.498  19.952  -10.689 0.1111111119
110978  -24.674  19.352  -7.172 0.1111111119
138762  -31.565  -1.389  -7.456 0.1111111119
107155  -24.826  14.483  -3.928 0.1111111119
98770  -32.098  4.675  -4.435 0.1111111119
100477  -33.434  6.584  -4.546 0.1111111119
106417  -33.429  13.387  -5.471 0.1111111119
107900  -32.923  15.735  -7.320 0.1111111119
109372  -31.459  17.214  -9.773 0.1111111119
105692  -22.212  11.754  -6.099 0.1111111119
136063  -23.292  11.022  -5.437 0.1111111119
154449  -23.685  12.883  -4.767 0.1111111119
111042  -22.976  20.216  -12.592 0.1111111119
146632  -24.237  19.559  -12.589 0.1111111119
144554  -23.222  19.945  -8.801 0.1111111119
111924  -23.306  20.790  -8.746 0.1111111119
111938  -22.527  20.963  -10.385 0.1111111119
70820  -23.152  -25.263  -7.303 0.2222222239
85927  -18.546  -9.326  -7.440 0.2222222239
153762  -17.807  -8.153  -6.854 0.2222222239
83255  -20.210  -12.441  -7.647 0.3333333433
139572  -19.379  -10.096  -7.927 0.3333333433
162608  -19.106  -9.263  -7.788 0.4444444478
86823  -18.468  -8.871  -7.410 0.3333333433
102365  -22.846  8.024  -7.655 0.3333333433
101379  -22.428  7.638  -7.250 0.2222222239
103287  -23.073  8.981  -6.415 0.1111111119
103299  -23.017  9.234  -6.948 0.2222222239
146930  -19.752  2.762  -7.079 0.2222222239
96995  -18.385  2.287  -5.101 0.1111111119
85052  -19.672  -10.660  -7.809 0.2222222239
97899  -18.777  2.368  -5.808 0.1111111119
98787  -21.186  4.284  -7.190 0.1111111119
98788  -21.918  4.545  -6.412 0.1111111119
100482  -22.465  7.646  -6.636 0.1111111119
101368  -22.786  8.117  -6.397 0.1111111119
145535  -23.252  9.617  -6.424 0.1111111119
148111  -20.469  -13.441  -7.354 0.2222222239
84140  -20.036  -10.869  -8.122 0.3333333433
91463  -16.551  -3.173  -4.105 0.2222222239
99632  -21.870  6.181  -6.301 0.1111111119
90513  -16.972  -3.723  -4.624 0.1111111119
136109  -15.940  -2.760  -3.424 0.3333333433
102352  -22.669  8.415  -6.937 0.3333333433
100490  -22.213  7.288  -7.075 0.1111111119
102342  -22.818  8.397  -6.421 0.1111111119
101367  -22.515  7.846  -6.689 0.1111111119
150246  -22.424  6.130  -5.704 0.1111111119
99633  -22.096  5.407  -6.067 0.1111111119
157695  -30.359  -9.065  -8.483 0.1111111119
69772  -22.869  -25.850  -7.219 0.1111111119
70809  -23.460  -25.563  -6.822 0.1111111119
70795  -23.889  -25.955  -6.104 0.1111111119
70807  -21.510  -25.565  -7.265 0.1111111119
71832  -21.645  -24.695  -7.422 0.1111111119
72796  -21.482  -23.357  -7.520 0.1111111119
73699  -21.141  -22.541  -7.417 0.1111111119
81320  -20.672  -14.129  -7.299 0.1111111119
86799  -17.602  -8.196  -6.699 0.1111111119
86812  -18.045  -8.690  -6.998 0.1111111119
85928  -18.982  -9.610  -7.655 0.1111111119
149876  -12.905  0.132  -1.296 0.2222222239
146231  -15.501  1.115  -3.023 0.2222222239
96014  -14.681  1.320  -1.364 0.2222222239
96005  -15.763  1.543  -1.534 0.2222222239
87741  -17.430  -7.650  -6.598 0.1111111119
87753  -17.665  -7.332  -6.755 0.1111111119
149710  -21.105  -26.218  -6.941 0.1111111119
69764  -22.487  -26.595  -7.190 0.1111111119
69765  -23.164  -26.328  -6.705 0.1111111119
70810  -24.175  -25.111  -6.288 0.1111111119
70806  -20.547  -25.418  -6.655 0.1111111119
71831  -20.786  -24.666  -7.039 0.1111111119
72795  -20.677  -23.155  -7.119 0.1111111119
157657  -21.268  -20.370  -7.204 0.1111111119
76479  -21.298  -19.626  -7.099 0.1111111119
81308  -20.654  -14.434  -7.232 0.1111111119
82312  -20.244  -12.931  -7.439 0.1111111119
137556  -19.741  -10.946  -7.651 0.1111111119
85915  -18.141  -9.542  -6.077 0.1111111119
136128  -13.575  0.480  0.274 0.2222222239
96017  -17.014  2.096  -2.779 0.2222222239
96965  -17.942  2.255  -3.938 0.1111111119
71823  -24.694  -24.962  -5.588 0.1111111119
96959  -16.507  2.023  -2.699 0.2222222239
96972  -17.891  2.252  -4.419 0.1111111119
136015  -12.660  -0.834  -0.057 0.2222222239
142415  -17.394  -6.839  -6.461 0.1111111119
77491  -21.339  -18.759  -6.910 0.1111111119
78513  -21.397  -17.811  -6.977 0.1111111119
80322  -20.810  -14.931  -7.233 0.1111111119
71845  -22.497  -24.554  -7.606 0.1111111119
72784  -21.074  -23.961  -7.282 0.1111111119
70818  -22.151  -25.235  -7.486 0.1111111119
85916  -19.061  -9.837  -7.701 0.1111111119
85040  -19.435  -10.347  -7.743 0.1111111119
70808  -22.280  -25.905  -7.384 0.1111111119
69763  -21.874  -26.692  -7.357 0.1111111119
82299  -20.606  -13.931  -6.205 0.1111111119
95036  -16.168  0.291  -1.489 0.1111111119
72783  -20.273  -23.817  -6.819 0.1111111119
147020  -20.090  -23.002  -6.543 0.1111111119
80308  -20.783  -15.067  -7.435 0.1111111119
149324  -20.931  -14.609  -6.264 0.1111111119
83254  -19.983  -12.144  -7.589 0.1111111119
95049  -18.001  1.442  -3.707 0.1111111119
96039  -18.855  2.027  -4.345 0.1111111119
97921  -20.668  2.720  -7.107 0.1111111119
154682  -13.521  -2.303  -0.480 0.1111111119
97023  -20.063  2.309  -6.191 0.1111111119
70819  -22.705  -25.275  -7.436 0.2222222239
77537  -24.730  -17.525  -10.194 0.4444444478
79470  -28.364  -16.223  -10.378 0.4444444478
81322  -30.206  -14.082  -7.296 0.1111111119
82356  -28.832  -14.695  -10.791 0.4444444478
86855  -21.680  -8.514  -9.716 1.0000000000
87775  -20.348  -8.154  -9.042 1.0000000000
88686  -25.602  -6.246  -8.479 0.6666666865
88701  -23.672  -6.404  -10.341 1.0000000000
89576  -17.301  -5.372  -5.583 0.2222222239
89628  -24.475  -5.372  -10.343 1.0000000000
90522  -17.366  -4.541  -5.252 0.1111111119
90563  -19.431  -4.337  -8.738 0.8888888955
90573  -24.188  -4.696  -10.535 1.0000000000
91486  -17.718  -3.738  -6.288 0.4444444478
91506  -19.221  -3.450  -8.784 0.8888888955
91511  -19.726  -3.707  -9.212 0.8888888955
91514  -24.664  -3.277  -9.943 0.8888888955
92376  -13.356  -2.336  -1.843 0.3333333433
92440  -17.619  -2.251  -6.409 0.6666666865
92470  -20.364  -2.816  -9.588 0.8888888955
92480  -24.305  -2.433  -10.162 0.8888888955
93287  -13.557  -1.480  -2.317 0.3333333433
93368  -26.358  -1.377  -6.130 0.6666666865
93405  -23.971  -1.651  -10.305 0.8888888955
94139  -12.528  -0.716  -1.382 0.2222222239
94189  -28.536  -0.382  -4.203 0.1111111119
94219  -17.749  -0.183  -6.727 0.7777777910
94248  -18.701  -0.142  -7.990 0.8888888955
94259  -20.778  -0.084  -9.748 1.0000000000
94260  -23.684  -0.425  -10.102 0.8888888955
94264  -22.475  0.039  -10.408 1.0000000000
95024  -15.640  0.865  -1.135 0.1111111119
95025  -16.273  1.211  -1.716 0.2222222239
95046  -14.442  0.739  -2.127 0.2222222239
95097  -26.698  0.568  -5.185 0.6666666865
95110  -17.776  0.255  -6.657 0.6666666865
95127  -18.336  0.476  -7.439 0.8888888955
95128  -18.898  0.368  -8.140 0.8888888955
95156  -22.624  1.411  -10.062 0.8888888955
95164  -21.916  0.738  -10.345 1.0000000000
96003  -14.302  1.063  -0.658 0.2222222239
96004  -15.134  1.406  -1.254 0.2222222239
96006  -16.467  1.744  -2.211 0.2222222239
96015  -15.437  1.657  -1.799 0.2222222239
96016  -15.929  2.019  -2.322 0.3333333433
96022  -15.435  1.518  -2.327 0.3333333433
96024  -17.650  2.025  -3.491 0.1111111119
96025  -18.341  2.118  -3.936 0.1111111119
96044  -29.493  1.182  -4.057 0.2222222239
96047  -32.161  1.416  -4.767 0.1111111119
96090  -17.904  0.646  -6.764 0.5555555820
96092  -18.227  1.089  -7.253 0.7777777910
96106  -18.166  0.788  -7.206 0.7777777910
96124  -18.746  0.978  -8.032 0.7777777910
96127  -24.393  1.658  -7.808 0.8888888955
96142  -19.704  1.371  -9.037 1.0000000000
96953  -15.720  1.779  -1.840 0.2222222239
96954  -16.146  2.023  -2.189 0.2222222239
96964  -17.182  2.100  -3.569 0.2222222239
96973  -18.539  2.217  -4.453 0.1111111119
96978  -29.833  2.594  -4.435 0.2222222239
96979  -31.844  2.190  -4.505 0.1111111119
97021  -18.048  0.988  -6.945 0.6666666865
97036  -18.545  1.455  -7.589 0.5555555820
97048  -19.936  2.490  -8.882 0.6666666865
97063  -22.528  2.838  -9.707 0.8888888955
97892  -31.874  3.523  -4.495 0.1111111119
97898  -18.226  2.108  -5.944 0.4444444478
97900  -19.351  2.361  -5.696 0.1111111119
97920  -19.231  2.502  -6.476 0.2222222239
97924  -25.586  3.617  -6.677 0.6666666865
97940  -24.370  3.444  -7.701 0.7777777910
97953  -20.662  3.298  -8.892 0.6666666865
98768  -29.584  4.137  -4.454 0.5555555820
98771  -32.786  4.422  -4.722 0.1111111119
98804  -19.994  2.945  -8.486 0.4444444478
98836  -22.529  4.292  -9.460 0.7777777910
99626  -30.715  4.887  -4.325 0.2222222239
99628  -32.521  5.363  -4.471 0.1111111119
99635  -27.664  5.634  -5.316 0.5555555820
100474  -30.788  5.697  -4.387 0.2222222239
101355  -31.870  7.673  -4.520 0.2222222239
101356  -32.890  7.300  -4.495 0.1111111119
101357  -33.931  7.146  -4.543 0.1111111119
101369  -28.016  7.128  -5.795 0.6666666865
101382  -28.083  7.967  -6.120 0.6666666865
101389  -22.603  7.425  -7.858 0.4444444478
101391  -25.586  7.489  -7.474 0.6666666865
102355  -27.936  8.768  -6.391 0.6666666865
103282  -31.678  9.271  -4.779 0.1111111119
103327  -23.562  8.829  -8.408 0.4444444478
104951  -32.800  12.183  -5.147 0.1111111119
106414  -30.942  13.109  -5.682 0.1111111119
106415  -31.849  13.263  -5.596 0.1111111119
106426  -29.536  13.290  -6.345 0.2222222239
106427  -30.346  13.660  -6.007 0.2222222239
107173  -32.619  14.741  -6.279 0.1111111119
107184  -27.328  13.965  -7.388 0.4444444478
107201  -23.554  14.627  -11.096 0.3333333433
107898  -29.157  15.765  -6.989 0.1111111119
107909  -22.638  15.545  -8.067 0.1111111119
107926  -22.912  15.550  -10.764 0.2222222239
107928  -23.494  15.102  -11.591 0.2222222239
108628  -30.845  15.833  -6.813 0.2222222239
108629  -31.525  15.987  -6.925 0.1111111119
108639  -31.679  16.470  -7.523 0.1111111119
108652  -31.890  16.694  -8.305 0.1111111119
108662  -24.111  16.338  -10.855 0.1111111119
109344  -28.932  17.031  -7.815 0.1111111119
109351  -22.987  17.681  -8.296 0.1111111119
109354  -27.592  17.851  -8.184 0.1111111119
110133  -25.037  18.233  -10.418 0.1111111119
110134  -26.781  18.580  -9.855 0.1111111119
110146  -27.310  18.605  -10.654 0.1111111119
111958  -22.496  20.771  -11.338 0.1111111119
135632  -14.845  1.041  -0.569 0.2222222239
135890  -31.502  11.933  -5.539 0.1111111119
136062  -12.589  0.073  -0.552 0.2222222239
136262  -31.419  10.084  -5.343 0.1111111119
136314  -14.941  0.094  -0.160 0.2222222239
139171  -19.798  -1.919  -9.334 0.8888888955
140141  -26.414  12.643  -8.145 0.4444444478
142965  -23.417  -1.946  -10.584 0.8888888955
143264  -33.122  15.157  -6.698 0.1111111119
144417  -22.411  -11.397  -9.732 0.8888888955
144533  -18.031  -0.698  -7.195 0.7777777910
147162  -26.549  6.876  -6.739 0.6666666865
148201  -31.103  10.770  -5.574 0.1111111119
148755  -23.755  -0.959  -10.292 0.8888888955
149490  -24.490  -3.986  -10.332 1.0000000000
150398  -24.263  -6.009  -10.377 1.0000000000
150625  -25.210  6.828  -7.561 0.6666666865
150967  -26.691  2.022  -5.493 0.6666666865
151507  -26.189  4.761  -6.450 0.6666666865
151796  -25.813  12.646  -9.024 0.4444444478
151848  -24.352  2.540  -7.695 0.8888888955
151899  -29.946  6.183  -4.637 0.4444444478
152242  -13.454  0.863  -0.778 0.2222222239
152936  -29.532  4.864  -4.417 0.4444444478
154728  -12.354  -1.975  -1.422 0.2222222239
155475  -18.930  1.499  -8.352 0.7777777910
156149  -16.579  0.994  -4.619 0.5555555820
156771  -30.454  -11.175  -9.531 0.1111111119
157250  -28.953  6.285  -4.782 0.4444444478
157361  -22.624  15.179  -8.883 0.2222222239
157392  -23.576  17.758  -7.705 0.1111111119
157744  -29.022  12.691  -6.582 0.3333333433
158575  -30.149  17.661  -9.922 0.1111111119
158869  -22.865  17.192  -11.250 0.1111111119
158955  -29.524  14.602  -6.538 0.2222222239
159953  -16.106  -1.548  -4.410 0.5555555820
160131  -21.527  1.339  -10.151 1.0000000000
160135  -27.778  -3.365  -5.217 0.4444444478
160450  -19.441  -0.950  -9.221 0.8888888955
161094  -31.603  2.903  -4.413 0.1111111119
161650  -21.472  -17.220  -7.447 0.2222222239
161888  -20.604  -7.655  -9.265 1.0000000000
163945  -25.295  18.134  -6.330 0.1111111119
164537  -16.561  1.994  -2.510 0.2222222239
