#!ascii label  , from subject sub-v1s0x0050659_ses-1 vox2ras=TkReg
661
26792  -32.959  -68.511  -18.699 0.6999999881
26802  -32.585  -67.688  -20.350 0.6000000238
26814  -32.820  -67.648  -20.994 0.6000000238
26835  -33.884  -67.158  -22.647 0.4000000060
158470  -34.444  -66.807  -12.248 0.6999999881
28733  -36.215  -65.967  -12.886 0.6999999881
28731  -34.543  -66.983  -13.039 0.6999999881
28754  -35.889  -66.393  -13.652 0.6000000238
28752  -33.912  -66.997  -13.756 0.6999999881
28767  -35.415  -66.578  -14.436 0.6000000238
28766  -33.623  -66.716  -14.796 0.6000000238
158886  -35.680  -66.448  -15.122 0.6000000238
28783  -31.968  -67.019  -15.509 0.6000000238
28785  -33.828  -66.528  -15.645 0.6000000238
28805  -35.131  -66.309  -16.781 0.5000000000
158508  -33.358  -66.569  -17.371 0.5000000000
28820  -34.790  -66.298  -17.739 0.5000000000
161129  -33.467  -66.496  -18.760 0.6000000238
144275  -32.511  -67.036  -19.314 0.6000000238
29892  -33.637  -66.187  -19.602 0.6000000238
28835  -33.114  -66.349  -19.976 0.6000000238
29901  -33.038  -66.277  -20.631 0.6000000238
29828  -35.755  -65.809  -12.064 0.6000000238
30877  -37.084  -64.864  -12.872 0.6000000238
29844  -37.119  -65.172  -13.751 0.6000000238
158204  -36.820  -65.660  -14.338 0.6000000238
30913  -37.365  -64.476  -15.167 0.6000000238
29853  -36.752  -65.689  -15.057 0.6000000238
143557  -35.411  -66.355  -15.870 0.6000000238
29872  -36.544  -65.441  -16.840 0.6000000238
29884  -36.271  -65.413  -17.906 0.6000000238
28819  -33.809  -66.462  -17.989 0.6000000238
29883  -35.431  -65.924  -18.337 0.6999999881
29894  -35.113  -65.773  -19.122 0.6000000238
29893  -34.444  -65.820  -19.539 0.6000000238
28855  -32.876  -66.631  -21.459 0.5000000000
28868  -33.153  -66.233  -22.555 0.5000000000
29810  -36.003  -65.297  -11.556 0.6000000238
145469  -36.928  -64.463  -12.086 0.6000000238
30878  -37.326  -64.031  -12.783 0.6000000238
31886  -37.583  -63.577  -13.681 0.6000000238
30904  -37.392  -64.409  -14.245 0.6000000238
137754  -37.743  -62.770  -14.352 0.6000000238
137819  -37.611  -62.859  -15.254 0.6000000238
31903  -37.470  -63.688  -15.781 0.6000000238
29873  -37.185  -64.747  -16.155 0.6000000238
31910  -37.348  -64.008  -16.606 0.6000000238
30922  -36.936  -64.561  -17.300 0.6999999881
29903  -34.172  -65.575  -20.247 0.6000000238
30945  -33.871  -65.316  -21.039 0.6000000238
155241  -34.102  -65.611  -23.296 0.4000000060
31853  -36.827  -63.382  -11.151 0.6000000238
148973  -36.759  -64.081  -11.427 0.6000000238
31869  -37.572  -63.180  -12.711 0.6000000238
33957  -37.828  -61.899  -14.062 0.6000000238
141566  -37.730  -61.192  -14.662 0.5000000000
32893  -37.418  -63.255  -16.584 0.6999999881
31931  -36.551  -63.819  -18.945 0.6000000238
30937  -36.536  -64.668  -18.455 0.6000000238
29895  -35.923  -65.399  -18.953 0.6000000238
29904  -35.177  -65.247  -19.829 0.6000000238
30946  -34.602  -64.869  -20.718 0.6000000238
30971  -33.783  -64.296  -22.021 0.6000000238
30970  -33.587  -65.125  -21.759 0.6000000238
30986  -34.411  -64.348  -23.153 0.4000000060
30978  -33.545  -65.084  -22.335 0.5000000000
32842  -36.635  -62.565  -10.670 0.5000000000
32830  -37.209  -61.965  -11.033 0.6000000238
145882  -37.497  -62.874  -11.940 0.6000000238
32859  -37.746  -62.347  -12.556 0.6000000238
32874  -37.788  -62.588  -13.430 0.5000000000
33949  -37.939  -61.725  -13.199 0.5000000000
34956  -37.577  -60.335  -15.273 0.6000000238
36040  -37.258  -59.766  -16.192 0.6000000238
34965  -37.315  -60.706  -16.194 0.6999999881
33981  -37.219  -61.858  -17.195 0.6999999881
32901  -37.239  -62.858  -17.436 0.6999999881
141673  -36.317  -61.422  -18.542 0.6000000238
31919  -36.995  -63.777  -17.974 0.6999999881
33990  -36.346  -62.276  -18.936 0.6000000238
32909  -36.368  -63.066  -19.248 0.6000000238
31941  -36.009  -63.688  -19.836 0.6000000238
31940  -35.303  -63.425  -20.578 0.6000000238
31952  -34.754  -63.269  -21.186 0.6000000238
30979  -33.978  -64.313  -22.474 0.5000000000
31967  -34.535  -63.559  -22.730 0.4000000060
162300  -36.753  -61.745  -10.489 0.6000000238
34914  -37.617  -60.600  -11.312 0.6000000238
33925  -37.596  -61.365  -11.529 0.5000000000
36000  -38.124  -60.137  -12.641 0.6000000238
36010  -38.089  -60.119  -13.625 0.5000000000
36019  -37.839  -59.699  -14.549 0.6000000238
37036  -37.822  -58.374  -14.201 0.5000000000
34947  -37.865  -60.482  -14.389 0.6000000238
36029  -37.476  -59.159  -15.434 0.5000000000
37070  -36.374  -58.519  -16.693 0.5000000000
34964  -36.964  -60.186  -16.918 0.6000000238
37069  -35.573  -58.005  -17.188 0.5000000000
37085  -35.853  -58.871  -17.358 0.5000000000
160756  -36.675  -60.580  -17.464 0.6000000238
33980  -36.774  -61.254  -17.721 0.6999999881
37084  -35.132  -58.268  -17.890 0.4000000060
36062  -35.036  -59.345  -18.989 0.5000000000
157718  -35.754  -61.629  -19.383 0.6000000238
34987  -35.182  -60.185  -19.364 0.5000000000
33989  -35.255  -60.984  -19.768 0.6000000238
34997  -34.864  -60.457  -20.107 0.5000000000
32919  -35.009  -62.572  -20.749 0.6000000238
32943  -34.926  -62.192  -23.103 0.5000000000
155697  -34.966  -61.159  -20.422 0.6000000238
34008  -34.627  -61.841  -21.424 0.6000000238
31960  -34.214  -63.359  -22.092 0.6000000238
34908  -37.225  -60.322  -10.528 0.5000000000
144374  -37.950  -60.061  -11.848 0.5000000000
36011  -38.226  -59.406  -13.034 0.5000000000
37965  -38.211  -58.497  -13.276 0.4000000060
37053  -37.473  -58.317  -15.034 0.4000000060
37052  -37.001  -58.186  -15.953 0.5000000000
36028  -37.027  -58.973  -16.264 0.5000000000
37998  -36.529  -57.380  -15.778 0.5000000000
38975  -33.492  -56.443  -17.581 0.4000000060
38008  -34.431  -56.834  -17.363 0.4000000060
38016  -33.957  -57.060  -18.041 0.4000000060
37083  -34.365  -57.777  -18.307 0.5000000000
37099  -34.742  -58.548  -18.614 0.5000000000
157684  -33.616  -57.433  -18.668 0.5000000000
36061  -34.458  -58.827  -19.331 0.5000000000
37110  -33.948  -58.426  -19.610 0.5000000000
35010  -34.908  -60.393  -22.274 0.5000000000
34021  -34.673  -61.884  -22.561 0.5000000000
34000  -34.705  -60.921  -20.825 0.6000000238
34015  -34.493  -61.871  -21.958 0.5000000000
38958  -36.212  -56.696  -15.500 0.4000000060
38957  -35.433  -56.353  -15.920 0.5000000000
38956  -34.653  -56.010  -16.316 0.5000000000
39970  -33.757  -55.836  -16.681 0.5000000000
38974  -32.573  -56.348  -18.157 0.4000000060
37097  -33.508  -57.797  -19.295 0.5000000000
36091  -34.886  -59.598  -21.868 0.5000000000
36100  -35.740  -60.026  -22.627 0.3000000119
38025  -33.001  -57.242  -19.014 0.5000000000
148637  -33.974  -58.722  -20.098 0.5000000000
36090  -34.377  -59.498  -21.087 0.5000000000
142633  -34.265  -55.439  -15.814 0.4000000060
38964  -34.235  -56.345  -16.961 0.4000000060
40972  -32.977  -54.718  -16.069 0.4000000060
40977  -31.811  -54.676  -17.323 0.4000000060
38963  -32.794  -55.858  -17.332 0.4000000060
39975  -31.893  -55.686  -18.332 0.4000000060
40983  -31.623  -54.895  -18.219 0.4000000060
39989  -31.680  -55.562  -18.876 0.5000000000
38054  -35.391  -57.950  -21.412 0.4000000060
158140  -35.407  -58.770  -21.765 0.4000000060
37109  -33.577  -58.175  -19.912 0.5000000000
37128  -34.557  -58.790  -21.237 0.5000000000
39000  -32.590  -56.472  -19.471 0.5000000000
37119  -33.532  -57.857  -20.198 0.5000000000
37120  -33.984  -58.657  -20.520 0.5000000000
154054  -30.671  -52.998  -17.432 0.4000000060
40982  -31.198  -54.056  -18.263 0.4000000060
39013  -35.373  -56.536  -20.857 0.4000000060
39012  -34.160  -57.012  -20.544 0.5000000000
40005  -32.195  -55.746  -19.317 0.5000000000
39001  -33.584  -56.260  -20.170 0.5000000000
43079  -30.862  -52.721  -17.937 0.4000000060
39002  -34.815  -55.987  -20.395 0.4000000060
39003  -35.923  -55.963  -20.376 0.3000000119
42029  -31.661  -53.721  -18.528 0.5000000000
158034  -32.910  -55.153  -19.474 0.5000000000
40007  -34.296  -55.487  -19.896 0.5000000000
44192  -30.879  -52.037  -17.508 0.4000000060
39990  -34.837  -55.137  -19.195 0.3000000119
41001  -35.371  -54.711  -18.585 0.3000000119
43080  -31.776  -52.845  -18.217 0.4000000060
41011  -33.850  -54.999  -19.493 0.5000000000
42014  -32.411  -53.304  -18.445 0.4000000060
42030  -32.521  -53.950  -18.970 0.5000000000
144430  -33.395  -53.309  -18.292 0.5000000000
45346  -31.013  -50.812  -16.877 0.4000000060
40984  -34.923  -54.077  -18.272 0.3000000119
40985  -35.859  -54.303  -17.926 0.3000000119
44184  -31.359  -51.444  -17.238 0.4000000060
43082  -34.052  -52.814  -17.529 0.4000000060
44185  -32.306  -51.479  -17.199 0.4000000060
43081  -32.971  -52.780  -17.857 0.4000000060
46486  -30.546  -50.132  -16.626 0.5000000000
42015  -34.467  -53.454  -17.914 0.3000000119
42006  -34.996  -53.093  -17.076 0.4000000060
43072  -35.609  -52.626  -16.404 0.4000000060
42007  -35.951  -53.364  -16.767 0.4000000060
45347  -32.046  -50.795  -16.795 0.4000000060
43070  -33.592  -52.190  -17.210 0.5000000000
44186  -33.995  -51.562  -16.526 0.4000000060
45333  -32.635  -50.191  -16.165 0.5000000000
157991  -33.131  -51.675  -16.985 0.5000000000
45348  -33.100  -51.011  -16.458 0.5000000000
45349  -34.006  -50.898  -16.035 0.4000000060
45335  -34.563  -50.346  -15.639 0.4000000060
45336  -35.500  -50.414  -15.585 0.4000000060
43065  -36.417  -51.890  -15.959 0.3000000119
46467  -31.157  -49.351  -16.208 0.5000000000
46468  -32.214  -49.392  -15.906 0.5000000000
148650  -34.568  -47.718  -14.824 0.4000000060
158495  -35.429  -47.954  -14.936 0.3000000119
148231  -30.542  -47.188  -15.534 0.5000000000
47608  -33.884  -48.698  -15.119 0.4000000060
46470  -34.241  -49.569  -15.346 0.4000000060
46471  -35.199  -49.664  -15.331 0.4000000060
164670  -35.735  -49.137  -15.239 0.4000000060
46472  -36.419  -49.008  -15.531 0.3000000119
47605  -30.649  -48.641  -15.988 0.5000000000
46469  -33.212  -49.498  -15.581 0.5000000000
47606  -31.796  -48.507  -15.640 0.5000000000
48590  -33.936  -46.905  -14.966 0.4000000060
157742  -34.722  -46.796  -14.922 0.4000000060
50466  -29.368  -46.003  -15.298 0.5000000000
47610  -35.928  -48.463  -15.205 0.3000000119
48588  -31.122  -47.833  -15.652 0.5000000000
48589  -31.997  -47.506  -15.359 0.5000000000
148734  -32.593  -47.950  -15.279 0.5000000000
47607  -32.847  -48.669  -15.390 0.5000000000
154529  -34.347  -46.154  -15.272 0.4000000060
51486  -29.762  -44.907  -15.205 0.5000000000
151546  -31.972  -44.877  -15.233 0.5000000000
50476  -34.828  -45.548  -16.036 0.3000000119
48591  -35.376  -47.165  -15.105 0.3000000119
50467  -30.407  -45.353  -15.213 0.5000000000
142764  -31.202  -45.039  -15.185 0.5000000000
49570  -31.211  -46.357  -15.280 0.5000000000
27764  -32.437  -67.199  -19.989 0.6000000238
136598  -33.251  -66.748  -22.311 0.5000000000
138108  -34.438  -66.408  -16.180 0.6000000238
155827  -37.528  -62.873  -15.980 0.6999999881
30957  -34.112  -64.569  -21.473 0.6000000238
33974  -37.353  -61.587  -16.347 0.6999999881
31951  -34.337  -63.706  -21.695 0.6000000238
146663  -36.902  -62.074  -18.078 0.6999999881
34974  -35.594  -59.992  -18.508 0.5000000000
32920  -35.722  -62.622  -19.874 0.6000000238
38010  -36.093  -57.699  -16.513 0.5000000000
38009  -35.249  -57.258  -16.975 0.5000000000
36050  -36.208  -59.815  -17.619 0.4000000060
36081  -34.275  -59.314  -20.490 0.5000000000
142647  -34.556  -61.087  -21.475 0.5000000000
38962  -32.094  -55.448  -17.666 0.4000000060
38015  -33.119  -56.805  -18.428 0.5000000000
39969  -33.233  -55.334  -16.493 0.4000000060
161600  -34.689  -51.709  -16.322 0.4000000060
44177  -35.880  -51.136  -15.758 0.3000000119
49569  -30.366  -46.272  -15.255 0.5000000000
49571  -32.169  -46.432  -15.247 0.5000000000
19718  -35.159  -75.235  -12.229 0.5000000000
19736  -36.386  -75.750  -13.803 0.5000000000
19724  -35.746  -75.745  -13.038 0.5000000000
136654  -38.029  -73.854  -15.990 0.5000000000
19763  -37.221  -75.865  -15.397 0.5000000000
19750  -36.844  -75.816  -14.579 0.4000000060
20680  -35.643  -74.269  -12.324 0.5000000000
20695  -36.774  -74.350  -13.713 0.6000000238
20681  -36.365  -74.087  -12.987 0.6000000238
137460  -37.807  -73.754  -15.179 0.5000000000
20696  -37.317  -74.209  -14.495 0.5000000000
22726  -38.377  -72.420  -17.774 0.4000000060
22607  -33.064  -72.580  -10.596 0.6999999881
22613  -33.800  -72.634  -10.958 0.6999999881
22632  -35.628  -72.801  -12.066 0.6999999881
22653  -36.808  -72.650  -13.298 0.5000000000
21615  -36.008  -73.441  -12.446 0.6999999881
22718  -38.129  -72.368  -16.209 0.5000000000
21651  -37.664  -73.203  -14.553 0.5000000000
136684  -38.455  -70.772  -18.735 0.5000000000
22719  -38.259  -72.351  -16.944 0.5000000000
22594  -29.553  -72.839  -9.555 0.5000000000
153667  -30.778  -72.572  -9.790 0.6999999881
23721  -31.957  -71.723  -10.214 0.6999999881
22606  -32.301  -72.631  -10.302 0.6999999881
23722  -32.708  -71.951  -10.485 0.6999999881
22614  -34.523  -72.815  -11.330 0.6000000238
23760  -36.875  -71.985  -13.769 0.6999999881
23741  -36.385  -71.954  -13.102 0.6000000238
23807  -37.869  -71.566  -16.475 0.5000000000
23793  -37.339  -71.260  -15.730 0.6000000238
23761  -37.255  -71.958  -14.366 0.6000000238
23816  -38.211  -71.593  -17.382 0.5000000000
24939  -38.181  -70.083  -19.317 0.5000000000
138977  -30.668  -71.114  -9.892 0.5000000000
23720  -31.111  -71.867  -9.877 0.6999999881
24834  -33.923  -71.117  -11.652 0.6999999881
24846  -33.452  -70.271  -12.141 0.6999999881
24833  -33.084  -70.702  -11.370 0.6999999881
23740  -35.655  -71.892  -12.424 0.8000000119
24848  -35.114  -71.017  -12.771 0.6999999881
24883  -36.265  -70.574  -14.875 0.6000000238
24865  -36.052  -70.906  -13.995 0.6999999881
24909  -37.217  -70.770  -16.418 0.6999999881
24898  -36.696  -70.631  -15.724 0.6000000238
24929  -37.762  -70.251  -18.515 0.6000000238
140653  -37.255  -70.313  -17.771 0.6000000238
25903  -36.730  -69.579  -21.150 0.6000000238
23718  -28.694  -70.945  -9.705 0.5000000000
24818  -29.394  -70.193  -9.977 0.6000000238
23719  -29.749  -71.053  -9.740 0.5000000000
24819  -30.280  -70.297  -10.118 0.6000000238
24820  -31.102  -70.442  -10.319 0.6000000238
24832  -32.272  -70.276  -11.142 0.6999999881
25788  -32.838  -69.446  -12.737 0.6999999881
24845  -32.593  -69.849  -11.871 0.6000000238
24847  -34.303  -70.675  -12.414 0.6999999881
24862  -33.836  -69.932  -12.858 0.6999999881
24864  -35.362  -70.585  -13.550 0.6999999881
25869  -36.430  -69.924  -17.482 0.6999999881
144660  -36.552  -69.539  -20.111 0.6999999881
161606  -36.703  -69.916  -18.000 0.6999999881
25750  -29.053  -69.445  -10.130 0.5000000000
25768  -31.097  -69.266  -11.322 0.6000000238
25786  -31.443  -68.916  -12.019 0.6000000238
25769  -31.793  -69.532  -11.621 0.6000000238
164768  -34.168  -69.725  -13.463 0.8000000119
25818  -33.649  -68.884  -14.710 0.5000000000
26723  -32.004  -68.423  -13.961 0.6000000238
25841  -35.168  -69.560  -15.422 0.6999999881
25840  -34.198  -69.001  -15.537 0.6999999881
152540  -35.326  -69.383  -18.349 0.6999999881
25867  -34.754  -69.217  -17.914 0.6999999881
25902  -35.799  -69.531  -20.965 0.5000000000
25888  -35.632  -69.392  -19.956 0.6999999881
25916  -35.131  -69.208  -21.739 0.5000000000
26671  -28.594  -68.829  -10.412 0.5000000000
26673  -30.231  -68.740  -10.548 0.5000000000
27667  -31.004  -68.084  -11.217 0.6000000238
26686  -30.699  -68.720  -11.106 0.6000000238
27668  -31.324  -68.090  -11.790 0.6000000238
27690  -31.323  -67.941  -12.750 0.6000000238
27711  -32.781  -67.135  -13.453 0.6000000238
25802  -31.557  -68.549  -12.604 0.6000000238
27710  -31.753  -67.481  -13.321 0.6000000238
26752  -32.602  -68.496  -16.146 0.6000000238
26751  -32.105  -68.358  -15.449 0.5000000000
27722  -31.584  -67.583  -14.186 0.5000000000
26783  -32.949  -68.537  -17.722 0.6000000238
26773  -33.257  -68.612  -16.793 0.6000000238
26804  -33.803  -68.846  -19.278 0.6000000238
26793  -33.881  -68.853  -18.302 0.6000000238
136619  -33.726  -68.431  -21.193 0.5000000000
146794  -29.803  -68.040  -10.433 0.5000000000
27652  -31.093  -67.453  -10.867 0.6000000238
27692  -32.763  -67.291  -12.536 0.6000000238
26750  -31.578  -68.009  -15.378 0.5000000000
28784  -32.916  -66.661  -15.591 0.5000000000
155757  -31.900  -68.041  -17.314 0.4000000060
28816  -31.905  -67.282  -17.091 0.5000000000
28801  -31.849  -67.152  -16.376 0.5000000000
26803  -32.878  -68.323  -19.728 0.6000000238
27650  -29.374  -67.294  -10.496 0.5000000000
28698  -31.621  -66.667  -10.768 0.6000000238
28699  -32.758  -66.481  -10.891 0.6000000238
27670  -32.686  -67.183  -11.663 0.6000000238
28827  -32.436  -67.054  -18.502 0.5000000000
141497  -32.653  -66.759  -17.153 0.4000000060
28695  -29.053  -66.573  -10.624 0.5000000000
28697  -30.790  -66.158  -10.531 0.5000000000
29793  -32.269  -65.878  -10.582 0.6000000238
28713  -34.950  -66.164  -11.779 0.6000000238
29790  -29.214  -65.664  -10.641 0.5000000000
160271  -30.773  -65.362  -10.446 0.5000000000
29794  -33.166  -65.488  -10.617 0.6000000238
29808  -34.512  -65.799  -11.084 0.6000000238
140724  -28.514  -65.261  -11.210 0.5000000000
29791  -30.375  -64.863  -10.478 0.5000000000
30844  -32.204  -65.001  -10.485 0.5000000000
30846  -33.917  -64.683  -10.783 0.6000000238
29795  -34.036  -65.458  -10.812 0.6000000238
151275  -30.266  -64.128  -10.626 0.5000000000
31834  -32.060  -63.973  -10.775 0.5000000000
31832  -30.172  -63.421  -11.329 0.5000000000
30860  -35.740  -64.836  -11.028 0.5000000000
31833  -31.117  -63.637  -11.031 0.5000000000
30845  -33.019  -64.362  -10.753 0.5000000000
31868  -30.193  -62.887  -12.149 0.5000000000
31848  -31.080  -62.772  -11.958 0.5000000000
31851  -33.644  -63.703  -10.998 0.5000000000
139670  -35.429  -64.213  -10.672 0.4000000060
32838  -31.509  -62.345  -12.844 0.5000000000
32841  -33.146  -62.804  -11.296 0.5000000000
32828  -34.702  -62.632  -10.358 0.4000000060
139637  -35.072  -63.467  -10.488 0.4000000060
32840  -32.471  -62.190  -11.789 0.4000000060
32827  -33.738  -62.360  -10.680 0.4000000060
33917  -35.290  -61.942  -9.953 0.4000000060
157376  -32.391  -68.248  -18.195 0.6000000238
26815  -33.076  -68.190  -20.673 0.5000000000
26836  -34.198  -67.851  -22.333 0.4000000060
27721  -31.583  -67.591  -14.990 0.6000000238
137342  -36.160  -61.914  -10.090 0.4000000060
33910  -36.583  -61.027  -10.069 0.4000000060
23739  -34.740  -71.498  -12.036 0.6999999881
25819  -34.514  -69.377  -14.709 0.6999999881
148659  -35.824  -69.661  -16.990 0.6999999881
25858  -35.566  -69.628  -16.279 0.6999999881
150269  -33.100  -68.850  -14.029 0.6000000238
25803  -31.997  -68.678  -13.040 0.6000000238
25877  -35.471  -69.365  -19.050 0.6999999881
26753  -33.521  -68.707  -16.051 0.6999999881
140551  -34.822  -69.297  -16.142 0.6999999881
153984  -34.715  -69.160  -19.694 0.6000000238
156366  -34.910  -69.223  -20.669 0.6000000238
19725  -36.321  -74.968  -13.402 0.6000000238
19751  -37.294  -75.136  -14.949 0.5000000000
20673  -34.929  -74.365  -11.774 0.5000000000
20712  -36.846  -75.048  -14.131 0.5000000000
20726  -37.689  -74.513  -15.446 0.5000000000
21582  -32.665  -73.228  -10.465 0.6999999881
21595  -33.300  -73.336  -10.728 0.6999999881
21597  -34.701  -73.583  -11.491 0.6000000238
21614  -35.369  -73.578  -11.916 0.6999999881
21632  -36.550  -73.264  -12.958 0.6999999881
21633  -37.038  -73.467  -13.661 0.5000000000
21672  -38.060  -72.939  -15.515 0.5000000000
21685  -38.205  -73.113  -16.509 0.5000000000
21686  -38.296  -73.183  -17.402 0.4000000060
22595  -30.255  -72.904  -9.665 0.6999999881
22605  -31.470  -72.646  -10.049 0.6999999881
22615  -35.109  -73.007  -11.625 0.6000000238
22633  -36.244  -72.661  -12.652 0.6999999881
22654  -37.318  -72.589  -14.020 0.6000000238
22673  -37.655  -72.372  -14.814 0.6000000238
22698  -37.813  -71.989  -15.612 0.6000000238
23710  -30.209  -72.033  -9.635 0.5000000000
23729  -32.585  -71.164  -10.730 0.6999999881
23730  -33.405  -71.715  -10.941 0.6999999881
23731  -34.300  -71.979  -11.340 0.6999999881
23732  -35.047  -72.314  -11.727 0.6000000238
23759  -35.861  -71.280  -13.220 0.6000000238
23779  -36.719  -71.364  -14.403 0.6999999881
23780  -37.325  -71.647  -14.999 0.6000000238
23792  -36.854  -71.098  -15.159 0.6000000238
24821  -31.839  -70.746  -10.537 0.6999999881
24831  -31.512  -69.932  -10.908 0.6000000238
24863  -34.617  -70.278  -13.155 0.6999999881
24881  -34.808  -69.850  -13.959 0.6999999881
24882  -35.569  -70.277  -14.331 0.6999999881
24897  -35.996  -70.049  -15.634 0.6999999881
24908  -36.395  -70.152  -16.525 0.6999999881
24918  -37.670  -70.910  -17.134 0.6000000238
24930  -38.094  -70.865  -17.897 0.6000000238
25749  -28.292  -69.565  -10.341 0.5000000000
25751  -30.766  -69.725  -10.646 0.6000000238
25767  -30.584  -69.223  -10.831 0.6000000238
25787  -31.929  -69.178  -12.374 0.6000000238
25804  -33.459  -69.353  -13.420 0.6999999881
25805  -33.977  -69.329  -14.035 0.8000000119
25839  -33.140  -68.642  -15.412 0.6000000238
25857  -34.980  -69.337  -16.983 0.6999999881
25868  -35.588  -69.516  -17.678 0.6999999881
25876  -34.656  -69.170  -18.772 0.6999999881
25878  -36.125  -69.618  -18.316 0.6999999881
25879  -36.940  -69.846  -18.476 0.6999999881
25887  -33.888  -68.780  -20.362 0.5000000000
25889  -36.336  -69.547  -19.188 0.6999999881
25890  -37.268  -69.734  -19.244 0.6999999881
25891  -37.554  -69.665  -20.177 0.6000000238
25901  -34.399  -68.890  -21.167 0.6000000238
26672  -29.451  -68.756  -10.250 0.5000000000
26687  -31.135  -68.640  -11.640 0.6000000238
26706  -31.361  -68.331  -12.365 0.6000000238
26722  -31.357  -68.103  -13.272 0.6000000238
26731  -31.398  -67.979  -14.332 0.6000000238
26732  -31.747  -68.197  -14.781 0.5000000000
26733  -32.602  -68.553  -14.712 0.6000000238
26771  -31.716  -68.023  -16.722 0.5000000000
26772  -32.227  -68.313  -16.948 0.4000000060
26774  -34.181  -68.938  -16.474 0.6999999881
26781  -32.093  -67.895  -17.978 0.4000000060
26782  -32.189  -68.207  -17.657 0.6000000238
26784  -34.046  -68.878  -17.367 0.6999999881
26791  -32.385  -68.042  -18.864 0.6999999881
26826  -33.634  -67.949  -21.780 0.5000000000
26827  -34.356  -68.520  -21.823 0.4000000060
27651  -30.539  -67.956  -10.718 0.5000000000
27666  -28.400  -67.204  -10.802 0.5000000000
27669  -31.777  -67.564  -11.806 0.6000000238
27691  -31.959  -67.532  -12.388 0.6000000238
27709  -31.338  -67.878  -13.613 0.6000000238
27733  -31.594  -67.582  -15.825 0.5000000000
27747  -31.662  -67.630  -16.563 0.5000000000
27754  -31.830  -67.751  -17.239 0.5000000000
27760  -32.076  -67.395  -17.867 0.4000000060
27761  -32.282  -67.477  -18.878 0.6000000238
27771  -32.604  -67.118  -21.034 0.6000000238
27780  -33.078  -67.334  -21.640 0.5000000000
28696  -29.924  -66.542  -10.501 0.5000000000
28710  -28.432  -66.178  -11.035 0.5000000000
28711  -31.460  -67.466  -11.269 0.6000000238
28712  -32.099  -67.100  -11.227 0.6000000238
28730  -33.605  -67.088  -11.924 0.6000000238
28732  -35.321  -66.461  -12.740 0.6999999881
28751  -32.101  -67.099  -14.120 0.5000000000
28753  -35.000  -66.773  -13.676 0.6999999881
28764  -31.874  -67.190  -14.721 0.6000000238
28765  -32.479  -66.859  -14.811 0.5000000000
28768  -36.275  -66.237  -14.546 0.6000000238
28786  -34.731  -66.577  -15.217 0.6000000238
28787  -36.213  -66.164  -15.488 0.6000000238
28802  -32.386  -66.805  -16.345 0.5000000000
28803  -33.382  -66.552  -16.482 0.5000000000
28804  -34.149  -66.436  -17.094 0.5000000000
28806  -36.046  -66.088  -16.392 0.6000000238
28817  -32.239  -67.001  -17.611 0.5000000000
28818  -32.901  -66.731  -18.108 0.4000000060
28828  -34.357  -66.184  -18.749 0.6000000238
28834  -32.719  -66.694  -19.968 0.6000000238
28842  -32.715  -66.706  -20.756 0.6000000238
28856  -32.951  -66.700  -21.820 0.6000000238
28869  -33.617  -66.489  -22.827 0.4000000060
28876  -33.499  -65.901  -22.989 0.4000000060
28877  -34.220  -66.200  -23.196 0.4000000060
29792  -31.478  -65.633  -10.482 0.6000000238
29807  -33.713  -66.115  -10.885 0.6000000238
29809  -35.297  -65.478  -11.368 0.6000000238
29829  -36.520  -65.296  -12.241 0.6000000238
29843  -36.585  -65.904  -13.693 0.6000000238
29854  -37.187  -65.129  -14.659 0.6000000238
29862  -36.690  -65.580  -15.898 0.6000000238
29863  -37.128  -65.156  -15.391 0.6000000238
29871  -35.789  -66.012  -17.356 0.6000000238
29902  -33.484  -65.915  -20.480 0.6000000238
29910  -33.027  -66.262  -21.404 0.5000000000
29911  -33.347  -65.787  -21.260 0.6000000238
29923  -33.024  -66.255  -22.084 0.5000000000
29924  -33.218  -65.729  -21.979 0.5000000000
29933  -33.288  -65.783  -22.538 0.5000000000
30841  -29.055  -64.780  -10.861 0.5000000000
30842  -29.709  -64.797  -10.595 0.5000000000
30843  -31.165  -64.623  -10.490 0.5000000000
30847  -34.813  -64.959  -10.864 0.6000000238
30848  -36.250  -64.094  -10.826 0.5000000000
30859  -29.439  -64.034  -10.942 0.5000000000
30861  -36.403  -64.720  -11.453 0.6000000238
30862  -37.232  -63.619  -11.914 0.6000000238
30892  -37.334  -64.420  -13.468 0.6000000238
30947  -36.076  -64.636  -19.497 0.6000000238
30958  -34.769  -64.050  -21.088 0.6000000238
31835  -34.522  -64.057  -10.793 0.5000000000
31836  -35.811  -63.623  -10.521 0.4000000060
31837  -36.265  -63.329  -10.651 0.5000000000
31849  -31.938  -63.101  -11.543 0.5000000000
31850  -32.782  -63.380  -11.242 0.5000000000
31852  -34.129  -63.210  -10.857 0.4000000060
31894  -37.548  -63.622  -14.747 0.6000000238
31920  -37.280  -63.699  -17.184 0.6999999881
32829  -35.734  -62.804  -10.312 0.4000000060
32839  -31.864  -62.447  -12.258 0.5000000000
32843  -37.198  -62.689  -11.330 0.6000000238
32858  -32.110  -62.181  -12.271 0.5000000000
32885  -37.514  -62.183  -15.749 0.6999999881
32900  -36.807  -62.968  -18.445 0.6999999881
32918  -34.800  -61.812  -20.896 0.6000000238
32929  -34.609  -62.711  -21.502 0.6000000238
32936  -34.466  -62.493  -21.860 0.5000000000
32952  -35.156  -62.952  -23.296 0.4000000060
33916  -34.346  -61.810  -10.103 0.4000000060
33918  -37.200  -61.178  -10.782 0.6000000238
33938  -37.851  -61.541  -12.339 0.6000000238
33965  -37.500  -61.338  -15.510 0.6000000238
33973  -37.094  -61.026  -16.967 0.6000000238
34001  -35.199  -61.774  -20.203 0.6000000238
34926  -37.921  -60.764  -12.090 0.5000000000
34938  -37.976  -61.055  -13.822 0.5000000000
34975  -36.231  -60.630  -18.134 0.6999999881
34986  -34.688  -59.636  -19.702 0.5000000000
34988  -35.704  -60.802  -18.944 0.6000000238
34996  -34.559  -59.923  -20.349 0.5000000000
35017  -34.661  -61.153  -22.265 0.5000000000
36039  -36.639  -59.353  -16.847 0.5000000000
36049  -35.426  -59.136  -18.152 0.4000000060
36072  -34.262  -59.138  -19.935 0.5000000000
37024  -38.043  -59.171  -13.897 0.5000000000
37098  -34.061  -58.119  -18.958 0.5000000000
37997  -35.767  -56.968  -16.283 0.5000000000
37999  -37.134  -57.697  -15.313 0.4000000060
38017  -34.774  -57.497  -17.645 0.4000000060
38034  -33.128  -57.567  -19.615 0.5000000000
38043  -34.312  -57.969  -20.827 0.5000000000
38965  -34.963  -56.606  -16.688 0.5000000000
38973  -32.227  -55.988  -18.023 0.4000000060
38986  -31.981  -56.170  -18.602 0.4000000060
38987  -32.420  -56.650  -18.872 0.5000000000
38999  -31.921  -56.217  -19.044 0.5000000000
39011  -33.081  -57.141  -19.915 0.5000000000
39964  -33.628  -55.043  -15.802 0.4000000060
40006  -33.174  -55.650  -19.749 0.5000000000
40008  -35.356  -55.539  -19.758 0.3000000119
40976  -31.195  -54.134  -17.697 0.4000000060
40998  -31.660  -54.562  -18.745 0.5000000000
40999  -33.291  -54.508  -19.252 0.5000000000
41000  -34.393  -54.548  -18.918 0.3000000119
41010  -32.176  -54.915  -19.245 0.5000000000
42013  -30.799  -53.504  -17.910 0.4000000060
42016  -35.428  -53.705  -17.527 0.4000000060
42028  -31.115  -53.398  -18.238 0.4000000060
42031  -33.869  -53.866  -18.732 0.5000000000
43064  -35.327  -51.823  -16.144 0.4000000060
43071  -34.591  -52.302  -16.706 0.4000000060
44176  -34.846  -51.149  -15.941 0.4000000060
44183  -30.531  -51.572  -17.041 0.4000000060
44193  -31.553  -52.057  -17.773 0.4000000060
44194  -32.581  -52.123  -17.614 0.4000000060
45334  -33.596  -50.295  -15.809 0.4000000060
45337  -36.420  -50.408  -15.599 0.3000000119
46487  -31.631  -50.069  -16.516 0.4000000060
47609  -35.017  -48.772  -14.965 0.3000000119
49573  -35.162  -46.375  -15.494 0.3000000119
50468  -31.683  -45.598  -15.226 0.5000000000
50471  -33.961  -45.406  -15.676 0.4000000060
51487  -30.686  -44.614  -15.023 0.5000000000
136820  -37.564  -62.140  -11.759 0.6000000238
136985  -38.062  -60.893  -12.954 0.6000000238
137215  -29.989  -69.488  -10.301 0.6000000238
138506  -34.572  -62.616  -22.460 0.5000000000
138983  -31.802  -68.181  -16.148 0.5000000000
139024  -37.629  -62.038  -14.920 0.6000000238
139513  -32.938  -66.714  -19.206 0.6000000238
140039  -36.995  -70.438  -17.069 0.6999999881
140461  -31.577  -67.965  -16.140 0.5000000000
140704  -34.155  -66.506  -11.435 0.6000000238
141722  -31.376  -71.158  -10.098 0.6999999881
141887  -32.910  -66.902  -14.193 0.6000000238
142894  -36.065  -49.723  -15.441 0.3000000119
143100  -34.545  -60.349  -21.625 0.5000000000
143602  -32.361  -62.599  -11.703 0.4000000060
144839  -35.841  -74.854  -12.790 0.6000000238
144896  -34.535  -65.053  -23.530 0.4000000060
145337  -32.441  -67.720  -19.580 0.6999999881
145825  -28.677  -70.072  -10.020 0.5000000000
146115  -30.719  -67.057  -10.639 0.6000000238
148245  -31.416  -47.066  -15.409 0.5000000000
148738  -35.398  -64.365  -20.338 0.6000000238
148780  -35.667  -70.012  -14.991 0.6999999881
148785  -32.706  -57.104  -19.360 0.5000000000
149245  -37.762  -58.941  -14.627 0.5000000000
149444  -34.716  -67.614  -22.779 0.4000000060
150113  -33.192  -67.941  -21.268 0.5000000000
150195  -34.988  -57.254  -21.071 0.4000000060
150306  -32.691  -68.887  -13.434 0.6000000238
151054  -34.517  -60.179  -20.965 0.5000000000
151998  -30.114  -65.563  -10.475 0.5000000000
153503  -37.415  -62.426  -16.544 0.6999999881
155161  -33.754  -65.138  -22.989 0.4000000060
156542  -30.985  -45.682  -15.208 0.5000000000
156705  -36.764  -65.486  -13.068 0.6000000238
156782  -34.554  -66.752  -14.393 0.6999999881
156934  -33.737  -67.189  -12.787 0.6999999881
157102  -32.116  -66.965  -16.923 0.5000000000
158088  -33.551  -67.391  -22.188 0.5000000000
159957  -36.391  -71.484  -13.682 0.6999999881
160850  -35.183  -69.766  -14.685 0.6999999881
161394  -30.105  -67.397  -10.517 0.5000000000
161855  -33.068  -66.415  -22.235 0.5000000000
162800  -33.423  -66.705  -11.298 0.6000000238
163650  -37.222  -63.150  -11.568 0.6000000238
164453  -33.714  -55.411  -16.198 0.4000000060
