#!ascii label  , from subject sub-v1s0x0050659_ses-1 vox2ras=TkReg
1120
73673  -25.839  -23.149  -5.742 0.4285714328
74597  -26.499  -21.528  -6.478 0.2857142985
73688  -26.194  -22.309  -6.188 0.4285714328
74582  -26.859  -21.880  -5.697 0.4285714328
75460  -27.867  -20.949  -5.226 0.4285714328
75476  -26.680  -20.691  -6.738 0.2857142985
75477  -27.401  -20.228  -6.370 0.4285714328
76449  -28.077  -19.732  -5.946 0.4285714328
76482  -27.256  -19.264  -7.589 0.4285714328
77484  -27.648  -18.573  -7.003 0.4285714328
78514  -27.638  -17.889  -7.567 0.4285714328
78515  -27.959  -17.212  -7.676 0.4285714328
79454  -28.494  -16.164  -9.791 0.5714285970
139930  -28.200  -16.829  -8.735 0.5714285970
79440  -28.421  -16.493  -7.716 0.4285714328
80323  -28.928  -15.741  -7.612 0.2857142985
80342  -29.109  -15.481  -9.714 0.7142857313
80343  -29.210  -15.372  -8.662 0.7142857313
81321  -29.717  -14.239  -8.201 0.7142857313
160492  -30.011  -13.634  -7.930 0.4285714328
81336  -29.756  -14.879  -9.346 0.7142857313
139635  -30.194  -13.057  -8.146 0.5714285970
82343  -29.540  -14.001  -9.386 0.5714285970
82331  -29.830  -12.907  -8.535 0.5714285970
84146  -29.885  -12.085  -8.645 0.5714285970
83272  -30.418  -12.276  -8.545 0.5714285970
83271  -29.451  -13.168  -8.911 0.5714285970
83256  -31.077  -11.901  -8.643 0.4285714328
85070  -30.300  -11.205  -9.308 0.5714285970
146788  -30.847  -10.269  -10.058 0.5714285970
84145  -28.979  -12.123  -8.468 0.7142857313
85055  -30.202  -10.415  -9.789 0.7142857313
85932  -30.615  -9.754  -9.309 0.7142857313
85945  -30.957  -9.594  -9.322 0.5714285970
143019  -29.506  -11.672  -8.407 0.5714285970
83269  -27.479  -12.028  -9.101 0.5714285970
85054  -29.511  -10.872  -7.936 0.8571428657
157695  -30.359  -9.065  -8.483 0.7142857313
86844  -31.232  -8.426  -8.809 0.5714285970
85053  -28.569  -10.486  -7.675 0.7142857313
85068  -27.943  -10.923  -8.248 0.5714285970
87768  -30.810  -7.673  -8.539 0.7142857313
87778  -31.242  -7.476  -8.860 0.5714285970
162077  -29.320  -9.359  -7.620 0.7142857313
86829  -30.298  -8.321  -8.078 0.7142857313
87767  -30.254  -7.350  -7.627 0.5714285970
86828  -29.703  -8.958  -7.741 0.7142857313
88687  -30.998  -6.823  -8.805 0.5714285970
86827  -28.768  -8.928  -7.328 0.5714285970
87766  -28.422  -8.113  -6.845 0.7142857313
88665  -30.256  -6.472  -7.150 0.7142857313
88666  -30.837  -6.341  -8.350 0.7142857313
87755  -28.219  -7.297  -6.494 0.7142857313
88664  -29.252  -6.790  -6.468 0.7142857313
89585  -29.369  -5.309  -5.980 0.7142857313
161760  -30.109  -5.466  -6.601 0.5714285970
88663  -27.949  -6.419  -6.324 0.7142857313
86825  -26.747  -8.112  -7.471 0.5714285970
90532  -30.348  -4.203  -6.480 0.5714285970
91478  -29.942  -3.921  -5.650 0.5714285970
88674  -27.206  -6.855  -6.690 0.8571428657
91477  -28.975  -4.073  -5.178 0.7142857313
89584  -28.281  -5.251  -5.830 0.8571428657
90530  -28.587  -4.693  -5.505 0.7142857313
93352  -28.386  -1.956  -4.359 0.8571428657
92415  -29.931  -2.884  -4.750 0.5714285970
146204  -28.454  -3.441  -4.854 0.8571428657
91476  -27.339  -3.729  -5.711 0.8571428657
90529  -27.594  -4.642  -5.766 0.8571428657
141368  -28.072  -4.025  -5.266 0.8571428657
151611  -27.935  -1.067  -4.338 0.8571428657
95075  -29.044  0.339  -3.953 0.8571428657
95099  -28.449  0.989  -4.302 0.8571428657
92434  -27.900  -2.664  -4.858 0.8571428657
146211  -27.708  -0.234  -4.565 0.8571428657
95098  -27.502  0.652  -4.641 1.0000000000
163734  -28.267  0.274  -4.407 1.0000000000
93351  -27.596  -1.691  -4.965 0.8571428657
96073  -27.780  1.576  -4.663 1.0000000000
152739  -26.975  -0.025  -4.760 1.0000000000
97003  -27.934  2.508  -4.739 1.0000000000
97903  -26.807  3.481  -5.556 0.7142857313
156605  -27.274  2.050  -5.017 1.0000000000
97905  -28.427  3.309  -4.691 1.0000000000
102345  -29.428  8.310  -5.555 1.0000000000
101370  -28.769  7.756  -5.658 0.8571428657
103303  -29.016  9.892  -5.893 0.8571428657
103290  -29.230  9.170  -5.708 1.0000000000
106425  -28.734  13.335  -6.646 0.8571428657
135881  -28.765  11.905  -6.652 0.8571428657
136126  -29.395  11.478  -6.016 1.0000000000
107896  -27.595  15.648  -7.405 0.8571428657
107185  -27.968  14.824  -7.088 0.8571428657
107895  -26.621  15.182  -7.962 0.7142857313
107183  -26.390  14.176  -8.276 0.5714285970
108648  -25.296  16.364  -9.114 0.7142857313
109352  -25.839  17.539  -8.986 0.5714285970
107197  -24.036  13.962  -10.883 0.5714285970
142866  -25.413  13.857  -9.522 0.5714285970
106447  -23.608  13.921  -10.601 0.4285714328
108673  -23.247  15.694  -11.271 0.4285714328
109382  -23.042  16.541  -11.398 0.4285714328
152765  -22.339  15.215  -7.309 0.2857142985
108632  -22.868  15.934  -7.388 0.2857142985
146827  -22.328  14.819  -8.359 0.2857142985
108625  -22.830  15.599  -6.818 0.2857142985
86843  -30.956  -8.629  -8.724 0.5714285970
92435  -30.292  -3.303  -5.560 0.5714285970
90531  -29.635  -4.564  -5.803 0.7142857313
92414  -28.870  -2.845  -4.408 0.8571428657
93329  -28.898  -1.230  -4.063 0.8571428657
94190  -29.513  -0.460  -3.963 0.8571428657
98779  -27.871  4.889  -5.046 0.8571428657
108623  -25.100  16.201  -5.313 0.1428571492
74616  -26.102  -21.189  -7.275 0.2857142985
75490  -26.389  -20.485  -7.636 0.2857142985
75491  -27.056  -20.010  -7.202 0.2857142985
76467  -27.579  -19.480  -6.741 0.4285714328
78505  -28.012  -17.708  -6.872 0.4285714328
76499  -26.904  -19.031  -8.420 0.2857142985
137267  -28.388  -16.975  -6.897 0.4285714328
78534  -27.618  -17.655  -8.574 0.5714285970
136558  -28.687  -15.998  -8.675 0.5714285970
80324  -29.336  -14.961  -7.986 0.4285714328
81356  -29.296  -15.390  -11.067 0.2857142985
81335  -29.538  -15.204  -10.620 0.7142857313
148827  -29.872  -14.360  -9.184 0.7142857313
82330  -29.843  -13.632  -8.652 0.4285714328
139518  -28.847  -13.301  -9.472 0.5714285970
84115  -31.662  -11.433  -8.257 0.4285714328
84147  -30.578  -11.341  -9.291 0.7142857313
158925  -30.647  -10.805  -10.078 0.5714285970
85056  -31.567  -10.645  -9.177 0.4285714328
85931  -29.867  -9.769  -8.306 0.7142857313
84143  -27.387  -11.414  -8.700 0.5714285970
88675  -31.070  -6.154  -9.209 0.5714285970
85944  -27.319  -10.045  -8.152 0.5714285970
88688  -31.408  -6.516  -9.213 0.5714285970
87756  -29.160  -7.655  -6.686 0.7142857313
86813  -29.454  -8.271  -7.250 0.7142857313
89598  -30.605  -5.678  -7.427 0.5714285970
86826  -27.689  -8.588  -7.208 0.8571428657
89597  -28.645  -5.891  -6.151 0.7142857313
153303  -29.520  -2.145  -4.237 0.5714285970
91475  -27.257  -2.888  -5.621 1.0000000000
96043  -28.668  1.816  -4.463 1.0000000000
152884  -26.551  -0.226  -5.369 1.0000000000
97904  -27.574  3.408  -5.036 0.8571428657
146908  -27.353  5.036  -5.573 0.7142857313
99636  -28.375  5.585  -4.805 1.0000000000
99624  -29.254  5.488  -4.590 1.0000000000
100485  -28.783  7.027  -5.170 0.7142857313
100473  -29.474  6.872  -4.850 1.0000000000
99641  -27.080  5.580  -5.907 0.7142857313
135885  -28.321  12.636  -6.763 0.8571428657
103304  -29.246  10.609  -5.936 1.0000000000
136350  -30.138  10.923  -5.633 1.0000000000
107927  -23.243  15.094  -11.313 0.7142857313
107911  -25.038  15.323  -9.465 0.7142857313
107921  -24.466  15.553  -10.464 0.7142857313
106448  -24.012  13.271  -10.354 0.4285714328
108647  -22.661  15.951  -8.973 0.2857142985
108661  -22.639  16.163  -10.064 0.4285714328
108663  -24.994  16.942  -9.905 0.4285714328
108672  -22.761  16.539  -10.996 0.4285714328
82342  -29.098  -14.346  -10.124 0.4285714328
82341  -28.208  -13.777  -10.151 0.4285714328
107919  -22.965  14.860  -10.501 0.4285714328
107920  -23.905  14.728  -11.278 0.7142857313
107918  -22.644  15.321  -9.818 0.2857142985
162865  -22.929  16.197  -8.116 0.2857142985
74596  -25.891  -22.004  -7.084 0.2857142985
73687  -25.445  -22.757  -6.799 0.2857142985
74583  -27.497  -21.639  -5.217 0.4285714328
74598  -27.205  -21.041  -5.898 0.4285714328
77493  -27.310  -18.447  -7.982 0.2857142985
77510  -27.151  -18.337  -8.913 0.4285714328
78535  -27.962  -17.097  -9.760 0.4285714328
80357  -29.280  -15.788  -10.974 0.2857142985
155344  -29.575  -14.783  -9.919 0.5714285970
147170  -29.138  -12.645  -8.890 0.5714285970
84148  -31.095  -11.089  -9.636 0.4285714328
85072  -31.490  -10.023  -9.449 0.5714285970
84144  -28.203  -11.741  -8.335 0.7142857313
85069  -28.821  -11.404  -7.797 0.7142857313
83270  -28.424  -12.401  -9.009 0.7142857313
85930  -29.004  -9.851  -7.571 0.5714285970
85929  -28.075  -9.491  -7.494 0.7142857313
143714  -29.792  -5.978  -6.485 0.7142857313
87765  -27.428  -7.720  -6.903 0.8571428657
91468  -29.400  -3.476  -4.898 0.8571428657
90545  -26.829  -4.193  -6.205 0.8571428657
94208  -27.157  -0.815  -5.007 1.0000000000
97002  -27.078  2.716  -5.231 1.0000000000
98778  -27.265  4.285  -5.408 0.8571428657
107169  -28.299  14.069  -6.759 0.8571428657
154126  -27.196  14.768  -7.578 0.8571428657
107191  -25.906  14.703  -8.650 0.7142857313
107912  -25.828  15.649  -8.525 0.7142857313
150580  -25.349  14.731  -9.286 0.5714285970
107190  -24.613  14.315  -10.414 0.5714285970
106439  -23.031  13.588  -9.610 0.4285714328
107196  -23.000  14.261  -10.099 0.4285714328
108674  -23.433  15.855  -11.357 0.4285714328
107167  -22.145  14.858  -6.666 0.2857142985
107910  -22.536  14.650  -9.500 0.2857142985
108626  -23.740  16.038  -6.418 0.2857142985
108627  -24.605  16.585  -5.899 0.1428571492
76481  -26.741  -19.796  -8.053 0.2857142985
158213  -29.476  -15.023  -10.770 0.2857142985
100472  -28.142  6.367  -5.156 1.0000000000
140154  -23.816  15.343  -11.422 0.5714285970
111972  -22.711  20.899  -12.270 0.2857142985
112710  -22.636  22.026  -10.293 0.1428571492
110141  -22.617  18.587  -11.184 0.2857142985
111042  -22.976  20.216  -12.592 0.2857142985
111938  -22.527  20.963  -10.385 0.1428571492
113422  -22.961  22.465  -9.481 0.1428571492
109350  -22.352  17.602  -9.227 0.1428571492
110132  -22.316  18.435  -10.510 0.2857142985
110992  -22.710  19.290  -9.137 0.1428571492
146632  -24.237  19.559  -12.589 0.2857142985
111028  -23.006  19.120  -11.886 0.2857142985
110148  -29.084  18.170  -10.770 0.2857142985
149211  -27.128  18.773  -11.585 0.2857142985
111924  -23.306  20.790  -8.746 0.1428571492
110142  -23.102  17.467  -11.378 0.2857142985
109369  -27.329  18.355  -9.039 0.2857142985
111020  -24.327  18.970  -11.716 0.2857142985
109397  -22.865  18.021  -11.329 0.2857142985
109357  -30.322  17.220  -8.441 0.1428571492
146397  -27.613  18.512  -9.976 0.2857142985
111021  -25.566  19.052  -11.302 0.2857142985
111923  -22.807  20.202  -9.619 0.1428571492
110144  -25.012  18.631  -10.883 0.2857142985
110157  -23.303  18.476  -11.619 0.2857142985
107901  -33.611  15.793  -7.640 0.1428571492
108640  -32.431  16.276  -7.823 0.1428571492
110130  -29.046  17.949  -8.984 0.4285714328
107161  -32.082  14.173  -5.911 0.2857142985
108637  -29.423  16.477  -7.434 0.4285714328
108650  -27.115  17.217  -7.845 0.2857142985
109383  -23.568  16.921  -11.194 0.2857142985
158768  -33.301  12.652  -5.156 0.1428571492
107887  -31.279  15.299  -6.419 0.2857142985
108651  -28.047  17.123  -7.777 0.4285714328
107171  -30.007  14.774  -6.447 0.5714285970
108635  -27.622  16.521  -7.607 0.7142857313
136069  -33.502  11.053  -4.745 0.1428571492
105694  -32.674  12.927  -5.379 0.1428571492
107897  -28.421  15.509  -7.064 0.7142857313
108649  -26.221  16.906  -8.303 0.4285714328
106428  -31.193  13.911  -5.872 0.4285714328
103284  -33.815  9.666  -4.559 0.2857142985
135892  -33.182  10.167  -4.609 0.7142857313
107170  -29.169  14.038  -6.586 0.7142857313
103291  -29.890  9.870  -5.703 0.8571428657
154734  -31.537  11.279  -5.544 0.8571428657
105704  -30.170  12.791  -5.863 0.5714285970
101358  -34.625  7.748  -4.620 0.2857142985
155603  -34.247  8.441  -4.574 0.2857142985
136980  -30.826  12.314  -5.638 0.7142857313
145283  -27.849  11.960  -7.041 0.5714285970
135886  -30.110  11.908  -5.738 0.8571428657
149678  -34.505  7.014  -4.848 0.1428571492
103283  -32.710  9.438  -4.556 0.7142857313
99629  -34.110  5.715  -5.258 0.1428571492
93378  -24.563  -1.386  -8.373 0.5714285970
96071  -26.392  1.233  -5.741 0.8571428657
96093  -25.624  1.054  -6.429 0.4285714328
152322  -26.060  1.973  -6.117 0.5714285970
101371  -29.531  7.538  -5.262 0.8571428657
99625  -30.040  5.302  -4.369 0.8571428657
101372  -30.233  8.032  -5.237 0.8571428657
147536  -33.236  5.038  -4.772 0.2857142985
149549  -31.270  7.054  -4.441 0.8571428657
102332  -30.855  8.680  -4.961 0.8571428657
98781  -34.050  4.864  -5.711 0.4285714328
100476  -32.681  6.348  -4.432 0.7142857313
102334  -32.532  8.441  -4.520 0.7142857313
164391  -24.435  -1.785  -9.241 0.2857142985
153811  -26.035  -0.537  -6.152 0.5714285970
94223  -25.451  -0.491  -6.960 0.5714285970
96072  -26.984  1.369  -5.044 0.8571428657
152737  -28.832  3.906  -4.654 0.8571428657
98767  -28.769  4.700  -4.657 0.8571428657
161180  -30.776  6.471  -4.463 0.8571428657
101353  -30.308  7.165  -4.768 0.8571428657
163525  -32.166  4.099  -4.541 0.4285714328
99627  -31.544  5.176  -4.356 0.8571428657
100475  -31.678  6.140  -4.393 0.8571428657
97894  -33.231  3.715  -5.172 0.4285714328
87763  -25.874  -6.803  -7.738 0.7142857313
89615  -25.466  -5.399  -8.910 0.4285714328
90544  -26.384  -4.682  -6.704 0.8571428657
142723  -25.535  -4.108  -8.221 0.5714285970
92466  -24.966  -2.939  -8.178 0.5714285970
92473  -24.769  -3.064  -9.058 0.4285714328
155295  -26.334  -3.936  -6.739 0.8571428657
92455  -25.492  -2.767  -7.423 0.5714285970
93387  -24.912  -2.150  -7.774 0.5714285970
92433  -27.284  -2.176  -5.465 0.8571428657
162380  -26.050  -1.883  -6.511 0.7142857313
92442  -25.489  -2.002  -7.029 0.5714285970
150032  -30.497  1.006  -4.145 0.7142857313
96045  -30.238  1.792  -4.271 0.7142857313
145829  -30.192  3.359  -4.417 0.7142857313
149048  -30.501  4.138  -4.389 0.8571428657
96074  -32.650  1.546  -5.304 0.2857142985
96980  -32.684  2.073  -4.827 0.4285714328
146796  -32.338  2.816  -4.644 0.5714285970
86842  -26.964  -9.066  -7.708 0.4285714328
86841  -26.044  -8.405  -8.303 0.4285714328
88695  -25.400  -6.573  -9.294 0.4285714328
89596  -27.531  -5.534  -6.172 0.7142857313
89595  -26.624  -5.483  -6.590 0.7142857313
144402  -26.916  -4.918  -6.215 0.7142857313
91488  -26.629  -3.260  -6.309 0.8571428657
94191  -30.556  -0.497  -4.347 0.7142857313
156988  -31.635  0.158  -5.208 0.2857142985
95077  -30.993  0.301  -4.436 0.5714285970
95076  -30.028  0.326  -3.874 0.5714285970
86852  -25.767  -8.906  -9.185 0.5714285970
87777  -26.050  -7.590  -7.806 0.5714285970
88662  -27.078  -6.122  -6.513 0.7142857313
164303  -30.510  -2.847  -5.409 0.4285714328
93331  -31.169  -1.314  -4.988 0.4285714328
94192  -31.357  -0.476  -5.041 0.4285714328
83279  -26.748  -12.319  -9.714 0.5714285970
87779  -31.701  -7.296  -8.950 0.4285714328
88689  -31.874  -6.440  -9.345 0.4285714328
91489  -30.852  -3.190  -7.883 0.4285714328
90546  -30.410  -4.876  -6.812 0.4285714328
79416  -28.846  -16.723  -6.265 0.1428571492
89607  -30.936  -5.593  -8.931 0.4285714328
89599  -30.937  -4.835  -8.256 0.4285714328
157453  -31.129  -3.542  -8.360 0.4285714328
155826  -29.444  -15.345  -7.122 0.1428571492
81310  -30.279  -14.536  -6.415 0.1428571492
83239  -31.501  -12.349  -7.384 0.2857142985
86815  -33.301  -8.297  -7.059 0.2857142985
88656  -33.411  -6.267  -6.553 0.2857142985
86831  -33.018  -7.413  -7.812 0.2857142985
85057  -32.161  -10.122  -8.379 0.4285714328
88667  -33.070  -5.969  -8.004 0.2857142985
88678  -32.909  -6.589  -8.341 0.2857142985
153404  -32.374  -7.757  -8.392 0.2857142985
89601  -32.723  -5.089  -7.946 0.2857142985
89600  -32.396  -5.429  -8.713 0.4285714328
80298  -29.885  -15.869  -5.677 0.1428571492
80310  -29.791  -15.240  -6.361 0.1428571492
79428  -28.717  -16.351  -6.945 0.1428571492
81299  -30.712  -13.804  -6.603 0.2857142985
82300  -31.116  -13.133  -6.996 0.2857142985
84099  -32.957  -10.983  -5.709 0.2857142985
85042  -33.170  -9.773  -6.525 0.2857142985
84129  -32.162  -10.817  -7.890 0.2857142985
86814  -33.169  -9.085  -7.055 0.2857142985
80299  -30.371  -15.133  -5.626 0.1428571492
82274  -32.243  -13.055  -4.752 0.2857142985
81300  -30.928  -14.307  -5.595 0.2857142985
83226  -31.968  -12.386  -6.279 0.2857142985
82292  -31.274  -13.458  -6.052 0.2857142985
81322  -30.206  -14.082  -7.296 0.2857142985
83227  -32.496  -11.771  -5.826 0.2857142985
164154  -27.751  -20.430  -5.701 0.2857142985
78495  -28.626  -17.491  -6.132 0.1428571492
77485  -28.286  -18.329  -6.271 0.2857142985
79417  -29.454  -16.706  -5.677 0.1428571492
155813  -26.589  -23.231  -5.065 0.2857142985
72759  -26.202  -23.880  -5.031 0.2857142985
72774  -25.399  -24.041  -5.584 0.2857142985
76468  -28.508  -18.966  -5.736 0.2857142985
72760  -27.045  -23.753  -4.578 0.1428571492
159552  -25.087  -24.632  -5.366 0.2857142985
70797  -25.099  -25.191  -5.103 0.1428571492
82273  -31.624  -13.710  -5.188 0.2857142985
136949  -33.618  -9.025  -6.305 0.2857142985
84116  -32.456  -11.044  -6.694 0.2857142985
86802  -33.525  -7.604  -6.830 0.2857142985
86845  -31.771  -8.464  -8.617 0.4285714328
87769  -32.396  -6.852  -8.857 0.4285714328
162191  -32.457  -4.374  -8.089 0.2857142985
89605  -25.688  -5.565  -8.101 0.7142857313
90548  -31.278  -4.284  -8.523 0.4285714328
92456  -26.055  -2.578  -6.727 0.5714285970
92416  -30.749  -2.297  -5.000 0.4285714328
93354  -31.539  -1.001  -5.972 0.2857142985
95101  -32.158  0.762  -5.415 0.2857142985
155488  -31.626  0.789  -4.710 0.5714285970
144258  -28.426  10.314  -6.491 0.7142857313
146457  -31.076  3.460  -4.358 0.7142857313
102346  -30.036  8.941  -5.351 0.8571428657
106435  -26.485  13.336  -8.165 0.4285714328
106436  -27.129  13.034  -7.505 0.5714285970
96981  -33.094  2.793  -5.072 0.2857142985
103281  -30.760  9.503  -5.332 0.8571428657
135884  -29.473  12.364  -6.198 0.8571428657
146986  -33.499  8.949  -4.555 0.5714285970
109367  -25.449  17.990  -9.746 0.2857142985
106416  -32.607  13.580  -5.647 0.4285714328
107172  -31.412  14.587  -6.097 0.4285714328
111917  -23.828  20.170  -8.155 0.1428571492
109356  -29.407  17.435  -8.413 0.2857142985
109347  -31.095  16.926  -7.916 0.1428571492
111030  -25.019  19.417  -12.145 0.2857142985
73657  -27.296  -22.877  -4.708 0.1428571492
77467  -28.822  -18.193  -5.565 0.1428571492
161980  -28.051  -19.019  -6.344 0.2857142985
142343  -30.657  -15.871  -5.152 0.1428571492
161769  -31.648  -15.249  -4.628 0.1428571492
143444  -30.542  -13.404  -7.470 0.2857142985
136437  -31.542  -12.868  -6.451 0.2857142985
85905  -33.632  -9.628  -5.772 0.2857142985
155758  -33.950  -8.218  -6.050 0.2857142985
148470  -26.353  -9.382  -8.649 0.5714285970
85041  -32.592  -10.291  -7.174 0.2857142985
87786  -25.284  -7.356  -9.590 0.2857142985
89586  -33.147  -5.533  -7.021 0.2857142985
90550  -32.676  -3.761  -7.734 0.2857142985
88672  -25.849  -6.048  -7.701 0.7142857313
88673  -26.373  -6.271  -7.066 0.5714285970
90566  -24.943  -4.162  -9.838 0.4285714328
90554  -25.631  -4.826  -8.162 0.5714285970
93399  -24.245  -1.157  -9.360 0.2857142985
92465  -24.636  -2.312  -8.678 0.5714285970
138903  -31.734  -3.766  -8.479 0.2857142985
91499  -25.522  -3.506  -7.827 0.7142857313
94239  -24.801  -0.462  -7.751 0.2857142985
92444  -30.981  -2.625  -8.116 0.1428571492
93353  -31.325  -1.862  -6.261 0.4285714328
138762  -31.565  -1.389  -7.456 0.1428571492
97891  -29.284  3.317  -4.506 0.8571428657
94224  -31.667  -0.604  -6.626 0.1428571492
160959  -31.072  0.902  -4.418 0.5714285970
97004  -33.067  2.118  -5.272 0.2857142985
97893  -32.626  3.551  -4.743 0.5714285970
136268  -30.681  10.206  -5.588 0.8571428657
98791  -34.445  5.024  -6.521 0.2857142985
155431  -34.505  5.662  -5.937 0.1428571492
144189  -22.537  16.700  -9.410 0.2857142985
100477  -33.434  6.584  -4.546 0.4285714328
101373  -35.073  7.319  -5.152 0.1428571492
136020  -32.222  11.544  -5.348 0.5714285970
102336  -34.953  8.523  -4.607 0.1428571492
136060  -34.073  10.430  -4.568 0.1428571492
105688  -34.410  12.161  -4.884 0.1428571492
110993  -23.228  19.294  -8.363 0.1428571492
135888  -31.435  12.609  -5.555 0.5714285970
104949  -34.447  11.344  -4.703 0.1428571492
106417  -33.429  13.387  -5.471 0.1428571492
109355  -28.558  17.611  -8.292 0.2857142985
109346  -30.260  16.712  -7.649 0.2857142985
149160  -31.928  14.891  -6.222 0.2857142985
158032  -33.324  14.616  -6.284 0.1428571492
107889  -33.725  15.413  -7.122 0.1428571492
107900  -32.923  15.735  -7.320 0.1428571492
110136  -29.447  17.950  -9.865 0.2857142985
109384  -29.913  17.742  -10.738 0.2857142985
109371  -30.648  17.399  -9.420 0.1428571492
109372  -31.459  17.214  -9.773 0.1428571492
74568  -28.885  -21.614  -4.454 0.1428571492
78496  -29.981  -17.408  -5.192 0.1428571492
96095  -32.343  1.153  -6.082 0.2857142985
108654  -33.585  16.448  -8.649 0.1428571492
109398  -30.307  17.684  -11.592 0.2857142985
72785  -24.948  -23.667  -6.561 0.2857142985
73674  -26.625  -22.580  -5.380 0.2857142985
163151  -27.184  -22.218  -5.111 0.1428571492
74567  -28.146  -21.574  -4.772 0.1428571492
75461  -28.308  -20.277  -5.252 0.1428571492
76450  -28.657  -19.594  -5.243 0.1428571492
80309  -29.212  -15.943  -6.447 0.1428571492
81309  -29.799  -14.742  -7.222 0.2857142985
82313  -30.857  -12.714  -7.914 0.2857142985
85946  -31.268  -9.386  -8.989 0.4285714328
87764  -26.547  -7.227  -7.244 0.5714285970
91479  -30.621  -3.593  -6.618 0.4285714328
150687  -29.445  2.000  -4.401 0.7142857313
95116  -26.124  0.373  -5.881 0.8571428657
93350  -26.952  -1.523  -5.588 0.8571428657
94207  -26.604  -0.907  -5.670 0.8571428657
96977  -28.915  2.598  -4.511 0.8571428657
152632  -28.116  4.078  -4.925 0.8571428657
106424  -27.877  13.300  -6.874 0.5714285970
107884  -28.888  14.878  -6.738 0.7142857313
108634  -26.824  16.215  -7.827 0.5714285970
109353  -26.628  17.967  -8.318 0.2857142985
110143  -24.048  18.103  -11.054 0.2857142985
93330  -30.119  -1.338  -4.285 0.4285714328
161122  -28.989  -17.081  -5.842 0.1428571492
83280  -27.763  -12.811  -9.641 0.5714285970
83240  -32.051  -11.730  -6.956 0.2857142985
88676  -31.486  -5.863  -9.423 0.4285714328
93367  -25.722  -1.261  -6.663 0.5714285970
101354  -30.998  7.850  -4.723 0.8571428657
109365  -22.422  17.063  -10.150 0.2857142985
109366  -24.567  17.500  -10.502 0.2857142985
149918  -22.539  17.645  -10.855 0.2857142985
160346  -22.196  17.834  -10.111 0.2857142985
111027  -22.684  19.728  -11.597 0.2857142985
112722  -22.424  21.602  -11.016 0.1428571492
143810  -22.498  19.952  -10.689 0.2857142985
112711  -22.939  21.371  -9.503 0.1428571492
111019  -22.431  19.106  -10.874 0.2857142985
111043  -23.506  19.895  -12.688 0.2857142985
111009  -22.424  19.230  -10.083 0.1428571492
110127  -22.310  18.486  -9.606 0.1428571492
111029  -23.546  19.234  -12.141 0.2857142985
110147  -28.158  18.492  -10.824 0.2857142985
110158  -26.338  19.119  -11.618 0.2857142985
110145  -26.480  18.746  -10.790 0.2857142985
144554  -23.222  19.945  -8.801 0.1428571492
109368  -26.323  18.261  -9.246 0.2857142985
110135  -28.443  18.281  -9.728 0.2857142985
110129  -28.207  18.048  -8.810 0.2857142985
109345  -29.671  17.009  -7.922 0.2857142985
109358  -31.263  17.063  -8.833 0.1428571492
146445  -25.833  18.512  -10.234 0.2857142985
108641  -33.191  16.096  -8.049 0.1428571492
108630  -32.159  16.053  -7.192 0.1428571492
108653  -32.715  16.469  -8.579 0.1428571492
109370  -29.839  17.590  -9.163 0.1428571492
107162  -33.001  14.126  -5.890 0.1428571492
107885  -29.678  15.227  -6.683 0.5714285970
107899  -30.096  15.985  -7.034 0.4285714328
108636  -28.457  16.329  -7.365 0.5714285970
106418  -34.437  13.423  -5.388 0.1428571492
136003  -32.967  11.522  -5.011 0.1428571492
108638  -30.927  16.386  -7.281 0.2857142985
107888  -32.229  15.479  -6.651 0.2857142985
107886  -30.414  15.309  -6.572 0.4285714328
151717  -30.616  14.562  -6.196 0.5714285970
149915  -29.852  14.153  -6.360 0.7142857313
135891  -32.691  10.845  -5.041 0.4285714328
155220  -32.085  12.408  -5.442 0.5714285970
150856  -33.272  9.573  -4.519 0.5714285970
103292  -32.268  10.088  -4.918 0.7142857313
135889  -31.895  10.746  -5.379 0.7142857313
135887  -30.871  11.512  -5.617 0.7142857313
102335  -33.641  7.995  -4.538 0.5714285970
150090  -33.442  5.786  -4.710 0.4285714328
102333  -31.552  8.399  -4.665 0.8571428657
93379  -25.110  -1.289  -7.387 0.5714285970
95115  -25.664  0.153  -6.515 0.5714285970
95129  -25.182  0.361  -7.176 0.4285714328
151536  -30.053  4.681  -4.295 0.8571428657
98770  -32.098  4.675  -4.435 0.4285714328
98780  -33.486  4.514  -5.170 0.5714285970
150865  -32.064  6.917  -4.365 0.8571428657
98769  -31.419  4.287  -4.430 0.7142857313
87776  -25.621  -7.312  -8.619 0.5714285970
162064  -25.445  -6.008  -9.109 0.4285714328
89606  -25.992  -5.306  -7.339 0.7142857313
90555  -25.912  -4.237  -7.433 0.7142857313
90560  -25.307  -4.390  -9.002 0.4285714328
91507  -25.201  -3.621  -8.621 0.5714285970
162932  -24.994  -3.707  -9.344 0.4285714328
137572  -24.212  -3.216  -10.419 0.2857142985
91500  -26.005  -3.367  -7.088 0.7142857313
92443  -26.650  -2.229  -6.058 0.8571428657
96046  -31.211  1.505  -4.388 0.5714285970
146079  -30.874  2.539  -4.272 0.7142857313
95100  -31.859  0.034  -6.003 0.2857142985
88677  -32.347  -6.053  -9.121 0.4285714328
90547  -30.788  -3.995  -7.748 0.4285714328
91490  -31.342  -2.996  -8.426 0.4285714328
92436  -30.952  -2.806  -6.599 0.4285714328
89608  -31.362  -5.116  -8.997 0.4285714328
163008  -32.819  -8.026  -7.716 0.2857142985
86830  -32.577  -8.643  -7.799 0.2857142985
87757  -33.365  -6.844  -7.310 0.2857142985
85933  -31.971  -9.367  -8.447 0.2857142985
85917  -32.639  -9.546  -7.529 0.2857142985
90549  -31.860  -4.755  -8.707 0.4285714328
79418  -30.324  -16.640  -5.233 0.1428571492
85027  -32.893  -10.474  -6.309 0.2857142985
80300  -30.978  -15.114  -4.932 0.1428571492
82293  -31.796  -12.982  -5.662 0.2857142985
155481  -32.230  -12.479  -5.452 0.2857142985
71809  -25.742  -24.679  -4.898 0.1428571492
72761  -28.037  -23.602  -4.319 0.1428571492
73658  -28.063  -22.761  -4.429 0.1428571492
75442  -28.561  -20.899  -4.783 0.1428571492
110114  -23.378  18.508  -7.965 0.1428571492
104174  -27.409  10.449  -7.169 0.5714285970
102354  -27.345  8.174  -6.474 0.4285714328
103301  -27.187  8.897  -6.902 0.4285714328
103302  -27.772  9.574  -6.783 0.5714285970
101381  -27.517  7.543  -6.228 0.4285714328
151218  -28.497  9.391  -6.162 0.5714285970
137576  -28.780  11.105  -6.403 0.4285714328
98790  -26.803  4.898  -5.954 0.4285714328
100484  -27.453  6.307  -5.766 0.4285714328
100493  -26.816  6.207  -6.335 0.4285714328
151053  -27.201  6.920  -6.227 0.5714285970
102344  -28.643  8.570  -5.892 0.5714285970
97001  -26.417  2.748  -5.811 0.5714285970
88657  -33.847  -6.394  -5.398 0.1428571492
89587  -33.523  -5.570  -6.033 0.1428571492
78553  -27.727  -16.861  -10.335 0.2857142985
88642  -35.540  -5.954  -4.078 0.1428571492
88641  -34.651  -6.351  -4.406 0.1428571492
89572  -36.031  -5.298  -4.188 0.1428571492
90519  -36.514  -4.604  -4.453 0.1428571492
78552  -27.321  -17.496  -10.098 0.2857142985
86803  -34.365  -8.354  -5.202 0.1428571492
86783  -34.739  -7.917  -4.549 0.1428571492
87730  -34.905  -7.171  -4.208 0.1428571492
88644  -37.386  -6.156  -3.793 0.1428571492
148909  -35.674  -6.717  -3.830 0.1428571492
89616  -38.702  -4.888  -7.587 0.1428571492
89588  -37.924  -4.869  -4.891 0.1428571492
90556  -38.700  -4.207  -7.080 0.1428571492
161516  -27.395  -17.769  -9.454 0.2857142985
78551  -26.730  -17.766  -10.278 0.2857142985
162763  -33.410  -11.372  -4.601 0.1428571492
85006  -34.164  -10.471  -4.313 0.1428571492
85889  -33.887  -9.992  -5.091 0.1428571492
85906  -34.124  -9.088  -5.367 0.1428571492
86754  -36.191  -8.090  -3.193 0.1428571492
140820  -34.957  -9.240  -3.709 0.1428571492
87707  -36.945  -7.494  -3.251 0.1428571492
85891  -35.226  -8.391  -3.756 0.1428571492
88645  -38.221  -6.572  -4.057 0.1428571492
140828  -39.077  -6.248  -5.868 0.1428571492
89610  -38.844  -5.585  -7.263 0.1428571492
89602  -38.918  -5.544  -6.312 0.1428571492
77526  -26.920  -18.139  -9.734 0.2857142985
76511  -25.852  -19.168  -9.401 0.2857142985
83199  -32.925  -12.625  -4.133 0.1428571492
84040  -33.806  -11.325  -4.097 0.1428571492
85860  -34.708  -10.075  -3.637 0.1428571492
87708  -37.775  -7.831  -3.374 0.1428571492
142400  -38.713  -6.333  -4.884 0.1428571492
87709  -38.358  -7.407  -3.879 0.1428571492
157855  -38.004  -5.576  -9.236 0.1428571492
147556  -38.545  -5.611  -8.181 0.1428571492
82244  -33.486  -13.104  -3.541 0.1428571492
84041  -34.967  -11.338  -2.855 0.1428571492
151940  -34.191  -12.645  -3.114 0.1428571492
85843  -36.883  -9.925  -2.685 0.1428571492
84977  -34.492  -10.908  -3.521 0.1428571492
86733  -36.812  -8.962  -2.789 0.1428571492
85861  -35.425  -9.781  -3.039 0.1428571492
86755  -37.808  -8.699  -3.203 0.1428571492
88668  -39.092  -6.278  -6.871 0.1428571492
87732  -38.807  -7.785  -4.420 0.1428571492
88690  -38.169  -6.506  -8.944 0.1428571492
88679  -38.764  -6.383  -7.857 0.1428571492
81247  -33.494  -14.116  -3.513 0.1428571492
81280  -31.556  -14.546  -4.809 0.1428571492
83167  -35.748  -12.616  -2.421 0.1428571492
83166  -34.901  -13.097  -2.611 0.1428571492
84951  -35.606  -11.026  -2.581 0.1428571492
83180  -34.896  -12.175  -2.711 0.1428571492
83179  -33.615  -12.192  -3.724 0.1428571492
85864  -38.361  -9.327  -3.729 0.1428571492
84979  -37.631  -10.421  -3.054 0.1428571492
86784  -39.086  -8.389  -4.763 0.1428571492
88669  -39.274  -6.974  -6.419 0.1428571492
149263  -38.498  -8.359  -3.920 0.1428571492
82231  -36.671  -13.980  -2.380 0.1428571492
142026  -34.928  -14.042  -2.567 0.1428571492
82245  -34.187  -13.619  -3.047 0.1428571492
140571  -37.605  -11.962  -2.876 0.1428571492
83169  -37.531  -12.785  -2.667 0.1428571492
84980  -38.234  -10.199  -3.639 0.1428571492
84042  -37.634  -11.188  -3.012 0.1428571492
87747  -39.370  -7.663  -5.964 0.1428571492
85892  -38.858  -9.145  -4.531 0.1428571492
147188  -36.683  -12.111  -2.471 0.1428571492
155232  -34.291  -11.745  -3.301 0.1428571492
84952  -36.035  -10.362  -2.499 0.1428571492
147194  -35.726  -8.962  -3.054 0.1428571492
85028  -33.360  -10.289  -5.702 0.1428571492
146232  -37.627  -6.623  -10.029 0.1428571492
89623  -37.300  -6.171  -10.639 0.1428571492
88626  -36.705  -6.741  -3.515 0.1428571492
89589  -38.592  -5.566  -5.324 0.1428571492
87744  -33.842  -7.245  -6.065 0.1428571492
89570  -34.167  -5.562  -5.057 0.1428571492
76498  -26.312  -19.506  -8.799 0.2857142985
88680  -39.091  -7.081  -7.407 0.1428571492
90574  -36.976  -5.618  -11.329 0.1428571492
98777  -26.501  4.190  -5.931 0.4285714328
140743  -38.382  -4.348  -8.946 0.1428571492
152581  -38.758  -4.874  -6.715 0.1428571492
157516  -38.497  -4.894  -8.350 0.1428571492
90538  -38.055  -4.231  -5.530 0.1428571492
90561  -38.668  -4.210  -7.935 0.1428571492
90534  -33.866  -4.787  -5.717 0.1428571492
90533  -33.208  -4.716  -6.989 0.1428571492
156266  -27.634  12.632  -7.108 0.4285714328
109399  -31.221  17.676  -11.424 0.1428571492
136315  -28.111  11.173  -6.874 0.4285714328
77509  -26.550  -18.774  -9.226 0.2857142985
146914  -29.528  17.825  -11.805 0.1428571492
84068  -33.012  -11.479  -5.010 0.1428571492
82275  -32.772  -13.565  -3.971 0.1428571492
81281  -32.175  -14.064  -4.483 0.1428571492
83198  -32.631  -12.180  -4.858 0.1428571492
91491  -32.031  -3.036  -8.392 0.1428571492
163796  -34.273  -7.825  -5.382 0.1428571492
87745  -34.258  -7.194  -4.907 0.1428571492
89571  -35.031  -5.423  -4.404 0.1428571492
88643  -36.412  -5.988  -3.846 0.1428571492
89573  -37.124  -5.244  -4.166 0.1428571492
90535  -36.027  -3.991  -4.758 0.1428571492
90520  -37.242  -4.562  -4.608 0.1428571492
150101  -34.617  -8.755  -4.519 0.1428571492
87731  -35.455  -7.587  -3.771 0.1428571492
89574  -38.034  -5.735  -4.412 0.1428571492
87706  -36.197  -7.315  -3.478 0.1428571492
153471  -38.541  -4.851  -5.796 0.1428571492
84069  -33.229  -11.855  -4.388 0.1428571492
85005  -33.533  -10.845  -4.928 0.1428571492
85890  -34.410  -9.605  -4.452 0.1428571492
88627  -37.597  -6.995  -3.543 0.1428571492
137470  -38.800  -7.103  -4.564 0.1428571492
84978  -35.167  -10.563  -2.969 0.1428571492
146933  -37.140  -8.191  -3.050 0.1428571492
88658  -39.156  -6.980  -5.439 0.1428571492
81282  -32.819  -14.583  -3.969 0.1428571492
84022  -35.666  -11.733  -2.503 0.1428571492
85862  -36.148  -9.573  -2.693 0.1428571492
85863  -37.691  -9.588  -3.095 0.1428571492
84953  -36.941  -10.737  -2.602 0.1428571492
83168  -36.683  -13.095  -2.363 0.1428571492
84023  -36.317  -11.210  -2.423 0.1428571492
85007  -38.674  -9.998  -4.407 0.1428571492
86804  -39.375  -8.345  -5.577 0.1428571492
158237  -37.045  -11.428  -2.599 0.1428571492
70795  -23.889  -25.955  -6.104 0.1428571492
71835  -24.735  -24.442  -5.998 0.1428571492
70809  -23.460  -25.563  -6.822 0.1428571492
71834  -24.298  -24.391  -6.880 0.1428571492
72800  -24.751  -23.168  -7.530 0.1428571492
73704  -25.230  -22.367  -7.836 0.1428571492
73720  -24.802  -22.196  -8.459 0.1428571492
75505  -25.092  -21.081  -8.922 0.1428571492
74615  -25.654  -21.682  -7.790 0.1428571492
75506  -26.079  -20.228  -8.468 0.1428571492
73719  -24.175  -22.226  -8.627 0.1428571492
74632  -24.611  -21.642  -8.814 0.1428571492
159446  -25.493  -20.526  -8.847 0.1428571492
76497  -25.657  -19.915  -9.108 0.1428571492
76509  -24.495  -19.453  -9.536 0.1428571492
78572  -26.163  -17.543  -10.469 0.1428571492
77525  -26.138  -18.356  -9.970 0.1428571492
78573  -26.983  -17.062  -10.523 0.1428571492
80363  -28.682  -15.809  -10.878 0.1428571492
138941  -26.205  -16.816  -10.638 0.2857142985
81355  -28.123  -15.090  -10.804 0.2857142985
85091  -25.786  -11.034  -10.123 0.4285714328
85067  -26.913  -10.769  -8.814 0.4285714328
85943  -26.418  -10.120  -8.940 0.4285714328
97026  -25.289  2.006  -6.662 0.2857142985
97925  -26.154  3.495  -6.094 0.2857142985
101392  -26.301  7.537  -7.155 0.2857142985
102353  -26.674  8.233  -6.988 0.2857142985
103317  -26.851  9.667  -7.276 0.4285714328
78571  -25.353  -17.002  -10.536 0.1428571492
79484  -26.733  -16.258  -10.628 0.2857142985
75523  -24.234  -20.251  -9.378 0.1428571492
77523  -24.464  -18.336  -9.824 0.1428571492
77538  -25.358  -17.955  -10.192 0.1428571492
143968  -25.247  -15.438  -10.724 0.2857142985
80362  -27.450  -15.705  -10.695 0.2857142985
80361  -26.232  -15.563  -10.721 0.2857142985
146469  -26.713  -15.028  -10.654 0.2857142985
82355  -27.640  -14.217  -10.456 0.2857142985
152254  -24.751  2.068  -7.220 0.2857142985
97027  -25.763  2.788  -6.407 0.2857142985
97038  -25.081  2.904  -7.144 0.2857142985
158485  -25.972  4.117  -6.365 0.2857142985
99640  -26.483  5.482  -6.466 0.2857142985
100492  -26.214  6.141  -6.939 0.2857142985
100491  -25.533  6.174  -7.371 0.2857142985
154128  -26.976  -14.510  -10.511 0.2857142985
96108  -24.917  1.290  -7.176 0.2857142985
95143  -23.595  0.803  -8.837 0.2857142985
97941  -25.011  3.926  -7.311 0.2857142985
98807  -24.995  4.826  -7.539 0.2857142985
98789  -25.589  4.442  -6.901 0.2857142985
99652  -24.919  5.641  -7.617 0.2857142985
153126  -23.834  3.073  -8.270 0.2857142985
97956  -23.783  3.855  -8.119 0.2857142985
84154  -26.600  -11.419  -9.483 0.4285714328
75489  -25.697  -20.981  -8.187 0.1428571492
101380  -26.891  7.565  -6.563 0.2857142985
99653  -25.754  5.347  -7.083 0.2857142985
79485  -27.740  -16.334  -10.563 0.1428571492
77524  -25.261  -18.804  -9.714 0.1428571492
76510  -25.244  -19.562  -9.442 0.1428571492
70810  -24.175  -25.111  -6.288 0.1428571492
156641  -24.361  -23.844  -7.437 0.1428571492
73703  -24.485  -22.759  -8.242 0.1428571492
74633  -25.229  -21.714  -8.403 0.1428571492
75504  -24.399  -20.926  -9.171 0.1428571492
75524  -24.956  -20.309  -9.329 0.1428571492
79483  -25.753  -16.176  -10.717 0.2857142985
84167  -26.104  -11.780  -10.006 0.4285714328
100503  -26.010  6.821  -7.371 0.2857142985
155576  -26.960  -13.261  -10.088 0.4285714328
98806  -24.261  4.313  -7.878 0.2857142985
144036  -25.295  -8.848  -9.934 0.2857142985
85953  -25.817  -9.694  -9.611 0.2857142985
86840  -25.468  -8.150  -9.273 0.2857142985
112759  -26.912  20.964  -15.103 0.1428571492
112012  -27.214  20.443  -15.269 0.1428571492
111060  -26.185  19.845  -14.779 0.1428571492
110159  -27.460  18.841  -12.807 0.1428571492
156299  -28.265  18.233  -12.972 0.1428571492
112748  -26.845  21.240  -14.021 0.1428571492
111046  -26.872  19.437  -13.818 0.1428571492
111058  -24.325  20.154  -13.386 0.1428571492
113451  -23.217  23.643  -13.197 0.1428571492
139406  -25.094  -8.024  -9.845 0.2857142985
110160  -29.019  17.692  -12.969 0.1428571492
111062  -28.565  18.653  -15.109 0.1428571492
159204  -28.749  18.265  -11.852 0.1428571492
110172  -27.747  18.467  -14.133 0.1428571492
110173  -28.563  17.725  -14.072 0.1428571492
164609  -27.656  18.593  -11.186 0.1428571492
111044  -24.953  19.667  -13.186 0.1428571492
139244  -27.968  18.590  -11.846 0.1428571492
155494  -24.668  20.821  -13.967 0.1428571492
112756  -23.757  22.184  -13.354 0.1428571492
111997  -23.855  21.479  -13.481 0.1428571492
112745  -22.597  21.964  -12.783 0.1428571492
112736  -22.441  21.768  -11.873 0.1428571492
111981  -23.580  20.747  -13.313 0.1428571492
111032  -26.608  19.328  -12.568 0.1428571492
111031  -25.751  19.456  -12.318 0.1428571492
85079  -26.152  -10.559  -9.593 0.2857142985
111999  -26.402  20.323  -15.142 0.1428571492
112758  -26.102  20.795  -14.681 0.1428571492
110184  -27.763  18.912  -14.836 0.1428571492
111045  -25.793  19.628  -13.689 0.1428571492
111998  -25.595  20.437  -14.688 0.1428571492
111982  -26.107  21.405  -13.680 0.1428571492
111059  -25.186  20.058  -14.185 0.1428571492
110185  -28.349  18.178  -14.661 0.1428571492
96126  -23.353  1.666  -8.885 0.1428571492
163184  -23.994  1.369  -8.395 0.1428571492
158554  -23.825  2.157  -8.297 0.1428571492
98823  -23.739  4.546  -8.711 0.1428571492
98821  -22.605  5.130  -9.429 0.1428571492
153053  -23.546  5.890  -8.614 0.1428571492
95144  -24.455  0.586  -8.119 0.1428571492
99667  -24.191  5.222  -8.299 0.1428571492
100511  -22.982  6.394  -8.732 0.1428571492
101398  -23.979  7.328  -8.132 0.1428571492
101397  -23.538  7.523  -8.339 0.2857142985
151674  -25.144  -4.969  -9.671 0.2857142985
89629  -24.733  -4.738  -10.182 0.1428571492
93398  -24.124  -1.027  -10.051 0.1428571492
94250  -23.901  -0.493  -9.480 0.1428571492
94249  -23.459  0.274  -9.677 0.1428571492
97906  -33.671  3.938  -5.733 0.1428571492
96146  -22.794  1.996  -9.595 0.1428571492
160493  -24.851  6.288  -7.656 0.1428571492
102367  -24.949  8.219  -7.584 0.1428571492
102366  -24.087  8.062  -8.212 0.2857142985
154703  -25.899  10.559  -8.315 0.2857142985
105715  -24.456  11.682  -9.970 0.2857142985
105709  -22.998  11.141  -8.385 0.2857142985
106440  -23.081  12.502  -9.220 0.2857142985
109341  -22.819  16.810  -8.606 0.1428571492
107159  -23.145  14.269  -4.942 0.1428571492
136162  -26.532  10.263  -7.630 0.2857142985
103316  -24.959  9.449  -8.123 0.2857142985
135880  -26.165  11.326  -8.169 0.2857142985
104963  -25.456  11.290  -9.343 0.2857142985
154793  -24.654  10.657  -9.568 0.2857142985
106441  -25.211  12.805  -9.966 0.2857142985
105714  -24.217  11.092  -9.470 0.2857142985
106449  -24.596  13.333  -10.406 0.2857142985
107189  -22.168  14.105  -9.070 0.1428571492
105702  -21.906  11.245  -7.053 0.2857142985
108633  -23.424  16.423  -6.974 0.1428571492
109337  -24.222  16.918  -6.539 0.1428571492
135878  -23.231  10.186  -8.177 0.1428571492
102378  -23.615  8.200  -8.306 0.2857142985
106433  -21.968  13.442  -8.425 0.1428571492
106434  -21.490  12.673  -7.472 0.2857142985
107182  -21.723  13.846  -6.959 0.1428571492
106423  -21.706  13.266  -6.337 0.1428571492
100509  -22.046  6.268  -8.302 0.2857142985
156046  -23.095  11.510  -5.740 0.1428571492
106411  -24.186  13.648  -4.211 0.1428571492
105693  -22.672  12.664  -5.435 0.1428571492
98787  -21.186  4.284  -7.190 0.1428571492
97927  -34.009  4.188  -6.445 0.1428571492
96094  -31.751  0.671  -6.961 0.1428571492
93406  -24.325  -1.700  -9.911 0.1428571492
95166  -23.154  0.172  -10.215 0.1428571492
97943  -33.777  3.633  -7.063 0.1428571492
163892  -23.034  0.771  -10.024 0.1428571492
96145  -22.271  2.175  -10.154 0.1428571492
97062  -22.045  2.809  -9.995 0.1428571492
97955  -23.434  3.728  -8.796 0.1428571492
98835  -21.934  4.548  -9.510 0.1428571492
153137  -24.241  6.092  -8.061 0.1428571492
99664  -21.809  5.632  -8.759 0.1428571492
100502  -24.386  6.795  -7.868 0.1428571492
100510  -22.660  6.791  -8.350 0.2857142985
103330  -24.973  9.916  -8.541 0.1428571492
103329  -24.302  9.593  -8.630 0.1428571492
154711  -25.222  10.698  -9.277 0.2857142985
136158  -23.903  9.876  -8.744 0.1428571492
105685  -23.407  11.551  -4.810 0.1428571492
154835  -22.743  11.168  -6.609 0.2857142985
105703  -21.562  12.205  -6.412 0.1428571492
106413  -22.352  13.418  -5.565 0.1428571492
107181  -21.911  14.400  -7.716 0.1428571492
106410  -23.298  13.641  -4.881 0.1428571492
107168  -22.410  14.288  -5.869 0.1428571492
97028  -33.135  2.340  -6.511 0.1428571492
97005  -33.347  2.541  -5.695 0.1428571492
160712  -33.357  2.904  -6.977 0.1428571492
106442  -25.807  13.371  -8.940 0.2857142985
107883  -23.200  15.120  -6.246 0.1428571492
109343  -23.950  17.326  -7.208 0.1428571492
135882  -27.205  11.321  -7.395 0.2857142985
92472  -24.530  -2.415  -9.609 0.1428571492
160704  -24.247  -0.497  -8.619 0.1428571492
95117  -31.570  -0.116  -7.041 0.1428571492
135883  -26.895  12.142  -7.656 0.2857142985
102368  -25.950  8.208  -7.439 0.1428571492
150092  -26.361  8.943  -7.405 0.1428571492
95157  -23.089  1.136  -9.523 0.1428571492
97049  -23.250  2.738  -9.029 0.1428571492
97969  -22.868  3.617  -9.321 0.1428571492
96144  -22.081  1.480  -10.294 0.1428571492
95165  -22.562  0.778  -10.230 0.1428571492
98822  -23.162  4.451  -9.232 0.1428571492
99666  -23.446  5.182  -9.084 0.1428571492
158317  -22.982  5.713  -9.029 0.1428571492
145708  -23.819  0.086  -8.864 0.1428571492
152178  -23.108  7.087  -8.563 0.1428571492
100512  -23.608  6.758  -8.396 0.1428571492
101390  -24.652  7.484  -7.704 0.1428571492
94265  -23.181  -0.539  -10.406 0.1428571492
143635  -25.390  8.933  -7.668 0.2857142985
103315  -24.506  8.883  -8.151 0.2857142985
135984  -25.291  10.271  -8.663 0.2857142985
136858  -26.638  10.810  -7.667 0.2857142985
154848  -25.789  9.771  -7.936 0.2857142985
152382  -23.372  11.623  -9.051 0.2857142985
105721  -24.570  12.470  -10.295 0.2857142985
136291  -22.787  10.665  -7.769 0.1428571492
105710  -21.929  11.706  -7.851 0.2857142985
107154  -23.935  14.184  -4.492 0.1428571492
161534  -25.668  10.942  -8.818 0.2857142985
105717  -25.950  11.967  -8.802 0.2857142985
135879  -24.970  11.095  -9.962 0.2857142985
105716  -25.213  11.871  -9.955 0.2857142985
136037  -23.829  10.531  -8.855 0.1428571492
105692  -22.212  11.754  -6.099 0.2857142985
140589  -23.959  8.831  -8.557 0.1428571492
135995  -24.612  10.193  -9.048 0.2857142985
80356  -23.695  -15.320  -10.279 0.1428571492
145872  -25.606  -14.841  -10.679 0.1428571492
81354  -25.020  -14.125  -10.553 0.1428571492
81347  -23.253  -14.586  -10.156 0.1428571492
83277  -22.705  -12.796  -9.649 0.1428571492
84153  -22.941  -12.206  -9.918 0.1428571492
82353  -24.536  -13.503  -10.498 0.1428571492
84163  -23.310  -11.592  -10.185 0.1428571492
83289  -24.125  -12.946  -10.416 0.1428571492
158202  -26.649  -13.901  -10.325 0.1428571492
84165  -24.858  -11.761  -10.437 0.1428571492
83292  -26.053  -12.486  -10.117 0.1428571492
149205  -25.237  -11.141  -10.410 0.1428571492
84166  -25.534  -11.765  -10.253 0.1428571492
161762  -22.704  -11.049  -9.948 0.1428571492
85087  -23.085  -10.610  -10.242 0.1428571492
85090  -25.245  -10.461  -10.416 0.1428571492
85963  -24.760  -9.099  -10.432 0.1428571492
87793  -24.860  -7.473  -10.055 0.1428571492
88703  -25.063  -6.662  -9.908 0.1428571492
101396  -23.103  7.632  -8.207 0.1428571492
82354  -25.223  -13.392  -10.443 0.1428571492
79481  -24.110  -16.063  -10.309 0.1428571492
82352  -23.915  -13.599  -10.433 0.1428571492
89622  -25.208  -5.844  -9.647 0.1428571492
85078  -25.662  -10.280  -10.125 0.1428571492
149468  -24.742  -14.732  -10.636 0.1428571492
80360  -24.439  -15.356  -10.553 0.1428571492
142136  -25.966  -14.178  -10.434 0.1428571492
137537  -25.981  -13.291  -10.269 0.1428571492
85952  -25.284  -9.707  -10.320 0.1428571492
151694  -24.018  -14.683  -10.507 0.1428571492
81353  -24.313  -14.126  -10.539 0.1428571492
81352  -23.756  -14.145  -10.424 0.1428571492
147930  -22.357  -13.401  -9.367 0.1428571492
83278  -23.463  -12.979  -10.124 0.1428571492
157768  -23.636  -12.412  -10.259 0.1428571492
84164  -24.184  -12.148  -10.416 0.1428571492
83290  -24.721  -12.736  -10.449 0.1428571492
142510  -24.082  -11.185  -10.477 0.1428571492
83291  -25.363  -12.553  -10.340 0.1428571492
85089  -24.728  -10.765  -10.539 0.1428571492
84152  -21.614  -11.056  -9.250 0.1428571492
79469  -23.412  -16.075  -9.866 0.1428571492
77537  -24.730  -17.525  -10.194 0.1428571492
79470  -28.364  -16.223  -10.378 0.1428571492
82356  -28.832  -14.695  -10.791 0.2857142985
85071  -31.045  -10.435  -10.090 0.5714285970
87746  -39.200  -7.692  -5.078 0.1428571492
88686  -25.602  -6.246  -8.479 0.4285714328
89609  -31.858  -5.418  -9.201 0.4285714328
90573  -24.188  -4.696  -10.535 0.1428571492
91514  -24.664  -3.277  -9.943 0.2857142985
92480  -24.305  -2.433  -10.162 0.1428571492
93368  -26.358  -1.377  -6.130 0.7142857313
93405  -23.971  -1.651  -10.305 0.1428571492
94189  -28.536  -0.382  -4.203 0.8571428657
94209  -31.672  -0.377  -5.746 0.2857142985
94260  -23.684  -0.425  -10.102 0.1428571492
94264  -22.475  0.039  -10.408 0.1428571492
95097  -26.698  0.568  -5.185 0.8571428657
95118  -31.987  0.491  -6.225 0.1428571492
95156  -22.624  1.411  -10.062 0.1428571492
96044  -29.493  1.182  -4.057 0.7142857313
96047  -32.161  1.416  -4.767 0.5714285970
96075  -32.938  1.833  -5.910 0.1428571492
96127  -24.393  1.658  -7.808 0.1428571492
96978  -29.833  2.594  -4.435 0.7142857313
96979  -31.844  2.190  -4.505 0.5714285970
97063  -22.528  2.838  -9.707 0.1428571492
97892  -31.874  3.523  -4.495 0.5714285970
97924  -25.586  3.617  -6.677 0.2857142985
97926  -33.667  3.202  -6.262 0.1428571492
97940  -24.370  3.444  -7.701 0.2857142985
98768  -29.584  4.137  -4.454 0.8571428657
98771  -32.786  4.422  -4.722 0.4285714328
98836  -22.529  4.292  -9.460 0.1428571492
99626  -30.715  4.887  -4.325 0.8571428657
99628  -32.521  5.363  -4.471 0.4285714328
99635  -27.664  5.634  -5.316 0.7142857313
100474  -30.788  5.697  -4.387 0.8571428657
100478  -34.060  6.431  -4.826 0.1428571492
101355  -31.870  7.673  -4.520 0.8571428657
101356  -32.890  7.300  -4.495 0.5714285970
101357  -33.931  7.146  -4.543 0.4285714328
101359  -35.387  8.085  -4.946 0.1428571492
101369  -28.016  7.128  -5.795 0.5714285970
101382  -28.083  7.967  -6.120 0.4285714328
101389  -22.603  7.425  -7.858 0.1428571492
101391  -25.586  7.489  -7.474 0.1428571492
102355  -27.936  8.768  -6.391 0.4285714328
103282  -31.678  9.271  -4.779 0.8571428657
104951  -32.800  12.183  -5.147 0.1428571492
105687  -33.625  11.967  -4.883 0.1428571492
105695  -34.010  12.732  -5.107 0.1428571492
106414  -30.942  13.109  -5.682 0.7142857313
106415  -31.849  13.263  -5.596 0.4285714328
106426  -29.536  13.290  -6.345 0.7142857313
106427  -30.346  13.660  -6.007 0.5714285970
107173  -32.619  14.741  -6.279 0.1428571492
107184  -27.328  13.965  -7.388 0.8571428657
107201  -23.554  14.627  -11.096 0.4285714328
107898  -29.157  15.765  -6.989 0.5714285970
107902  -34.285  15.703  -7.546 0.1428571492
107909  -22.638  15.545  -8.067 0.2857142985
107926  -22.912  15.550  -10.764 0.4285714328
107928  -23.494  15.102  -11.591 0.7142857313
108628  -30.845  15.833  -6.813 0.2857142985
108629  -31.525  15.987  -6.925 0.1428571492
108639  -31.679  16.470  -7.523 0.1428571492
108652  -31.890  16.694  -8.305 0.1428571492
108662  -24.111  16.338  -10.855 0.5714285970
108664  -33.127  16.684  -9.283 0.1428571492
109344  -28.932  17.031  -7.815 0.2857142985
109354  -27.592  17.851  -8.184 0.2857142985
110133  -25.037  18.233  -10.418 0.2857142985
110134  -26.781  18.580  -9.855 0.2857142985
110146  -27.310  18.605  -10.654 0.1428571492
111061  -27.146  19.290  -14.745 0.1428571492
111073  -26.954  19.670  -15.144 0.1428571492
111074  -27.879  19.632  -15.092 0.1428571492
111958  -22.496  20.771  -11.338 0.2857142985
113452  -23.633  22.894  -13.296 0.1428571492
113460  -23.122  22.900  -13.631 0.1428571492
114090  -22.661  23.316  -13.456 0.1428571492
135890  -31.502  11.933  -5.539 0.7142857313
136262  -31.419  10.084  -5.343 0.7142857313
137966  -34.360  9.073  -4.652 0.2857142985
140141  -26.414  12.643  -8.145 0.2857142985
143264  -33.122  15.157  -6.698 0.1428571492
144417  -22.411  -11.397  -9.732 0.1428571492
147162  -26.549  6.876  -6.739 0.2857142985
148201  -31.103  10.770  -5.574 0.8571428657
148755  -23.755  -0.959  -10.292 0.1428571492
149490  -24.490  -3.986  -10.332 0.4285714328
150625  -25.210  6.828  -7.561 0.1428571492
150967  -26.691  2.022  -5.493 1.0000000000
151507  -26.189  4.761  -6.450 0.2857142985
151796  -25.813  12.646  -9.024 0.2857142985
151848  -24.352  2.540  -7.695 0.1428571492
151899  -29.946  6.183  -4.637 1.0000000000
152936  -29.532  4.864  -4.417 0.8571428657
154345  -22.957  21.215  -13.096 0.1428571492
155328  -33.723  5.159  -5.077 0.2857142985
156771  -30.454  -11.175  -9.531 0.5714285970
157250  -28.953  6.285  -4.782 1.0000000000
157361  -22.624  15.179  -8.883 0.2857142985
157591  -31.092  -10.000  -9.957 0.5714285970
157744  -29.022  12.691  -6.582 0.7142857313
158575  -30.149  17.661  -9.922 0.2857142985
158809  -22.617  23.937  -12.997 0.1428571492
158869  -22.865  17.192  -11.250 0.4285714328
158955  -29.524  14.602  -6.538 0.5714285970
159847  -33.474  3.191  -5.563 0.1428571492
160135  -27.778  -3.365  -5.217 0.8571428657
161094  -31.603  2.903  -4.413 0.7142857313
161668  -32.109  -11.271  -7.422 0.2857142985
