#!ascii label  , from subject sub-v1s0x0050659_ses-1 vox2ras=TkReg
697
87613  21.406  -10.998  -11.095 0.0000000000
94189  27.896  -3.498  -9.615 0.0000000000
103147  27.534  5.872  -6.598 0.0000000000
138197  24.424  2.314  -8.683 0.0000000000
80834  23.237  -17.445  -10.316 0.0000000000
85570  27.198  -12.907  -10.259 0.0000000000
91519  24.489  -6.868  -14.175 0.0000000000
97866  24.184  0.788  -13.542 0.0000000000
97829  27.722  0.412  -8.361 0.0000000000
159005  32.715  7.025  -7.026 0.0000000000
106264  26.161  10.662  -8.951 0.0000000000
83578  21.792  -14.051  -11.007 0.0000000000
82657  25.073  -15.417  -10.543 0.0000000000
84573  24.114  -12.795  -12.083 0.0000000000
96941  21.409  -0.945  -12.306 0.0000000000
165838  21.565  1.953  -11.368 0.0000000000
146438  26.465  3.727  -7.566 0.0000000000
97832  24.415  1.629  -9.337 0.0000000000
100563  28.551  3.587  -7.871 0.0000000000
151350  30.911  3.837  -7.016 0.0000000000
103144  30.337  6.368  -7.037 0.0000000000
106967  22.624  11.507  -8.073 0.0000000000
105497  23.229  8.958  -9.283 0.0000000000
107806  24.824  12.546  -10.907 0.0000000000
92353  25.919  -5.183  -12.137 0.0000000000
89647  27.114  -8.241  -11.062 0.0000000000
91466  28.808  -6.314  -8.715 0.0000000000
103158  25.992  5.601  -7.085 0.0000000000
96019  30.596  -1.289  -5.920 0.0000000000
90609  20.416  -7.515  -11.339 0.0000000000
88670  22.851  -9.155  -13.052 0.0000000000
93293  19.944  -4.966  -14.254 0.0000000000
159535  23.135  -2.895  -13.382 0.0000000000
96063  25.160  -1.694  -12.843 0.0000000000
101488  25.062  5.919  -11.814 0.0000000000
97844  24.781  0.669  -11.149 0.0000000000
96048  27.730  -1.721  -9.219 0.0000000000
97808  30.398  0.991  -6.882 0.0000000000
103954  24.336  7.190  -7.689 0.0000000000
105468  26.693  8.976  -6.953 0.0000000000
109580  27.858  14.158  -9.714 0.0000000000
107777  29.413  12.622  -7.596 0.0000000000
105464  29.901  9.746  -6.753 0.0000000000
105493  32.215  9.274  -8.752 0.0000000000
87619  26.423  -10.747  -13.009 0.0000000000
87607  20.159  -10.048  -10.229 0.0000000000
86597  20.566  -11.756  -10.328 0.0000000000
85576  21.536  -12.485  -11.029 0.0000000000
141407  22.680  -13.184  -11.791 0.0000000000
86603  22.242  -11.532  -11.580 0.0000000000
148433  27.190  4.616  -6.941 0.0000000000
100564  27.475  3.581  -7.791 0.0000000000
101448  28.161  4.687  -7.058 0.0000000000
102309  29.433  5.471  -7.242 0.0000000000
160278  28.898  6.755  -6.972 0.0000000000
108678  23.430  13.190  -8.575 0.0000000000
107808  23.614  11.780  -9.851 0.0000000000
108688  24.084  13.507  -10.304 0.0000000000
93248  26.436  -4.682  -10.842 0.0000000000
152326  27.068  -6.147  -10.249 0.0000000000
93236  28.253  -4.773  -9.351 0.0000000000
140375  26.154  4.085  -7.293 0.0000000000
102320  24.926  5.255  -7.068 0.0000000000
81755  21.608  -16.088  -10.358 0.0000000000
144015  21.425  -18.045  -9.920 0.0000000000
164228  23.166  -18.371  -9.594 0.0000000000
80819  24.144  -17.465  -9.430 0.0000000000
83574  26.056  -14.530  -10.216 0.0000000000
82623  26.299  -15.355  -8.474 0.0000000000
91506  20.862  -5.951  -12.983 0.0000000000
93271  19.822  -4.177  -13.371 0.0000000000
144725  22.333  -0.509  -12.777 0.0000000000
95179  22.286  -2.112  -12.704 0.0000000000
96952  24.165  -0.780  -13.711 0.0000000000
95192  24.427  -1.931  -13.505 0.0000000000
137737  24.750  -0.643  -13.661 0.0000000000
100582  22.240  4.546  -10.457 0.0000000000
99670  23.145  3.580  -9.525 0.0000000000
148269  25.625  0.993  -8.708 0.0000000000
97837  24.640  0.658  -9.945 0.0000000000
96917  24.834  -0.140  -9.846 0.0000000000
96051  24.894  -0.972  -10.140 0.0000000000
96908  27.465  -0.284  -8.604 0.0000000000
97827  29.023  -0.027  -7.925 0.0000000000
97818  29.171  0.761  -8.157 0.0000000000
102306  32.292  5.690  -6.124 0.0000000000
149720  32.461  4.129  -5.942 0.0000000000
106266  24.468  9.996  -9.584 0.0000000000
105478  23.661  8.214  -9.296 0.0000000000
147949  24.600  8.491  -8.393 0.0000000000
104710  24.942  7.933  -7.355 0.0000000000
152755  26.317  9.538  -7.665 0.0000000000
106248  29.707  11.061  -7.094 0.0000000000
106962  30.681  11.509  -7.830 0.0000000000
105476  31.156  9.698  -7.635 0.0000000000
89670  23.032  -7.927  -14.191 0.0000000000
88668  24.349  -9.494  -13.604 0.0000000000
141837  25.531  -8.856  -13.384 0.0000000000
89639  28.913  -8.847  -9.599 0.0000000000
89645  28.340  -9.279  -10.178 0.0000000000
82643  20.566  -14.789  -9.903 0.0000000000
82660  22.750  -15.283  -11.083 0.0000000000
81752  24.019  -16.466  -10.517 0.0000000000
82671  23.660  -14.985  -11.346 0.0000000000
138192  24.810  -13.616  -11.742 0.0000000000
85582  25.630  -12.778  -12.065 0.0000000000
96930  20.217  -1.023  -10.963 0.0000000000
96928  21.624  0.020  -11.997 0.0000000000
98795  23.146  2.177  -12.853 0.0000000000
99663  25.087  2.738  -8.032 0.0000000000
98758  23.981  2.533  -9.100 0.0000000000
99662  26.153  2.525  -8.133 0.0000000000
99661  27.411  2.175  -8.270 0.0000000000
154950  28.459  2.204  -8.286 0.0000000000
99646  29.697  2.459  -7.941 0.0000000000
156239  29.984  4.280  -7.614 0.0000000000
102308  30.448  5.430  -7.046 0.0000000000
103156  31.099  6.859  -6.909 0.0000000000
140956  21.946  9.641  -7.173 0.0000000000
106253  22.102  10.068  -8.476 0.0000000000
106280  24.281  10.595  -9.995 0.0000000000
106994  26.234  11.347  -10.838 0.0000000000
143894  24.767  -6.029  -13.508 0.0000000000
90614  25.595  -7.848  -13.095 0.0000000000
91494  26.296  -6.841  -11.595 0.0000000000
90594  27.848  -7.314  -10.034 0.0000000000
99664  24.648  2.718  -8.234 0.0000000000
100565  25.860  3.535  -7.530 0.0000000000
101462  26.475  4.338  -7.195 0.0000000000
102312  26.844  5.328  -6.600 0.0000000000
81713  25.338  -16.495  -8.478 0.0000000000
95125  29.454  -2.488  -8.325 0.0000000000
93220  29.376  -3.742  -8.472 0.0000000000
153387  21.027  -8.830  -11.513 0.0000000000
88662  22.128  -9.817  -11.743 0.0000000000
154853  21.543  -8.219  -11.962 0.0000000000
90630  21.344  -7.288  -14.116 0.0000000000
92384  22.378  -5.722  -14.442 0.0000000000
95195  21.358  -3.053  -12.517 0.0000000000
93283  21.839  -4.471  -13.831 0.0000000000
92375  23.630  -5.079  -13.477 0.0000000000
93280  24.946  -4.291  -13.464 0.0000000000
94225  25.492  -3.701  -12.862 0.0000000000
159015  25.578  -3.108  -11.546 0.0000000000
100598  23.117  4.612  -12.381 0.0000000000
99701  24.807  3.536  -14.034 0.0000000000
99669  24.041  3.005  -9.807 0.0000000000
98780  25.124  2.417  -12.003 0.0000000000
97865  25.078  1.317  -13.467 0.0000000000
157709  25.207  -0.315  -13.032 0.0000000000
165365  25.213  -2.172  -11.229 0.0000000000
95148  27.746  -2.396  -9.482 0.0000000000
96040  29.196  -1.186  -8.199 0.0000000000
96885  30.275  0.053  -6.644 0.0000000000
99644  31.025  2.529  -6.769 0.0000000000
160092  24.929  6.456  -7.592 0.0000000000
103937  26.210  6.940  -6.786 0.0000000000
148715  27.660  7.862  -6.473 0.0000000000
108676  26.853  13.159  -10.239 0.0000000000
107792  27.257  12.786  -8.948 0.0000000000
108673  29.235  13.925  -8.412 0.0000000000
106965  27.172  11.633  -7.814 0.0000000000
106250  27.629  10.856  -7.242 0.0000000000
105466  28.310  9.391  -6.634 0.0000000000
148168  28.656  7.980  -6.521 0.0000000000
142314  29.548  8.093  -6.835 0.0000000000
104717  31.279  8.247  -7.513 0.0000000000
103964  32.809  7.848  -8.056 0.0000000000
87626  23.686  -10.398  -12.356 0.0000000000
85597  25.584  -12.012  -13.133 0.0000000000
86595  26.720  -11.890  -11.282 0.0000000000
88654  26.420  -9.331  -11.888 0.0000000000
87603  27.542  -10.701  -10.675 0.0000000000
87606  20.812  -10.350  -10.719 0.0000000000
86598  20.262  -10.842  -10.116 0.0000000000
87605  20.912  -11.132  -10.669 0.0000000000
86596  21.239  -11.788  -10.847 0.0000000000
86604  21.838  -11.864  -11.350 0.0000000000
87612  21.866  -11.140  -11.425 0.0000000000
102311  27.650  5.161  -6.704 0.0000000000
102310  28.449  5.484  -6.948 0.0000000000
103146  28.308  6.398  -6.784 0.0000000000
108677  23.635  13.679  -9.359 0.0000000000
94202  26.627  -3.989  -10.500 0.0000000000
93247  27.053  -4.577  -10.219 0.0000000000
93237  27.696  -4.292  -9.679 0.0000000000
80836  22.011  -16.820  -10.417 0.0000000000
81734  21.266  -16.933  -9.949 0.0000000000
157118  22.033  -17.588  -10.263 0.0000000000
79907  22.758  -17.982  -10.105 0.0000000000
80820  23.525  -17.816  -9.833 0.0000000000
80803  23.729  -18.138  -8.972 0.0000000000
81733  23.820  -17.185  -10.153 0.0000000000
84549  26.635  -13.715  -10.090 0.0000000000
148688  26.417  -14.353  -9.505 0.0000000000
84539  26.861  -13.840  -9.076 0.0000000000
84548  27.337  -13.191  -9.470 0.0000000000
93261  20.753  -4.724  -12.310 0.0000000000
94216  20.541  -3.901  -12.472 0.0000000000
164326  23.442  0.556  -13.320 0.0000000000
96072  23.101  -1.211  -13.106 0.0000000000
96940  23.539  -0.099  -13.348 0.0000000000
96939  24.579  0.091  -13.654 0.0000000000
150095  23.827  2.744  -9.154 0.0000000000
97830  26.901  0.631  -8.635 0.0000000000
165143  25.476  0.229  -9.052 0.0000000000
96909  26.235  -0.044  -8.898 0.0000000000
96916  25.448  -0.441  -9.457 0.0000000000
141653  28.118  -0.018  -8.150 0.0000000000
97819  28.439  0.788  -8.321 0.0000000000
103142  32.527  6.522  -6.510 0.0000000000
106265  25.278  10.269  -9.496 0.0000000000
105495  24.522  9.243  -9.282 0.0000000000
106252  25.605  9.928  -8.536 0.0000000000
157264  25.359  9.213  -8.248 0.0000000000
106978  31.199  11.395  -8.424 0.0000000000
106263  31.599  10.667  -8.706 0.0000000000
90627  23.930  -7.437  -14.128 0.0000000000
89669  24.474  -8.221  -14.111 0.0000000000
90626  24.929  -7.443  -14.126 0.0000000000
89631  29.678  -8.660  -8.544 0.0000000000
88641  29.386  -9.214  -9.113 0.0000000000
84557  21.055  -13.992  -10.718 0.0000000000
84550  20.503  -13.935  -10.162 0.0000000000
83579  21.359  -14.639  -10.590 0.0000000000
82661  21.943  -15.347  -10.685 0.0000000000
83577  22.202  -14.646  -11.001 0.0000000000
82672  22.866  -14.501  -11.383 0.0000000000
85583  23.169  -12.846  -12.011 0.0000000000
84564  24.189  -13.519  -11.856 0.0000000000
84572  24.993  -12.904  -12.080 0.0000000000
84563  25.436  -13.446  -11.718 0.0000000000
98782  20.867  1.533  -10.849 0.0000000000
155213  20.865  0.202  -11.316 0.0000000000
97868  21.965  0.873  -11.941 0.0000000000
98796  22.469  1.443  -12.446 0.0000000000
98781  22.308  2.354  -11.997 0.0000000000
99655  25.850  3.193  -7.805 0.0000000000
99654  26.875  3.076  -8.008 0.0000000000
99653  27.970  2.947  -8.155 0.0000000000
100562  29.474  3.307  -7.872 0.0000000000
101459  29.408  4.101  -7.670 0.0000000000
157002  29.769  6.011  -7.112 0.0000000000
157025  30.988  6.065  -6.661 0.0000000000
107769  23.181  12.102  -7.340 0.0000000000
106952  22.354  11.215  -6.970 0.0000000000
106236  21.752  10.469  -7.021 0.0000000000
150340  21.776  9.853  -7.814 0.0000000000
106968  22.429  10.773  -8.737 0.0000000000
107807  23.938  12.102  -10.612 0.0000000000
106996  24.216  11.240  -10.567 0.0000000000
107009  24.924  11.420  -11.164 0.0000000000
106995  25.666  10.907  -11.117 0.0000000000
107008  25.739  11.581  -11.326 0.0000000000
158991  25.087  -5.736  -13.174 0.0000000000
142938  25.375  -6.122  -12.725 0.0000000000
92363  25.995  -5.991  -11.957 0.0000000000
92334  28.250  -5.780  -9.336 0.0000000000
154360  27.274  -6.815  -10.243 0.0000000000
91475  28.291  -6.753  -9.386 0.0000000000
90584  28.780  -7.260  -8.958 0.0000000000
99656  24.485  2.853  -7.439 0.0000000000
100566  25.264  3.072  -7.824 0.0000000000
101463  26.189  4.723  -6.913 0.0000000000
102318  26.319  4.933  -6.826 0.0000000000
82658  24.282  -15.688  -10.869 0.0000000000
81731  25.078  -16.339  -9.388 0.0000000000
82641  25.428  -15.710  -9.848 0.0000000000
81712  26.006  -16.063  -8.058 0.0000000000
96029  29.990  -1.809  -7.247 0.0000000000
89653  19.935  -8.076  -10.672 0.0000000000
151690  20.496  -8.281  -11.239 0.0000000000
90608  21.030  -7.957  -11.733 0.0000000000
91514  19.907  -5.580  -14.272 0.0000000000
90621  20.657  -6.734  -14.046 0.0000000000
91523  20.748  -6.634  -14.397 0.0000000000
91522  21.936  -6.741  -14.534 0.0000000000
92385  21.430  -5.879  -14.524 0.0000000000
95180  21.057  -2.699  -12.087 0.0000000000
96074  21.404  -1.832  -12.349 0.0000000000
95194  23.116  -2.167  -13.333 0.0000000000
141080  22.444  -2.983  -13.060 0.0000000000
94242  22.705  -3.836  -13.383 0.0000000000
93282  22.756  -4.876  -13.739 0.0000000000
159108  23.409  -4.292  -13.480 0.0000000000
93281  24.234  -4.290  -13.510 0.0000000000
94241  23.758  -3.372  -13.516 0.0000000000
96070  25.064  -2.140  -13.201 0.0000000000
95191  24.909  -2.636  -13.445 0.0000000000
149239  25.266  -2.456  -12.804 0.0000000000
95168  25.411  -3.104  -12.385 0.0000000000
157568  25.233  -2.468  -11.904 0.0000000000
101489  24.164  5.485  -11.492 0.0000000000
100591  22.550  4.806  -11.214 0.0000000000
101498  24.478  6.095  -13.086 0.0000000000
148225  24.185  4.430  -13.541 0.0000000000
101502  25.056  6.059  -13.612 0.0000000000
98748  24.449  2.172  -8.601 0.0000000000
98769  24.676  1.960  -10.933 0.0000000000
97852  25.151  1.431  -12.468 0.0000000000
98793  25.371  2.368  -13.173 0.0000000000
96938  25.151  0.438  -12.830 0.0000000000
96927  24.891  -0.339  -11.828 0.0000000000
96050  25.744  -1.503  -9.799 0.0000000000
96057  25.177  -1.812  -10.628 0.0000000000
95150  25.880  -2.262  -10.087 0.0000000000
96049  26.808  -2.150  -9.633 0.0000000000
95139  28.384  -2.241  -9.131 0.0000000000
96042  28.373  -1.489  -8.829 0.0000000000
148632  29.432  0.253  -7.710 0.0000000000
96896  29.258  -0.492  -7.836 0.0000000000
97809  29.899  0.429  -7.273 0.0000000000
97801  30.945  0.462  -6.018 0.0000000000
98715  31.106  1.310  -6.082 0.0000000000
100554  30.088  3.055  -7.673 0.0000000000
99645  30.388  2.475  -7.364 0.0000000000
100553  30.658  3.145  -7.209 0.0000000000
105480  22.534  8.703  -7.992 0.0000000000
104722  22.890  7.955  -8.546 0.0000000000
104720  23.871  7.664  -8.652 0.0000000000
103955  23.589  7.504  -8.151 0.0000000000
103159  24.426  6.822  -7.530 0.0000000000
152655  26.234  8.233  -6.866 0.0000000000
154394  25.865  7.604  -6.877 0.0000000000
152608  26.689  7.729  -6.521 0.0000000000
104709  27.089  8.473  -6.531 0.0000000000
108685  27.028  14.001  -10.631 0.0000000000
108675  27.584  13.487  -9.329 0.0000000000
108658  29.768  13.339  -7.935 0.0000000000
108659  28.801  13.303  -7.981 0.0000000000
107779  27.521  12.429  -7.975 0.0000000000
107778  28.393  12.599  -7.650 0.0000000000
150986  27.993  11.817  -7.404 0.0000000000
106232  29.401  10.312  -6.907 0.0000000000
106233  28.501  10.184  -6.907 0.0000000000
105465  29.203  9.561  -6.684 0.0000000000
104708  28.036  8.613  -6.521 0.0000000000
104707  28.995  8.751  -6.520 0.0000000000
104706  29.933  8.964  -6.727 0.0000000000
105494  31.662  9.869  -8.328 0.0000000000
151241  30.998  8.926  -7.368 0.0000000000
104733  31.708  8.950  -7.972 0.0000000000
104716  32.069  8.133  -7.702 0.0000000000
104732  32.458  8.550  -8.381 0.0000000000
144495  22.452  -9.263  -12.210 0.0000000000
87627  22.973  -9.881  -12.084 0.0000000000
87624  25.407  -10.482  -13.378 0.0000000000
86618  24.834  -11.098  -13.284 0.0000000000
150963  26.311  -11.149  -13.117 0.0000000000
85596  26.032  -12.052  -13.014 0.0000000000
144393  26.062  -11.004  -12.036 0.0000000000
90607  25.792  -7.799  -11.885 0.0000000000
89656  25.814  -8.551  -12.403 0.0000000000
89651  27.031  -8.853  -11.450 0.0000000000
87602  28.291  -10.232  -10.159 0.0000000000
88648  27.611  -9.773  -10.656 0.0000000000
87598  28.153  -11.283  -10.100 0.0000000000
86594  27.334  -11.600  -10.742 0.0000000000
144275  20.889  -12.652  -10.584 0.0000000000
84556  21.501  -13.291  -10.965 0.0000000000
84567  22.231  -13.570  -11.377 0.0000000000
85585  22.066  -12.803  -11.432 0.0000000000
85584  22.559  -12.318  -11.774 0.0000000000
85592  23.417  -12.164  -12.071 0.0000000000
156415  27.072  4.066  -7.388 0.0000000000
101461  27.863  4.105  -7.456 0.0000000000
101460  28.622  4.247  -7.513 0.0000000000
101447  28.994  4.799  -7.354 0.0000000000
103145  29.073  6.128  -7.049 0.0000000000
152240  29.550  6.650  -7.121 0.0000000000
108662  23.478  13.058  -7.635 0.0000000000
107781  23.063  12.434  -8.389 0.0000000000
106981  22.941  11.651  -9.109 0.0000000000
107795  23.429  12.618  -9.416 0.0000000000
107794  23.819  12.969  -10.182 0.0000000000
108687  24.931  13.581  -10.902 0.0000000000
93258  26.048  -4.600  -11.620 0.0000000000
92352  26.274  -5.336  -11.375 0.0000000000
92344  26.726  -5.472  -10.551 0.0000000000
92335  27.561  -5.328  -9.890 0.0000000000
92320  28.819  -5.234  -8.834 0.0000000000
102319  25.833  5.361  -7.078 0.0000000000
163902  20.186  -15.968  -9.416 0.0000000000
81736  19.668  -16.109  -9.067 0.0000000000
81735  20.338  -16.568  -9.417 0.0000000000
80821  20.548  -17.550  -9.500 0.0000000000
79878  23.519  -18.655  -8.278 0.0000000000
80802  24.379  -17.596  -8.508 0.0000000000
83575  25.461  -14.714  -10.779 0.0000000000
82640  26.009  -15.083  -9.430 0.0000000000
91495  20.921  -6.455  -11.810 0.0000000000
90616  21.294  -7.015  -12.100 0.0000000000
92354  20.979  -5.468  -12.221 0.0000000000
92376  19.533  -5.527  -13.726 0.0000000000
93285  19.743  -4.458  -13.638 0.0000000000
96073  22.024  -1.259  -12.665 0.0000000000
95193  23.725  -2.397  -13.526 0.0000000000
96081  23.824  -1.571  -13.577 0.0000000000
147655  24.455  -1.201  -13.662 0.0000000000
96080  24.911  -1.408  -13.453 0.0000000000
100575  22.365  4.397  -9.908 0.0000000000
99679  23.462  4.100  -10.091 0.0000000000
97831  24.889  0.686  -9.239 0.0000000000
96922  24.721  -0.282  -10.592 0.0000000000
96915  26.842  -1.002  -9.323 0.0000000000
151256  27.843  -1.059  -8.916 0.0000000000
96907  28.361  -0.730  -8.424 0.0000000000
97828  28.653  -0.008  -8.026 0.0000000000
151671  29.779  0.981  -7.727 0.0000000000
101445  31.126  4.620  -6.735 0.0000000000
101432  31.704  3.927  -6.482 0.0000000000
101431  31.914  4.773  -6.231 0.0000000000
102294  32.672  4.932  -5.823 0.0000000000
105496  23.905  9.041  -9.549 0.0000000000
104719  25.882  8.667  -7.693 0.0000000000
107776  30.216  12.575  -7.760 0.0000000000
106964  29.074  11.822  -7.356 0.0000000000
106963  30.051  11.828  -7.428 0.0000000000
106247  30.439  10.954  -7.333 0.0000000000
106231  30.156  10.331  -6.975 0.0000000000
105477  30.507  9.541  -7.082 0.0000000000
106246  31.084  10.620  -7.921 0.0000000000
88675  23.175  -8.760  -14.061 0.0000000000
88669  23.640  -9.575  -13.352 0.0000000000
88674  23.952  -8.926  -14.032 0.0000000000
88673  24.793  -8.905  -13.798 0.0000000000
143547  25.987  -9.777  -13.310 0.0000000000
89640  28.265  -8.266  -10.007 0.0000000000
89646  27.598  -8.834  -10.727 0.0000000000
88642  28.944  -9.713  -9.640 0.0000000000
82644  20.012  -15.450  -9.350 0.0000000000
82662  21.231  -15.328  -10.292 0.0000000000
81754  22.509  -16.220  -10.719 0.0000000000
81753  23.286  -16.779  -10.595 0.0000000000
82659  23.421  -15.956  -10.986 0.0000000000
83576  24.663  -14.901  -11.133 0.0000000000
83590  23.496  -14.091  -11.653 0.0000000000
83589  24.304  -14.236  -11.568 0.0000000000
83588  25.137  -14.187  -11.398 0.0000000000
84555  26.004  -13.971  -11.098 0.0000000000
84562  26.566  -13.210  -10.975 0.0000000000
96065  20.807  -1.579  -11.763 0.0000000000
96929  20.844  -0.584  -11.533 0.0000000000
97867  22.634  0.462  -12.848 0.0000000000
151484  23.406  1.178  -13.261 0.0000000000
98747  25.436  1.971  -8.279 0.0000000000
98746  26.534  1.584  -8.450 0.0000000000
97820  27.586  1.194  -8.469 0.0000000000
98736  28.205  1.581  -8.372 0.0000000000
98735  28.914  1.505  -8.362 0.0000000000
161193  29.140  2.126  -8.233 0.0000000000
100561  30.162  3.773  -7.615 0.0000000000
143021  29.824  4.765  -7.448 0.0000000000
101446  30.414  4.453  -7.300 0.0000000000
102307  31.418  5.450  -6.515 0.0000000000
103143  31.730  6.249  -6.528 0.0000000000
103934  32.032  7.003  -6.771 0.0000000000
105498  22.480  9.252  -8.704 0.0000000000
106982  22.855  10.814  -9.396 0.0000000000
106281  23.342  10.456  -9.631 0.0000000000
105512  23.643  9.778  -9.566 0.0000000000
106279  25.211  10.538  -10.421 0.0000000000
106278  26.011  10.709  -10.362 0.0000000000
91512  24.467  -6.257  -14.058 0.0000000000
90619  25.344  -7.570  -14.002 0.0000000000
91510  25.181  -6.965  -13.170 0.0000000000
91503  25.670  -6.944  -12.349 0.0000000000
90603  26.635  -7.605  -11.297 0.0000000000
148876  26.483  -6.084  -11.155 0.0000000000
154758  26.770  -6.738  -10.768 0.0000000000
146244  27.630  -8.020  -10.499 0.0000000000
90593  28.420  -7.527  -9.543 0.0000000000
81732  24.428  -16.768  -9.788 0.0000000000
81714  24.721  -16.973  -8.929 0.0000000000
82624  25.678  -15.833  -8.949 0.0000000000
150039  28.632  -2.830  -9.229 0.0000000000
144961  28.192  -3.977  -9.302 0.0000000000
94174  29.332  -3.025  -8.584 0.0000000000
88649  20.326  -9.524  -10.536 0.0000000000
87614  21.288  -10.244  -11.131 0.0000000000
88655  21.716  -10.464  -11.420 0.0000000000
88656  21.480  -9.674  -11.446 0.0000000000
88663  21.873  -8.895  -11.963 0.0000000000
89663  22.334  -8.605  -12.749 0.0000000000
91505  21.122  -6.790  -13.386 0.0000000000
90620  21.487  -7.339  -13.478 0.0000000000
89664  22.051  -7.981  -13.662 0.0000000000
90629  22.246  -7.641  -14.204 0.0000000000
90628  23.008  -7.098  -14.229 0.0000000000
91521  23.059  -6.237  -14.380 0.0000000000
95181  20.802  -3.511  -12.547 0.0000000000
94245  19.626  -3.806  -13.348 0.0000000000
93284  20.760  -4.444  -13.760 0.0000000000
94243  21.597  -3.823  -13.121 0.0000000000
93291  21.923  -5.195  -14.340 0.0000000000
92383  23.180  -5.498  -14.092 0.0000000000
92382  23.853  -5.842  -14.129 0.0000000000
92374  24.453  -5.332  -13.446 0.0000000000
92373  25.052  -5.122  -13.304 0.0000000000
93270  25.343  -4.342  -13.172 0.0000000000
94240  24.658  -3.437  -13.539 0.0000000000
94239  25.161  -3.527  -13.365 0.0000000000
93259  25.693  -4.476  -12.464 0.0000000000
94215  25.741  -3.812  -11.828 0.0000000000
94214  26.180  -4.102  -11.109 0.0000000000
160317  26.773  -3.406  -10.244 0.0000000000
99688  21.354  3.099  -10.607 0.0000000000
99687  21.836  3.233  -11.287 0.0000000000
99695  22.578  3.312  -12.204 0.0000000000
99694  23.701  3.268  -13.214 0.0000000000
98794  24.376  2.005  -13.653 0.0000000000
100580  24.517  4.872  -11.055 0.0000000000
143876  24.371  1.727  -9.934 0.0000000000
99678  24.514  3.291  -10.854 0.0000000000
100589  25.335  5.287  -12.125 0.0000000000
99692  25.377  4.307  -13.835 0.0000000000
98804  25.094  2.493  -13.842 0.0000000000
97878  24.833  1.139  -13.648 0.0000000000
96951  24.940  0.182  -13.498 0.0000000000
96071  25.074  -0.774  -13.320 0.0000000000
96058  24.778  -1.087  -11.139 0.0000000000
95159  25.014  -1.748  -11.690 0.0000000000
95158  25.607  -2.616  -10.874 0.0000000000
95149  26.428  -2.866  -10.204 0.0000000000
94190  27.385  -2.979  -9.859 0.0000000000
95147  28.185  -2.867  -9.530 0.0000000000
154742  29.106  -1.836  -8.469 0.0000000000
96030  29.617  -1.077  -7.595 0.0000000000
96021  30.142  -0.947  -6.678 0.0000000000
98734  29.501  1.597  -8.079 0.0000000000
98725  30.098  1.739  -7.539 0.0000000000
100552  31.432  3.179  -6.680 0.0000000000
98723  31.298  1.983  -6.297 0.0000000000
104721  23.297  7.851  -8.789 0.0000000000
141937  25.330  6.010  -7.527 0.0000000000
103149  25.663  6.215  -7.320 0.0000000000
103938  25.298  7.028  -7.320 0.0000000000
103148  26.575  6.116  -6.731 0.0000000000
160953  27.329  6.894  -6.584 0.0000000000
108686  26.013  13.757  -11.246 0.0000000000
107805  26.110  12.472  -11.083 0.0000000000
107793  26.676  12.154  -9.982 0.0000000000
106980  26.522  11.265  -9.711 0.0000000000
108674  28.321  13.722  -8.720 0.0000000000
108660  27.911  13.105  -8.308 0.0000000000
107780  26.972  11.970  -8.757 0.0000000000
106966  26.668  11.335  -8.552 0.0000000000
138826  26.744  10.893  -7.868 0.0000000000
106251  26.912  10.232  -7.351 0.0000000000
159855  26.953  9.629  -6.988 0.0000000000
106249  28.737  11.002  -7.137 0.0000000000
106234  27.614  9.938  -6.918 0.0000000000
105467  27.435  9.200  -6.667 0.0000000000
103936  28.357  7.212  -6.716 0.0000000000
103935  29.180  7.346  -6.892 0.0000000000
103157  30.100  7.292  -7.225 0.0000000000
165607  30.510  8.901  -7.045 0.0000000000
104718  30.455  8.238  -7.229 0.0000000000
103953  30.851  7.635  -7.313 0.0000000000
103952  31.626  7.561  -7.248 0.0000000000
103951  32.417  7.465  -7.372 0.0000000000
150588  33.096  7.340  -7.592 0.0000000000
104742  32.813  8.898  -9.095 0.0000000000
104731  33.182  8.359  -8.627 0.0000000000
103963  33.540  7.832  -8.142 0.0000000000
138760  22.377  -10.732  -11.621 0.0000000000
87620  23.128  -10.721  -11.882 0.0000000000
86610  23.698  -11.287  -12.144 0.0000000000
87625  24.431  -10.250  -13.246 0.0000000000
156691  24.102  -10.930  -12.731 0.0000000000
85591  24.985  -12.475  -12.801 0.0000000000
85590  25.556  -12.409  -12.702 0.0000000000
85581  26.280  -12.577  -11.616 0.0000000000
85575  26.973  -12.415  -10.841 0.0000000000
89662  25.515  -8.155  -13.683 0.0000000000
88666  26.168  -9.186  -13.079 0.0000000000
144237  26.435  -9.868  -13.007 0.0000000000
88653  26.993  -9.462  -11.262 0.0000000000
87610  26.936  -10.207  -11.065 0.0000000000
87611  26.307  -10.201  -11.820 0.0000000000
87604  26.725  -11.048  -11.330 0.0000000000
85574  27.653  -12.167  -10.243 0.0000000000
164178  27.704  -12.600  -9.736 0.0000000000
93221  28.774  -4.134  -8.901 0.0000000000
145060  29.494  -4.814  -8.343 0.0000000000
79893  23.148  -18.858  -9.068 0.0000000000
80835  22.632  -17.170  -10.490 0.0000000000
81756  20.736  -15.853  -9.827 0.0000000000
82642  24.755  -16.115  -10.218 0.0000000000
83559  25.634  -15.128  -10.194 0.0000000000
84538  27.560  -13.436  -8.641 0.0000000000
84565  23.375  -13.412  -11.872 0.0000000000
84566  22.832  -13.842  -11.611 0.0000000000
85589  25.972  -12.259  -12.496 0.0000000000
86602  26.168  -11.716  -11.874 0.0000000000
86608  26.236  -11.565  -12.899 0.0000000000
86609  24.271  -12.026  -12.388 0.0000000000
86611  22.853  -11.476  -11.818 0.0000000000
86616  26.128  -11.494  -13.185 0.0000000000
86617  25.553  -11.286  -13.369 0.0000000000
87597  28.796  -10.582  -9.532 0.0000000000
87623  26.212  -10.695  -13.252 0.0000000000
88657  20.914  -9.598  -11.028 0.0000000000
88667  25.089  -9.612  -13.397 0.0000000000
89638  29.285  -8.532  -9.074 0.0000000000
89652  26.319  -8.533  -11.718 0.0000000000
89657  21.929  -8.023  -12.632 0.0000000000
89661  25.776  -8.533  -13.170 0.0000000000
89668  25.141  -8.086  -13.967 0.0000000000
89671  22.579  -8.265  -14.040 0.0000000000
90602  27.208  -7.458  -10.634 0.0000000000
90615  21.571  -7.497  -12.440 0.0000000000
91476  27.711  -6.352  -9.833 0.0000000000
91496  20.098  -6.909  -11.156 0.0000000000
91504  25.022  -6.326  -13.470 0.0000000000
91511  24.994  -6.804  -14.135 0.0000000000
91513  20.779  -5.926  -14.399 0.0000000000
91520  23.831  -6.589  -14.215 0.0000000000
91524  20.309  -5.809  -14.423 0.0000000000
92364  25.482  -5.188  -12.817 0.0000000000
92365  19.853  -5.199  -12.908 0.0000000000
92366  19.332  -4.931  -13.515 0.0000000000
92377  19.218  -5.183  -14.017 0.0000000000
92386  20.414  -5.848  -14.463 0.0000000000
92387  19.662  -5.699  -14.227 0.0000000000
93260  20.889  -5.054  -12.262 0.0000000000
93286  19.486  -4.284  -13.422 0.0000000000
93292  21.108  -5.142  -14.311 0.0000000000
94161  29.784  -3.227  -8.120 0.0000000000
94175  28.929  -3.233  -8.932 0.0000000000
94188  28.470  -3.362  -9.304 0.0000000000
94201  27.258  -3.767  -9.993 0.0000000000
94203  26.091  -3.439  -10.852 0.0000000000
94226  19.778  -3.641  -13.224 0.0000000000
94227  19.610  -3.915  -13.372 0.0000000000
94244  20.387  -3.800  -13.260 0.0000000000
95138  28.973  -2.496  -8.813 0.0000000000
95178  25.262  -2.917  -13.123 0.0000000000
95196  20.309  -3.573  -13.099 0.0000000000
95197  19.795  -3.711  -13.258 0.0000000000
95211  24.834  -1.973  -13.376 0.0000000000
96041  28.827  -1.290  -8.530 0.0000000000
96064  25.136  -1.000  -12.487 0.0000000000
96886  29.734  -0.276  -7.301 0.0000000000
96906  28.901  -0.659  -8.191 0.0000000000
97853  21.203  0.877  -11.393 0.0000000000
99634  31.781  2.517  -6.225 0.0000000000
99652  28.906  2.801  -8.147 0.0000000000
99686  25.325  3.700  -12.220 0.0000000000
99693  25.419  3.423  -13.599 0.0000000000
99700  25.172  3.982  -14.042 0.0000000000
100581  23.140  4.591  -10.690 0.0000000000
100588  25.301  6.256  -12.658 0.0000000000
100590  23.506  5.450  -12.221 0.0000000000
100595  25.417  5.261  -13.253 0.0000000000
100596  25.482  4.296  -13.057 0.0000000000
100597  24.181  5.554  -13.215 0.0000000000
100602  25.174  5.166  -14.000 0.0000000000
100603  24.937  5.093  -14.142 0.0000000000
101490  23.078  4.979  -11.441 0.0000000000
101494  24.066  5.889  -12.309 0.0000000000
101497  25.163  6.187  -13.514 0.0000000000
101503  24.823  6.084  -13.555 0.0000000000
102351  24.774  6.258  -12.189 0.0000000000
102359  25.209  6.811  -13.038 0.0000000000
102360  25.174  6.486  -12.783 0.0000000000
102361  25.165  6.267  -12.787 0.0000000000
102369  25.172  6.860  -13.015 0.0000000000
102370  25.193  6.442  -13.249 0.0000000000
102376  25.174  6.766  -13.183 0.0000000000
105469  22.350  9.119  -6.641 0.0000000000
105479  23.008  8.240  -8.901 0.0000000000
106235  22.399  10.772  -6.357 0.0000000000
106267  22.664  9.993  -9.299 0.0000000000
106292  24.907  10.805  -10.941 0.0000000000
106953  22.110  10.617  -7.805 0.0000000000
106979  30.805  12.218  -8.209 0.0000000000
106997  23.531  11.127  -9.813 0.0000000000
109579  28.682  14.323  -9.159 0.0000000000
139722  26.247  -9.207  -12.519 0.0000000000
139859  26.035  -13.288  -11.612 0.0000000000
145890  22.592  -8.576  -13.590 0.0000000000
146377  24.320  -2.720  -13.529 0.0000000000
150119  30.685  10.230  -7.375 0.0000000000
153416  29.523  -1.822  -7.983 0.0000000000
154507  26.332  10.282  -7.993 0.0000000000
156282  24.939  -11.799  -13.155 0.0000000000
156523  22.408  -14.133  -11.284 0.0000000000
159795  20.848  -13.454  -10.558 0.0000000000
160647  19.633  -8.453  -10.323 0.0000000000
161324  28.743  -1.862  -8.744 0.0000000000
162002  20.834  -14.346  -10.386 0.0000000000
163214  26.730  -6.115  -10.634 0.0000000000
163543  24.279  -11.476  -12.695 0.0000000000
164712  30.455  12.041  -7.772 0.0000000000
165524  25.711  -5.583  -12.397 0.0000000000
165646  23.653  -8.296  -14.109 0.0000000000
