#!ascii label  , from subject sub-v1s0x0050646_ses-1 vox2ras=TkReg
949
124055  -36.051  -29.078  59.894 0.0000000000
49460  -20.562  -33.144  58.466 0.0000000000
54250  -26.525  -28.126  57.283 0.0000000000
76992  -44.288  -4.159  43.740 0.0000000000
77872  -52.906  -3.840  42.112 0.0000000000
48356  -13.052  -34.357  64.041 0.0000000000
74350  -41.295  -7.147  45.392 0.0000000000
56291  -38.676  -27.180  59.116 0.0000000000
124514  -30.823  -29.947  57.996 0.0000000000
48406  -16.030  -34.588  60.706 0.0000000000
44434  -16.136  -38.624  64.545 0.0000000000
54295  -30.803  -28.452  54.032 0.0000000000
56413  -32.839  -26.639  52.573 0.0000000000
55312  -23.278  -27.222  57.540 0.0000000000
56380  -27.901  -27.092  54.412 0.0000000000
67839  -37.190  -14.301  46.098 0.0000000000
69561  -40.814  -11.954  44.796 0.0000000000
73428  -44.680  -8.829  43.116 0.0000000000
44377  -8.762  -38.751  67.946 0.0000000000
43352  -5.265  -39.721  71.226 0.0000000000
59464  -33.444  -23.443  51.225 0.0000000000
62470  -34.247  -20.291  49.665 0.0000000000
65179  -35.993  -17.104  47.541 0.0000000000
44405  -12.240  -38.716  66.218 0.0000000000
49420  -20.575  -34.668  61.200 0.0000000000
50419  -22.553  -33.058  60.404 0.0000000000
53182  -33.144  -29.460  58.328 0.0000000000
137261  -18.989  -30.307  58.810 0.0000000000
49447  -18.503  -33.583  58.829 0.0000000000
47398  -18.255  -36.037  61.938 0.0000000000
55355  -30.498  -27.000  55.169 0.0000000000
55371  -29.269  -27.896  54.320 0.0000000000
70488  -36.801  -11.847  45.733 0.0000000000
136096  -38.849  -12.739  45.193 0.0000000000
71424  -38.333  -10.681  44.781 0.0000000000
74377  -42.042  -7.637  42.757 0.0000000000
75328  -44.099  -6.336  41.817 0.0000000000
142873  -46.570  -8.549  42.887 0.0000000000
75331  -46.765  -6.237  41.449 0.0000000000
76179  -48.565  -5.479  40.852 0.0000000000
139990  -31.564  -24.411  52.697 0.0000000000
57414  -32.983  -25.098  51.751 0.0000000000
137019  -30.995  -23.001  52.491 0.0000000000
63359  -31.464  -19.650  49.974 0.0000000000
65154  -32.745  -17.810  49.079 0.0000000000
63375  -35.003  -18.998  48.569 0.0000000000
66100  -33.478  -16.018  47.788 0.0000000000
67836  -34.102  -14.534  47.164 0.0000000000
56322  -24.294  -26.476  57.302 0.0000000000
45421  -10.855  -37.338  66.208 0.0000000000
45431  -12.155  -37.136  65.223 0.0000000000
40548  -5.663  -42.679  73.795 0.0000000000
144880  -4.253  -42.854  74.631 0.0000000000
73399  -39.794  -8.487  45.750 0.0000000000
57321  -38.330  -25.574  57.481 0.0000000000
53194  -28.352  -29.861  57.604 0.0000000000
48386  -14.385  -34.820  62.357 0.0000000000
46433  -14.175  -37.132  63.562 0.0000000000
46445  -16.263  -36.982  62.606 0.0000000000
77873  -53.945  -3.746  41.527 0.0000000000
53229  -33.060  -29.037  56.027 0.0000000000
54283  -33.989  -28.212  55.533 0.0000000000
54312  -32.332  -28.147  53.780 0.0000000000
53176  -19.967  -28.741  57.526 0.0000000000
52150  -22.206  -30.611  57.919 0.0000000000
56339  -21.516  -26.442  56.581 0.0000000000
58389  -22.912  -24.080  55.316 0.0000000000
56360  -24.947  -25.393  55.310 0.0000000000
57332  -26.637  -24.518  55.340 0.0000000000
54277  -26.792  -28.211  55.460 0.0000000000
53208  -28.444  -29.549  56.126 0.0000000000
53210  -31.142  -29.667  56.354 0.0000000000
66094  -39.186  -16.310  48.242 0.0000000000
72438  -40.551  -9.072  43.481 0.0000000000
71437  -42.273  -10.044  43.604 0.0000000000
76187  -50.157  -5.267  40.665 0.0000000000
43369  -7.150  -39.523  69.566 0.0000000000
41450  -6.828  -41.907  71.272 0.0000000000
56383  -35.118  -26.547  54.813 0.0000000000
57383  -35.598  -25.122  54.052 0.0000000000
128420  -36.166  -23.972  53.518 0.0000000000
61523  -30.358  -21.309  51.269 0.0000000000
60527  -33.872  -22.147  50.853 0.0000000000
60495  -36.734  -22.389  52.536 0.0000000000
62441  -37.072  -20.767  51.315 0.0000000000
63365  -37.276  -19.280  49.651 0.0000000000
64269  -38.065  -18.118  48.810 0.0000000000
66995  -36.943  -15.574  47.066 0.0000000000
69535  -35.620  -12.870  46.741 0.0000000000
52127  -23.580  -30.752  60.277 0.0000000000
46407  -9.315  -36.703  67.695 0.0000000000
44379  -10.720  -39.407  67.658 0.0000000000
44407  -14.341  -39.317  65.708 0.0000000000
140977  -3.179  -43.899  74.122 0.0000000000
49434  -20.851  -34.106  60.457 0.0000000000
49421  -21.704  -34.016  61.107 0.0000000000
50418  -21.939  -33.096  59.628 0.0000000000
53183  -33.995  -29.314  58.627 0.0000000000
50431  -19.364  -32.459  58.137 0.0000000000
50430  -18.668  -32.811  58.468 0.0000000000
49448  -19.445  -33.751  58.944 0.0000000000
139703  -19.124  -34.768  60.178 0.0000000000
131472  -37.236  -10.590  46.379 0.0000000000
71415  -37.733  -10.832  45.089 0.0000000000
72411  -38.490  -9.544  45.707 0.0000000000
141636  -43.713  -4.668  43.696 0.0000000000
76169  -43.127  -5.832  42.712 0.0000000000
76170  -43.763  -5.548  42.238 0.0000000000
75329  -44.921  -6.248  41.645 0.0000000000
77007  -45.158  -4.507  41.975 0.0000000000
77008  -45.871  -4.617  41.640 0.0000000000
59435  -31.301  -23.499  52.923 0.0000000000
65137  -32.505  -17.849  49.876 0.0000000000
65164  -33.080  -17.349  48.286 0.0000000000
66966  -33.507  -15.692  49.033 0.0000000000
67816  -33.548  -15.034  48.532 0.0000000000
55313  -25.323  -27.143  57.935 0.0000000000
55293  -25.188  -27.174  58.777 0.0000000000
54227  -26.589  -28.066  58.918 0.0000000000
47368  -11.981  -35.640  65.215 0.0000000000
47374  -12.404  -35.466  64.742 0.0000000000
77027  -52.517  -4.822  40.756 0.0000000000
148852  -4.921  -42.974  74.812 0.0000000000
55247  -39.992  -28.164  60.697 0.0000000000
56331  -38.009  -26.174  57.843 0.0000000000
53195  -29.275  -30.072  57.651 0.0000000000
53165  -30.388  -30.487  59.471 0.0000000000
49432  -17.064  -33.289  59.730 0.0000000000
49419  -16.035  -33.408  60.967 0.0000000000
49410  -15.026  -33.245  62.198 0.0000000000
48405  -15.361  -34.697  61.349 0.0000000000
47395  -15.305  -35.863  61.826 0.0000000000
46459  -15.992  -36.072  61.509 0.0000000000
125205  -19.381  -35.744  62.622 0.0000000000
47386  -18.400  -36.474  63.452 0.0000000000
53242  -32.018  -29.093  54.932 0.0000000000
54297  -32.535  -28.584  54.470 0.0000000000
54311  -31.576  -27.984  53.637 0.0000000000
55291  -20.078  -27.270  58.369 0.0000000000
55330  -20.732  -27.363  57.121 0.0000000000
57298  -20.770  -25.109  57.802 0.0000000000
59382  -21.761  -23.161  56.187 0.0000000000
59403  -23.431  -23.334  55.234 0.0000000000
57347  -24.247  -24.857  55.170 0.0000000000
58391  -24.803  -24.132  54.726 0.0000000000
56343  -27.991  -26.073  55.828 0.0000000000
56363  -26.994  -26.285  54.639 0.0000000000
56362  -26.450  -26.168  54.775 0.0000000000
55368  -27.091  -26.916  54.479 0.0000000000
147106  -27.336  -28.762  55.681 0.0000000000
145330  -28.036  -28.388  54.664 0.0000000000
126816  -29.937  -28.390  54.270 0.0000000000
53225  -29.747  -29.504  55.367 0.0000000000
53227  -31.552  -29.471  55.521 0.0000000000
126985  -31.905  -29.521  56.248 0.0000000000
67007  -38.370  -15.112  47.109 0.0000000000
66982  -39.619  -15.627  47.984 0.0000000000
67841  -39.087  -14.568  46.788 0.0000000000
69560  -39.949  -11.984  44.789 0.0000000000
68690  -40.093  -13.197  45.682 0.0000000000
73400  -40.511  -7.781  45.314 0.0000000000
73414  -39.797  -8.479  44.803 0.0000000000
74358  -40.328  -8.015  44.270 0.0000000000
132303  -43.457  -8.256  42.556 0.0000000000
72440  -42.079  -9.340  43.136 0.0000000000
72441  -43.465  -9.466  43.401 0.0000000000
71429  -43.564  -10.525  44.350 0.0000000000
75344  -49.333  -5.733  40.818 0.0000000000
77012  -49.612  -4.100  41.322 0.0000000000
77025  -50.827  -4.639  40.863 0.0000000000
45407  -8.378  -37.829  68.631 0.0000000000
44371  -7.583  -38.704  69.258 0.0000000000
43382  -7.966  -39.755  68.926 0.0000000000
141379  -8.195  -41.704  70.810 0.0000000000
41429  -7.262  -42.682  74.524 0.0000000000
55373  -33.726  -27.317  53.851 0.0000000000
55356  -34.643  -27.656  55.554 0.0000000000
56397  -34.070  -26.661  53.466 0.0000000000
58441  -33.380  -24.351  51.505 0.0000000000
57398  -34.454  -25.483  52.787 0.0000000000
128508  -34.635  -24.692  52.496 0.0000000000
58419  -36.360  -24.584  54.193 0.0000000000
59450  -34.829  -23.880  52.290 0.0000000000
63331  -30.369  -19.858  51.369 0.0000000000
62469  -32.973  -20.216  49.402 0.0000000000
61549  -32.148  -20.984  49.923 0.0000000000
62457  -33.825  -20.902  50.110 0.0000000000
61524  -34.664  -22.043  51.225 0.0000000000
61542  -35.558  -20.873  50.917 0.0000000000
139697  -36.852  -21.291  51.780 0.0000000000
131677  -35.578  -20.410  50.355 0.0000000000
64265  -34.979  -18.297  47.998 0.0000000000
63376  -35.976  -18.970  48.856 0.0000000000
64267  -36.366  -18.398  48.505 0.0000000000
64257  -37.669  -18.706  49.231 0.0000000000
65166  -36.696  -17.725  48.120 0.0000000000
65180  -37.152  -16.932  47.768 0.0000000000
66103  -36.525  -16.256  47.354 0.0000000000
68653  -34.974  -13.205  48.455 0.0000000000
68674  -35.196  -13.595  46.702 0.0000000000
69516  -35.484  -12.591  48.108 0.0000000000
53206  -22.289  -28.754  57.372 0.0000000000
52141  -22.811  -30.649  58.696 0.0000000000
53178  -23.216  -29.100  58.752 0.0000000000
44404  -11.505  -38.013  66.140 0.0000000000
44403  -10.816  -38.203  66.497 0.0000000000
44391  -11.123  -38.911  67.041 0.0000000000
45444  -15.681  -38.237  63.729 0.0000000000
45434  -14.239  -38.478  64.576 0.0000000000
44422  -15.712  -39.176  65.163 0.0000000000
47399  -20.249  -35.444  62.734 0.0000000000
48369  -21.867  -34.804  62.847 0.0000000000
49412  -22.880  -33.878  62.458 0.0000000000
50409  -23.539  -32.958  61.895 0.0000000000
124513  -31.629  -29.708  57.954 0.0000000000
124522  -31.716  -29.962  59.490 0.0000000000
50426  -18.200  -32.129  59.034 0.0000000000
50425  -17.602  -32.745  59.364 0.0000000000
48425  -17.462  -34.650  59.948 0.0000000000
47409  -17.425  -35.817  61.119 0.0000000000
48407  -18.600  -35.097  60.557 0.0000000000
48388  -19.783  -35.295  61.960 0.0000000000
55372  -30.301  -27.733  54.120 0.0000000000
56394  -30.874  -27.230  53.857 0.0000000000
56344  -28.200  -26.582  55.020 0.0000000000
55370  -28.359  -27.746  54.437 0.0000000000
55354  -29.817  -27.381  54.580 0.0000000000
69547  -36.885  -12.559  45.610 0.0000000000
68676  -38.696  -13.865  46.022 0.0000000000
69549  -38.176  -12.443  45.192 0.0000000000
69559  -38.954  -12.008  44.817 0.0000000000
70501  -39.491  -11.294  44.539 0.0000000000
74365  -41.389  -7.558  43.275 0.0000000000
74366  -42.130  -6.998  43.133 0.0000000000
74379  -43.299  -7.469  42.302 0.0000000000
74380  -44.198  -7.745  42.267 0.0000000000
125439  -45.397  -8.715  43.103 0.0000000000
74381  -45.157  -7.682  42.193 0.0000000000
74395  -46.488  -7.130  41.803 0.0000000000
74396  -47.406  -6.943  41.602 0.0000000000
75332  -47.546  -6.153  41.263 0.0000000000
77010  -47.483  -4.716  41.227 0.0000000000
43400  -9.383  -39.737  68.285 0.0000000000
43383  -8.916  -40.224  68.804 0.0000000000
42406  -9.856  -40.887  70.066 0.0000000000
57396  -32.229  -25.741  52.293 0.0000000000
57397  -32.871  -25.859  52.136 0.0000000000
57412  -32.052  -25.170  52.099 0.0000000000
129785  -31.697  -24.167  51.392 0.0000000000
135636  -31.775  -23.464  50.939 0.0000000000
64224  -31.387  -18.448  50.858 0.0000000000
64245  -32.086  -17.987  50.553 0.0000000000
63372  -32.518  -18.784  49.141 0.0000000000
63373  -33.177  -19.115  48.676 0.0000000000
63362  -34.597  -19.649  49.161 0.0000000000
148610  -33.558  -18.667  48.306 0.0000000000
64279  -34.208  -17.909  47.710 0.0000000000
66101  -34.026  -16.304  47.471 0.0000000000
66993  -34.692  -15.840  47.218 0.0000000000
67827  -33.687  -14.769  47.763 0.0000000000
56321  -23.728  -26.780  57.439 0.0000000000
55292  -23.721  -27.595  58.434 0.0000000000
56285  -24.565  -27.224  58.891 0.0000000000
45422  -11.504  -37.203  65.724 0.0000000000
45423  -12.159  -37.912  65.689 0.0000000000
41442  -5.328  -41.821  72.002 0.0000000000
43337  -4.813  -39.775  71.785 0.0000000000
41434  -4.417  -41.613  73.117 0.0000000000
42367  -3.894  -41.078  73.691 0.0000000000
143747  -3.212  -41.498  74.575 0.0000000000
58366  -39.172  -24.516  56.914 0.0000000000
54251  -27.153  -28.813  57.621 0.0000000000
54240  -27.214  -28.782  58.590 0.0000000000
50394  -14.606  -32.703  62.952 0.0000000000
48367  -13.777  -34.362  63.197 0.0000000000
125447  -13.282  -35.915  63.961 0.0000000000
47384  -13.997  -35.502  62.868 0.0000000000
46444  -15.426  -36.934  62.662 0.0000000000
45455  -16.028  -37.642  63.085 0.0000000000
47397  -17.353  -36.477  61.868 0.0000000000
46446  -17.602  -36.901  63.367 0.0000000000
45446  -17.301  -37.365  64.711 0.0000000000
143827  -53.418  -3.961  41.669 0.0000000000
125014  -33.978  -29.178  57.807 0.0000000000
54266  -34.513  -28.703  57.106 0.0000000000
54265  -33.816  -28.717  56.314 0.0000000000
146610  -32.953  -28.169  54.101 0.0000000000
55404  -32.712  -27.156  52.941 0.0000000000
56395  -31.335  -26.997  53.421 0.0000000000
145116  -31.654  -26.684  53.103 0.0000000000
56411  -31.898  -26.232  52.820 0.0000000000
58417  -31.871  -24.912  53.386 0.0000000000
51299  -20.365  -31.255  57.322 0.0000000000
50439  -21.267  -31.895  57.673 0.0000000000
52148  -20.799  -30.508  57.050 0.0000000000
53205  -21.647  -28.850  57.078 0.0000000000
55332  -21.949  -27.373  56.726 0.0000000000
58362  -21.142  -23.697  57.129 0.0000000000
57329  -21.924  -25.804  56.235 0.0000000000
134102  -22.629  -25.865  56.211 0.0000000000
56340  -23.558  -26.057  56.671 0.0000000000
146807  -24.722  -26.180  56.774 0.0000000000
55333  -25.778  -27.006  56.097 0.0000000000
59386  -26.059  -23.454  55.689 0.0000000000
57349  -25.993  -25.193  54.688 0.0000000000
55351  -26.011  -26.580  55.134 0.0000000000
54263  -26.340  -27.878  56.204 0.0000000000
54264  -27.040  -28.691  56.489 0.0000000000
145744  -28.158  -29.653  56.796 0.0000000000
148836  -29.551  -29.886  56.853 0.0000000000
54279  -28.542  -28.823  54.885 0.0000000000
141036  -30.197  -29.756  56.313 0.0000000000
124728  -31.067  -29.773  57.269 0.0000000000
124512  -31.813  -29.603  57.017 0.0000000000
53197  -33.222  -29.295  57.351 0.0000000000
52140  -19.359  -30.127  58.052 0.0000000000
68677  -39.697  -13.855  46.300 0.0000000000
72421  -39.195  -9.074  45.253 0.0000000000
71425  -39.547  -9.927  44.225 0.0000000000
71426  -40.786  -10.632  44.004 0.0000000000
73426  -40.955  -8.324  43.185 0.0000000000
71436  -41.266  -9.814  43.495 0.0000000000
71427  -41.761  -10.669  43.979 0.0000000000
70505  -43.129  -11.136  44.735 0.0000000000
76188  -51.125  -5.408  40.642 0.0000000000
77026  -51.701  -4.720  40.826 0.0000000000
77871  -52.024  -3.706  42.290 0.0000000000
44366  -7.146  -38.422  70.031 0.0000000000
43368  -6.635  -39.992  70.010 0.0000000000
42404  -8.070  -41.307  69.996 0.0000000000
42403  -7.050  -40.915  69.980 0.0000000000
41449  -5.834  -41.581  71.222 0.0000000000
41443  -6.256  -42.217  71.978 0.0000000000
54267  -35.160  -28.218  56.833 0.0000000000
55319  -36.363  -27.504  57.399 0.0000000000
56329  -36.654  -26.841  57.131 0.0000000000
57381  -34.411  -26.057  53.237 0.0000000000
57354  -35.804  -26.015  55.076 0.0000000000
56349  -37.028  -26.154  56.810 0.0000000000
57356  -37.187  -25.220  55.652 0.0000000000
58397  -37.552  -24.559  55.243 0.0000000000
59409  -37.864  -23.925  54.917 0.0000000000
60509  -30.367  -22.083  51.632 0.0000000000
59478  -31.516  -22.782  50.812 0.0000000000
62456  -30.794  -20.174  50.553 0.0000000000
61538  -31.683  -21.483  50.216 0.0000000000
60526  -33.138  -22.730  50.805 0.0000000000
143519  -34.658  -22.734  51.653 0.0000000000
149538  -36.486  -22.928  52.874 0.0000000000
62472  -35.997  -19.949  49.952 0.0000000000
62459  -37.360  -20.224  50.726 0.0000000000
65168  -38.379  -17.407  48.514 0.0000000000
66105  -37.902  -16.404  47.759 0.0000000000
67006  -37.483  -14.990  46.763 0.0000000000
67004  -35.420  -14.860  46.684 0.0000000000
67838  -35.656  -14.122  46.400 0.0000000000
67846  -36.450  -13.929  46.003 0.0000000000
69536  -36.245  -12.494  46.096 0.0000000000
71397  -36.777  -10.935  46.842 0.0000000000
142743  -22.414  -31.997  58.810 0.0000000000
51279  -23.301  -31.759  60.062 0.0000000000
54213  -24.025  -28.524  60.105 0.0000000000
45408  -8.894  -37.440  67.952 0.0000000000
46408  -9.848  -36.450  67.149 0.0000000000
45413  -9.492  -37.482  67.193 0.0000000000
44378  -9.720  -39.184  67.654 0.0000000000
135922  -10.358  -39.851  68.346 0.0000000000
46432  -13.440  -36.701  64.033 0.0000000000
45433  -13.348  -38.110  64.886 0.0000000000
44406  -13.585  -39.260  66.064 0.0000000000
37610  -5.226  -45.588  74.235 0.0000000000
38587  -3.869  -43.837  74.789 0.0000000000
41418  -2.742  -41.131  74.710 0.0000000000
54229  -36.108  -28.680  59.013 0.0000000000
49449  -20.454  -33.679  59.196 0.0000000000
129522  -21.283  -33.575  59.704 0.0000000000
49450  -21.208  -33.127  58.955 0.0000000000
140991  -34.659  -29.109  58.689 0.0000000000
50432  -20.100  -32.736  57.976 0.0000000000
49459  -19.304  -33.170  58.344 0.0000000000
145530  -19.948  -33.337  58.486 0.0000000000
140119  -38.103  -9.920  47.200 0.0000000000
71406  -37.824  -10.046  46.279 0.0000000000
72400  -38.567  -9.529  46.737 0.0000000000
76161  -43.998  -4.682  42.881 0.0000000000
76171  -44.496  -4.911  42.090 0.0000000000
77000  -44.812  -4.136  42.782 0.0000000000
66082  -33.207  -16.366  48.854 0.0000000000
135377  -25.822  -27.405  57.143 0.0000000000
55294  -26.017  -27.587  58.235 0.0000000000
138269  -12.532  -34.739  64.574 0.0000000000
47375  -12.909  -35.301  64.218 0.0000000000
77015  -52.307  -4.229  41.410 0.0000000000
77028  -53.289  -4.944  40.609 0.0000000000
77016  -53.047  -4.364  41.270 0.0000000000
55267  -39.746  -27.572  60.187 0.0000000000
56275  -39.801  -26.838  59.929 0.0000000000
56310  -38.493  -26.572  58.532 0.0000000000
124515  -30.029  -30.261  58.179 0.0000000000
124519  -29.935  -30.494  58.895 0.0000000000
124518  -30.626  -30.299  58.693 0.0000000000
49431  -16.549  -33.840  60.170 0.0000000000
50415  -16.586  -32.860  60.518 0.0000000000
49418  -15.480  -33.860  61.453 0.0000000000
47407  -15.605  -35.343  61.270 0.0000000000
47408  -16.393  -35.596  60.970 0.0000000000
54296  -31.723  -28.651  54.184 0.0000000000
56298  -20.444  -26.709  57.730 0.0000000000
60426  -24.126  -22.200  56.286 0.0000000000
59384  -24.016  -22.739  55.463 0.0000000000
59404  -24.424  -23.320  54.930 0.0000000000
59385  -25.049  -22.687  55.605 0.0000000000
56364  -27.493  -26.599  54.546 0.0000000000
124660  -27.399  -26.096  54.901 0.0000000000
55369  -27.568  -27.670  54.545 0.0000000000
53240  -30.261  -29.102  54.648 0.0000000000
53241  -31.165  -29.207  54.680 0.0000000000
67840  -38.096  -14.465  46.378 0.0000000000
69551  -40.465  -12.547  45.222 0.0000000000
129791  -41.358  -11.919  44.832 0.0000000000
129652  -41.004  -7.295  44.361 0.0000000000
73427  -43.824  -8.900  42.975 0.0000000000
72442  -44.327  -9.361  43.545 0.0000000000
72430  -43.942  -9.928  43.949 0.0000000000
43398  -8.128  -38.780  68.625 0.0000000000
43399  -8.600  -39.502  68.434 0.0000000000
56396  -33.329  -26.972  53.094 0.0000000000
58442  -34.181  -24.371  51.951 0.0000000000
59465  -34.236  -23.530  51.694 0.0000000000
140224  -33.503  -20.426  49.604 0.0000000000
139523  -34.948  -21.318  50.936 0.0000000000
62458  -34.787  -20.749  50.371 0.0000000000
64266  -35.784  -17.943  48.027 0.0000000000
64268  -37.223  -18.269  48.634 0.0000000000
54249  -22.852  -28.043  57.626 0.0000000000
54237  -22.770  -28.992  57.921 0.0000000000
54238  -23.286  -28.364  58.369 0.0000000000
145019  -11.507  -38.612  66.540 0.0000000000
44392  -12.021  -39.129  67.002 0.0000000000
44433  -15.232  -38.710  64.430 0.0000000000
43353  -6.008  -39.606  70.681 0.0000000000
44358  -5.726  -39.043  71.351 0.0000000000
54218  -39.312  -28.745  60.446 0.0000000000
48389  -20.623  -34.925  62.012 0.0000000000
48368  -21.041  -35.087  62.885 0.0000000000
129903  -21.406  -34.740  62.243 0.0000000000
49436  -22.411  -33.631  61.133 0.0000000000
49411  -22.113  -34.138  62.027 0.0000000000
49422  -22.947  -33.560  61.833 0.0000000000
49413  -23.441  -33.461  62.472 0.0000000000
50408  -23.082  -33.028  61.169 0.0000000000
124516  -32.295  -29.606  58.389 0.0000000000
124521  -32.493  -29.686  59.228 0.0000000000
52133  -18.780  -29.956  59.685 0.0000000000
51285  -18.617  -31.013  58.971 0.0000000000
49458  -18.064  -33.017  58.832 0.0000000000
49446  -17.684  -33.557  59.192 0.0000000000
48437  -17.892  -34.221  59.321 0.0000000000
48426  -18.280  -34.728  59.941 0.0000000000
48427  -19.964  -34.687  60.664 0.0000000000
48408  -19.287  -35.136  61.106 0.0000000000
140826  -20.050  -34.919  61.410 0.0000000000
56365  -30.589  -27.163  54.356 0.0000000000
55334  -29.139  -26.659  55.671 0.0000000000
68687  -37.439  -13.035  45.443 0.0000000000
69548  -37.450  -12.129  45.378 0.0000000000
70490  -38.062  -11.511  44.962 0.0000000000
135507  -38.753  -11.217  44.654 0.0000000000
128307  -39.090  -10.591  44.487 0.0000000000
75316  -42.345  -6.237  43.745 0.0000000000
75323  -43.284  -6.524  42.235 0.0000000000
74392  -43.859  -7.022  41.977 0.0000000000
74393  -44.599  -7.002  41.871 0.0000000000
75330  -45.848  -6.244  41.555 0.0000000000
74394  -45.483  -6.998  41.817 0.0000000000
77002  -46.389  -4.097  41.836 0.0000000000
77009  -46.695  -4.673  41.454 0.0000000000
57395  -31.948  -25.307  52.637 0.0000000000
59449  -31.168  -23.773  52.038 0.0000000000
59462  -31.250  -23.287  51.353 0.0000000000
65136  -32.268  -18.330  49.578 0.0000000000
64263  -32.997  -18.295  48.508 0.0000000000
139071  -33.241  -16.364  48.280 0.0000000000
64278  -33.600  -17.461  47.783 0.0000000000
65165  -33.451  -16.757  47.790 0.0000000000
65177  -34.182  -17.155  47.531 0.0000000000
66991  -33.424  -15.513  48.014 0.0000000000
67817  -33.916  -14.291  48.216 0.0000000000
56301  -24.179  -26.979  58.206 0.0000000000
55277  -25.788  -27.522  59.297 0.0000000000
55276  -25.069  -27.355  59.670 0.0000000000
46423  -12.305  -36.313  64.928 0.0000000000
46422  -11.693  -36.324  65.442 0.0000000000
41441  -4.671  -41.229  72.355 0.0000000000
141691  -4.971  -41.955  72.677 0.0000000000
41420  -4.307  -42.625  74.511 0.0000000000
41428  -4.284  -42.065  73.980 0.0000000000
41419  -3.593  -41.544  74.336 0.0000000000
136305  -3.684  -42.224  74.514 0.0000000000
56293  -39.917  -26.100  59.647 0.0000000000
57291  -39.828  -25.536  59.036 0.0000000000
57305  -39.421  -25.263  58.207 0.0000000000
57322  -38.921  -25.070  57.541 0.0000000000
53179  -27.699  -29.479  58.121 0.0000000000
53180  -28.371  -29.965  58.533 0.0000000000
136281  -14.936  -34.279  61.927 0.0000000000
49409  -14.418  -33.770  62.624 0.0000000000
46452  -15.730  -36.522  62.082 0.0000000000
46451  -15.092  -36.333  62.295 0.0000000000
46434  -18.014  -36.826  64.306 0.0000000000
45456  -17.258  -37.215  63.949 0.0000000000
53212  -33.789  -29.061  57.037 0.0000000000
54298  -33.330  -28.315  54.812 0.0000000000
55389  -32.977  -27.649  53.517 0.0000000000
55388  -32.177  -27.461  53.214 0.0000000000
54310  -31.065  -27.598  53.718 0.0000000000
56381  -31.238  -26.711  54.067 0.0000000000
57365  -31.645  -26.093  53.922 0.0000000000
134423  -31.596  -26.458  53.393 0.0000000000
57380  -31.752  -25.752  53.306 0.0000000000
52147  -20.035  -30.387  57.272 0.0000000000
53190  -20.483  -29.499  57.036 0.0000000000
56319  -20.993  -26.599  56.971 0.0000000000
54260  -20.921  -28.030  56.938 0.0000000000
55331  -21.360  -27.243  56.771 0.0000000000
54261  -21.434  -28.063  56.939 0.0000000000
59402  -22.548  -23.444  55.526 0.0000000000
140366  -21.993  -24.146  55.635 0.0000000000
57330  -22.491  -24.981  55.703 0.0000000000
57331  -23.403  -25.323  55.811 0.0000000000
56341  -24.328  -25.753  56.178 0.0000000000
56342  -25.266  -26.026  56.008 0.0000000000
57314  -27.278  -24.892  56.649 0.0000000000
58363  -26.758  -24.027  56.708 0.0000000000
59406  -26.051  -24.055  54.812 0.0000000000
58393  -26.174  -24.695  54.735 0.0000000000
138809  -26.544  -26.981  54.742 0.0000000000
129284  -26.357  -27.439  55.261 0.0000000000
53223  -27.982  -29.047  55.360 0.0000000000
53207  -27.725  -29.267  56.255 0.0000000000
129493  -28.820  -29.866  56.863 0.0000000000
53209  -29.254  -29.714  56.132 0.0000000000
54294  -28.678  -28.314  54.539 0.0000000000
54280  -29.299  -28.807  54.680 0.0000000000
53226  -30.680  -29.569  55.408 0.0000000000
147392  -30.678  -29.771  56.822 0.0000000000
53228  -32.340  -29.295  55.749 0.0000000000
124511  -32.604  -29.366  56.659 0.0000000000
53211  -33.311  -29.128  56.672 0.0000000000
144494  -19.555  -28.427  58.269 0.0000000000
53175  -19.463  -29.151  58.237 0.0000000000
53189  -19.823  -29.593  57.540 0.0000000000
130868  -19.615  -31.077  57.641 0.0000000000
65169  -39.242  -17.048  48.693 0.0000000000
130009  -39.742  -14.928  47.417 0.0000000000
66983  -40.558  -15.741  48.404 0.0000000000
68688  -38.339  -13.215  45.451 0.0000000000
68689  -39.209  -13.279  45.582 0.0000000000
72413  -40.003  -8.760  46.749 0.0000000000
72412  -39.164  -9.045  46.205 0.0000000000
72437  -39.989  -8.700  44.029 0.0000000000
72429  -39.500  -9.216  44.461 0.0000000000
143816  -39.947  -9.370  43.930 0.0000000000
71435  -40.275  -9.911  43.786 0.0000000000
73447  -41.680  -8.222  42.799 0.0000000000
131673  -42.751  -9.572  43.351 0.0000000000
71428  -42.683  -10.632  44.147 0.0000000000
70504  -42.255  -11.275  44.518 0.0000000000
71417  -44.020  -10.995  44.957 0.0000000000
73451  -45.815  -8.262  42.651 0.0000000000
75333  -48.756  -6.311  41.137 0.0000000000
75345  -50.669  -6.090  40.735 0.0000000000
77013  -50.514  -4.081  41.391 0.0000000000
77014  -51.432  -4.110  41.420 0.0000000000
44365  -6.608  -39.011  70.331 0.0000000000
42405  -9.002  -41.036  70.032 0.0000000000
42418  -8.438  -40.671  69.334 0.0000000000
41451  -7.822  -41.905  71.450 0.0000000000
41455  -7.384  -41.636  70.578 0.0000000000
41454  -6.457  -41.332  70.570 0.0000000000
41436  -6.487  -42.692  73.645 0.0000000000
55338  -34.592  -28.204  56.261 0.0000000000
54252  -35.377  -28.432  57.620 0.0000000000
55357  -35.200  -27.072  55.520 0.0000000000
55339  -35.324  -27.601  56.282 0.0000000000
55340  -36.074  -27.245  56.706 0.0000000000
56368  -35.794  -26.878  56.023 0.0000000000
56414  -33.678  -26.192  52.646 0.0000000000
57382  -34.987  -25.518  53.602 0.0000000000
57367  -35.375  -25.789  54.382 0.0000000000
57355  -36.479  -25.616  55.359 0.0000000000
57337  -36.785  -25.873  56.070 0.0000000000
57368  -36.064  -25.333  54.689 0.0000000000
58410  -37.210  -24.266  54.578 0.0000000000
59423  -36.924  -23.822  53.964 0.0000000000
62440  -30.268  -20.688  51.581 0.0000000000
61507  -30.199  -21.321  52.050 0.0000000000
60523  -30.615  -21.885  51.002 0.0000000000
59461  -30.879  -22.525  51.198 0.0000000000
60524  -31.203  -22.061  50.619 0.0000000000
135898  -31.383  -18.892  50.193 0.0000000000
63347  -30.879  -19.299  50.644 0.0000000000
61540  -33.302  -21.761  50.306 0.0000000000
61539  -32.464  -21.649  50.094 0.0000000000
129480  -32.627  -22.284  50.388 0.0000000000
60510  -33.990  -22.745  51.298 0.0000000000
144950  -36.239  -21.858  51.958 0.0000000000
60511  -35.341  -22.333  51.800 0.0000000000
59439  -37.523  -23.177  53.723 0.0000000000
60479  -37.122  -22.788  53.067 0.0000000000
63363  -35.529  -19.500  49.307 0.0000000000
63364  -36.421  -19.397  49.486 0.0000000000
63349  -37.706  -19.690  50.235 0.0000000000
64258  -38.492  -18.547  49.433 0.0000000000
65156  -38.862  -17.864  49.073 0.0000000000
66104  -37.279  -16.179  47.459 0.0000000000
66996  -37.792  -15.692  47.317 0.0000000000
67003  -34.589  -15.013  46.959 0.0000000000
149649  -35.261  -15.477  46.997 0.0000000000
67837  -34.831  -14.294  46.790 0.0000000000
68675  -35.960  -13.377  46.254 0.0000000000
70465  -36.340  -11.484  47.314 0.0000000000
51301  -21.722  -31.341  57.699 0.0000000000
51293  -21.829  -32.008  58.172 0.0000000000
51294  -22.383  -31.378  58.367 0.0000000000
52134  -23.189  -30.535  59.459 0.0000000000
51286  -22.946  -31.378  59.309 0.0000000000
51271  -23.678  -31.689  60.784 0.0000000000
52119  -23.962  -31.032  61.123 0.0000000000
55256  -24.430  -27.932  59.708 0.0000000000
54226  -23.800  -28.251  59.203 0.0000000000
54228  -27.092  -28.504  59.550 0.0000000000
46415  -10.375  -36.641  66.496 0.0000000000
47356  -10.414  -35.743  66.783 0.0000000000
44390  -10.124  -38.497  67.036 0.0000000000
45414  -10.150  -37.477  66.626 0.0000000000
44389  -9.295  -38.317  67.413 0.0000000000
46442  -13.741  -36.202  63.424 0.0000000000
44420  -13.824  -38.839  65.294 0.0000000000
44419  -12.926  -38.561  65.607 0.0000000000
37608  -3.718  -44.739  73.651 0.0000000000
38598  -4.020  -44.578  74.447 0.0000000000
39617  -3.174  -43.151  74.550 0.0000000000
40535  -3.230  -42.506  74.634 0.0000000000
48409  -21.244  -34.471  61.500 0.0000000000
49435  -21.828  -33.635  60.391 0.0000000000
51292  -19.246  -31.620  58.141 0.0000000000
142073  -18.835  -32.054  58.500 0.0000000000
48438  -18.800  -34.278  59.403 0.0000000000
49433  -19.776  -34.255  59.766 0.0000000000
70476  -36.903  -11.096  46.010 0.0000000000
70489  -37.345  -11.322  45.411 0.0000000000
71405  -37.450  -10.651  45.679 0.0000000000
71416  -38.000  -10.204  45.290 0.0000000000
76160  -42.860  -5.678  43.491 0.0000000000
141108  -43.387  -5.186  43.142 0.0000000000
76175  -44.468  -5.671  41.764 0.0000000000
76176  -45.245  -5.345  41.607 0.0000000000
76177  -46.235  -5.404  41.406 0.0000000000
77001  -45.685  -3.926  42.366 0.0000000000
60477  -31.100  -22.651  53.267 0.0000000000
128387  -32.955  -16.969  48.757 0.0000000000
66981  -33.338  -15.770  48.525 0.0000000000
56302  -24.707  -26.924  58.120 0.0000000000
130129  -26.414  -27.869  59.702 0.0000000000
40538  -5.646  -43.264  74.956 0.0000000000
40544  -5.075  -42.729  74.440 0.0000000000
139339  -4.896  -43.111  74.824 0.0000000000
40537  -4.662  -43.329  74.854 0.0000000000
56292  -39.259  -26.519  59.231 0.0000000000
57304  -38.688  -25.748  58.058 0.0000000000
140854  -28.769  -30.114  58.109 0.0000000000
53181  -29.174  -30.352  58.606 0.0000000000
50416  -17.152  -32.318  60.125 0.0000000000
50406  -16.237  -32.405  61.421 0.0000000000
48387  -14.959  -35.148  61.730 0.0000000000
148468  -18.840  -35.883  62.292 0.0000000000
142856  -18.650  -36.066  62.758 0.0000000000
47376  -18.928  -36.333  64.213 0.0000000000
54281  -32.773  -28.838  55.263 0.0000000000
54236  -19.884  -27.928  57.907 0.0000000000
54248  -20.395  -28.027  57.300 0.0000000000
55310  -20.301  -27.461  57.629 0.0000000000
59369  -22.302  -22.335  56.824 0.0000000000
59383  -22.983  -22.581  55.909 0.0000000000
57346  -23.362  -24.614  55.347 0.0000000000
58390  -23.818  -24.020  54.923 0.0000000000
57348  -25.251  -24.896  54.817 0.0000000000
57315  -27.795  -25.721  56.834 0.0000000000
57333  -27.251  -25.489  55.590 0.0000000000
57350  -26.642  -25.490  54.810 0.0000000000
55352  -26.870  -27.641  54.754 0.0000000000
54278  -27.354  -28.361  54.971 0.0000000000
66106  -38.648  -15.854  47.740 0.0000000000
66997  -39.086  -15.196  47.449 0.0000000000
69550  -39.588  -12.642  45.177 0.0000000000
73387  -40.560  -8.104  46.408 0.0000000000
146612  -40.440  -8.360  43.676 0.0000000000
73448  -42.518  -8.060  42.558 0.0000000000
72450  -42.060  -8.691  42.792 0.0000000000
72451  -42.856  -8.917  42.889 0.0000000000
71438  -43.111  -10.035  43.799 0.0000000000
71430  -44.522  -10.355  44.567 0.0000000000
137437  -48.267  -4.755  40.959 0.0000000000
76186  -49.211  -4.794  40.767 0.0000000000
77024  -50.049  -4.558  40.904 0.0000000000
138988  -8.000  -38.075  69.154 0.0000000000
41444  -7.378  -42.245  72.274 0.0000000000
55374  -34.048  -27.659  54.732 0.0000000000
55375  -34.692  -27.185  54.980 0.0000000000
56382  -34.407  -26.948  54.292 0.0000000000
58429  -33.750  -25.217  52.069 0.0000000000
57399  -35.071  -24.915  53.168 0.0000000000
143050  -35.324  -25.036  53.610 0.0000000000
58418  -35.651  -24.619  53.591 0.0000000000
58430  -35.394  -24.125  52.949 0.0000000000
59451  -35.439  -23.446  52.547 0.0000000000
62455  -30.400  -20.615  51.020 0.0000000000
62468  -32.234  -20.228  49.622 0.0000000000
61550  -32.915  -20.894  49.819 0.0000000000
61541  -34.236  -21.475  50.643 0.0000000000
61525  -35.507  -21.576  51.377 0.0000000000
61509  -37.144  -21.749  52.227 0.0000000000
61526  -36.249  -21.078  51.395 0.0000000000
61543  -36.383  -20.428  50.700 0.0000000000
139771  -35.626  -18.531  48.388 0.0000000000
64256  -36.832  -18.852  49.046 0.0000000000
63366  -38.101  -19.155  49.817 0.0000000000
65167  -37.585  -17.601  48.308 0.0000000000
68652  -34.393  -13.725  47.872 0.0000000000
68664  -34.491  -13.883  47.162 0.0000000000
68665  -35.068  -13.185  47.445 0.0000000000
69525  -35.598  -12.562  47.356 0.0000000000
70464  -35.952  -12.138  46.886 0.0000000000
53192  -22.048  -29.654  57.489 0.0000000000
53177  -22.695  -29.847  58.296 0.0000000000
52142  -23.172  -29.901  59.109 0.0000000000
126223  -23.458  -29.968  59.809 0.0000000000
44380  -11.727  -39.511  67.752 0.0000000000
45443  -14.697  -38.050  63.870 0.0000000000
44421  -14.748  -39.059  65.129 0.0000000000
55266  -38.874  -28.345  59.888 0.0000000000
55302  -38.039  -27.401  58.782 0.0000000000
47388  -20.636  -35.655  63.662 0.0000000000
48357  -21.563  -35.254  63.592 0.0000000000
123956  -22.314  -34.846  63.573 0.0000000000
141085  -31.213  -29.970  58.521 0.0000000000
53166  -31.164  -30.185  59.168 0.0000000000
51277  -17.979  -31.064  59.830 0.0000000000
50417  -17.671  -31.907  59.763 0.0000000000
48436  -17.141  -34.077  59.584 0.0000000000
48424  -16.794  -34.472  60.132 0.0000000000
47418  -16.926  -35.147  60.429 0.0000000000
47419  -17.856  -35.219  60.473 0.0000000000
47410  -18.437  -35.554  61.141 0.0000000000
47411  -19.022  -35.653  61.825 0.0000000000
47387  -19.841  -35.769  63.309 0.0000000000
55353  -28.891  -27.180  54.699 0.0000000000
143576  -37.063  -13.676  45.701 0.0000000000
67847  -37.774  -13.794  45.737 0.0000000000
70502  -40.378  -11.329  44.444 0.0000000000
75309  -41.752  -6.779  43.976 0.0000000000
75322  -42.646  -6.377  42.873 0.0000000000
74378  -42.613  -7.177  42.547 0.0000000000
73449  -44.208  -8.407  42.697 0.0000000000
73450  -44.909  -8.281  42.662 0.0000000000
141487  -45.912  -7.617  42.142 0.0000000000
74382  -46.578  -7.961  42.370 0.0000000000
74397  -48.142  -6.704  41.393 0.0000000000
76178  -47.821  -5.411  41.003 0.0000000000
136449  -47.069  -5.426  41.238 0.0000000000
149878  -47.960  -4.267  41.433 0.0000000000
42419  -9.252  -40.721  69.400 0.0000000000
56412  -32.335  -26.402  52.563 0.0000000000
57413  -32.442  -25.221  51.907 0.0000000000
58428  -31.753  -24.625  52.078 0.0000000000
58439  -32.032  -24.794  51.746 0.0000000000
58440  -32.480  -24.610  51.491 0.0000000000
59463  -32.537  -23.770  50.992 0.0000000000
64244  -31.817  -18.328  50.076 0.0000000000
64255  -31.884  -18.896  49.729 0.0000000000
63360  -32.760  -19.619  49.187 0.0000000000
63361  -33.602  -19.809  49.124 0.0000000000
63374  -34.014  -19.186  48.565 0.0000000000
140986  -34.206  -18.566  48.110 0.0000000000
64264  -33.492  -18.074  47.981 0.0000000000
65178  -35.017  -17.576  47.597 0.0000000000
66102  -34.932  -16.734  47.331 0.0000000000
66992  -33.841  -15.372  47.409 0.0000000000
148345  -34.040  -14.216  47.577 0.0000000000
56300  -23.880  -27.133  58.160 0.0000000000
56284  -24.203  -27.304  58.761 0.0000000000
55275  -24.576  -27.564  59.351 0.0000000000
46416  -11.003  -36.241  66.083 0.0000000000
47367  -11.435  -35.367  65.676 0.0000000000
45435  -16.745  -38.000  65.068 0.0000000000
42381  -5.050  -40.759  71.561 0.0000000000
42372  -4.145  -40.679  72.906 0.0000000000
141234  -3.761  -40.216  73.426 0.0000000000
42366  -3.411  -40.387  74.017 0.0000000000
73388  -41.351  -7.446  46.323 0.0000000000
74351  -41.997  -6.861  45.926 0.0000000000
54239  -26.731  -28.281  58.128 0.0000000000
53162  -27.774  -29.471  59.227 0.0000000000
49402  -13.962  -33.207  63.324 0.0000000000
49401  -13.450  -33.588  63.752 0.0000000000
47383  -13.399  -35.271  63.579 0.0000000000
46443  -14.526  -36.525  62.822 0.0000000000
47394  -14.669  -35.713  62.273 0.0000000000
45454  -15.073  -37.475  63.234 0.0000000000
45445  -16.623  -37.894  63.951 0.0000000000
47396  -16.736  -36.192  61.424 0.0000000000
46453  -16.522  -36.618  61.950 0.0000000000
47385  -17.924  -36.560  62.625 0.0000000000
46454  -17.096  -36.871  62.584 0.0000000000
128488  -16.828  -37.264  63.260 0.0000000000
53198  -34.708  -28.888  57.991 0.0000000000
53184  -35.330  -28.759  58.486 0.0000000000
54282  -33.401  -28.629  55.586 0.0000000000
136295  -33.423  -27.846  54.182 0.0000000000
55387  -31.598  -27.362  53.385 0.0000000000
55402  -31.852  -26.891  52.928 0.0000000000
55403  -32.349  -26.924  52.755 0.0000000000
58409  -32.165  -24.372  54.252 0.0000000000
50438  -20.641  -31.992  57.605 0.0000000000
132989  -21.086  -32.590  58.081 0.0000000000
51300  -21.060  -31.322  57.296 0.0000000000
52149  -21.503  -30.563  57.299 0.0000000000
128592  -20.575  -28.626  57.051 0.0000000000
53191  -21.236  -29.678  57.016 0.0000000000
54262  -22.060  -28.097  57.057 0.0000000000
55311  -22.532  -27.475  57.014 0.0000000000
136402  -20.979  -24.259  57.789 0.0000000000
57313  -21.262  -25.682  56.816 0.0000000000
138705  -21.357  -24.155  56.208 0.0000000000
58376  -21.609  -24.981  56.060 0.0000000000
126876  -21.982  -26.602  56.453 0.0000000000
56320  -22.749  -26.713  56.743 0.0000000000
56323  -25.080  -26.703  57.119 0.0000000000
128580  -25.699  -22.779  56.537 0.0000000000
59405  -25.389  -23.570  54.830 0.0000000000
58392  -25.625  -24.394  54.717 0.0000000000
56361  -25.664  -25.681  54.920 0.0000000000
53193  -27.633  -29.406  57.142 0.0000000000
141486  -30.262  -29.918  57.313 0.0000000000
53224  -28.857  -29.332  55.389 0.0000000000
53196  -32.459  -29.495  57.617 0.0000000000
147062  -34.340  -29.146  58.278 0.0000000000
53159  -19.022  -29.391  59.152 0.0000000000
54224  -19.194  -28.454  59.011 0.0000000000
132828  -19.128  -30.850  58.270 0.0000000000
50437  -19.897  -31.922  57.702 0.0000000000
66095  -39.865  -16.341  48.557 0.0000000000
67828  -39.884  -14.441  46.909 0.0000000000
68678  -40.594  -13.646  46.270 0.0000000000
72420  -38.769  -9.840  44.783 0.0000000000
127414  -39.905  -10.610  44.228 0.0000000000
74364  -40.734  -7.851  43.682 0.0000000000
72439  -41.394  -8.908  43.048 0.0000000000
70503  -41.326  -11.409  44.455 0.0000000000
70492  -42.716  -11.766  45.089 0.0000000000
76189  -51.982  -5.418  40.598 0.0000000000
42417  -7.612  -40.496  69.495 0.0000000000
147700  -7.097  -40.275  69.705 0.0000000000
42402  -6.326  -40.544  70.333 0.0000000000
42392  -5.712  -40.629  70.804 0.0000000000
41435  -5.700  -42.495  72.807 0.0000000000
125161  -6.665  -42.521  72.779 0.0000000000
55318  -35.775  -27.894  57.066 0.0000000000
55320  -36.952  -27.186  57.793 0.0000000000
56309  -37.659  -26.912  58.167 0.0000000000
56398  -34.727  -26.254  53.964 0.0000000000
143527  -35.614  -26.552  55.440 0.0000000000
56348  -36.405  -26.540  56.421 0.0000000000
56330  -37.317  -26.503  57.504 0.0000000000
57320  -37.723  -25.803  57.164 0.0000000000
57338  -37.486  -25.476  56.411 0.0000000000
58396  -36.829  -24.943  54.940 0.0000000000
57339  -38.301  -25.031  56.811 0.0000000000
58379  -37.864  -24.739  55.976 0.0000000000
58398  -38.093  -24.213  55.526 0.0000000000
60493  -30.477  -22.198  52.581 0.0000000000
61508  -30.527  -21.093  52.923 0.0000000000
59448  -30.754  -22.848  51.855 0.0000000000
59479  -32.261  -22.895  50.695 0.0000000000
62467  -31.510  -20.612  50.128 0.0000000000
61537  -30.885  -21.167  50.623 0.0000000000
60525  -31.962  -22.247  50.357 0.0000000000
59466  -35.050  -23.090  52.109 0.0000000000
60494  -35.886  -22.753  52.425 0.0000000000
59437  -35.989  -23.397  52.980 0.0000000000
59438  -36.706  -23.343  53.354 0.0000000000
59424  -37.590  -23.721  54.306 0.0000000000
59410  -38.554  -23.828  55.221 0.0000000000
62471  -35.128  -20.076  49.814 0.0000000000
63348  -36.858  -19.810  50.140 0.0000000000
66093  -38.551  -16.682  48.177 0.0000000000
65181  -37.934  -17.038  48.070 0.0000000000
137723  -35.612  -16.171  47.237 0.0000000000
66994  -36.041  -15.521  46.968 0.0000000000
67005  -36.440  -14.766  46.530 0.0000000000
68686  -36.645  -13.203  45.754 0.0000000000
70475  -36.430  -11.625  46.422 0.0000000000
71398  -37.444  -10.376  47.247 0.0000000000
50433  -21.906  -32.587  58.815 0.0000000000
50427  -22.700  -32.393  59.598 0.0000000000
50420  -23.225  -32.422  60.524 0.0000000000
129850  -23.653  -32.374  61.304 0.0000000000
53161  -23.591  -29.195  59.602 0.0000000000
53141  -23.893  -29.474  60.452 0.0000000000
53142  -24.408  -28.723  60.668 0.0000000000
53118  -24.097  -30.165  61.210 0.0000000000
52120  -24.272  -30.835  61.858 0.0000000000
46431  -12.849  -36.139  64.402 0.0000000000
46424  -12.884  -37.140  64.646 0.0000000000
45442  -13.777  -37.628  64.232 0.0000000000
45432  -12.672  -37.780  65.200 0.0000000000
147179  -12.916  -38.990  66.154 0.0000000000
135079  -15.156  -39.486  65.817 0.0000000000
44393  -12.943  -39.417  66.734 0.0000000000
77017  -53.703  -4.360  41.063 0.0000000000
37604  -5.484  -45.191  74.823 0.0000000000
39619  -4.689  -43.894  75.010 0.0000000000
37603  -4.738  -45.029  74.686 0.0000000000
38588  -4.439  -44.384  74.947 0.0000000000
40536  -3.820  -42.688  74.624 0.0000000000
130705  -3.204  -41.937  74.642 0.0000000000
39627  -2.355  -43.012  74.105 0.0000000000
40543  -2.635  -42.512  74.497 0.0000000000
41427  -2.503  -41.756  74.647 0.0000000000
38589  -5.052  -44.585  75.085 0.0000000000
39618  -3.925  -43.222  74.764 0.0000000000
53204  -21.033  -28.800  56.890 0.0000000000
54207  -40.459  -28.616  61.480 0.0000000000
55274  -24.237  -27.606  59.125 0.0000000000
55284  -38.461  -27.888  59.331 0.0000000000
55285  -39.192  -27.506  59.675 0.0000000000
56299  -20.553  -25.864  58.316 0.0000000000
56311  -39.100  -25.915  58.631 0.0000000000
56369  -36.153  -26.252  55.731 0.0000000000
57297  -20.775  -25.992  57.491 0.0000000000
58361  -21.182  -24.685  56.967 0.0000000000
59389  -38.654  -24.252  56.095 0.0000000000
64246  -38.903  -19.011  50.013 0.0000000000
123946  -35.231  -29.084  59.391 0.0000000000
127800  -4.960  -42.327  73.421 0.0000000000
141658  -32.162  -19.437  49.525 0.0000000000
145910  -5.398  -44.217  75.089 0.0000000000
149829  -48.153  -6.034  41.076 0.0000000000
