#!ascii label  , from subject sub-v1s0x0050646_ses-1 vox2ras=TkReg
999
146766  -25.232  -10.286  -6.353 0.5555555820
72975  -26.312  -9.562  -7.010 0.6666666865
72986  -26.383  -8.869  -7.317 0.7777777910
73995  -27.158  -8.573  -7.691 0.7777777910
74936  -26.710  -7.089  -8.124 0.8888888955
74947  -28.859  -7.226  -9.315 0.8888888955
72961  -24.591  -9.870  -6.107 0.5555555820
72974  -25.273  -9.554  -6.534 0.5555555820
133768  -25.644  -8.974  -6.904 0.6666666865
73994  -25.538  -8.234  -7.146 0.8888888955
74010  -27.836  -8.021  -8.039 0.8888888955
74937  -27.590  -7.264  -8.337 0.8888888955
75864  -28.380  -6.795  -9.958 1.0000000000
74955  -29.177  -7.192  -10.045 0.8888888955
75872  -28.982  -6.353  -10.155 1.0000000000
73980  -24.750  -8.587  -6.434 0.7777777910
75844  -25.768  -6.907  -7.825 1.0000000000
76694  -25.345  -5.338  -8.161 1.0000000000
75853  -26.452  -6.354  -8.380 1.0000000000
76704  -26.580  -5.326  -9.638 1.0000000000
76695  -26.241  -5.600  -8.629 1.0000000000
76716  -26.905  -5.053  -10.142 1.0000000000
77546  -26.234  -4.716  -9.877 1.0000000000
77558  -27.442  -4.429  -10.429 1.0000000000
76727  -29.358  -5.121  -10.974 1.0000000000
78380  -26.905  -3.841  -10.514 1.0000000000
149506  -27.787  -4.292  -10.649 1.0000000000
78394  -29.266  -4.110  -11.189 1.0000000000
79282  -28.127  -2.558  -11.605 1.0000000000
78407  -29.318  -2.868  -11.673 0.7777777910
77536  -24.147  -4.330  -8.037 0.8888888955
77556  -26.149  -3.843  -9.991 1.0000000000
78356  -24.874  -3.818  -8.622 1.0000000000
79280  -26.827  -2.498  -10.892 1.0000000000
78393  -27.915  -3.178  -11.339 1.0000000000
79294  -28.716  -2.343  -11.784 1.0000000000
79295  -29.502  -2.158  -11.980 0.8888888955
80174  -28.949  -1.649  -12.173 1.0000000000
80175  -29.770  -1.522  -12.448 0.7777777910
80176  -30.477  -1.570  -12.205 0.7777777910
79241  -23.790  -2.878  -8.574 0.5555555820
127959  -23.211  -1.002  -9.383 0.7777777910
79254  -24.301  -2.442  -9.199 0.8888888955
79268  -25.700  -2.163  -10.084 1.0000000000
78368  -25.954  -2.913  -9.832 1.0000000000
80140  -24.725  -1.692  -9.759 0.8888888955
80149  -25.656  -1.401  -10.526 1.0000000000
80161  -27.056  -1.662  -11.308 1.0000000000
81068  -27.570  -0.913  -11.857 1.0000000000
80173  -28.426  -1.032  -12.312 0.8888888955
81079  -27.920  -0.367  -12.574 1.0000000000
81080  -28.759  -0.514  -12.949 0.8888888955
147209  -30.282  0.395  -12.644 0.7777777910
81974  -30.667  0.135  -12.000 0.6666666865
82886  -30.597  1.108  -12.099 0.6666666865
81028  -21.913  -0.675  -8.573 0.4444444478
81941  -22.225  0.406  -9.234 0.6666666865
133217  -24.328  -0.082  -10.292 0.7777777910
81056  -25.007  -0.634  -10.471 0.8888888955
144049  -25.845  -0.742  -11.144 0.8888888955
81067  -26.668  -0.807  -11.533 1.0000000000
128953  -26.147  -0.173  -11.808 1.0000000000
81078  -27.015  -0.237  -12.201 1.0000000000
82000  -28.614  0.559  -13.646 0.8888888955
82001  -29.266  0.825  -13.649 0.7777777910
136755  -30.062  0.963  -13.065 0.7777777910
82898  -30.296  1.828  -12.742 0.7777777910
82855  -22.258  1.216  -9.573 0.6666666865
82845  -21.729  1.102  -8.924 0.6666666865
81958  -24.167  0.667  -10.435 0.7777777910
82856  -22.740  1.459  -10.033 0.7777777910
81972  -25.268  0.620  -11.213 0.8888888955
81973  -25.771  0.520  -11.787 0.8888888955
82884  -25.423  1.336  -11.520 1.0000000000
82885  -26.001  1.110  -12.178 1.0000000000
81998  -27.171  1.084  -13.117 1.0000000000
81986  -27.472  0.356  -12.843 0.8888888955
82908  -28.490  1.102  -14.062 0.8888888955
82909  -28.937  1.476  -14.206 0.8888888955
82897  -29.656  1.608  -13.553 0.7777777910
82919  -28.326  1.654  -14.583 0.8888888955
82920  -28.661  1.934  -14.622 0.7777777910
83741  -29.243  2.247  -14.172 0.7777777910
83731  -29.928  2.495  -13.229 0.7777777910
83732  -30.418  2.736  -12.388 0.6666666865
82854  -21.826  1.875  -9.290 0.6666666865
82844  -21.154  1.879  -8.759 0.5555555820
82868  -23.251  1.759  -10.310 0.7777777910
82869  -24.009  1.609  -10.551 0.8888888955
82895  -25.980  1.865  -12.174 1.0000000000
82896  -26.537  1.431  -12.721 1.0000000000
82917  -27.249  1.866  -14.285 1.0000000000
82918  -27.846  1.447  -14.285 0.8888888955
84644  -29.120  3.089  -14.578 0.7777777910
85552  -29.408  3.975  -14.077 0.7777777910
84613  -30.174  3.379  -12.834 0.6666666865
85541  -30.419  4.161  -12.424 0.5555555820
84614  -30.565  3.476  -12.167 0.5555555820
83693  -21.991  2.500  -9.628 0.7777777910
84578  -22.360  3.124  -9.869 0.6666666865
83705  -23.485  2.344  -10.514 0.8888888955
83719  -25.949  2.852  -12.187 1.0000000000
83740  -26.733  2.398  -14.074 1.0000000000
83764  -27.653  2.830  -15.559 0.8888888955
83754  -28.217  2.290  -14.989 0.8888888955
84656  -28.247  3.522  -16.207 0.8888888955
83755  -28.669  2.511  -14.916 0.8888888955
85563  -29.364  4.673  -14.662 0.7777777910
86477  -29.469  5.446  -14.283 0.7777777910
138016  -29.737  4.830  -13.731 0.7777777910
138483  -30.148  5.051  -12.808 0.5555555820
86484  -29.377  5.326  -15.277 0.7777777910
86468  -29.774  5.647  -13.456 0.5555555820
86461  -30.430  5.769  -12.228 0.5555555820
130898  -29.334  6.118  -13.975 0.6666666865
85497  -20.736  4.486  -8.507 0.4444444478
85510  -21.982  3.907  -9.518 0.5555555820
85530  -24.980  3.942  -11.380 0.7777777910
137219  -25.172  3.152  -11.481 0.8888888955
147251  -26.563  3.091  -14.251 1.0000000000
84629  -26.805  2.959  -14.882 0.8888888955
84654  -27.113  3.427  -16.171 0.8888888955
84655  -27.676  3.421  -16.370 0.8888888955
84667  -27.979  3.783  -17.174 0.8888888955
85574  -29.119  4.492  -15.789 0.8888888955
87365  -29.601  6.512  -13.235 0.5555555820
86467  -25.492  5.289  -12.541 0.6666666865
137447  -24.835  4.765  -11.261 0.6666666865
86483  -26.341  5.224  -14.875 0.7777777910
85562  -26.693  3.904  -15.933 0.8888888955
143596  -26.730  4.424  -15.824 0.7777777910
85590  -26.699  4.191  -17.405 0.7777777910
138828  -26.714  3.869  -16.617 0.8888888955
86508  -27.595  4.836  -18.494 0.7777777910
85592  -28.590  4.327  -17.638 0.8888888955
87400  -29.074  5.997  -17.943 0.7777777910
86503  -29.162  5.079  -17.595 0.7777777910
87390  -29.399  5.973  -15.978 0.6666666865
88341  -28.773  7.899  -18.137 0.6666666865
88324  -28.930  7.588  -16.496 0.6666666865
87382  -29.169  6.816  -15.586 0.6666666865
87383  -29.249  6.105  -14.821 0.5555555820
89274  -29.086  9.497  -15.521 0.6666666865
144878  -28.845  8.521  -14.991 0.5555555820
88310  -28.781  8.000  -14.170 0.5555555820
89267  -29.212  8.921  -14.363 0.5555555820
88300  -24.378  7.665  -12.836 0.3333333433
88308  -24.485  7.717  -13.573 0.3333333433
87380  -25.858  6.392  -14.760 0.5555555820
88322  -26.147  7.854  -15.703 0.5555555820
87381  -26.505  5.841  -15.527 0.7777777910
137694  -27.090  5.604  -17.607 0.7777777910
88333  -27.049  7.897  -17.970 0.6666666865
87399  -27.425  5.781  -18.211 0.6666666865
87406  -27.432  6.918  -17.915 0.6666666865
88340  -28.313  7.912  -18.330 0.6666666865
89296  -28.307  8.534  -18.038 0.6666666865
134296  -28.531  9.515  -16.709 0.6666666865
90167  -29.300  10.397  -15.415 0.6666666865
90159  -29.461  9.816  -14.531 0.5555555820
130746  -29.756  10.040  -13.750 0.5555555820
139098  -29.502  10.397  -14.569 0.6666666865
140873  -24.434  8.348  -13.907 0.4444444478
89266  -24.103  8.369  -13.230 0.4444444478
148679  -24.846  7.723  -14.191 0.4444444478
89273  -24.758  8.940  -14.315 0.5555555820
89278  -26.521  8.835  -16.476 0.6666666865
88323  -26.809  7.897  -16.974 0.6666666865
89288  -27.070  8.747  -17.556 0.6666666865
89295  -27.886  8.575  -18.181 0.6666666865
89289  -28.172  9.282  -17.464 0.6666666865
90173  -28.305  10.224  -17.018 0.6666666865
91035  -29.298  10.882  -15.120 0.6666666865
91859  -29.196  11.366  -13.838 0.5555555820
91027  -29.564  10.696  -13.996 0.6666666865
90165  -24.511  9.488  -13.942 0.4444444478
90172  -26.246  9.671  -15.966 0.6666666865
90180  -27.057  9.696  -17.026 0.6666666865
91049  -27.413  10.560  -16.888 0.6666666865
90190  -27.837  9.105  -17.752 0.6666666865
90181  -27.764  9.846  -17.278 0.6666666865
91034  -28.933  10.933  -16.114 0.6666666865
74927  -26.976  -7.814  -7.901 0.8888888955
75862  -26.973  -5.925  -9.073 1.0000000000
75871  -28.019  -6.051  -10.113 1.0000000000
81928  -21.542  0.140  -8.691 0.5555555820
81999  -27.886  0.835  -13.615 0.8888888955
83683  -21.253  2.601  -9.128 0.5555555820
86436  -21.657  4.757  -8.979 0.5555555820
130332  -23.852  2.923  -10.752 0.7777777910
84612  -26.374  2.988  -13.303 1.0000000000
138675  -28.723  3.792  -15.835 0.8888888955
86424  -20.547  4.924  -8.222 0.2222222239
87374  -28.864  6.947  -14.238 0.6666666865
86500  -26.854  4.744  -17.153 0.7777777910
88311  -29.165  7.511  -13.346 0.4444444478
131133  -26.692  10.380  -16.485 0.6666666865
130964  -20.984  1.032  -8.474 0.4444444478
83682  -20.470  2.648  -8.677 0.4444444478
91849  -29.821  11.014  -13.071 0.5555555820
91019  -30.075  10.337  -13.013 0.5555555820
90157  -24.121  9.021  -13.103 0.2222222239
89272  -24.191  8.876  -13.650 0.3333333433
144598  -29.351  11.618  -13.098 0.5555555820
71049  -25.006  -11.487  -5.772 0.5555555820
71062  -25.634  -10.992  -6.251 0.5555555820
71990  -26.213  -10.370  -6.688 0.6666666865
72976  -27.023  -10.078  -7.048 0.5555555820
74011  -28.665  -8.245  -8.258 0.7777777910
74939  -29.205  -7.672  -8.799 0.8888888955
72987  -27.317  -9.428  -7.419 0.6666666865
73996  -28.044  -8.868  -7.881 0.6666666865
74948  -29.628  -7.568  -9.623 0.7777777910
143714  -29.926  -7.561  -10.016 0.7777777910
76719  -29.670  -5.912  -10.507 0.8888888955
71980  -23.729  -10.411  -5.281 0.4444444478
73979  -24.025  -8.599  -5.899 0.5555555820
74914  -24.178  -7.907  -5.986 0.2222222239
75831  -24.560  -7.081  -6.948 0.6666666865
78395  -29.974  -3.545  -11.488 0.8888888955
130617  -30.676  -3.195  -11.480 0.6666666865
79296  -30.172  -2.040  -12.123 0.7777777910
80163  -31.093  -1.583  -11.759 0.6666666865
76683  -24.650  -5.861  -7.531 0.5555555820
138380  -31.246  -1.023  -11.494 0.6666666865
77535  -23.338  -4.077  -7.825 0.4444444478
81070  -31.224  -0.251  -11.284 0.5555555820
82887  -31.188  1.608  -11.251 0.5555555820
79208  -21.831  -1.963  -7.370 0.2222222239
81915  -20.874  0.323  -8.173 0.4444444478
83720  -30.839  3.054  -11.651 0.5555555820
82832  -19.573  2.285  -7.716 0.3333333433
84600  -30.886  3.987  -11.606 0.5555555820
138672  -20.330  3.806  -8.443 0.4444444478
86451  -30.675  5.643  -11.408 0.4444444478
85485  -19.909  4.234  -7.764 0.3333333433
87357  -30.509  6.477  -11.781 0.5555555820
134956  -29.865  7.141  -12.740 0.4444444478
88293  -24.719  7.362  -12.089 0.3333333433
87355  -24.913  6.588  -11.533 0.3333333433
87356  -25.336  6.066  -11.947 0.4444444478
89261  -29.755  8.866  -12.902 0.4444444478
90151  -30.129  9.601  -12.828 0.4444444478
91840  -29.783  11.543  -12.324 0.2222222239
90171  -25.382  9.623  -14.858 0.6666666865
91050  -28.072  10.596  -17.014 0.6666666865
91874  -28.357  11.246  -16.605 0.6666666865
91867  -28.671  11.516  -15.671 0.6666666865
91858  -28.570  11.821  -14.750 0.6666666865
91868  -29.174  11.250  -14.685 0.6666666865
92636  -29.184  12.303  -12.697 0.4444444478
91041  -26.017  10.391  -15.533 0.5555555820
146205  -26.423  -8.248  -7.536 0.8888888955
75854  -27.299  -6.567  -8.696 1.0000000000
74938  -28.415  -7.482  -8.550 0.8888888955
71981  -24.536  -10.567  -5.857 0.5555555820
72960  -23.865  -9.747  -5.527 0.4444444478
72973  -24.286  -9.197  -5.999 0.5555555820
74926  -26.086  -7.630  -7.623 0.8888888955
74946  -28.107  -6.834  -8.962 1.0000000000
75863  -27.661  -6.317  -9.588 1.0000000000
76705  -27.189  -5.768  -9.985 1.0000000000
75873  -29.938  -6.755  -10.198 1.0000000000
76718  -28.694  -5.466  -10.315 1.0000000000
74915  -24.648  -7.748  -6.725 0.6666666865
75843  -24.912  -6.645  -7.400 0.8888888955
75852  -25.556  -6.125  -7.966 0.8888888955
74925  -25.174  -7.398  -7.280 1.0000000000
76703  -26.014  -4.856  -8.857 1.0000000000
76717  -27.753  -5.176  -10.237 1.0000000000
77537  -25.707  -4.167  -9.203 1.0000000000
77559  -28.306  -4.549  -10.759 1.0000000000
77566  -30.317  -4.567  -11.185 0.8888888955
134170  -28.489  -3.699  -11.211 1.0000000000
78392  -27.167  -3.243  -11.040 1.0000000000
78391  -26.536  -3.146  -10.422 1.0000000000
144947  -29.133  -3.436  -11.406 1.0000000000
78408  -30.065  -2.676  -11.758 0.7777777910
76693  -24.406  -5.062  -7.721 0.6666666865
141596  -25.122  -4.559  -8.392 1.0000000000
77524  -23.614  -4.726  -7.453 0.5555555820
78367  -25.407  -3.429  -9.367 1.0000000000
78366  -24.567  -3.134  -8.941 0.8888888955
79255  -25.141  -2.620  -9.505 1.0000000000
80150  -26.371  -1.878  -10.635 1.0000000000
80162  -28.003  -1.849  -11.850 1.0000000000
148859  -29.698  -1.057  -12.773 0.8888888955
137946  -30.133  -0.997  -12.658 0.7777777910
81069  -30.770  -0.829  -12.103 0.6666666865
78354  -23.205  -3.384  -8.117 0.5555555820
79240  -23.149  -2.608  -8.416 0.6666666865
79253  -23.625  -2.237  -8.952 0.6666666865
78355  -23.968  -3.588  -8.282 0.7777777910
80139  -23.741  -1.599  -9.368 0.7777777910
81044  -22.824  -0.250  -9.446 0.6666666865
132502  -23.962  -0.803  -9.899 0.8888888955
146115  -26.314  -1.295  -11.044 1.0000000000
81988  -29.073  0.044  -13.406 0.8888888955
81989  -29.748  0.193  -13.124 0.8888888955
81081  -29.571  -0.577  -12.994 0.7777777910
81082  -30.229  -0.307  -12.673 0.7777777910
81975  -31.136  0.690  -11.330 0.5555555820
81043  -22.179  -0.305  -8.986 0.5555555820
81027  -21.353  -0.367  -8.160 0.3333333433
80126  -21.704  -0.834  -8.204 0.3333333433
81029  -22.522  -0.945  -8.973 0.4444444478
80128  -22.992  -1.750  -8.824 0.6666666865
81942  -22.826  0.656  -9.754 0.6666666865
81943  -23.530  0.078  -10.011 0.7777777910
81057  -25.483  -0.056  -11.220 0.8888888955
81985  -26.550  0.570  -12.416 1.0000000000
128463  -30.731  2.150  -11.832 0.5555555820
81971  -24.770  1.079  -10.872 0.8888888955
147813  -27.404  1.366  -13.825 1.0000000000
84630  -29.598  3.220  -13.649 0.7777777910
82843  -20.422  1.895  -8.371 0.4444444478
83718  -25.345  2.307  -11.524 0.8888888955
82907  -26.907  1.684  -13.559 1.0000000000
83752  -27.134  2.468  -14.683 0.8888888955
85540  -29.940  4.117  -13.227 0.6666666865
85532  -30.488  4.891  -11.878 0.5555555820
84566  -20.669  3.270  -8.849 0.5555555820
84591  -23.623  3.601  -10.589 0.6666666865
83706  -24.579  2.695  -11.096 0.8888888955
83763  -27.168  2.888  -15.322 1.0000000000
83765  -28.167  2.915  -15.585 0.8888888955
85593  -29.043  4.592  -16.848 0.8888888955
86469  -30.116  5.912  -12.842 0.5555555820
85522  -22.859  3.754  -10.068 0.5555555820
84611  -25.962  3.694  -12.660 1.0000000000
135220  -24.221  4.169  -10.863 0.7777777910
84643  -26.809  3.443  -15.706 0.8888888955
84628  -26.311  3.710  -13.746 0.7777777910
88303  -30.211  7.242  -12.120 0.5555555820
86459  -24.745  5.716  -11.156 0.5555555820
86460  -25.258  5.286  -11.749 0.5555555820
87364  -25.292  6.121  -12.921 0.4444444478
85539  -25.883  4.480  -13.121 0.7777777910
85523  -23.455  4.381  -10.318 0.7777777910
85511  -22.659  4.583  -9.652 0.6666666865
86488  -26.851  4.972  -16.121 0.7777777910
137627  -26.295  4.420  -14.245 0.7777777910
85591  -27.112  4.265  -18.007 0.7777777910
87408  -28.621  6.984  -18.100 0.6666666865
87389  -29.295  6.556  -16.854 0.6666666865
135087  -28.983  7.234  -17.660 0.6666666865
134175  -28.603  8.409  -17.398 0.6666666865
89279  -28.685  8.587  -16.040 0.6666666865
88317  -28.761  7.757  -15.162 0.5555555820
89268  -29.657  9.324  -13.625 0.4444444478
88302  -29.591  8.002  -12.529 0.4444444478
87372  -24.831  6.962  -13.291 0.4444444478
137131  -25.562  7.322  -14.786 0.5555555820
87387  -26.347  6.716  -15.577 0.6666666865
87398  -27.063  6.765  -17.382 0.7777777910
90166  -28.895  10.372  -16.394 0.6666666865
89277  -25.682  8.871  -15.308 0.5555555820
90182  -28.034  9.701  -17.354 0.6666666865
91044  -28.521  10.790  -16.766 0.6666666865
138869  -20.041  3.267  -8.312 0.4444444478
86425  -21.085  5.245  -8.462 0.3333333433
81927  -20.348  1.133  -8.091 0.4444444478
83672  -20.026  2.634  -8.261 0.4444444478
91020  -30.408  10.728  -12.176 0.3333333433
129045  -29.384  12.885  -11.966 0.3333333433
74012  -29.501  -8.371  -8.419 0.6666666865
71048  -24.024  -11.113  -5.296 0.4444444478
76728  -30.186  -5.543  -11.038 0.7777777910
71969  -23.388  -10.759  -4.800 0.3333333433
73965  -23.782  -9.079  -5.493 0.4444444478
79283  -30.775  -2.306  -11.754 0.6666666865
80127  -22.312  -1.369  -8.553 0.3333333433
138512  -22.796  -2.224  -8.363 0.3333333433
79227  -22.271  -2.641  -7.339 0.1111111119
80109  -21.334  -0.534  -7.904 0.1111111119
82833  -19.940  2.045  -7.941 0.4444444478
83671  -19.674  2.907  -7.880 0.3333333433
139736  -23.968  5.798  -10.454 0.3333333433
91848  -28.665  11.956  -13.757 0.6666666865
93421  -28.877  13.236  -12.595 0.4444444478
147598  -29.383  -11.771  -6.570 0.4444444478
71038  -30.746  -12.016  -5.010 0.2222222239
71050  -26.135  -11.898  -6.084 0.4444444478
71051  -27.082  -11.927  -6.340 0.4444444478
71063  -26.685  -11.251  -6.492 0.4444444478
71064  -27.657  -11.526  -6.649 0.4444444478
71065  -28.601  -11.743  -6.672 0.4444444478
71066  -29.225  -11.239  -7.028 0.4444444478
71994  -30.638  -10.619  -6.752 0.2222222239
72003  -27.881  -10.259  -7.294 0.4444444478
72004  -28.961  -10.447  -7.512 0.4444444478
71995  -31.234  -9.861  -6.738 0.1111111119
72962  -31.756  -9.963  -5.945 0.1111111119
146218  -29.202  -9.747  -7.843 0.4444444478
72006  -30.486  -10.084  -7.361 0.3333333433
134177  -28.399  -9.662  -7.671 0.4444444478
72005  -29.788  -10.035  -7.732 0.3333333433
72990  -30.355  -9.620  -7.846 0.3333333433
72989  -29.839  -9.235  -8.107 0.3333333433
129153  -30.929  -8.210  -8.568 0.2222222239
123672  -31.649  -7.918  -8.306 0.1111111119
135173  -32.581  -6.907  -8.125 0.1111111119
74013  -30.328  -8.355  -8.545 0.3333333433
123770  -30.885  -8.051  -9.534 0.3333333433
74033  -30.452  -7.941  -9.797 0.4444444478
123637  -30.914  -7.367  -10.215 0.5555555820
123185  -32.057  -7.131  -10.812 0.6666666865
123625  -32.804  -6.935  -11.055 0.4444444478
75881  -30.940  -6.352  -10.752 0.6666666865
127104  -32.496  -5.089  -10.020 0.3333333433
123830  -31.166  -5.443  -11.094 0.6666666865
78397  -31.785  -4.157  -11.039 0.5555555820
78396  -31.293  -3.711  -11.286 0.5555555820
78381  -31.757  -3.285  -10.916 0.5555555820
140594  -32.172  -4.215  -10.709 0.4444444478
79271  -31.990  -2.414  -10.415 0.3333333433
129047  -30.834  -4.057  -11.395 0.5555555820
137245  -31.552  -0.909  -10.860 0.4444444478
79270  -31.481  -2.237  -11.211 0.4444444478
81960  -31.503  0.381  -10.751 0.4444444478
91043  -27.569  11.251  -16.628 0.5555555820
91866  -27.717  11.858  -16.325 0.5555555820
91857  -27.781  12.308  -15.812 0.5555555820
92643  -28.162  12.567  -14.994 0.5555555820
93428  -27.900  13.513  -15.237 0.5555555820
70152  -27.931  -12.379  -6.365 0.4444444478
71053  -30.446  -11.717  -5.815 0.2222222239
123189  -31.459  -8.665  -7.837 0.2222222239
147227  -31.932  -8.195  -7.797 0.1111111119
123592  -31.874  -8.143  -10.045 0.4444444478
123525  -31.982  -7.304  -10.157 0.3333333433
140606  -31.213  -8.149  -10.040 0.4444444478
123756  -32.152  -6.345  -11.072 0.6666666865
123596  -32.502  -6.065  -10.969 0.4444444478
80151  -31.770  -1.595  -10.625 0.3333333433
81058  -31.701  -0.209  -10.444 0.4444444478
83721  -31.278  2.534  -11.103 0.4444444478
92642  -27.610  13.032  -15.970 0.5555555820
92641  -26.096  12.603  -15.839 0.5555555820
123662  -32.509  -6.091  -9.468 0.2222222239
92635  -28.513  12.820  -13.769 0.5555555820
69255  -26.676  -13.306  -5.628 0.4444444478
70139  -27.641  -13.112  -5.905 0.4444444478
131841  -28.443  -12.936  -5.950 0.4444444478
70141  -29.940  -12.441  -5.516 0.2222222239
70123  -30.424  -12.712  -4.661 0.2222222239
70121  -25.387  -12.286  -5.598 0.4444444478
71982  -30.852  -11.041  -6.076 0.1111111119
124850  -31.503  -10.638  -5.582 0.1111111119
73981  -31.710  -9.102  -7.026 0.1111111119
140475  -32.875  -7.841  -6.787 0.1111111119
140622  -32.921  -7.187  -7.387 0.1111111119
123184  -32.818  -6.242  -8.408 0.1111111119
76706  -32.677  -5.322  -9.377 0.2222222239
142050  -32.558  -4.236  -10.100 0.1111111119
80152  -32.195  -1.623  -9.899 0.2222222239
81059  -31.943  -0.899  -10.140 0.3333333433
82870  -31.601  1.117  -10.651 0.4444444478
131743  -31.672  1.988  -10.528 0.3333333433
83707  -31.733  2.922  -10.327 0.3333333433
86449  -23.346  5.225  -10.017 0.4444444478
89254  -30.003  8.767  -12.147 0.3333333433
91025  -25.214  10.299  -14.472 0.4444444478
91033  -26.012  11.079  -15.286 0.5555555820
130199  -26.443  11.805  -15.741 0.5555555820
139880  -27.765  14.276  -14.710 0.5555555820
72988  -28.943  -9.053  -8.028 0.5555555820
74023  -30.036  -7.792  -8.967 0.6666666865
80164  -31.454  -1.477  -11.231 0.4444444478
84601  -31.271  3.393  -10.999 0.4444444478
71991  -27.303  -10.757  -6.871 0.4444444478
71052  -29.819  -11.985  -6.201 0.4444444478
70153  -29.070  -12.391  -6.195 0.3333333433
70137  -26.165  -12.643  -5.801 0.4444444478
70138  -26.945  -12.564  -6.058 0.4444444478
71992  -28.276  -11.022  -7.048 0.4444444478
71067  -30.093  -11.374  -6.617 0.4444444478
71993  -29.901  -10.713  -7.271 0.4444444478
148205  -31.191  -10.426  -6.218 0.1111111119
142930  -31.941  -9.422  -6.375 0.1111111119
73997  -30.666  -9.002  -8.140 0.3333333433
72991  -31.000  -9.437  -7.545 0.2222222239
140553  -31.386  -7.639  -9.169 0.2222222239
140481  -31.902  -7.174  -8.724 0.1111111119
123190  -32.300  -7.670  -7.731 0.1111111119
123555  -32.205  -6.634  -9.173 0.1111111119
140616  -31.720  -7.656  -10.260 0.4444444478
123187  -32.694  -6.252  -10.638 0.3333333433
140488  -32.388  -7.402  -10.486 0.4444444478
140552  -32.864  -7.121  -10.481 0.3333333433
77547  -32.840  -4.398  -9.289 0.1111111119
123569  -32.353  -5.224  -10.631 0.4444444478
77567  -31.491  -4.513  -11.169 0.5555555820
123186  -31.814  -5.353  -11.071 0.5555555820
130228  -31.198  -2.937  -11.306 0.5555555820
78369  -32.317  -3.308  -10.209 0.3333333433
81944  -31.914  0.551  -10.142 0.4444444478
91865  -26.839  11.503  -16.121 0.5555555820
123782  -32.142  -8.393  -7.260 0.1111111119
69256  -27.478  -13.649  -5.504 0.4444444478
70140  -29.142  -13.014  -5.505 0.4444444478
70122  -29.758  -13.017  -4.957 0.2222222239
71054  -31.143  -11.334  -5.317 0.1111111119
62993  -29.054  -20.662  -4.072 0.1111111119
65708  -26.153  -17.361  -3.576 0.3333333433
64780  -27.968  -18.813  -4.186 0.2222222239
63880  -28.074  -19.617  -4.087 0.2222222239
63010  -28.903  -19.906  -4.330 0.1111111119
63897  -29.552  -19.585  -4.341 0.1111111119
68381  -24.399  -14.759  -3.417 0.3333333433
67498  -24.367  -15.583  -2.901 0.3333333433
66614  -25.580  -16.767  -3.440 0.3333333433
66615  -27.067  -16.606  -4.231 0.3333333433
64795  -28.115  -18.227  -4.213 0.2222222239
66630  -28.000  -16.811  -4.033 0.2222222239
65725  -28.790  -18.175  -4.036 0.1111111119
65724  -28.213  -17.621  -4.083 0.2222222239
68380  -23.781  -13.862  -3.361 0.2222222239
67519  -24.989  -15.359  -3.487 0.3333333433
141010  -25.824  -16.251  -3.744 0.3333333433
65711  -28.741  -17.345  -3.669 0.1111111119
70104  -23.532  -12.853  -3.732 0.2222222239
128505  -24.508  -14.181  -3.882 0.3333333433
70120  -23.998  -12.519  -4.554 0.3333333433
69239  -24.954  -13.256  -4.800 0.3333333433
68401  -25.112  -14.005  -4.405 0.3333333433
68382  -25.236  -14.811  -4.009 0.3333333433
68402  -25.788  -14.501  -4.559 0.3333333433
67536  -26.864  -15.083  -4.591 0.3333333433
68403  -26.490  -14.564  -4.787 0.3333333433
67537  -27.503  -15.258  -4.436 0.3333333433
68405  -28.169  -14.698  -4.514 0.3333333433
67538  -28.184  -15.466  -4.109 0.3333333433
67522  -28.753  -15.736  -3.624 0.1111111119
70119  -23.335  -11.968  -4.033 0.2222222239
71037  -23.588  -11.541  -4.671 0.3333333433
149306  -24.877  -12.619  -5.143 0.3333333433
69254  -25.665  -13.025  -5.393 0.3333333433
69240  -25.946  -13.837  -5.010 0.3333333433
143228  -26.937  -14.081  -5.247 0.3333333433
68404  -27.297  -14.651  -4.814 0.3333333433
69241  -27.793  -14.122  -5.086 0.3333333433
68383  -28.817  -15.032  -3.922 0.1111111119
71036  -23.262  -11.189  -4.304 0.3333333433
69257  -28.328  -13.520  -5.401 0.3333333433
69242  -29.216  -13.589  -4.745 0.3333333433
81045  -32.217  -0.137  -9.663 0.2222222239
82857  -32.109  1.431  -9.929 0.2222222239
81945  -32.365  0.695  -9.505 0.2222222239
85524  -30.908  4.782  -11.077 0.3333333433
85533  -31.207  4.088  -10.869 0.2222222239
149204  -27.123  -17.727  -4.083 0.3333333433
63896  -28.733  -19.016  -4.289 0.2222222239
67535  -26.164  -15.222  -4.397 0.3333333433
66629  -26.910  -15.723  -4.400 0.3333333433
131521  -27.633  -15.994  -4.196 0.3333333433
136201  -28.239  -16.097  -3.878 0.3333333433
126424  -28.493  -14.023  -4.788 0.3333333433
62108  -28.399  -21.087  -3.731 0.1111111119
62109  -29.117  -21.484  -3.837 0.1111111119
66593  -24.694  -16.657  -2.785 0.3333333433
65692  -25.402  -17.452  -3.015 0.3333333433
64777  -26.101  -18.039  -3.223 0.3333333433
64778  -26.762  -18.543  -3.555 0.3333333433
126785  -27.414  -19.025  -3.834 0.3333333433
62110  -29.859  -21.770  -3.748 0.1111111119
63011  -29.524  -20.204  -4.347 0.1111111119
147479  -29.909  -18.319  -3.340 0.1111111119
70103  -23.358  -12.419  -3.382 0.2222222239
127206  -29.468  -17.024  -2.975 0.1111111119
67523  -29.309  -15.366  -3.488 0.1111111119
68384  -29.553  -14.735  -3.688 0.1111111119
68406  -29.007  -14.334  -4.283 0.1111111119
71968  -23.383  -10.646  -4.657 0.1111111119
138476  -32.053  2.242  -9.951 0.2222222239
86452  -30.976  5.535  -10.553 0.2222222239
146933  -23.563  -9.512  -5.173 0.2222222239
70136  -24.428  -11.942  -5.217 0.4444444478
85517  -31.914  3.723  -9.665 0.2222222239
62125  -29.851  -20.846  -4.095 0.1111111119
62992  -28.430  -20.361  -3.994 0.1111111119
135910  -26.292  -16.734  -3.900 0.3333333433
133806  -26.726  -17.864  -3.790 0.3333333433
66613  -25.215  -16.031  -3.337 0.3333333433
68354  -23.905  -14.863  -2.875 0.2222222239
65710  -27.537  -17.499  -4.144 0.3333333433
67521  -26.316  -16.047  -4.134 0.3333333433
67520  -25.642  -15.627  -3.856 0.3333333433
65712  -29.408  -17.934  -3.447 0.1111111119
66616  -28.741  -16.506  -3.503 0.1111111119
69238  -24.211  -13.452  -4.148 0.3333333433
134117  -29.369  -16.035  -3.158 0.1111111119
62107  -27.644  -21.477  -3.393 0.1111111119
63879  -27.390  -19.713  -3.490 0.2222222239
65691  -24.584  -17.594  -2.406 0.3333333433
64763  -25.340  -18.306  -2.582 0.3333333433
64764  -26.135  -18.801  -2.950 0.3333333433
63878  -26.817  -19.297  -3.207 0.3333333433
67497  -23.696  -15.398  -2.322 0.2222222239
82858  -32.525  1.329  -9.280 0.1111111119
144900  -32.925  2.372  -8.360 0.1111111119
137442  -32.426  2.019  -9.403 0.1111111119
84584  -32.447  3.284  -8.999 0.1111111119
84572  -32.599  3.581  -8.456 0.1111111119
131837  -31.517  3.738  -10.422 0.1111111119
85502  -32.281  4.060  -8.829 0.1111111119
85516  -31.835  4.737  -9.306 0.1111111119
88295  -30.343  7.251  -11.238 0.2222222239
85525  -31.394  4.580  -10.232 0.1111111119
89255  -30.451  8.790  -11.399 0.1111111119
88294  -30.023  8.020  -11.634 0.2222222239
90145  -30.542  9.545  -11.939 0.1111111119
136198  -30.433  8.030  -10.876 0.1111111119
90135  -30.918  9.506  -11.215 0.1111111119
91042  -26.704  10.980  -16.287 0.4444444478
90152  -30.512  10.081  -12.343 0.1111111119
91856  -25.206  11.378  -14.464 0.4444444478
148273  -25.638  11.252  -14.998 0.4444444478
91841  -30.192  11.469  -11.416 0.1111111119
92629  -30.087  12.300  -10.855 0.1111111119
92650  -26.764  13.647  -16.203 0.4444444478
92649  -25.291  13.671  -16.068 0.4444444478
93435  -25.761  14.590  -16.683 0.4444444478
93427  -27.139  14.420  -15.953 0.4444444478
94207  -27.812  14.594  -13.819 0.4444444478
94200  -28.333  14.726  -12.908 0.2222222239
93413  -28.769  14.114  -12.279 0.2222222239
146324  -29.257  15.190  -11.267 0.2222222239
145414  -29.233  14.415  -11.423 0.2222222239
99029  -28.570  20.767  -12.608 0.1111111119
98306  -28.726  19.247  -12.001 0.1111111119
95867  -29.795  16.626  -10.415 0.1111111119
91855  -24.733  12.059  -14.440 0.4444444478
92640  -24.704  12.969  -14.968 0.4444444478
92648  -24.412  13.846  -15.476 0.3333333433
93434  -24.642  14.337  -16.378 0.4444444478
94214  -25.840  16.001  -16.529 0.4444444478
140840  -26.668  15.950  -15.802 0.4444444478
94206  -27.279  15.136  -14.951 0.4444444478
95050  -27.762  15.347  -13.572 0.4444444478
95059  -26.106  16.298  -15.392 0.3333333433
137225  -27.726  16.109  -13.084 0.3333333433
95890  -27.824  16.765  -12.490 0.1111111119
137990  -28.296  16.181  -12.275 0.1111111119
95879  -28.580  16.734  -11.747 0.1111111119
95044  -28.856  15.863  -11.620 0.2222222239
96748  -28.887  17.452  -11.157 0.1111111119
92634  -24.741  12.481  -13.309 0.2222222239
93433  -24.114  14.683  -15.988 0.3333333433
94213  -24.271  15.407  -16.354 0.3333333433
95054  -27.078  16.134  -14.451 0.4444444478
95897  -26.447  16.788  -14.352 0.2222222239
96779  -26.770  17.440  -13.898 0.2222222239
96765  -27.383  17.401  -12.863 0.2222222239
136222  -27.623  18.122  -12.544 0.1111111119
97578  -26.286  18.274  -14.170 0.1111111119
145815  -27.076  17.964  -13.335 0.1111111119
97558  -28.376  18.453  -11.907 0.1111111119
97569  -27.051  18.645  -13.144 0.1111111119
97570  -27.854  18.968  -12.451 0.1111111119
93426  -24.799  13.345  -14.245 0.3333333433
137842  -24.439  14.274  -14.833 0.3333333433
94199  -25.287  14.905  -13.837 0.3333333433
95057  -24.642  15.914  -15.901 0.3333333433
95058  -25.328  16.234  -16.188 0.3333333433
95896  -25.745  16.738  -14.521 0.2222222239
96778  -25.863  17.490  -14.382 0.2222222239
96790  -25.125  18.214  -15.015 0.1111111119
97568  -26.334  19.195  -13.780 0.1111111119
98318  -27.246  19.524  -13.020 0.1111111119
99761  -27.659  21.676  -13.679 0.1111111119
94185  -24.540  14.356  -10.417 0.1111111119
94186  -25.065  14.400  -11.233 0.1111111119
135710  -25.526  15.351  -12.888 0.2222222239
130994  -25.425  15.880  -12.512 0.2222222239
95052  -25.540  16.085  -13.634 0.3333333433
95888  -25.200  16.490  -12.850 0.2222222239
95053  -25.457  16.511  -15.066 0.3333333433
95895  -25.250  16.756  -14.098 0.3333333433
96764  -24.626  17.155  -13.329 0.2222222239
96776  -23.391  17.968  -14.881 0.1111111119
96775  -22.497  18.360  -15.357 0.1111111119
96789  -24.207  18.106  -15.345 0.1111111119
97585  -23.980  18.796  -15.621 0.1111111119
97577  -25.340  19.021  -14.908 0.1111111119
98329  -25.714  19.819  -14.343 0.1111111119
99041  -25.319  20.349  -14.270 0.1111111119
98330  -26.633  19.929  -13.552 0.1111111119
99750  -28.079  21.274  -13.223 0.1111111119
95032  -24.834  15.107  -10.626 0.1111111119
95020  -24.745  15.738  -9.836 0.1111111119
95866  -25.035  15.931  -10.667 0.1111111119
97556  -24.245  17.956  -12.044 0.1111111119
96747  -24.740  17.135  -11.923 0.1111111119
97567  -23.395  18.241  -13.400 0.1111111119
96763  -23.517  17.682  -13.847 0.1111111119
98317  -23.290  19.171  -13.622 0.1111111119
98335  -21.967  19.093  -15.740 0.1111111119
99039  -23.420  20.003  -14.627 0.1111111119
98337  -24.369  19.676  -15.199 0.1111111119
95857  -24.635  16.369  -9.273 0.1111111119
95849  -24.331  16.808  -8.637 0.1111111119
96719  -24.990  17.310  -9.614 0.1111111119
129224  -24.918  17.733  -10.971 0.1111111119
97557  -24.895  18.700  -11.173 0.1111111119
98304  -24.101  18.920  -12.370 0.1111111119
135476  -23.549  20.154  -13.342 0.1111111119
139907  -25.332  18.093  -9.426 0.1111111119
97533  -25.696  18.090  -8.637 0.1111111119
97547  -25.217  18.306  -10.255 0.1111111119
82850  -32.831  1.722  -8.718 0.1111111119
83699  -32.639  2.536  -8.928 0.1111111119
83690  -32.754  2.990  -8.400 0.1111111119
87350  -31.012  6.380  -10.063 0.1111111119
86443  -31.388  5.525  -9.728 0.1111111119
133154  -31.106  10.053  -10.897 0.1111111119
93420  -28.330  13.873  -13.581 0.4444444478
93414  -29.251  13.583  -11.688 0.1111111119
93403  -29.825  13.904  -11.009 0.1111111119
95880  -29.151  16.643  -10.968 0.2222222239
96766  -28.221  17.561  -11.983 0.1111111119
149551  -28.741  18.093  -11.348 0.1111111119
145894  -29.360  18.172  -10.856 0.1111111119
94221  -24.844  15.920  -16.839 0.3333333433
130716  -28.142  19.882  -12.437 0.1111111119
95858  -24.933  16.513  -9.806 0.1111111119
98328  -23.192  19.620  -14.393 0.1111111119
139921  -25.320  19.514  -10.811 0.1111111119
98288  -25.646  18.674  -9.700 0.1111111119
83677  -33.136  2.757  -7.762 0.1111111119
87349  -30.623  6.411  -10.877 0.2222222239
91012  -30.722  10.718  -11.157 0.1111111119
94215  -26.451  15.379  -16.431 0.4444444478
93440  -24.637  15.110  -16.815 0.4444444478
95889  -27.209  16.776  -13.529 0.2222222239
94166  -23.769  15.793  -9.036 0.1111111119
95013  -23.465  16.655  -8.221 0.1111111119
142237  -24.703  17.549  -8.445 0.1111111119
148407  -25.001  17.671  -10.120 0.1111111119
82839  -33.217  1.869  -7.943 0.1111111119
147408  -32.538  0.223  -9.197 0.1111111119
131088  -32.771  0.726  -8.824 0.1111111119
83678  -33.472  3.146  -7.117 0.1111111119
131444  -33.662  2.158  -7.113 0.1111111119
84563  -33.187  4.035  -7.334 0.1111111119
85490  -32.643  4.133  -8.113 0.1111111119
136545  -32.698  4.749  -7.714 0.1111111119
86430  -31.753  5.625  -8.943 0.1111111119
88288  -31.213  7.314  -9.641 0.1111111119
87340  -31.429  6.377  -9.325 0.1111111119
89247  -31.308  8.769  -10.079 0.1111111119
91005  -31.169  9.880  -10.198 0.1111111119
91004  -30.847  10.652  -10.123 0.1111111119
91834  -30.489  11.524  -10.408 0.1111111119
135862  -30.280  14.205  -10.390 0.1111111119
92620  -30.548  12.439  -10.190 0.1111111119
95868  -30.617  16.544  -9.973 0.1111111119
96731  -30.234  17.212  -10.384 0.1111111119
93419  -25.292  13.345  -12.733 0.2222222239
137397  -25.297  13.992  -13.537 0.2222222239
98307  -29.600  19.434  -11.689 0.1111111119
93402  -24.754  13.706  -10.786 0.1111111119
94195  -25.478  14.372  -12.445 0.2222222239
99030  -29.544  20.826  -12.442 0.1111111119
99762  -29.706  22.048  -13.248 0.1111111119
93389  -23.495  13.748  -9.629 0.1111111119
94165  -22.928  15.043  -8.841 0.1111111119
95012  -22.874  15.664  -8.126 0.1111111119
100482  -28.377  21.840  -13.562 0.1111111119
95003  -22.913  16.945  -7.434 0.1111111119
131081  -23.695  20.615  -14.032 0.1111111119
99758  -24.850  21.679  -13.544 0.1111111119
100488  -26.066  22.164  -13.460 0.1111111119
100489  -27.186  22.318  -13.724 0.1111111119
95843  -23.792  17.768  -7.880 0.1111111119
96708  -25.263  17.790  -8.430 0.1111111119
98305  -24.837  19.711  -11.609 0.1111111119
99738  -23.443  21.775  -12.616 0.1111111119
98295  -25.551  19.035  -10.292 0.1111111119
92628  -29.677  12.227  -11.695 0.1111111119
83698  -32.237  2.796  -9.561 0.1111111119
84562  -32.886  3.465  -7.923 0.1111111119
124198  -32.260  4.958  -8.422 0.1111111119
90136  -31.169  9.408  -10.518 0.1111111119
93415  -29.756  13.027  -11.261 0.1111111119
93404  -30.343  13.294  -10.462 0.1111111119
95043  -28.285  15.509  -12.518 0.2222222239
95033  -29.515  15.854  -10.665 0.2222222239
94187  -29.893  14.881  -10.731 0.1111111119
99028  -27.496  20.460  -13.125 0.1111111119
97559  -29.145  18.743  -11.413 0.1111111119
98319  -29.111  20.040  -12.185 0.1111111119
95034  -30.183  15.654  -10.108 0.1111111119
96749  -29.567  17.374  -10.628 0.2222222239
94205  -24.235  15.208  -15.339 0.3333333433
134018  -24.864  15.790  -14.602 0.3333333433
99042  -26.401  20.459  -13.628 0.1111111119
99760  -27.163  21.073  -13.512 0.1111111119
124594  -26.776  21.589  -13.521 0.1111111119
93401  -24.236  13.711  -10.164 0.1111111119
146057  -24.038  14.273  -9.872 0.1111111119
95042  -25.270  15.316  -11.691 0.1111111119
95878  -25.087  16.231  -11.649 0.1111111119
96777  -24.730  17.378  -14.657 0.1111111119
96762  -22.620  18.398  -14.649 0.1111111119
98336  -22.923  19.312  -15.737 0.1111111119
132770  -26.166  20.944  -13.594 0.1111111119
95031  -24.334  14.955  -9.806 0.1111111119
94175  -23.543  14.706  -9.417 0.1111111119
96730  -25.029  16.885  -10.608 0.1111111119
96746  -24.067  17.646  -12.838 0.1111111119
98316  -22.731  18.608  -14.231 0.1111111119
98327  -22.799  18.521  -15.315 0.1111111119
99046  -23.389  19.674  -15.237 0.1111111119
99040  -24.124  20.283  -14.588 0.1111111119
95850  -24.913  17.105  -9.017 0.1111111119
128257  -24.062  19.984  -12.552 0.1111111119
99019  -23.592  20.911  -12.508 0.1111111119
141853  -33.125  1.145  -8.206 0.1111111119
146304  -33.175  3.349  -7.540 0.1111111119
88287  -30.683  7.244  -10.442 0.1111111119
97560  -30.025  18.936  -10.946 0.1111111119
99749  -23.734  21.439  -13.515 0.1111111119
99013  -25.348  20.272  -10.860 0.1111111119
138526  -30.940  8.078  -10.187 0.1111111119
90126  -31.376  9.340  -9.819 0.1111111119
94188  -30.537  14.884  -9.995 0.1111111119
149456  -30.588  18.600  -10.789 0.1111111119
134189  -30.024  20.055  -12.144 0.1111111119
93412  -25.168  13.534  -11.615 0.1111111119
143911  -24.542  13.179  -10.421 0.1111111119
99757  -23.922  21.118  -13.748 0.1111111119
128722  -25.044  20.886  -13.695 0.1111111119
99739  -23.581  21.604  -11.724 0.1111111119
63865  -25.608  -19.088  -2.462 0.2222222239
76672  -23.931  -5.715  -7.038 0.2222222239
77523  -23.247  -4.400  -7.552 0.2222222239
75842  -24.271  -6.361  -7.050 0.3333333433
76682  -23.885  -5.496  -7.152 0.4444444478
91026  -25.408  10.813  -14.072 0.3333333433
90158  -25.077  10.352  -13.071 0.2222222239
91846  -24.742  11.424  -12.999 0.1111111119
126464  -24.781  11.785  -12.156 0.1111111119
87345  -23.867  6.332  -10.305 0.2222222239
86437  -22.542  5.556  -9.283 0.1111111119
75830  -24.385  -7.284  -6.553 0.2222222239
123232  -22.179  6.186  -8.719 0.1111111119
89252  -24.817  7.449  -11.822 0.1111111119
89253  -24.470  8.473  -12.405 0.1111111119
90150  -25.737  10.292  -12.605 0.1111111119
91838  -25.098  11.055  -11.867 0.1111111119
138044  -24.752  9.897  -13.515 0.2222222239
90149  -24.616  9.501  -12.748 0.1111111119
81914  -20.452  0.585  -7.903 0.2222222239
81011  -20.948  -0.107  -7.901 0.1111111119
126305  -19.986  1.429  -7.817 0.3333333433
91847  -25.205  11.010  -13.044 0.3333333433
132379  -23.747  -6.212  -6.148 0.2222222239
91017  -25.171  10.721  -13.201 0.1111111119
91839  -25.379  10.791  -12.281 0.1111111119
91018  -25.527  10.488  -12.571 0.1111111119
134382  -25.542  9.881  -12.574 0.1111111119
63864  -24.930  -18.964  -2.049 0.1111111119
63866  -26.184  -19.560  -2.667 0.1111111119
62990  -26.859  -20.148  -2.977 0.1111111119
64748  -23.255  -18.482  -1.427 0.1111111119
65674  -23.724  -17.886  -1.800 0.1111111119
64762  -24.519  -18.299  -2.113 0.1111111119
65690  -23.870  -17.002  -2.103 0.1111111119
138043  -23.403  -15.814  -1.773 0.1111111119
66592  -23.902  -16.146  -2.223 0.1111111119
73951  -23.840  -9.073  -5.519 0.1111111119
76671  -23.167  -4.590  -6.810 0.1111111119
76681  -23.579  -5.006  -7.189 0.1111111119
138092  -19.812  3.653  -7.863 0.2222222239
138781  -20.003  3.717  -8.075 0.2222222239
85484  -19.693  3.867  -7.660 0.2222222239
85472  -19.768  4.371  -7.545 0.2222222239
64749  -24.051  -18.749  -1.680 0.1111111119
77510  -22.711  -4.139  -6.878 0.1111111119
78345  -23.045  -3.772  -7.848 0.1111111119
63848  -23.259  -19.313  -1.408 0.1111111119
63850  -25.474  -19.795  -2.054 0.1111111119
66577  -23.431  -16.516  -1.721 0.1111111119
68346  -23.366  -14.852  -2.093 0.1111111119
68353  -23.490  -14.224  -2.562 0.1111111119
69217  -23.358  -13.199  -3.028 0.1111111119
72951  -23.578  -9.545  -5.133 0.1111111119
74889  -24.511  -7.668  -4.660 0.1111111119
76658  -23.466  -4.948  -6.391 0.1111111119
84554  -18.215  3.163  -6.359 0.2222222239
147897  -18.993  5.764  -6.012 0.2222222239
123230  -20.443  5.549  -7.826 0.1111111119
62991  -27.694  -20.483  -3.551 0.1111111119
63849  -24.463  -19.595  -1.648 0.1111111119
123228  -20.249  4.960  -7.885 0.2222222239
126432  -20.760  5.559  -8.110 0.1111111119
83670  -19.413  2.854  -7.665 0.2222222239
78353  -22.927  -3.068  -8.128 0.1111111119
69202  -23.325  -13.467  -2.514 0.1111111119
70083  -23.340  -12.928  -2.797 0.1111111119
74904  -24.040  -8.474  -5.732 0.1111111119
65673  -22.880  -17.899  -1.180 0.1111111119
138220  -23.202  -17.171  -1.468 0.1111111119
73921  -24.489  -8.615  -3.863 0.1111111119
85471  -18.807  4.662  -6.174 0.1111111119
66576  -23.017  -16.517  -1.250 0.1111111119
72934  -24.174  -9.414  -3.668 0.1111111119
123799  -20.086  6.913  -6.189 0.1111111119
123795  -21.185  6.178  -8.108 0.1111111119
88272  -23.535  6.577  -9.876 0.1111111119
82831  -18.024  1.800  -6.018 0.1111111119
87333  -22.871  6.385  -9.313 0.1111111119
88282  -24.242  6.676  -10.498 0.1111111119
64779  -27.384  -18.235  -4.083 0.2222222239
65709  -26.820  -17.301  -4.008 0.3333333433
77557  -26.703  -4.385  -10.219 1.0000000000
77565  -27.647  -3.937  -10.982 1.0000000000
78406  -28.592  -3.028  -11.542 1.0000000000
79269  -26.287  -2.522  -10.358 1.0000000000
79281  -27.522  -2.489  -11.354 1.0000000000
80092  -20.302  -1.119  -6.600 0.1111111119
81957  -23.415  1.039  -10.195 0.7777777910
81959  -24.871  0.273  -10.711 0.8888888955
81987  -28.290  0.128  -13.221 0.8888888955
82883  -24.715  1.906  -11.037 0.8888888955
83694  -22.707  2.295  -10.147 0.7777777910
83730  -26.489  2.207  -12.975 1.0000000000
83753  -27.685  2.190  -14.816 0.8888888955
84539  -18.483  3.688  -6.213 0.2222222239
84555  -19.592  3.340  -7.753 0.2222222239
84556  -19.831  3.418  -7.971 0.2222222239
84577  -21.517  3.241  -9.373 0.6666666865
84590  -23.097  3.016  -10.411 0.7777777910
84592  -24.388  3.418  -11.016 0.8888888955
84599  -25.587  3.636  -11.860 1.0000000000
84657  -28.616  3.212  -15.388 0.8888888955
84666  -27.155  3.845  -17.255 0.8888888955
85496  -20.231  4.309  -8.146 0.4444444478
85509  -21.100  3.907  -8.881 0.4444444478
85531  -25.535  4.464  -11.989 0.7777777910
85551  -26.565  3.612  -14.940 0.7777777910
85572  -26.638  4.221  -16.684 0.7777777910
85573  -28.622  4.055  -16.621 0.8888888955
85603  -27.783  4.131  -18.131 0.8888888955
86426  -21.760  5.576  -8.701 0.1111111119
86450  -24.116  5.014  -10.637 0.5555555820
86476  -25.764  5.287  -13.603 0.6666666865
86489  -29.334  5.200  -16.423 0.7777777910
86501  -27.008  4.780  -17.942 0.7777777910
86502  -28.578  4.899  -18.426 0.7777777910
86509  -28.265  5.831  -18.510 0.7777777910
87334  -23.349  5.966  -9.845 0.2222222239
87346  -24.495  6.274  -10.822 0.2222222239
87363  -24.888  6.874  -12.410 0.3333333433
87366  -30.245  6.515  -12.522 0.5555555820
87373  -25.425  6.169  -13.934 0.4444444478
87388  -26.998  5.908  -16.513 0.7777777910
87401  -29.392  5.748  -17.048 0.6666666865
87407  -27.953  6.895  -18.270 0.6666666865
88283  -24.806  6.847  -11.233 0.1111111119
88301  -29.274  8.417  -13.441 0.4444444478
88309  -25.056  7.046  -14.091 0.5555555820
88316  -25.221  8.195  -14.635 0.4444444478
88339  -27.624  7.908  -18.278 0.6666666865
89246  -30.899  8.801  -10.703 0.1111111119
89260  -24.235  8.134  -12.581 0.4444444478
89294  -27.488  8.602  -18.059 0.6666666865
90189  -27.528  9.181  -17.604 0.6666666865
90191  -28.010  8.998  -17.801 0.6666666865
93441  -25.482  15.500  -16.945 0.4444444478
94196  -28.709  14.932  -11.915 0.2222222239
96788  -23.316  18.365  -15.507 0.1111111119
97548  -30.234  18.059  -10.573 0.1111111119
97583  -22.099  18.652  -15.499 0.1111111119
97584  -22.472  18.745  -15.853 0.1111111119
99027  -23.581  20.659  -13.566 0.1111111119
99038  -22.644  19.372  -15.362 0.1111111119
99759  -25.848  21.439  -13.485 0.1111111119
100472  -23.186  22.250  -11.821 0.1111111119
123188  -32.020  -4.975  -10.915 0.5555555820
123223  -19.524  6.440  -5.734 0.1111111119
123225  -18.586  4.351  -5.997 0.1111111119
123616  -19.518  6.347  -6.266 0.2222222239
123719  -19.964  4.881  -7.633 0.2222222239
124125  -31.168  -4.781  -11.206 0.5555555820
130854  -29.218  -1.078  -12.688 0.8888888955
134021  -30.857  10.118  -11.681 0.1111111119
135660  -25.208  17.683  -8.969 0.1111111119
135663  -22.289  1.851  -9.794 0.7777777910
137200  -26.674  7.025  -16.432 0.6666666865
138910  -28.982  3.872  -15.022 0.8888888955
143553  -26.548  4.236  -15.218 0.7777777910
145739  -25.456  15.559  -13.621 0.3333333433
146153  -29.939  16.162  -10.181 0.1111111119
146189  -24.088  -1.996  -9.319 0.8888888955
146364  -23.379  -0.503  -9.692 0.6666666865
147596  -27.164  6.211  -17.907 0.6666666865
148155  -24.130  2.328  -10.755 0.8888888955
