#!ascii label  , from subject sub-v1s0x0050646_ses-1 vox2ras=TkReg
1715
33202  -31.933  -51.386  -6.672 0.5000000000
32397  -32.754  -52.264  -6.183 0.4000000060
33203  -32.894  -51.590  -5.988 0.6000000238
33992  -32.569  -50.807  -6.068 0.6000000238
33991  -31.575  -50.326  -6.717 0.6000000238
34797  -31.202  -49.232  -7.241 0.6000000238
33196  -33.464  -51.272  -5.528 0.6999999881
33985  -32.227  -49.795  -6.020 0.6999999881
137917  -31.343  -49.444  -6.768 0.6999999881
146242  -31.206  -48.788  -6.860 0.6999999881
35669  -31.587  -48.292  -7.375 0.5000000000
36606  -31.292  -47.911  -7.070 0.6999999881
34798  -31.441  -49.126  -7.452 0.5000000000
27543  -28.811  -57.429  0.802 0.5000000000
33986  -33.268  -50.420  -5.492 0.6999999881
34794  -31.631  -48.869  -6.283 0.6999999881
34786  -32.623  -49.014  -5.627 0.6999999881
35653  -32.087  -48.207  -5.869 0.6999999881
36614  -31.757  -47.495  -7.279 0.6000000238
33153  -35.044  -51.352  -1.749 0.6999999881
33987  -34.020  -50.908  -4.973 0.6999999881
33980  -34.328  -50.723  -4.077 0.6999999881
27542  -28.313  -57.419  0.084 0.6000000238
27564  -27.416  -57.938  -0.964 0.4000000060
139324  -33.142  -49.685  -5.414 0.6999999881
35662  -31.342  -48.105  -6.667 0.6999999881
36607  -31.496  -47.341  -6.865 0.6999999881
131639  -31.860  -46.636  -6.499 0.6999999881
126153  -32.463  -46.947  -7.623 0.6000000238
33142  -35.286  -51.717  -0.381 0.6999999881
32318  -35.191  -52.067  -1.088 0.6999999881
33171  -34.804  -51.588  -2.563 0.6999999881
33945  -35.002  -50.580  -1.561 0.6999999881
33141  -35.191  -51.033  -0.856 0.6999999881
28525  -29.638  -56.034  1.460 0.6000000238
33961  -34.773  -50.617  -2.373 0.6999999881
34781  -33.794  -49.248  -4.179 0.6999999881
131533  -34.452  -50.210  -3.231 0.6999999881
131945  -34.787  -49.884  -1.778 0.6999999881
27583  -27.489  -57.080  -1.343 0.5000000000
27565  -27.862  -57.307  -0.621 0.5000000000
36598  -32.588  -47.624  -5.341 0.6999999881
34787  -33.437  -49.153  -5.013 0.6999999881
34769  -34.562  -49.111  -1.953 0.6999999881
26549  -26.972  -57.736  -1.734 0.4000000060
36597  -31.838  -47.388  -6.180 0.6999999881
145823  -33.444  -48.651  -4.507 0.6999999881
34777  -34.207  -49.273  -3.299 0.6999999881
131129  -34.552  -49.664  -2.531 0.6999999881
129195  -25.933  -58.010  -2.999 0.4000000060
35646  -33.145  -47.977  -4.481 0.6999999881
35635  -34.159  -48.539  -2.964 0.6999999881
35622  -34.395  -48.323  -2.246 0.6999999881
36588  -32.349  -46.677  -5.534 0.6999999881
142587  -33.700  -46.907  -3.385 0.6999999881
36576  -34.031  -47.726  -3.000 0.6999999881
37583  -31.982  -46.754  -7.141 0.6999999881
126394  -33.268  -46.854  -4.020 0.6999999881
37584  -33.089  -46.350  -7.886 0.6000000238
37574  -32.225  -45.915  -6.937 0.6999999881
38542  -32.285  -45.353  -6.227 0.6999999881
39592  -35.390  -44.768  -7.036 0.5000000000
38563  -35.005  -45.407  -7.366 0.5000000000
128045  -36.405  -46.382  -7.483 0.4000000060
128371  -35.491  -46.150  -7.505 0.5000000000
33926  -35.150  -50.337  -0.218 0.6999999881
29553  -29.546  -55.084  1.357 0.6000000238
131274  -28.265  -56.711  -0.394 0.5000000000
34754  -34.857  -49.313  -1.264 0.6999999881
37567  -32.029  -45.994  -6.085 0.6999999881
37558  -32.956  -46.379  -4.623 0.6999999881
148568  -34.123  -43.913  -6.905 0.6999999881
149273  -32.495  -46.266  -7.535 0.6999999881
39581  -33.870  -44.369  -7.175 0.6999999881
38552  -33.187  -44.820  -7.410 0.6999999881
127497  -34.719  -44.089  -6.963 0.6999999881
128515  -32.753  -53.047  3.552 0.6999999881
32238  -33.897  -52.494  3.218 0.6999999881
33090  -34.573  -51.348  2.547 0.8000000119
133802  -34.981  -50.786  1.790 0.8000000119
129003  -32.081  -53.195  3.491 0.6000000238
32236  -32.294  -52.499  3.516 0.6000000238
33076  -33.464  -51.801  3.426 0.6000000238
141312  -31.443  -53.361  3.284 0.6000000238
32234  -30.778  -53.055  2.939 0.6000000238
33908  -35.191  -50.555  0.710 0.6999999881
30485  -30.554  -54.427  2.648 0.6000000238
141904  -30.513  -53.724  2.680 0.6000000238
29596  -28.814  -55.497  0.111 0.6000000238
30512  -29.226  -54.375  0.959 0.6000000238
34738  -35.067  -49.523  -0.506 0.6999999881
28591  -28.223  -56.045  -0.894 0.5000000000
29595  -28.522  -55.381  -0.650 0.6000000238
36589  -32.996  -47.171  -4.644 0.6999999881
39580  -33.085  -44.374  -6.663 0.8000000119
38551  -32.602  -45.066  -6.965 0.6999999881
125751  -33.730  -43.847  -6.632 0.8000000119
129883  -32.941  -44.929  -5.071 0.6999999881
39593  -36.185  -44.706  -6.885 0.5000000000
38553  -36.962  -44.971  -6.948 0.5000000000
38565  -37.218  -45.839  -7.297 0.4000000060
33075  -32.654  -51.834  3.527 0.6000000238
33870  -34.290  -50.866  3.075 0.6999999881
34687  -34.376  -50.076  3.118 0.8000000119
33881  -34.654  -50.590  2.622 0.8999999762
32235  -31.498  -52.658  3.300 0.6000000238
34697  -34.974  -49.852  2.329 0.8000000119
34707  -35.215  -49.914  1.304 0.8000000119
34722  -35.350  -49.153  0.943 0.8000000119
31390  -30.096  -53.196  2.358 0.6000000238
31389  -29.575  -53.433  1.727 0.6000000238
35586  -35.200  -48.942  0.035 0.8000000119
28590  -27.689  -56.039  -1.687 0.6000000238
30529  -28.780  -54.704  -0.316 0.6000000238
30530  -29.003  -53.982  0.124 0.6000000238
35599  -35.246  -48.125  -0.274 0.6999999881
28611  -27.065  -56.801  -2.086 0.5000000000
36547  -34.917  -47.975  -1.062 0.6999999881
28630  -26.170  -56.644  -3.540 0.5000000000
145820  -26.846  -55.848  -2.984 0.5000000000
124374  -34.609  -47.919  -1.670 0.6999999881
36563  -34.456  -47.469  -2.180 0.6999999881
40495  -33.748  -43.132  -6.345 0.8000000119
39569  -32.551  -44.761  -6.278 0.8000000119
37557  -32.525  -45.684  -5.348 0.6999999881
38530  -33.189  -45.610  -4.448 0.6999999881
146793  -32.533  -44.974  -5.717 0.6999999881
38564  -36.107  -45.482  -7.163 0.5000000000
133470  -32.301  -51.156  3.450 0.6999999881
33868  -32.854  -50.642  3.492 0.6999999881
148912  -34.042  -50.521  3.313 0.8000000119
130589  -34.673  -49.190  2.983 0.8000000119
128184  -31.713  -51.769  3.359 0.6999999881
34686  -33.544  -50.100  3.440 0.8000000119
138193  -35.204  -48.941  2.425 0.8000000119
33074  -30.864  -52.088  2.966 0.6000000238
141565  -35.314  -49.307  1.758 0.8000000119
35587  -35.454  -48.366  0.630 0.6999999881
29619  -28.203  -55.321  -1.361 0.6000000238
126977  -28.526  -54.571  -1.235 0.6000000238
36535  -35.674  -47.463  0.369 0.6999999881
146890  -27.530  -55.373  -2.399 0.6000000238
123924  -35.763  -46.776  -0.141 0.8000000119
28648  -25.994  -56.081  -4.166 0.4000000060
37532  -34.235  -46.855  -2.692 0.6999999881
37525  -35.158  -46.465  -1.327 0.6999999881
28663  -24.539  -56.522  -5.903 0.4000000060
133554  -34.508  -46.108  -2.476 0.6999999881
36557  -34.842  -47.292  -1.490 0.6999999881
132373  -33.331  -43.732  -6.163 0.8000000119
37545  -33.969  -46.198  -3.141 0.6999999881
38513  -33.788  -45.584  -3.687 0.6999999881
40496  -34.274  -43.340  -6.742 0.8000000119
40497  -35.162  -43.365  -6.766 0.6999999881
39582  -35.722  -44.076  -6.836 0.5000000000
39584  -37.613  -44.345  -6.953 0.5000000000
39583  -36.680  -44.178  -6.708 0.5000000000
133782  -37.821  -45.135  -7.307 0.4000000060
33867  -32.006  -50.450  3.398 0.6000000238
128098  -33.081  -49.262  3.437 0.6999999881
133171  -33.988  -49.300  3.400 0.8000000119
35563  -34.991  -48.365  2.964 0.8000000119
33866  -30.967  -51.212  3.000 0.6999999881
32252  -30.107  -52.373  2.524 0.6999999881
36526  -35.744  -47.746  2.018 0.8000000119
31404  -29.042  -52.889  1.161 0.6000000238
35564  -35.416  -48.242  2.433 0.8000000119
31431  -28.951  -53.063  0.210 0.6000000238
132903  -35.994  -47.209  1.366 0.8000000119
128791  -35.685  -47.882  1.205 0.8000000119
142272  -28.242  -54.768  -1.694 0.6000000238
30550  -28.869  -53.907  -0.876 0.6000000238
36548  -35.337  -47.239  -0.695 0.8999999762
38484  -34.896  -46.059  -1.904 0.8000000119
29655  -26.539  -55.722  -3.567 0.5000000000
39521  -35.512  -44.416  -2.497 0.8000000119
37524  -34.679  -46.702  -2.009 0.6999999881
29670  -25.589  -55.517  -4.825 0.4000000060
39570  -32.900  -44.346  -5.781 0.8000000119
132422  -33.452  -43.730  -5.542 0.8000000119
39536  -33.691  -44.826  -4.309 0.8000000119
38514  -34.377  -45.525  -3.010 0.6999999881
39557  -33.360  -44.330  -5.068 0.8000000119
133229  -34.215  -45.034  -3.555 0.6999999881
39558  -33.958  -43.861  -4.662 0.8000000119
41376  -34.690  -42.018  -6.666 0.8000000119
40466  -33.775  -43.059  -5.288 0.8000000119
40498  -36.176  -43.391  -6.653 0.6000000238
41377  -35.494  -42.628  -6.662 0.6000000238
40499  -37.227  -43.490  -6.681 0.5000000000
34684  -31.710  -49.735  3.269 0.6000000238
33089  -30.164  -51.488  2.619 0.6000000238
35551  -33.477  -48.552  3.500 0.6999999881
36516  -35.372  -47.524  2.848 0.6999999881
33104  -29.336  -51.761  2.030 0.6000000238
33880  -30.302  -50.633  2.719 0.6000000238
34683  -30.964  -49.510  3.011 0.6000000238
33120  -28.859  -51.554  1.045 0.6000000238
31456  -29.022  -53.209  -0.715 0.6000000238
32272  -29.013  -52.227  1.368 0.6000000238
37493  -35.927  -46.857  2.317 0.6999999881
30571  -28.308  -54.113  -2.230 0.5000000000
37505  -36.148  -46.539  0.663 0.8000000119
30591  -27.378  -54.041  -3.682 0.3000000119
38468  -36.143  -45.270  -0.419 0.8000000119
142734  -35.956  -46.089  -0.206 0.8000000119
38485  -35.298  -45.717  -1.573 0.8000000119
137980  -35.811  -44.856  -1.414 0.8000000119
39538  -35.186  -43.985  -3.321 0.8000000119
40481  -33.497  -43.028  -5.932 0.8000000119
39520  -34.829  -44.807  -3.080 0.8000000119
40467  -34.242  -43.124  -4.612 0.8000000119
41378  -36.617  -42.618  -6.599 0.6000000238
40508  -39.006  -43.810  -7.764 0.3000000119
134375  -31.485  -49.103  3.130 0.6000000238
35550  -32.610  -48.558  3.410 0.6999999881
129529  -33.819  -47.800  3.594 0.6999999881
36502  -34.143  -47.017  3.604 0.6999999881
33168  -28.521  -51.226  -3.312 0.5000000000
33879  -29.542  -50.876  2.209 0.6000000238
34695  -29.649  -49.928  2.381 0.6000000238
135562  -35.498  -46.715  2.989 0.6999999881
32332  -29.207  -52.611  -1.464 0.5000000000
132250  -28.949  -51.315  0.066 0.5000000000
33893  -28.965  -50.359  1.609 0.6000000238
37481  -36.266  -46.015  2.163 0.6999999881
31519  -27.839  -53.118  -3.806 0.3000000119
31498  -28.892  -53.288  -2.357 0.5000000000
38435  -36.590  -45.076  1.167 0.8000000119
38451  -36.365  -45.605  0.459 0.8000000119
39493  -36.394  -44.531  -0.593 0.8999999762
30590  -26.767  -54.629  -4.000 0.4000000060
40432  -35.846  -43.498  -2.821 0.8999999762
42315  -34.119  -41.654  -6.411 0.8000000119
41374  -33.750  -42.552  -6.183 0.8000000119
39537  -34.441  -44.352  -3.805 0.8000000119
41375  -34.104  -42.454  -6.509 0.8000000119
42317  -35.731  -41.705  -6.637 0.6999999881
146327  -38.540  -41.711  -7.182 0.6000000238
41391  -37.829  -42.661  -6.862 0.6000000238
35548  -30.750  -48.592  2.958 0.6000000238
133488  -32.176  -47.991  3.400 0.6000000238
131814  -32.913  -47.867  3.577 0.6999999881
34696  -30.248  -49.365  2.805 0.6000000238
37467  -34.440  -46.231  3.561 0.8000000119
33152  -29.582  -51.352  -1.948 0.6000000238
33140  -29.278  -51.489  -0.877 0.5000000000
36503  -34.952  -46.910  3.356 0.6999999881
38417  -36.096  -45.319  2.611 0.8000000119
32365  -28.511  -52.510  -3.425 0.4000000060
30592  -27.960  -53.791  -3.138 0.4000000060
37494  -36.450  -45.870  1.355 0.8000000119
39506  -36.497  -43.913  -1.106 0.8000000119
39477  -36.615  -44.682  0.295 0.8000000119
40415  -36.076  -43.791  -1.918 0.8000000119
40399  -36.780  -43.872  -0.214 0.8000000119
143381  -34.049  -41.849  -5.361 0.8000000119
40468  -34.719  -42.691  -4.225 0.8000000119
42305  -33.819  -41.482  -6.013 0.8000000119
40447  -34.654  -43.523  -3.993 0.8000000119
127436  -36.433  -40.990  -6.570 0.6999999881
138861  -37.056  -41.805  -6.607 0.6999999881
43262  -38.800  -40.280  -7.241 0.6000000238
130019  -39.334  -41.027  -7.543 0.6000000238
35562  -29.567  -48.849  2.474 0.6000000238
37465  -32.656  -46.343  3.545 0.8000000119
37466  -33.566  -46.291  3.631 0.6999999881
127771  -29.270  -49.708  -3.291 0.5000000000
33892  -28.807  -49.996  0.809 0.5000000000
37468  -35.191  -46.129  3.305 0.8000000119
37480  -35.765  -46.049  2.804 0.6999999881
146376  -29.979  -50.247  -2.139 0.5000000000
33925  -29.330  -50.675  -0.615 0.5000000000
38404  -34.739  -45.585  3.520 0.8000000119
142951  -35.394  -45.154  3.242 0.8000000119
33169  -29.468  -50.930  -3.292 0.5000000000
144678  -35.951  -44.663  2.871 0.8000000119
39456  -36.713  -44.568  1.770 0.8000000119
131646  -36.712  -43.979  2.266 0.8000000119
138280  -36.810  -44.437  1.096 0.8000000119
40366  -36.960  -43.913  1.538 0.8000000119
41285  -36.891  -42.996  -0.728 0.8000000119
40433  -36.342  -42.853  -2.224 0.8000000119
127679  -35.368  -42.056  -3.786 0.8000000119
42316  -34.535  -41.110  -6.602 0.8000000119
127937  -35.387  -40.833  -6.643 0.6999999881
43250  -37.888  -40.314  -6.911 0.6999999881
44263  -36.397  -39.589  -6.516 0.6999999881
43249  -36.935  -40.301  -6.601 0.6999999881
133824  -37.347  -39.606  -6.661 0.6999999881
44265  -38.241  -39.517  -6.958 0.6999999881
37479  -30.850  -46.141  2.828 0.8000000119
36514  -30.598  -47.573  2.901 0.6000000238
36499  -31.195  -46.975  3.117 0.6000000238
37464  -31.745  -46.281  3.260 0.8000000119
35634  -27.299  -47.949  -3.469 0.6000000238
36556  -28.649  -47.881  -2.303 0.5000000000
35574  -28.899  -48.593  1.822 0.6000000238
36513  -29.795  -47.223  2.486 0.6000000238
38403  -33.896  -45.401  3.648 0.8000000119
35645  -25.167  -47.602  -4.330 0.6000000238
36573  -26.575  -47.447  -3.976 0.6000000238
128753  -27.541  -47.136  -2.935 0.6000000238
128656  -28.335  -47.906  -0.204 0.5000000000
35573  -28.655  -48.717  0.992 0.5000000000
132827  -23.365  -45.263  -4.451 0.5000000000
131436  -24.274  -46.794  -4.709 0.5000000000
37555  -25.637  -46.700  -4.830 0.6000000238
37543  -27.086  -46.658  -3.325 0.6000000238
34753  -29.542  -49.044  -2.003 0.5000000000
139169  -28.503  -48.144  0.620 0.5000000000
131431  -34.600  -44.953  3.591 0.8000000119
38526  -24.605  -45.828  -4.849 0.5000000000
34719  -28.824  -49.361  0.379 0.5000000000
39551  -21.382  -44.347  -4.275 0.4000000060
34720  -29.192  -49.976  -0.201 0.5000000000
39417  -36.256  -44.037  2.845 0.6999999881
41271  -37.113  -43.133  0.294 0.8000000119
40367  -37.214  -43.234  1.222 0.8000000119
41319  -36.303  -42.151  -2.556 0.8000000119
40416  -36.528  -43.216  -1.508 0.8000000119
42219  -37.044  -41.996  -0.853 0.8000000119
43246  -34.168  -40.568  -6.297 0.8999999762
43234  -33.934  -40.585  -5.964 0.8999999762
42296  -34.951  -41.058  -4.326 0.8000000119
41318  -35.990  -42.599  -3.066 0.8000000119
126933  -34.553  -41.879  -4.621 1.0000000000
43248  -35.846  -40.231  -6.546 0.6999999881
38414  -30.317  -45.749  2.422 0.8000000119
38416  -31.476  -45.495  2.926 0.8000000119
38401  -32.287  -45.561  3.338 0.8000000119
138017  -26.916  -45.838  -2.894 0.6000000238
37492  -29.389  -46.536  2.029 0.6000000238
37478  -30.083  -46.377  2.480 0.6000000238
38402  -33.044  -45.667  3.592 0.8000000119
39414  -32.914  -44.775  3.463 0.8000000119
37565  -25.462  -46.149  -4.976 0.5000000000
37542  -26.757  -46.775  -4.038 0.6000000238
37523  -27.277  -46.386  -1.445 0.6000000238
37491  -28.626  -46.697  1.437 0.6000000238
39415  -34.918  -44.274  3.581 0.8000000119
38528  -26.365  -45.195  -4.767 0.5000000000
37503  -27.620  -46.136  0.357 0.6000000238
36525  -29.063  -47.284  1.861 0.6000000238
39552  -22.388  -44.327  -4.311 0.4000000060
39555  -25.450  -44.397  -4.969 0.4000000060
38541  -25.678  -45.351  -5.023 0.4000000060
38512  -26.610  -45.382  -4.288 0.4000000060
40341  -36.629  -43.345  2.762 0.6999999881
39554  -24.497  -44.160  -4.763 0.4000000060
39556  -26.525  -44.220  -4.732 0.4000000060
39491  -27.309  -44.665  -0.557 0.4000000060
40342  -37.095  -43.310  2.077 0.6999999881
40464  -26.698  -43.337  -4.663 0.4000000060
134528  -27.402  -43.568  -3.032 0.5000000000
41251  -37.404  -42.476  0.892 0.6999999881
41350  -25.335  -42.719  -4.764 0.3000000119
40446  -27.398  -43.197  -3.769 0.5000000000
39505  -27.165  -43.976  -2.144 0.5000000000
126817  -36.514  -42.107  -2.032 0.8000000119
41301  -36.694  -42.473  -1.495 0.8000000119
42201  -37.502  -41.681  0.644 0.8000000119
41286  -37.282  -42.292  -0.018 0.8000000119
147056  -34.413  -40.493  -5.140 1.0000000000
43196  -35.609  -40.549  -3.689 0.8000000119
42273  -35.676  -41.273  -3.597 0.8000000119
42256  -36.471  -41.415  -2.364 0.8000000119
130948  -34.314  -39.686  -5.549 1.0000000000
43197  -36.101  -40.146  -3.109 0.8000000119
43247  -34.677  -40.203  -6.478 0.8000000119
43220  -34.955  -40.007  -4.430 0.8000000119
42274  -36.199  -40.945  -3.117 0.8000000119
127066  -35.291  -39.491  -6.468 0.8999999762
147537  -36.851  -39.046  -6.498 0.6999999881
44264  -37.598  -38.849  -6.642 0.6999999881
45325  -38.559  -38.585  -6.962 0.6999999881
44278  -40.045  -39.415  -7.734 0.6000000238
45315  -39.195  -37.925  -7.060 0.6999999881
46272  -38.405  -37.684  -6.725 0.6999999881
138911  -40.561  -38.615  -7.794 0.6000000238
45326  -39.572  -38.666  -7.378 0.6000000238
38415  -30.801  -45.342  2.508 0.8000000119
39413  -31.954  -44.821  3.047 0.8000000119
37531  -27.259  -46.518  -2.442 0.5000000000
147453  -29.517  -45.306  1.758 0.8000000119
38434  -30.127  -45.115  2.113 0.8000000119
39429  -30.705  -44.733  2.256 0.8000000119
40322  -33.157  -43.680  3.338 0.8000000119
38511  -26.449  -46.046  -4.475 0.5000000000
139588  -27.008  -45.635  -0.929 0.6000000238
39474  -27.588  -44.892  0.193 0.5000000000
38433  -29.736  -45.812  2.113 0.8000000119
40323  -33.961  -44.319  3.611 0.6999999881
38529  -26.719  -44.597  -4.338 0.4000000060
38496  -26.933  -44.949  -2.486 0.5000000000
39452  -28.991  -45.118  1.278 0.6999999881
38450  -28.270  -45.810  1.007 0.6999999881
146208  -33.837  -43.619  3.511 0.6999999881
40324  -34.445  -43.542  3.573 0.6999999881
41203  -35.756  -42.694  3.588 0.6999999881
40463  -26.010  -43.698  -4.917 0.3000000119
40326  -36.063  -43.413  3.306 0.6999999881
41204  -36.453  -42.671  3.214 0.6999999881
41222  -37.017  -42.617  2.586 0.6999999881
40431  -27.948  -42.725  -3.048 0.5000000000
42182  -37.535  -41.852  1.481 0.6999999881
125888  -26.760  -42.372  -4.544 0.4000000060
41332  -27.783  -42.429  -3.868 0.4000000060
42238  -37.065  -41.116  -0.974 0.8000000119
42237  -36.759  -41.651  -1.571 0.8000000119
43161  -36.784  -40.816  -1.713 0.8000000119
44184  -37.227  -39.429  -1.296 0.6999999881
43180  -36.483  -40.490  -2.437 0.8000000119
44251  -34.194  -39.912  -6.124 0.8999999762
44262  -34.430  -39.360  -6.237 0.8999999762
129472  -34.174  -39.085  -5.990 0.8999999762
45297  -34.296  -38.613  -5.457 0.8000000119
44216  -35.372  -39.240  -3.966 0.8000000119
45311  -34.826  -38.732  -6.374 0.8999999762
45303  -34.227  -38.709  -6.107 0.8000000119
45312  -35.949  -38.855  -6.476 0.8999999762
43275  -40.227  -41.007  -7.918 0.4000000060
45313  -36.731  -38.335  -6.527 0.8000000119
46271  -37.706  -37.313  -6.545 0.6999999881
47226  -41.462  -37.041  -7.320 0.5000000000
39455  -31.021  -44.058  2.233 0.6999999881
39430  -31.266  -44.796  2.586 0.8000000119
40363  -29.846  -43.914  1.252 0.6999999881
40340  -32.407  -43.229  2.848 0.6999999881
40465  -26.921  -43.700  -4.317 0.4000000060
40398  -28.851  -43.089  -0.028 0.6000000238
41202  -34.798  -42.614  3.605 0.6999999881
42150  -35.506  -41.867  3.639 0.6999999881
123992  -36.190  -42.073  3.507 0.6999999881
41283  -29.210  -42.382  -0.568 0.5000000000
42161  -36.817  -41.822  3.073 0.6999999881
41317  -28.455  -42.128  -2.534 0.4000000060
42162  -37.345  -41.882  2.310 0.6999999881
42272  -28.277  -41.036  -3.860 0.3000000119
41333  -28.359  -41.790  -3.367 0.3000000119
42217  -29.593  -41.609  -0.956 0.5000000000
43162  -37.150  -40.267  -1.118 0.6999999881
42220  -37.340  -41.412  -0.187 0.6999999881
126096  -37.561  -41.200  1.965 0.6999999881
42236  -29.314  -41.150  -1.758 0.4000000060
43126  -37.558  -40.795  0.560 0.6999999881
43145  -37.379  -40.564  -0.347 0.6999999881
44183  -36.809  -39.968  -1.837 0.6999999881
44239  -34.667  -39.200  -4.754 0.8000000119
148527  -35.627  -39.862  -3.659 0.8000000119
44217  -36.047  -39.385  -3.261 0.8000000119
44199  -36.467  -39.666  -2.547 0.8000000119
45279  -35.871  -38.545  -3.479 0.8000000119
45296  -34.000  -38.282  -5.957 0.8000000119
133249  -34.772  -37.294  -6.466 0.8000000119
46268  -34.234  -37.948  -6.227 0.8000000119
46269  -35.497  -37.948  -6.512 0.8999999762
47208  -36.134  -36.298  -6.613 0.8000000119
47209  -37.390  -36.576  -6.467 0.8000000119
46273  -39.835  -37.348  -6.868 0.6999999881
46284  -40.798  -37.703  -7.495 0.6000000238
127523  -38.338  -36.935  -6.442 0.6999999881
47210  -39.174  -36.685  -6.428 0.6999999881
48165  -37.663  -34.853  -5.717 0.6999999881
40339  -31.727  -43.596  2.504 0.6999999881
41270  -30.899  -41.979  1.013 0.6000000238
41249  -31.373  -42.365  1.657 0.6000000238
41219  -31.864  -42.795  2.283 0.6999999881
41220  -32.524  -42.424  2.662 0.6999999881
41200  -32.988  -42.856  3.157 0.6999999881
41201  -33.788  -42.933  3.410 0.6999999881
40384  -29.342  -43.483  0.646 0.6000000238
41221  -33.262  -42.077  3.101 0.6999999881
124765  -34.060  -42.140  3.409 0.6999999881
41269  -30.288  -42.361  0.621 0.6000000238
42293  -27.201  -41.444  -4.460 0.3000000119
41268  -29.572  -42.690  0.293 0.5000000000
42180  -31.498  -41.444  1.417 0.6000000238
43075  -36.228  -41.269  3.528 0.6999999881
43143  -29.768  -40.760  -1.089 0.4000000060
42218  -30.154  -41.180  -0.364 0.5000000000
42200  -30.959  -41.286  0.806 0.6000000238
130469  -36.846  -41.047  3.187 0.6999999881
43103  -37.659  -40.583  1.500 0.6999999881
43085  -37.516  -40.467  2.325 0.6999999881
142844  -37.732  -39.994  0.942 0.6999999881
43160  -29.761  -39.896  -1.146 0.3000000119
44168  -37.515  -39.671  -0.438 0.6999999881
128362  -36.486  -38.879  -2.746 0.8000000119
45255  -36.823  -39.148  -1.994 0.6999999881
45256  -37.272  -38.518  -1.486 0.6999999881
126201  -37.579  -38.941  -0.799 0.6999999881
45278  -35.013  -38.452  -4.344 0.8000000119
45266  -36.505  -38.082  -2.855 0.8000000119
46261  -33.775  -37.528  -5.954 0.8000000119
46254  -34.379  -37.814  -4.968 0.8000000119
146918  -35.508  -38.088  -3.816 0.8000000119
47207  -34.928  -36.539  -6.566 0.8000000119
48163  -33.648  -35.985  -5.557 0.8000000119
132557  -34.564  -36.998  -4.579 0.8000000119
48158  -34.280  -35.296  -4.604 0.8000000119
49162  -33.797  -34.273  -4.824 0.8000000119
47212  -40.978  -36.466  -6.715 0.6000000238
47211  -40.090  -36.560  -6.524 0.6999999881
48175  -37.020  -35.641  -6.216 0.8000000119
48176  -38.275  -35.943  -6.186 0.6000000238
50177  -38.286  -33.332  -5.531 0.6999999881
49171  -38.571  -34.240  -5.502 0.6000000238
48167  -39.893  -35.162  -5.772 0.6000000238
41250  -32.012  -41.971  2.073 0.6000000238
42148  -33.840  -41.443  3.263 0.6999999881
42149  -34.634  -41.630  3.523 0.6999999881
42181  -32.178  -41.164  1.944 0.6000000238
129006  -34.305  -40.827  3.384 0.6999999881
124990  -35.289  -40.879  3.603 0.6999999881
43144  -30.202  -40.275  -0.474 0.4000000060
43124  -30.668  -40.701  0.292 0.4000000060
147795  -32.317  -40.494  1.920 0.5000000000
43076  -36.588  -40.627  3.407 0.6999999881
43125  -31.246  -40.685  0.959 0.5000000000
43102  -32.108  -39.903  1.645 0.5000000000
44100  -37.122  -39.613  3.142 0.6999999881
43077  -37.136  -40.367  3.055 0.6999999881
44148  -30.607  -39.762  0.117 0.3000000119
44107  -37.480  -39.692  2.619 0.6999999881
44167  -30.158  -39.273  -0.610 0.3000000119
139378  -30.578  -38.926  0.118 0.3000000119
45225  -37.966  -39.123  1.144 0.6999999881
130014  -37.914  -38.829  0.054 0.6999999881
45226  -38.218  -38.276  0.883 0.6999999881
46188  -38.560  -37.149  0.293 0.6999999881
128842  -37.586  -37.748  -1.312 0.6999999881
46204  -38.193  -37.299  -0.700 0.6999999881
46253  -33.945  -37.218  -5.428 0.8000000119
132556  -35.193  -37.653  -4.150 0.8000000119
46224  -37.097  -37.684  -2.127 0.6999999881
47158  -38.290  -36.362  -1.125 0.6999999881
46236  -35.690  -36.832  -3.740 0.8000000119
46237  -35.925  -37.731  -3.494 0.8000000119
46223  -36.571  -37.231  -3.005 0.8000000119
48123  -37.731  -36.148  -1.890 0.8000000119
48124  -38.298  -35.415  -1.473 0.6999999881
47200  -33.700  -36.071  -6.032 0.8000000119
47177  -34.931  -36.071  -4.289 0.8000000119
48144  -35.860  -35.822  -3.634 0.8000000119
48131  -36.538  -35.446  -3.084 0.8000000119
47206  -33.979  -36.910  -6.249 0.8000000119
48174  -34.208  -35.961  -6.449 0.8000000119
47194  -33.962  -36.262  -5.050 0.8000000119
48143  -35.256  -35.207  -4.095 0.8000000119
49136  -36.368  -34.534  -3.123 0.8000000119
126840  -35.136  -35.666  -6.615 0.8000000119
49167  -33.443  -34.831  -5.820 0.8000000119
49147  -34.672  -34.586  -4.333 0.8000000119
49148  -35.460  -34.464  -3.822 0.8000000119
50168  -33.859  -33.104  -4.708 0.8000000119
137667  -36.006  -35.286  -6.474 0.8000000119
48179  -41.371  -35.783  -6.522 0.5000000000
49169  -35.939  -34.434  -6.304 0.8000000119
49170  -36.782  -34.144  -5.785 0.8000000119
48178  -40.452  -35.829  -6.261 0.6000000238
49174  -40.974  -34.207  -5.710 0.6000000238
49172  -39.418  -34.530  -5.474 0.6000000238
49173  -40.236  -34.377  -5.489 0.6000000238
42159  -32.638  -41.606  2.512 0.6999999881
42160  -33.205  -41.189  2.881 0.6999999881
135300  -31.808  -40.612  1.499 0.6000000238
43073  -33.848  -40.155  3.190 0.6999999881
43074  -34.653  -40.059  3.509 0.6999999881
44098  -35.563  -39.955  3.628 0.6999999881
134131  -32.716  -39.955  2.229 0.5000000000
44096  -34.121  -39.354  3.233 0.6999999881
44149  -31.068  -39.302  0.704 0.4000000060
45201  -32.024  -38.425  1.578 0.4000000060
44124  -32.469  -39.167  1.886 0.5000000000
44099  -36.499  -39.905  3.482 0.6999999881
147168  -31.023  -37.681  0.818 0.3000000119
46163  -31.641  -37.587  1.356 0.3000000119
45180  -32.627  -38.431  2.015 0.5000000000
45173  -37.054  -38.321  3.308 0.6999999881
45202  -37.842  -38.914  2.213 0.6999999881
45241  -30.204  -38.359  -0.423 0.3000000119
147560  -31.608  -36.979  1.338 0.3000000119
45184  -38.084  -38.049  2.246 0.6999999881
136265  -31.492  -36.464  1.283 0.3000000119
128616  -38.702  -37.053  1.196 0.6999999881
47166  -37.200  -36.719  -2.431 0.8000000119
46213  -37.690  -37.006  -1.604 0.6999999881
47151  -38.650  -36.463  -0.220 0.6999999881
48114  -38.780  -35.664  -0.605 0.6999999881
147943  -37.667  -35.466  -2.127 0.8000000119
47201  -33.683  -36.710  -5.774 0.8000000119
49126  -37.862  -34.786  -2.068 0.8000000119
137229  -35.935  -35.082  -3.542 0.8000000119
50144  -36.586  -33.756  -2.973 0.8000000119
48173  -33.769  -35.242  -6.206 0.8000000119
146736  -34.456  -35.231  -6.533 0.8000000119
49161  -33.530  -34.797  -5.379 0.8000000119
50152  -34.681  -33.792  -4.216 0.8000000119
141579  -34.870  -32.801  -4.053 0.8000000119
50154  -36.314  -32.917  -3.310 0.8000000119
49168  -35.324  -33.948  -6.552 0.8000000119
126644  -34.578  -33.861  -6.558 0.8000000119
50167  -33.482  -33.349  -5.176 0.8000000119
51067  -36.701  -32.046  -3.414 0.8000000119
135302  -32.712  -40.806  2.372 0.6000000238
44106  -33.345  -39.538  2.701 0.6000000238
149174  -30.866  -38.705  0.544 0.3000000119
43101  -31.520  -39.968  1.108 0.5000000000
142838  -33.037  -38.864  2.331 0.5000000000
45170  -34.452  -38.535  3.231 0.6999999881
44097  -34.965  -39.231  3.548 0.6999999881
45172  -36.233  -38.371  3.486 0.6999999881
46147  -33.196  -37.995  2.360 0.6000000238
46138  -34.826  -37.727  3.170 0.6999999881
45171  -35.327  -38.430  3.470 0.6999999881
46140  -36.612  -37.631  3.407 0.6999999881
46187  -31.183  -37.045  0.988 0.3000000119
142523  -32.148  -36.821  1.689 0.3000000119
46139  -35.734  -37.660  3.414 0.6999999881
46186  -30.550  -37.185  0.333 0.3000000119
48076  -33.325  -35.198  1.944 0.3000000119
46141  -37.384  -37.602  3.155 0.6999999881
46150  -37.878  -37.642  2.693 0.6999999881
49106  -31.149  -34.090  1.021 0.3000000119
49085  -31.677  -34.465  1.308 0.3000000119
49086  -32.321  -34.533  1.520 0.3000000119
49087  -32.969  -34.671  1.699 0.3000000119
50115  -31.194  -33.218  1.027 0.3000000119
49137  -37.240  -34.248  -2.547 0.8000000119
51058  -37.293  -32.542  -2.918 0.8000000119
50186  -33.828  -33.840  -6.172 0.8000000119
50173  -33.408  -34.096  -5.575 0.8000000119
50174  -33.528  -33.098  -5.687 0.8000000119
51081  -33.533  -32.539  -5.297 0.8000000119
51082  -33.969  -32.189  -4.845 0.8000000119
141541  -34.728  -31.955  -4.450 0.8000000119
51066  -35.649  -32.115  -3.872 0.8000000119
50175  -35.927  -33.574  -6.168 0.8000000119
51939  -33.778  -31.839  -5.437 0.8000000119
50176  -37.036  -33.166  -5.791 0.8000000119
51090  -37.934  -32.502  -5.804 0.6000000238
45181  -33.685  -38.690  2.785 0.6000000238
48060  -32.897  -36.071  2.049 0.4000000060
47072  -35.292  -36.857  3.012 0.6000000238
138343  -36.164  -37.048  3.356 0.6999999881
47074  -36.971  -36.827  3.266 0.6999999881
136227  -35.175  -35.115  2.572 0.4000000060
48053  -37.479  -36.330  2.937 0.6999999881
47089  -37.815  -36.944  2.833 0.6999999881
46151  -38.276  -37.337  2.312 0.6999999881
50101  -34.119  -32.826  1.867 0.3000000119
48063  -35.885  -35.182  2.722 0.4000000060
48052  -36.899  -36.025  3.016 0.6000000238
48066  -38.446  -35.810  2.378 0.6999999881
47103  -38.813  -36.298  1.690 0.6999999881
47134  -38.843  -36.433  0.725 0.6999999881
49089  -39.230  -34.666  1.370 0.6999999881
48115  -39.267  -34.989  -0.062 0.6999999881
147610  -39.266  -34.549  -0.506 0.6999999881
48132  -37.195  -35.871  -2.575 0.8000000119
125859  -37.152  -35.062  -2.574 0.8000000119
49138  -38.054  -33.983  -2.076 0.8000000119
50153  -35.683  -33.706  -3.533 0.8000000119
51915  -37.734  -31.768  -2.930 0.8000000119
135083  -36.092  -31.536  -3.850 0.8000000119
142196  -34.962  -32.411  -6.306 0.8000000119
51946  -33.974  -31.763  -5.684 0.8000000119
52857  -34.708  -30.832  -5.160 0.8000000119
51940  -34.958  -30.898  -4.787 0.8000000119
52856  -34.274  -31.444  -5.405 0.8000000119
51092  -40.136  -32.797  -5.515 0.6000000238
51089  -36.810  -32.128  -6.118 0.8000000119
51102  -38.687  -31.933  -5.962 0.6000000238
146202  -37.767  -31.833  -6.087 0.6999999881
51955  -38.278  -31.228  -6.277 0.6999999881
45182  -33.996  -37.888  2.816 0.6000000238
46149  -34.314  -37.110  2.738 0.6000000238
132518  -33.994  -35.078  2.162 0.3000000119
50084  -34.302  -33.668  2.100 0.3000000119
49071  -35.502  -34.513  2.549 0.3000000119
131745  -35.952  -33.853  2.561 0.5000000000
49074  -38.346  -34.810  2.465 0.6999999881
51861  -33.323  -31.703  1.421 0.3000000119
50088  -37.806  -33.934  2.566 0.4000000060
49088  -38.978  -34.405  1.924 0.6999999881
52782  -33.161  -30.813  1.148 0.3000000119
128868  -39.319  -34.024  1.356 0.6000000238
50125  -39.662  -33.403  -0.333 0.6000000238
50116  -39.553  -33.572  0.634 0.6000000238
50133  -38.838  -33.691  -1.632 0.8000000119
49120  -39.308  -34.099  -0.936 0.6999999881
50134  -39.484  -33.209  -1.175 0.6999999881
51040  -39.866  -32.536  -0.599 0.6999999881
134818  -37.432  -33.342  -2.602 0.8000000119
50145  -38.344  -33.319  -2.137 0.8000000119
51060  -39.061  -32.284  -2.041 0.6999999881
51048  -39.558  -32.379  -1.424 0.6999999881
51059  -38.241  -32.573  -2.413 0.8000000119
139021  -38.713  -31.769  -2.413 0.6999999881
51916  -39.525  -31.668  -1.883 0.6999999881
51926  -36.888  -31.261  -3.515 0.8000000119
52832  -38.695  -30.595  -2.949 0.6999999881
132152  -39.212  -31.076  -2.438 0.6999999881
148798  -34.549  -32.674  -6.370 0.8000000119
51099  -34.132  -32.216  -6.159 0.8000000119
51925  -35.228  -31.424  -4.370 0.8000000119
51927  -37.827  -30.931  -3.228 0.8000000119
51952  -34.568  -31.299  -5.598 0.8000000119
53932  -35.143  -30.150  -5.211 0.8000000119
52859  -36.208  -30.023  -4.453 0.8000000119
50188  -35.044  -33.172  -6.483 0.8000000119
51953  -35.382  -31.086  -6.060 0.8000000119
52863  -34.848  -30.797  -5.320 0.8000000119
53933  -35.482  -29.592  -4.986 0.8000000119
51088  -35.894  -32.709  -6.242 0.8000000119
138062  -36.261  -31.463  -6.325 0.8000000119
52871  -36.402  -30.783  -6.391 0.6999999881
51947  -39.753  -32.054  -5.859 0.6000000238
51957  -40.445  -31.579  -6.276 0.6000000238
51954  -37.163  -31.382  -6.352 0.8000000119
52872  -37.434  -30.685  -6.546 0.6999999881
137305  -38.295  -30.573  -6.535 0.6999999881
49073  -37.313  -34.669  2.729 0.5000000000
48065  -37.646  -35.594  2.782 0.5000000000
50086  -36.344  -33.147  2.556 0.4000000060
51863  -35.602  -31.565  1.856 0.3000000119
142778  -38.517  -33.990  2.270 0.5000000000
50102  -38.959  -33.643  1.889 0.6000000238
51862  -34.847  -31.203  1.527 0.3000000119
51845  -36.301  -31.820  2.167 0.3000000119
138667  -39.017  -32.907  1.775 0.6000000238
147697  -39.340  -33.390  1.388 0.6000000238
52801  -33.634  -30.065  0.900 0.3000000119
52784  -34.908  -30.482  1.322 0.3000000119
51846  -37.092  -31.700  2.169 0.3000000119
53843  -34.487  -29.917  1.043 0.3000000119
51031  -39.767  -32.702  0.292 0.6000000238
53863  -32.622  -29.193  0.408 0.3000000119
52824  -40.002  -30.755  -1.727 0.6999999881
53934  -36.377  -29.192  -4.607 0.8000000119
52844  -38.050  -30.168  -3.499 0.6999999881
53901  -38.951  -29.826  -3.175 0.6999999881
53916  -37.278  -29.706  -4.084 0.6999999881
54983  -36.621  -28.350  -4.773 0.6999999881
52869  -35.217  -30.489  -5.625 0.8000000119
53952  -35.445  -29.494  -5.936 0.6999999881
54981  -35.307  -29.456  -5.337 0.8000000119
54982  -35.641  -28.779  -5.222 0.6000000238
51973  -42.256  -31.053  -7.685 0.6000000238
53954  -36.663  -29.891  -6.615 0.6999999881
52870  -35.723  -30.121  -6.158 0.6999999881
52873  -39.127  -30.724  -6.442 0.6999999881
52885  -39.697  -30.219  -6.875 0.6999999881
53955  -37.813  -30.025  -6.720 0.6999999881
131355  -38.940  -25.720  -7.431 0.5000000000
58080  -39.923  -25.869  -7.096 0.5000000000
51016  -39.123  -32.190  1.514 0.6000000238
50103  -39.482  -32.800  1.104 0.6000000238
51867  -39.205  -31.424  1.360 0.6000000238
51894  -40.203  -30.930  -0.085 0.6000000238
51905  -40.099  -31.577  -0.952 0.6999999881
51895  -40.301  -30.693  -0.852 0.6999999881
56011  -30.641  -27.144  -0.065 0.3000000119
52833  -39.490  -30.259  -2.516 0.6999999881
54992  -35.527  -28.238  -5.681 0.6999999881
53935  -37.496  -28.881  -4.291 0.6999999881
54969  -38.458  -28.531  -3.901 0.6000000238
53953  -35.801  -29.266  -6.510 0.6999999881
54991  -35.344  -28.923  -5.734 0.6999999881
57048  -35.685  -27.324  -6.454 0.6000000238
52886  -40.665  -30.379  -7.183 0.6000000238
52887  -41.522  -30.536  -7.553 0.5000000000
53966  -38.345  -29.461  -6.915 0.6999999881
55016  -38.002  -28.737  -7.157 0.6999999881
147249  -38.830  -28.982  -7.103 0.6999999881
56089  -40.347  -27.341  -7.257 0.6000000238
51866  -38.661  -31.707  1.735 0.5000000000
149410  -38.597  -30.227  1.436 0.4000000060
52788  -39.225  -30.586  1.254 0.5000000000
51884  -39.748  -31.155  0.716 0.6000000238
52802  -39.782  -30.160  0.552 0.6000000238
53878  -40.254  -29.404  -0.567 0.6000000238
56990  -31.067  -26.600  -0.378 0.3000000119
56013  -32.223  -27.336  -0.262 0.3000000119
53889  -40.055  -29.773  -1.866 0.6999999881
53902  -39.650  -29.378  -2.606 0.6000000238
54943  -40.206  -28.831  -1.819 0.6000000238
53918  -39.120  -28.981  -3.319 0.6000000238
56059  -35.993  -27.882  -5.336 0.6000000238
55000  -35.571  -28.599  -6.349 0.6999999881
56070  -35.664  -27.519  -5.901 0.6000000238
56060  -36.874  -27.457  -4.901 0.6000000238
56076  -35.659  -27.879  -6.541 0.6999999881
57058  -35.909  -26.485  -6.821 0.6000000238
56088  -37.569  -27.834  -7.379 0.6999999881
125208  -39.631  -28.909  -7.258 0.6999999881
53968  -40.200  -29.615  -7.295 0.6000000238
55020  -42.602  -28.498  -8.517 0.5000000000
55018  -40.599  -28.877  -7.519 0.6000000238
55019  -41.587  -28.742  -7.915 0.6000000238
128917  -41.810  -27.894  -7.823 0.5000000000
139661  -38.340  -27.336  -7.387 0.6000000238
124155  -40.919  -28.069  -7.479 0.5000000000
129463  -39.284  -27.343  -7.289 0.5000000000
56077  -40.929  -26.498  -6.981 0.5000000000
56090  -41.189  -27.377  -7.354 0.5000000000
58065  -40.595  -25.509  -6.963 0.5000000000
53847  -38.245  -29.602  1.349 0.4000000060
53867  -39.087  -29.734  1.168 0.4000000060
54922  -38.689  -28.867  0.975 0.4000000060
54920  -36.278  -28.488  0.817 0.4000000060
53877  -40.005  -29.517  0.072 0.6000000238
134081  -32.305  -26.442  -0.492 0.3000000119
56991  -33.130  -26.833  -0.374 0.3000000119
56992  -34.560  -27.005  -0.082 0.3000000119
58962  -32.817  -25.210  -0.694 0.3000000119
54953  -39.774  -28.497  -2.690 0.6000000238
57031  -38.912  -26.878  -4.115 0.5000000000
54970  -39.268  -28.139  -3.428 0.6000000238
57039  -37.106  -26.498  -5.151 0.6000000238
56061  -37.927  -27.142  -4.520 0.6000000238
56071  -36.205  -27.018  -5.536 0.6000000238
57049  -35.849  -26.686  -6.190 0.6000000238
58053  -36.758  -25.722  -5.727 0.6000000238
56086  -36.022  -27.566  -7.171 0.6999999881
58076  -36.324  -25.679  -6.989 0.6000000238
57071  -39.654  -26.543  -7.222 0.5000000000
59049  -40.390  -24.685  -7.140 0.5000000000
54921  -37.246  -28.358  0.888 0.4000000060
53868  -39.517  -29.217  0.580 0.4000000060
142098  -38.031  -28.362  0.904 0.4000000060
55999  -37.795  -27.725  0.673 0.4000000060
147985  -39.732  -28.143  0.071 0.4000000060
54932  -39.957  -28.744  -0.056 0.4000000060
54933  -40.308  -28.717  -0.869 0.5000000000
57984  -33.048  -25.935  -0.522 0.3000000119
58963  -33.553  -25.203  -0.586 0.3000000119
126864  -34.723  -26.125  -0.258 0.4000000060
137559  -40.326  -28.123  -1.266 0.4000000060
138958  -34.119  -24.534  -0.612 0.3000000119
57986  -35.246  -25.331  -0.334 0.4000000060
135267  -39.867  -26.995  -2.858 0.5000000000
54954  -40.236  -27.918  -2.019 0.6000000238
56053  -39.402  -27.336  -3.475 0.5000000000
58044  -39.309  -25.251  -4.058 0.5000000000
58052  -36.214  -25.844  -6.433 0.6000000238
146743  -36.695  -25.280  -6.267 0.6000000238
138773  -36.564  -26.313  -7.403 0.6000000238
59045  -36.803  -24.983  -7.136 0.6000000238
57069  -37.451  -26.819  -7.484 0.5000000000
57070  -38.401  -26.442  -7.466 0.5000000000
132647  -37.929  -25.542  -7.638 0.5000000000
124971  -39.497  -24.328  -7.502 0.5000000000
138435  -40.136  -23.927  -7.374 0.5000000000
60125  -40.868  -23.409  -7.315 0.5000000000
54923  -39.352  -28.410  0.442 0.4000000060
56000  -38.635  -28.013  0.614 0.4000000060
56001  -39.376  -27.588  0.175 0.4000000060
56976  -38.489  -27.188  0.419 0.4000000060
56025  -39.767  -26.994  -0.459 0.4000000060
56026  -40.211  -27.283  -1.267 0.4000000060
58983  -33.061  -24.353  -0.909 0.3000000119
57020  -40.035  -26.312  -2.426 0.4000000060
57008  -40.157  -26.607  -1.673 0.5000000000
60054  -32.553  -23.628  -1.327 0.3000000119
142877  -38.542  -25.565  -4.648 0.5000000000
130201  -39.371  -24.571  -4.154 0.4000000060
58054  -37.278  -25.141  -5.750 0.6000000238
148225  -38.048  -25.155  -5.219 0.5000000000
59021  -38.755  -24.847  -4.786 0.5000000000
59030  -36.605  -25.152  -6.809 0.6000000238
60109  -37.330  -23.945  -6.700 0.5000000000
59032  -37.918  -24.468  -5.721 0.5000000000
138363  -37.242  -25.873  -7.579 0.5000000000
58078  -37.222  -24.951  -7.512 0.6000000238
59040  -36.994  -24.385  -7.045 0.6000000238
59046  -37.285  -24.131  -7.335 0.6000000238
58079  -38.213  -24.915  -7.645 0.5000000000
60124  -38.967  -23.709  -7.799 0.5000000000
140083  -41.649  -22.947  -7.442 0.5000000000
59047  -37.582  -24.094  -7.699 0.5000000000
130901  -31.981  -20.585  -3.858 0.3000000119
142347  -33.249  -20.793  -3.442 0.4000000060
147059  -33.538  -20.261  -3.735 0.4000000060
60118  -37.325  -23.544  -7.362 0.5000000000
124086  -31.878  -19.962  -4.070 0.4000000060
60122  -37.421  -23.193  -7.730 0.5000000000
61210  -38.851  -21.881  -6.296 0.5000000000
61222  -37.406  -22.145  -8.100 0.5000000000
62136  -38.003  -21.485  -7.367 0.5000000000
60123  -37.892  -23.488  -7.987 0.5000000000
60130  -37.564  -22.729  -8.114 0.6000000238
62143  -40.772  -21.802  -7.851 0.5000000000
135211  -39.730  -23.206  -7.675 0.6000000238
62142  -39.490  -21.937  -8.049 0.5000000000
63883  -32.677  -19.779  -3.822 0.4000000060
62091  -35.261  -21.037  -2.169 0.4000000060
61213  -37.320  -22.123  -7.967 0.5000000000
62140  -37.323  -21.927  -8.019 0.5000000000
63027  -37.594  -20.744  -8.371 0.5000000000
63024  -37.291  -20.874  -8.127 0.5000000000
60131  -38.503  -22.990  -8.015 0.5000000000
61223  -38.114  -22.178  -8.207 0.5000000000
63029  -40.471  -20.355  -8.477 0.4000000060
63028  -38.815  -20.548  -8.502 0.5000000000
62148  -39.871  -21.174  -8.246 0.5000000000
139099  -34.309  -19.374  -3.701 0.4000000060
64766  -32.413  -18.595  -2.818 0.4000000060
62141  -37.271  -21.498  -8.045 0.5000000000
62137  -39.168  -20.950  -6.343 0.4000000060
128797  -38.347  -21.323  -8.393 0.4000000060
63910  -39.177  -19.815  -8.665 0.5000000000
64813  -40.271  -18.711  -8.694 0.3000000119
63020  -37.428  -20.795  -7.809 0.4000000060
63909  -37.963  -20.052  -8.472 0.4000000060
132793  -39.393  -19.204  -8.766 0.5000000000
126758  -39.828  -17.983  -8.689 0.4000000060
64812  -38.912  -18.690  -8.780 0.4000000060
64811  -37.810  -18.771  -8.545 0.4000000060
66648  -41.590  -16.289  -8.461 0.4000000060
137070  -38.262  -19.336  -8.690 0.4000000060
65743  -39.298  -17.310  -8.675 0.4000000060
65742  -37.578  -17.957  -8.244 0.4000000060
66647  -39.855  -16.558  -8.520 0.4000000060
145386  -40.651  -16.264  -8.453 0.4000000060
125524  -40.957  -15.527  -8.506 0.4000000060
125422  -38.108  -17.371  -8.585 0.4000000060
133138  -38.507  -18.052  -8.660 0.3000000119
66646  -38.828  -16.700  -8.637 0.4000000060
141637  -37.279  -17.188  -8.374 0.4000000060
65738  -36.952  -17.149  -8.116 0.4000000060
126140  -38.561  -15.998  -8.496 0.3000000119
67551  -39.398  -15.431  -8.495 0.4000000060
67552  -40.113  -15.817  -8.471 0.4000000060
141114  -41.176  -14.487  -8.647 0.4000000060
66645  -37.724  -16.656  -8.536 0.3000000119
68422  -38.453  -14.127  -8.534 0.4000000060
68423  -39.354  -14.499  -8.578 0.5000000000
67549  -37.381  -15.733  -8.477 0.4000000060
128908  -37.533  -14.743  -8.417 0.4000000060
33979  -33.789  -50.011  -4.735 0.6999999881
28571  -28.582  -56.102  -0.207 0.6000000238
33869  -33.685  -50.991  3.390 0.6999999881
35575  -35.520  -48.547  1.655 0.8000000119
127511  -31.133  -50.348  3.094 0.6000000238
127955  -32.202  -49.174  3.312 0.6000000238
33183  -28.536  -51.876  -3.348 0.4000000060
41361  -33.747  -42.316  -5.765 0.8000000119
34768  -29.319  -48.919  -3.049 0.5000000000
39432  -36.397  -44.650  2.399 0.8000000119
134345  -24.194  -44.876  -4.653 0.4000000060
38432  -29.063  -45.869  1.648 0.6000000238
39475  -28.293  -44.784  0.647 0.6000000238
43084  -33.233  -40.407  2.765 0.6999999881
132789  -35.884  -39.152  3.561 0.6999999881
49119  -38.940  -34.877  -0.856 0.6999999881
48064  -36.732  -35.290  2.831 0.6000000238
48101  -39.247  -35.175  0.880 0.6999999881
134845  -39.466  -34.188  -0.098 0.6000000238
47087  -34.514  -36.280  2.565 0.6000000238
134106  -36.849  -33.877  2.649 0.5000000000
131372  -38.455  -30.967  1.669 0.4000000060
61216  -40.481  -22.590  -7.641 0.5000000000
124776  -39.512  -26.193  -0.506 0.4000000060
132216  -37.524  -20.405  -8.193 0.4000000060
33990  -31.156  -49.935  -7.388 0.5000000000
32388  -34.115  -52.400  -4.893 0.6999999881
27523  -29.461  -57.496  1.486 0.5000000000
33122  -35.273  -51.169  0.091 0.6999999881
138318  -35.012  -50.095  -1.034 0.6999999881
34776  -33.709  -48.430  -3.707 0.6999999881
37544  -33.440  -46.256  -3.843 0.6999999881
36575  -33.420  -47.524  -3.822 0.6999999881
38562  -33.917  -45.187  -7.694 0.6999999881
30484  -30.086  -53.952  2.173 0.6000000238
35611  -34.706  -48.560  -1.491 0.6999999881
31381  -31.103  -54.005  3.135 0.6000000238
34721  -35.185  -49.737  0.355 0.8000000119
35598  -35.014  -48.740  -0.784 0.6999999881
134429  -29.150  -53.671  1.006 0.6000000238
149584  -31.619  -50.983  3.264 0.6999999881
30570  -27.710  -54.588  -2.749 0.5000000000
37516  -35.553  -46.472  -0.677 0.8000000119
35552  -34.321  -48.501  3.359 0.6999999881
32317  -29.075  -52.413  -0.674 0.6000000238
142701  -36.248  -46.529  1.600 0.8000000119
38497  -35.075  -45.382  -2.301 0.8000000119
36515  -34.652  -47.702  3.359 0.6999999881
33907  -28.885  -50.720  0.624 0.6000000238
40448  -35.352  -43.084  -3.552 0.8999999762
133941  -34.104  -42.462  -4.951 0.8000000119
42330  -38.022  -41.766  -6.906 0.6000000238
41393  -39.410  -42.480  -7.775 0.4000000060
32347  -27.315  -52.232  -3.230 0.3000000119
141939  -29.294  -51.965  -1.418 0.5000000000
144641  -29.365  -52.044  -2.116 0.5000000000
31520  -28.534  -53.202  -3.154 0.5000000000
32364  -27.788  -52.486  -3.651 0.4000000060
131084  -34.030  -41.046  -6.300 0.8000000119
141163  -31.440  -47.811  3.191 0.6000000238
36500  -32.171  -47.194  3.466 0.6000000238
34706  -28.847  -49.434  1.582 0.5000000000
32349  -29.060  -52.013  -3.225 0.4000000060
33170  -29.482  -51.493  -2.818 0.5000000000
124816  -29.732  -50.690  -1.661 0.5000000000
42318  -37.497  -41.054  -6.711 0.6999999881
44277  -39.158  -39.452  -7.298 0.6000000238
131273  -29.953  -48.031  2.686 0.6000000238
34752  -28.120  -49.552  -3.217 0.5000000000
33943  -29.908  -49.775  -2.615 0.5000000000
34737  -29.678  -49.924  -1.468 0.5000000000
39416  -35.659  -44.166  3.266 0.6999999881
135169  -30.489  -46.849  2.801 0.6000000238
36562  -28.012  -47.774  -3.020 0.5000000000
36546  -28.250  -47.549  -1.235 0.6000000238
35610  -29.179  -48.428  -2.435 0.5000000000
36555  -27.906  -47.140  -2.126 0.6000000238
125866  -28.357  -48.826  -3.193 0.5000000000
137915  -28.698  -47.938  1.440 0.5000000000
36586  -24.964  -47.180  -4.705 0.6000000238
36587  -25.775  -47.307  -4.487 0.6000000238
35597  -28.918  -48.356  -1.326 0.5000000000
36524  -28.316  -47.404  0.827 0.6000000238
36534  -27.905  -46.984  -0.108 0.6000000238
34736  -29.235  -49.209  -0.814 0.5000000000
39553  -23.371  -44.027  -4.543 0.4000000060
41223  -37.366  -42.584  1.789 0.6999999881
41334  -36.080  -41.750  -3.114 0.8000000119
137263  -26.926  -45.747  -1.909 0.5000000000
37515  -27.351  -46.282  -0.477 0.6000000238
36545  -27.731  -46.849  -1.054 0.6000000238
37504  -28.057  -46.624  0.781 0.6000000238
38449  -27.732  -45.436  0.470 0.6000000238
39535  -27.053  -44.047  -3.726 0.4000000060
39519  -27.080  -44.300  -2.999 0.4000000060
39492  -27.889  -44.178  0.024 0.5000000000
40396  -27.755  -43.748  -0.720 0.5000000000
41352  -27.256  -42.896  -4.310 0.4000000060
40414  -28.149  -42.706  -1.999 0.5000000000
41282  -28.370  -42.946  -0.938 0.5000000000
147508  -38.995  -37.329  -6.654 0.6999999881
39431  -32.262  -44.045  3.053 0.6999999881
39453  -29.662  -44.677  1.543 0.6999999881
39454  -30.314  -44.346  1.830 0.6999999881
39476  -29.144  -44.307  0.952 0.6000000238
42151  -37.229  -41.131  2.681 0.6999999881
149417  -28.885  -42.060  -1.629 0.5000000000
147852  -37.601  -41.226  1.235 0.6999999881
42271  -27.955  -41.716  -4.128 0.4000000060
46270  -36.693  -37.356  -6.572 0.8000000119
40364  -30.522  -43.567  1.582 0.6000000238
41248  -30.710  -42.758  1.305 0.6000000238
40383  -28.621  -43.867  0.360 0.6000000238
40397  -28.295  -43.544  -0.257 0.5000000000
42254  -28.839  -41.438  -2.515 0.3000000119
129128  -37.588  -40.113  0.204 0.6999999881
44125  -37.750  -39.800  1.832 0.6999999881
43159  -29.459  -40.328  -1.768 0.3000000119
128381  -35.614  -37.079  -6.585 0.8999999762
48177  -39.458  -35.895  -6.142 0.6000000238
48166  -38.866  -35.134  -5.697 0.6000000238
133102  -37.674  -33.946  -5.599 0.8000000119
143722  -33.663  -40.802  3.127 0.6999999881
42199  -30.491  -41.593  0.363 0.5000000000
130581  -31.034  -40.087  0.624 0.4000000060
137276  -37.749  -39.547  0.371 0.6999999881
45242  -37.791  -38.214  -0.698 0.6999999881
48164  -36.640  -34.899  -5.966 0.8000000119
126757  -36.064  -40.530  3.613 0.6999999881
46203  -30.217  -37.676  -0.233 0.3000000119
45203  -38.138  -38.415  1.644 0.6999999881
45243  -38.265  -37.929  0.069 0.6999999881
148758  -38.463  -37.629  0.806 0.6999999881
47165  -36.567  -36.323  -3.103 0.8000000119
45200  -31.248  -38.438  0.986 0.3000000119
135820  -36.722  -39.062  3.344 0.6999999881
45183  -37.660  -38.261  2.815 0.6999999881
46164  -32.432  -37.718  1.877 0.4000000060
46165  -38.417  -37.693  1.602 0.6999999881
47132  -30.865  -36.369  0.715 0.3000000119
47104  -39.051  -35.804  1.097 0.6999999881
48061  -33.829  -35.776  2.254 0.3000000119
49069  -33.652  -34.377  1.932 0.3000000119
47090  -38.381  -36.615  2.339 0.6999999881
50099  -32.874  -33.994  1.593 0.3000000119
50100  -33.503  -33.438  1.763 0.3000000119
47088  -35.402  -35.869  2.709 0.6000000238
47073  -36.164  -36.379  3.085 0.6000000238
48062  -34.574  -35.450  2.432 0.4000000060
130102  -38.006  -36.257  2.716 0.6999999881
48077  -39.013  -35.289  1.789 0.6999999881
49107  -39.415  -34.445  0.692 0.6000000238
142271  -38.441  -31.230  -2.771 0.8000000119
52843  -37.041  -30.493  -3.798 0.8000000119
52858  -35.255  -30.321  -4.858 0.8000000119
51956  -39.420  -31.394  -6.166 0.6000000238
49070  -34.600  -34.571  2.325 0.3000000119
50085  -35.130  -33.806  2.368 0.3000000119
49072  -36.365  -34.560  2.688 0.5000000000
146842  -33.669  -31.182  1.364 0.3000000119
51015  -34.743  -32.101  1.846 0.3000000119
136022  -38.304  -33.171  2.307 0.5000000000
51047  -38.994  -32.934  -1.848 0.8000000119
136299  -40.025  -31.836  0.066 0.6000000238
53967  -39.251  -29.562  -7.038 0.6999999881
50996  -35.724  -32.451  2.282 0.3000000119
50997  -36.725  -32.425  2.399 0.3000000119
53864  -33.285  -29.514  0.597 0.3000000119
124787  -34.814  -29.076  0.754 0.3000000119
51017  -39.609  -32.019  0.858 0.6000000238
53965  -37.362  -29.290  -6.906 0.6999999881
55015  -36.996  -28.539  -7.192 0.6999999881
52812  -40.223  -30.116  -0.313 0.6000000238
53890  -40.304  -29.349  -1.251 0.6999999881
54984  -37.709  -28.025  -4.429 0.6000000238
130261  -36.643  -27.899  -7.298 0.6999999881
53969  -41.304  -29.699  -7.744 0.5000000000
57068  -35.994  -26.751  -7.202 0.6000000238
133972  -36.212  -26.112  -7.144 0.6000000238
58066  -41.430  -25.795  -6.851 0.4000000060
54900  -37.752  -28.943  1.217 0.4000000060
126164  -35.908  -27.821  0.557 0.4000000060
134174  -33.948  -26.605  -0.347 0.3000000119
57983  -32.223  -25.641  -0.682 0.3000000119
56038  -40.174  -27.124  -2.171 0.5000000000
57041  -39.158  -26.055  -4.088 0.5000000000
57040  -38.213  -26.304  -4.590 0.5000000000
56087  -36.648  -27.180  -7.384 0.5000000000
56016  -40.061  -27.911  -0.456 0.4000000060
133531  -34.403  -25.308  -0.465 0.4000000060
146319  -34.875  -24.735  -0.493 0.4000000060
57032  -39.578  -26.542  -3.382 0.5000000000
145126  -39.790  -25.786  -0.975 0.4000000060
58033  -39.730  -25.627  -3.153 0.4000000060
62112  -32.446  -21.041  -3.463 0.3000000119
62113  -33.959  -20.585  -3.358 0.4000000060
61214  -37.391  -22.067  -7.861 0.5000000000
128030  -34.182  -20.016  -3.749 0.4000000060
68424  -40.214  -14.962  -8.565 0.4000000060
143639  -36.418  -15.612  -8.329 0.4000000060
69280  -40.154  -13.981  -8.819 0.3000000119
28592  -34.777  -56.688  -1.793 0.5000000000
28632  -34.279  -55.958  -2.809 0.5000000000
25444  -34.685  -58.876  1.280 0.4000000060
131189  -35.431  -57.784  0.323 0.5000000000
138817  -35.423  -58.048  -0.359 0.5000000000
28593  -35.198  -56.958  -1.097 0.5000000000
126251  -34.648  -55.933  -2.044 0.6000000238
29640  -34.517  -55.256  -2.413 0.6000000238
27526  -35.182  -57.402  1.212 0.5000000000
27525  -34.534  -57.366  2.023 0.5000000000
134541  -35.544  -56.954  0.417 0.5000000000
28572  -35.486  -56.487  -0.359 0.5000000000
30552  -35.043  -54.348  -1.482 0.6000000238
30551  -34.720  -54.060  -2.183 0.6000000238
29620  -34.889  -55.202  -1.692 0.6000000238
31499  -34.576  -53.882  -2.917 0.6000000238
126404  -34.630  -53.119  -3.316 0.6000000238
31479  -34.799  -53.194  -2.344 0.6000000238
31521  -34.360  -53.832  -3.737 0.6000000238
32378  -34.342  -52.076  -4.364 0.6000000238
32366  -34.565  -52.337  -3.654 0.6000000238
28527  -34.947  -56.569  1.746 0.5000000000
28552  -35.541  -56.112  0.500 0.5000000000
29621  -35.307  -55.023  -0.924 0.6000000238
27512  -33.807  -57.390  2.513 0.5000000000
28512  -34.253  -56.475  2.509 0.5000000000
144350  -34.947  -53.630  -1.707 0.6000000238
27510  -32.104  -57.641  2.633 0.5000000000
28511  -33.371  -56.675  2.942 0.5000000000
127701  -34.638  -51.803  -3.218 0.6000000238
33197  -34.039  -51.707  -4.997 0.6000000238
29573  -35.466  -55.294  0.604 0.5000000000
30513  -35.452  -54.805  -0.073 0.5000000000
135598  -34.790  -55.797  2.082 0.5000000000
28528  -35.293  -55.797  1.351 0.5000000000
143041  -35.413  -54.629  0.638 0.5000000000
30531  -35.347  -54.229  -0.626 0.6000000238
28510  -32.357  -56.791  2.978 0.5000000000
29547  -33.722  -55.799  3.073 0.5000000000
32334  -35.087  -52.941  -1.496 0.6000000238
27509  -31.205  -57.370  2.457 0.5000000000
28509  -31.384  -56.541  2.761 0.5000000000
32333  -34.949  -52.260  -2.010 0.6000000238
32351  -34.749  -52.394  -2.851 0.6000000238
33190  -34.288  -51.400  -4.470 0.6000000238
33184  -34.489  -51.575  -3.840 0.6000000238
29548  -34.331  -55.590  2.652 0.5000000000
31406  -35.147  -53.383  1.381 0.5000000000
31432  -35.344  -53.435  0.560 0.6000000238
30486  -34.061  -54.845  3.078 0.5000000000
31457  -35.349  -53.508  -0.273 0.6000000238
128304  -35.324  -52.812  0.068 0.6000000238
27508  -30.736  -56.743  2.349 0.5000000000
148740  -29.744  -56.776  1.580 0.5000000000
132276  -34.591  -51.088  -3.214 0.6000000238
34782  -34.128  -49.900  -3.893 0.6000000238
30479  -33.984  -53.964  3.164 0.5000000000
131244  -34.458  -54.086  2.608 0.5000000000
30495  -34.965  -54.119  1.828 0.5000000000
32274  -35.249  -52.731  0.879 0.6000000238
28499  -31.950  -55.941  3.184 0.5000000000
29546  -31.172  -55.681  2.962 0.5000000000
29538  -31.628  -55.292  3.254 0.6000000238
31391  -34.218  -53.263  2.910 0.6000000238
31405  -34.707  -53.312  2.181 0.5000000000
32273  -34.958  -52.620  1.684 0.5000000000
32300  -35.110  -52.115  1.154 0.6000000238
142835  -32.545  -54.486  3.489 0.6000000238
30478  -33.382  -54.250  3.421 0.6000000238
32301  -35.266  -52.033  0.347 0.6000000238
29554  -30.147  -55.594  1.948 0.5000000000
145348  -31.079  -54.894  3.083 0.5000000000
30477  -31.729  -54.647  3.358 0.6000000238
28550  -28.660  -56.745  0.284 0.4000000060
31382  -32.706  -53.706  3.550 0.6000000238
31383  -33.495  -53.325  3.400 0.6000000238
32253  -34.506  -52.362  2.547 0.6000000238
33105  -34.899  -51.784  1.835 0.6000000238
42331  -38.453  -41.125  -7.137 0.5000000000
49127  -38.582  -34.488  -1.516 0.6000000238
51091  -39.035  -32.660  -5.549 0.5000000000
51103  -40.752  -32.237  -6.005 0.5000000000
69279  -39.169  -13.437  -8.955 0.4000000060
69291  -39.359  -13.025  -10.052 0.3000000119
70183  -39.616  -12.735  -11.028 0.3000000119
71101  -39.332  -11.029  -11.153 0.3000000119
25461  -34.682  -59.659  1.076 0.4000000060
25476  -35.254  -59.385  -0.248 0.5000000000
27585  -35.209  -57.879  -1.097 0.5000000000
29658  -34.204  -55.165  -3.235 0.5000000000
143452  -34.295  -58.649  1.736 0.4000000060
149765  -34.354  -54.425  -3.286 0.6000000238
136780  -34.407  -52.980  -4.308 0.5000000000
26477  -33.759  -58.801  1.998 0.4000000060
133524  -33.421  -58.145  2.402 0.5000000000
126624  -31.434  -58.687  2.315 0.5000000000
137681  -32.744  -58.136  2.527 0.5000000000
26474  -30.735  -58.153  2.227 0.3000000119
26499  -28.992  -58.033  1.195 0.4000000060
26512  -27.865  -58.091  -0.195 0.4000000060
41392  -38.618  -42.231  -7.262 0.4000000060
143121  -39.043  -41.731  -7.444 0.4000000060
46148  -33.616  -37.329  2.524 0.5000000000
47086  -33.676  -36.602  2.406 0.4000000060
50179  -40.565  -33.621  -5.507 0.5000000000
51093  -41.096  -32.989  -5.856 0.5000000000
138747  -41.275  -31.821  -6.477 0.5000000000
50999  -38.482  -32.324  1.999 0.4000000060
69302  -38.831  -12.684  -10.587 0.3000000119
72028  -38.826  -10.119  -11.004 0.3000000119
25443  -34.218  -59.319  1.598 0.4000000060
32319  -35.299  -52.871  -0.719 0.6000000238
140841  -29.171  -55.723  0.835 0.5000000000
28526  -30.218  -56.415  1.943 0.5000000000
130736  -30.678  -56.048  2.451 0.6000000238
50180  -41.310  -33.715  -5.802 0.5000000000
26487  -29.955  -57.976  1.986 0.4000000060
25462  -35.073  -59.121  0.629 0.4000000060
134393  -35.151  -55.980  -1.190 0.6000000238
143003  -35.401  -56.566  1.083 0.5000000000
26478  -34.123  -58.107  2.137 0.5000000000
135399  -35.239  -54.887  1.386 0.5000000000
29555  -34.746  -54.962  2.261 0.5000000000
28500  -32.851  -55.961  3.281 0.5000000000
29540  -33.188  -55.116  3.376 0.5000000000
69290  -38.242  -13.153  -9.852 0.4000000060
26476  -32.906  -58.885  2.252 0.4000000060
30594  -34.107  -54.594  -3.919 0.4000000060
31534  -34.000  -53.922  -4.699 0.4000000060
26475  -32.132  -58.438  2.402 0.4000000060
33941  -26.497  -50.408  -1.788 0.4000000060
33942  -27.296  -50.327  -2.712 0.3000000119
33959  -28.645  -50.389  -3.339 0.4000000060
149627  -29.080  -51.472  -3.218 0.4000000060
35609  -26.509  -48.897  -2.455 0.4000000060
34751  -26.704  -49.664  -2.361 0.4000000060
35631  -22.867  -48.218  -3.589 0.4000000060
35617  -24.321  -48.475  -2.848 0.4000000060
35608  -25.729  -48.790  -2.075 0.4000000060
35619  -27.067  -48.494  -3.273 0.4000000060
125137  -20.654  -47.824  -4.005 0.3000000119
35642  -22.450  -47.785  -3.934 0.3000000119
36572  -20.776  -47.083  -3.983 0.4000000060
35633  -25.772  -47.903  -3.899 0.4000000060
35641  -21.545  -47.754  -3.974 0.4000000060
35643  -23.396  -47.691  -4.078 0.5000000000
37551  -22.008  -46.063  -4.052 0.4000000060
136269  -22.847  -45.960  -4.300 0.4000000060
147175  -24.360  -47.230  -4.577 0.5000000000
38525  -22.250  -45.230  -4.165 0.4000000060
50087  -37.301  -33.138  2.561 0.3000000119
50998  -37.658  -32.386  2.309 0.3000000119
51847  -37.978  -31.662  2.016 0.3000000119
60119  -37.515  -23.120  -6.936 0.4000000060
53846  -37.360  -29.653  1.403 0.3000000119
54899  -36.873  -29.043  1.182 0.3000000119
60110  -38.233  -23.556  -5.989 0.4000000060
61209  -37.966  -22.367  -7.174 0.4000000060
141643  -35.973  -27.127  0.372 0.3000000119
55997  -35.150  -27.552  0.331 0.3000000119
56973  -35.342  -26.709  0.073 0.3000000119
59022  -39.141  -24.013  -4.911 0.4000000060
60111  -39.276  -23.092  -5.239 0.3000000119
61202  -38.536  -22.719  -6.173 0.4000000060
63902  -37.510  -20.258  -8.086 0.3000000119
55998  -36.777  -27.582  0.603 0.3000000119
56974  -36.696  -26.681  0.335 0.3000000119
56995  -37.370  -26.112  0.119 0.3000000119
148350  -36.020  -26.488  0.156 0.3000000119
56996  -38.278  -26.372  0.146 0.3000000119
139608  -38.885  -25.991  -0.185 0.3000000119
58965  -36.598  -24.741  -0.317 0.3000000119
57988  -37.037  -25.347  -0.148 0.3000000119
58966  -37.538  -24.521  -0.357 0.3000000119
57990  -39.218  -25.362  -0.602 0.3000000119
58008  -40.067  -25.931  -1.587 0.3000000119
57987  -36.116  -25.314  -0.219 0.3000000119
60032  -34.881  -24.007  -0.624 0.3000000119
60056  -34.795  -23.146  -0.863 0.3000000119
58020  -39.997  -25.433  -2.219 0.3000000119
124608  -34.022  -22.909  -1.240 0.3000000119
61136  -33.905  -22.137  -1.588 0.3000000119
58997  -39.724  -24.716  -3.231 0.3000000119
59011  -39.625  -23.950  -3.728 0.3000000119
60100  -39.732  -23.228  -4.224 0.3000000119
62996  -32.776  -20.278  -3.874 0.3000000119
64783  -33.011  -19.212  -3.394 0.3000000119
64765  -31.472  -18.710  -3.011 0.3000000119
149442  -38.219  -20.796  -7.210 0.3000000119
63906  -37.704  -19.570  -8.232 0.3000000119
57989  -38.148  -25.460  -0.207 0.3000000119
58007  -39.787  -25.110  -1.370 0.3000000119
58964  -35.722  -24.509  -0.424 0.3000000119
137304  -36.621  -24.020  -0.450 0.3000000119
131367  -38.231  -23.922  -0.538 0.3000000119
60036  -39.040  -23.788  -0.855 0.3000000119
134475  -39.596  -24.216  -1.425 0.3000000119
58984  -39.857  -24.613  -2.204 0.3000000119
60033  -35.787  -23.447  -0.628 0.3000000119
61118  -35.499  -22.557  -0.998 0.3000000119
61120  -37.347  -22.827  -0.733 0.3000000119
149479  -39.867  -25.088  -2.674 0.3000000119
61164  -33.181  -22.046  -1.865 0.3000000119
61137  -34.664  -22.348  -1.300 0.3000000119
60091  -39.821  -23.228  -3.205 0.3000000119
61182  -39.987  -22.388  -3.627 0.3000000119
62972  -34.321  -21.012  -2.608 0.3000000119
142247  -39.931  -21.691  -4.473 0.3000000119
63884  -33.501  -19.725  -3.784 0.3000000119
61203  -39.415  -22.249  -5.344 0.3000000119
64784  -33.834  -18.964  -3.526 0.3000000119
62134  -39.541  -21.528  -5.459 0.3000000119
63021  -38.560  -20.008  -7.135 0.3000000119
135389  -37.618  -19.318  -7.891 0.3000000119
64808  -37.491  -18.703  -8.178 0.3000000119
58967  -38.627  -24.593  -0.541 0.3000000119
61121  -38.239  -23.192  -0.760 0.3000000119
61140  -38.956  -22.906  -1.217 0.3000000119
60057  -39.472  -23.450  -1.574 0.3000000119
126567  -36.135  -22.010  -1.252 0.3000000119
61138  -37.068  -22.073  -1.057 0.3000000119
61139  -38.173  -22.274  -1.143 0.3000000119
131090  -39.762  -23.884  -2.014 0.3000000119
62066  -34.508  -21.586  -1.814 0.3000000119
139839  -35.914  -21.449  -1.686 0.3000000119
61165  -39.785  -22.590  -2.642 0.3000000119
138384  -40.006  -20.859  -4.081 0.3000000119
62114  -39.955  -21.486  -3.453 0.3000000119
62997  -34.864  -20.376  -3.190 0.3000000119
63885  -34.869  -19.626  -3.637 0.3000000119
64785  -34.596  -18.726  -3.564 0.3000000119
138074  -39.799  -20.878  -5.061 0.3000000119
64768  -34.161  -18.268  -3.017 0.3000000119
63017  -39.618  -20.088  -5.691 0.3000000119
63903  -38.545  -18.860  -7.016 0.3000000119
64804  -37.726  -18.425  -7.710 0.3000000119
145433  -38.979  -22.259  -1.588 0.3000000119
62092  -36.253  -20.972  -2.084 0.3000000119
62093  -37.148  -20.960  -1.957 0.3000000119
62070  -38.635  -21.583  -1.916 0.3000000119
61141  -39.456  -22.720  -1.858 0.3000000119
60075  -39.732  -23.289  -2.319 0.3000000119
62976  -38.654  -20.713  -2.601 0.3000000119
132183  -39.819  -21.954  -2.866 0.3000000119
62973  -35.845  -20.407  -2.706 0.3000000119
62974  -36.738  -20.419  -2.423 0.3000000119
64786  -35.391  -18.479  -3.636 0.3000000119
65716  -35.617  -17.664  -3.404 0.3000000119
63899  -39.661  -19.431  -5.013 0.3000000119
63013  -39.819  -20.203  -4.593 0.3000000119
65715  -34.904  -17.998  -3.178 0.3000000119
65697  -35.142  -17.102  -2.630 0.3000000119
63900  -39.419  -19.155  -6.062 0.3000000119
64805  -38.522  -18.105  -6.821 0.3000000119
65739  -37.342  -17.861  -7.978 0.3000000119
140344  -37.965  -21.029  -2.036 0.3000000119
62094  -39.389  -21.387  -2.653 0.3000000119
62998  -35.617  -19.787  -3.358 0.3000000119
141675  -37.216  -19.964  -2.720 0.3000000119
62977  -39.555  -20.764  -3.253 0.3000000119
63886  -35.491  -19.121  -3.679 0.3000000119
129415  -36.166  -18.545  -3.761 0.3000000119
63890  -39.477  -19.692  -4.077 0.3000000119
125216  -34.723  -16.163  -2.260 0.3000000119
125083  -36.124  -17.910  -3.803 0.3000000119
149641  -36.117  -17.423  -3.612 0.3000000119
64799  -39.360  -18.616  -5.317 0.3000000119
64802  -39.147  -18.314  -6.148 0.3000000119
65734  -37.899  -17.524  -7.058 0.3000000119
65733  -36.879  -17.038  -7.624 0.3000000119
66642  -36.378  -16.337  -7.935 0.3000000119
63000  -39.090  -20.082  -3.331 0.3000000119
128083  -37.166  -19.475  -3.254 0.3000000119
63888  -37.859  -19.238  -3.540 0.3000000119
63889  -38.660  -19.434  -3.703 0.3000000119
124264  -37.179  -18.708  -3.818 0.3000000119
63898  -39.121  -18.985  -4.430 0.3000000119
66598  -35.611  -16.145  -2.569 0.3000000119
64796  -36.874  -17.873  -4.137 0.3000000119
65727  -38.323  -17.465  -5.209 0.3000000119
66599  -36.328  -15.925  -2.943 0.3000000119
65717  -36.649  -17.141  -3.972 0.3000000119
64801  -38.939  -17.906  -5.635 0.3000000119
65731  -38.749  -17.779  -6.254 0.3000000119
65729  -37.452  -16.776  -6.519 0.3000000119
147238  -36.672  -15.143  -8.381 0.3000000119
67548  -36.009  -15.034  -8.257 0.3000000119
66641  -36.065  -15.613  -8.097 0.3000000119
64787  -38.249  -18.723  -4.068 0.3000000119
141725  -35.180  -15.458  -2.280 0.3000000119
64797  -37.810  -17.968  -4.503 0.3000000119
64798  -38.738  -18.221  -4.804 0.3000000119
67504  -35.973  -15.217  -2.530 0.3000000119
66619  -36.588  -16.275  -3.676 0.3000000119
65726  -37.502  -17.031  -4.703 0.3000000119
135525  -37.759  -16.757  -5.546 0.3000000119
65730  -38.405  -17.268  -6.003 0.3000000119
123146  -36.542  -15.195  -6.205 0.3000000119
66634  -36.970  -15.993  -6.013 0.3000000119
68415  -36.250  -14.326  -7.384 0.3000000119
67540  -35.864  -14.922  -7.224 0.3000000119
66636  -35.922  -15.573  -7.646 0.3000000119
141430  -36.096  -14.451  -7.959 0.3000000119
67544  -35.706  -14.990  -7.904 0.3000000119
68360  -35.199  -14.566  -2.233 0.3000000119
68361  -36.004  -14.379  -2.437 0.3000000119
141645  -36.626  -14.617  -2.698 0.3000000119
149813  -36.892  -15.790  -4.037 0.3000000119
66620  -37.284  -15.741  -4.494 0.3000000119
66632  -37.435  -16.174  -5.016 0.3000000119
68386  -37.362  -15.194  -3.955 0.3000000119
123143  -37.344  -15.475  -5.194 0.3000000119
123149  -37.565  -14.267  -5.982 0.3000000119
123145  -37.302  -14.887  -5.566 0.3000000119
147908  -36.925  -14.040  -6.736 0.3000000119
123789  -36.550  -14.580  -6.501 0.3000000119
123150  -37.062  -13.623  -7.303 0.3000000119
124682  -37.609  -13.804  -8.435 0.3000000119
140962  -37.214  -13.495  -8.233 0.3000000119
128636  -38.259  -13.421  -8.865 0.3000000119
69207  -36.557  -13.721  -2.421 0.3000000119
67505  -37.063  -14.872  -3.221 0.3000000119
146369  -37.701  -14.610  -3.416 0.3000000119
123147  -38.114  -14.656  -3.988 0.3000000119
123144  -37.701  -15.080  -4.631 0.3000000119
123148  -38.281  -14.504  -4.952 0.3000000119
123151  -36.711  -13.855  -7.783 0.3000000119
123154  -37.622  -12.676  -9.096 0.3000000119
70182  -37.279  -12.355  -9.744 0.3000000119
68362  -37.438  -14.178  -2.810 0.3000000119
32387  -33.550  -52.166  -5.510 0.4000000060
35630  -21.867  -48.376  -3.737 0.3000000119
146744  -26.630  -48.063  -3.646 0.4000000060
35620  -27.920  -48.402  -3.207 0.4000000060
35632  -24.028  -48.078  -3.611 0.4000000060
37553  -23.596  -46.299  -4.566 0.4000000060
148132  -23.478  -46.908  -4.555 0.4000000060
47085  -32.955  -37.074  2.232 0.3000000119
51865  -37.469  -30.975  1.899 0.3000000119
56993  -35.652  -25.992  -0.112 0.3000000119
56997  -39.110  -26.684  0.021 0.3000000119
62065  -33.745  -21.529  -2.206 0.3000000119
136029  -33.667  -21.119  -2.939 0.3000000119
123963  -32.125  -19.347  -3.503 0.3000000119
64767  -33.333  -18.446  -2.846 0.3000000119
58968  -39.326  -24.583  -0.889 0.3000000119
34775  -22.250  -48.928  -3.118 0.4000000060
34765  -23.000  -49.223  -2.302 0.4000000060
34766  -24.108  -48.928  -2.055 0.4000000060
35607  -25.063  -48.607  -2.384 0.4000000060
36571  -19.922  -47.308  -3.842 0.3000000119
36584  -22.873  -47.273  -4.282 0.4000000060
56994  -36.479  -25.984  0.013 0.3000000119
60035  -37.455  -23.621  -0.528 0.3000000119
60034  -36.710  -23.308  -0.581 0.3000000119
130237  -39.788  -23.937  -2.753 0.3000000119
62067  -35.311  -21.801  -1.488 0.3000000119
65696  -33.723  -17.678  -2.439 0.3000000119
65695  -32.792  -17.760  -2.341 0.3000000119
62068  -36.682  -21.476  -1.552 0.3000000119
62069  -37.631  -21.523  -1.539 0.3000000119
63001  -39.737  -20.277  -3.808 0.3000000119
131633  -34.907  -19.071  -3.728 0.3000000119
62975  -37.644  -20.465  -2.389 0.3000000119
62071  -39.419  -22.031  -2.174 0.3000000119
144928  -38.072  -19.860  -2.986 0.3000000119
62999  -36.455  -19.874  -2.987 0.3000000119
131419  -34.222  -16.963  -2.239 0.3000000119
63887  -36.306  -19.246  -3.527 0.3000000119
66637  -36.476  -16.224  -7.183 0.3000000119
67525  -36.751  -15.532  -3.436 0.3000000119
66631  -37.044  -16.350  -4.346 0.3000000119
149533  -37.471  -15.395  -4.536 0.3000000119
123152  -38.743  -14.033  -4.075 0.3000000119
34763  -21.425  -49.499  -2.874 0.4000000060
40507  -38.204  -43.653  -7.162 0.4000000060
28647  -25.458  -56.507  -4.623 0.3000000119
27638  -25.352  -57.506  -4.326 0.3000000119
28664  -25.021  -55.916  -5.411 0.3000000119
27621  -26.221  -57.215  -3.087 0.3000000119
37541  -20.757  -46.036  -4.109 0.3000000119
38524  -21.172  -45.183  -4.155 0.3000000119
39534  -20.419  -44.281  -4.280 0.3000000119
34735  -25.082  -49.743  -0.915 0.3000000119
34748  -23.544  -49.517  -1.447 0.3000000119
34749  -25.081  -49.018  -1.564 0.3000000119
35616  -23.409  -48.632  -2.951 0.3000000119
33940  -25.900  -50.082  -1.310 0.3000000119
34750  -25.865  -49.287  -1.631 0.3000000119
34747  -22.615  -49.764  -1.716 0.3000000119
138005  -24.388  -49.375  -1.259 0.3000000119
24402  -34.199  -60.155  1.435 0.4000000060
26488  -34.669  -58.134  1.595 0.4000000060
26489  -35.122  -58.329  0.897 0.4000000060
26500  -35.384  -58.572  0.108 0.4000000060
26571  -25.516  -58.176  -3.705 0.4000000060
27511  -33.007  -57.503  2.782 0.5000000000
27524  -30.276  -57.281  2.019 0.5000000000
27566  -35.471  -57.352  -0.382 0.5000000000
27601  -26.540  -57.467  -2.490 0.3000000119
27620  -25.803  -57.400  -3.587 0.3000000119
27656  -24.985  -57.044  -5.136 0.3000000119
28551  -29.153  -56.627  1.016 0.4000000060
28610  -26.646  -56.530  -2.878 0.5000000000
29539  -32.315  -55.256  3.391 0.5000000000
29545  -30.592  -55.239  2.562 0.5000000000
29572  -29.060  -54.898  0.539 0.6000000238
29597  -35.464  -55.607  -0.260 0.5000000000
29639  -27.949  -55.043  -2.009 0.6000000238
29656  -27.110  -55.159  -3.097 0.5000000000
29671  -26.178  -55.079  -4.412 0.4000000060
30493  -29.632  -54.208  1.546 0.6000000238
30494  -30.106  -54.747  2.029 0.6000000238
30496  -35.346  -54.086  1.032 0.6000000238
30572  -34.513  -54.590  -2.677 0.6000000238
31478  -29.038  -53.249  -1.556 0.5000000000
31480  -35.255  -53.591  -1.077 0.6000000238
31548  -33.915  -53.007  -5.157 0.4000000060
32237  -33.134  -52.504  3.515 0.6999999881
32251  -29.489  -52.657  1.929 0.6000000238
32348  -28.005  -51.780  -3.443 0.3000000119
32350  -29.215  -52.697  -2.243 0.5000000000
33077  -34.134  -51.657  3.096 0.6999999881
33121  -35.129  -51.406  0.991 0.6999999881
33922  -24.552  -50.520  -0.429 0.3000000119
33944  -29.950  -50.654  -2.613 0.5000000000
33960  -29.779  -50.256  -3.278 0.5000000000
34685  -32.558  -49.886  3.440 0.6999999881
34734  -24.089  -49.908  -0.761 0.3000000119
34767  -27.486  -48.997  -2.980 0.4000000060
34774  -21.223  -48.951  -3.550 0.3000000119
35549  -31.774  -48.537  3.232 0.6000000238
35585  -28.704  -48.645  -0.050 0.5000000000
35618  -26.008  -48.437  -2.963 0.4000000060
35621  -28.781  -48.269  -3.028 0.5000000000
35629  -20.968  -48.392  -3.937 0.3000000119
35644  -24.379  -47.580  -4.301 0.5000000000
35654  -32.983  -48.425  -5.184 0.6999999881
35661  -31.168  -48.526  -7.111 0.6999999881
36501  -33.216  -47.088  3.620 0.6999999881
36574  -27.257  -47.359  -3.540 0.6000000238
36583  -21.882  -46.974  -4.123 0.4000000060
36585  -23.800  -47.269  -4.467 0.5000000000
37552  -22.811  -46.663  -4.378 0.4000000060
37554  -25.019  -46.580  -4.907 0.5000000000
37556  -26.246  -46.735  -4.519 0.6000000238
37566  -26.079  -46.070  -4.918 0.5000000000
37575  -32.885  -45.538  -7.746 0.6999999881
38418  -36.518  -45.281  1.961 0.6999999881
38466  -27.293  -45.534  -0.073 0.5000000000
38467  -35.620  -45.803  -0.935 0.8000000119
38483  -27.022  -44.828  -1.519 0.4000000060
38510  -20.041  -44.904  -4.195 0.3000000119
38527  -24.935  -44.951  -4.915 0.4000000060
39568  -26.137  -44.603  -5.010 0.4000000060
39591  -34.572  -44.762  -7.257 0.6000000238
40325  -35.307  -43.463  3.580 0.6999999881
40365  -31.204  -43.193  1.921 0.6000000238
40385  -30.044  -43.125  0.957 0.6000000238
40386  -36.975  -43.896  0.697 0.8000000119
40413  -27.696  -43.405  -1.546 0.5000000000
40430  -27.661  -43.250  -2.357 0.5000000000
41284  -29.919  -41.981  -0.126 0.5000000000
42295  -34.224  -41.204  -5.248 0.8000000119
42304  -33.883  -42.054  -6.211 0.8000000119
43263  -39.679  -40.224  -7.645 0.6000000238
44123  -31.728  -39.203  1.334 0.5000000000
45224  -30.624  -38.138  0.327 0.3000000119
45314  -37.633  -38.011  -6.650 0.6999999881
46274  -40.622  -37.039  -6.943 0.6000000238
46283  -39.962  -38.037  -7.360 0.6000000238
48051  -36.225  -35.755  2.850 0.6000000238
48100  -39.014  -35.770  0.287 0.6999999881
48157  -33.717  -35.346  -5.162 0.8000000119
48162  -33.505  -35.400  -5.693 0.8000000119
49179  -33.654  -34.532  -6.085 0.8000000119
49180  -34.165  -34.569  -6.471 0.8000000119
49181  -35.106  -34.709  -6.597 0.8000000119
49182  -40.907  -34.972  -6.069 0.6000000238
50178  -39.478  -33.627  -5.334 0.6000000238
50187  -34.096  -32.961  -6.268 0.8000000119
51087  -33.677  -32.251  -5.750 0.8000000119
51100  -34.609  -31.723  -6.042 0.8000000119
51101  -35.631  -31.907  -6.244 0.8000000119
51924  -34.308  -31.395  -4.989 0.8000000119
52813  -40.320  -30.021  -1.109 0.6999999881
52842  -35.931  -30.840  -4.237 0.8000000119
52874  -40.126  -30.874  -6.528 0.6000000238
53917  -38.265  -29.365  -3.727 0.6999999881
53943  -35.317  -29.895  -5.434 0.8000000119
53956  -38.760  -30.112  -6.760 0.6999999881
53964  -36.398  -28.995  -6.885 0.6999999881
55001  -35.856  -28.634  -6.757 0.6999999881
55013  -35.778  -28.039  -6.789 0.6999999881
55014  -36.197  -28.293  -7.058 0.6999999881
55017  -38.830  -28.195  -7.264 0.6999999881
56012  -31.368  -27.319  -0.183 0.3000000119
56037  -39.832  -27.669  -2.782 0.5000000000
56052  -38.647  -27.689  -4.007 0.6000000238
56069  -35.519  -28.098  -6.132 0.6000000238
56975  -37.574  -26.913  0.458 0.4000000060
57007  -39.993  -26.446  -1.040 0.4000000060
57050  -36.270  -26.269  -5.783 0.6000000238
57057  -35.737  -27.307  -6.876 0.6999999881
58006  -32.268  -24.938  -0.868 0.3000000119
58043  -37.652  -25.719  -5.161 0.6000000238
58077  -36.612  -25.592  -7.312 0.6000000238
59031  -37.036  -24.715  -6.467 0.6000000238
59048  -38.509  -24.256  -7.763 0.5000000000
61119  -36.408  -22.683  -0.809 0.3000000119
61192  -39.772  -22.538  -4.563 0.3000000119
61208  -37.326  -22.703  -7.746 0.5000000000
61215  -39.272  -22.580  -7.917 0.5000000000
61217  -41.452  -22.304  -7.625 0.5000000000
61221  -37.353  -22.417  -7.925 0.5000000000
62147  -37.391  -21.488  -8.183 0.5000000000
63911  -40.467  -19.474  -8.651 0.3000000119
66618  -36.049  -16.845  -3.174 0.3000000119
66644  -36.726  -16.401  -8.294 0.4000000060
67541  -36.190  -15.532  -6.885 0.3000000119
67550  -38.489  -15.118  -8.492 0.4000000060
68421  -36.675  -14.476  -8.241 0.3000000119
69289  -37.748  -13.067  -8.987 0.3000000119
70197  -38.238  -11.818  -10.753 0.3000000119
70205  -39.662  -12.058  -11.204 0.3000000119
72043  -38.180  -10.349  -11.113 0.3000000119
124406  -39.398  -16.111  -8.491 0.4000000060
125390  -39.457  -25.044  -7.372 0.5000000000
125636  -39.959  -28.139  -7.313 0.6000000238
127247  -24.017  -56.899  -6.643 0.4000000060
127411  -28.911  -52.147  0.319 0.6000000238
127723  -26.700  -45.989  -3.770 0.5000000000
128101  -28.988  -51.065  1.595 0.6000000238
129115  -35.393  -54.111  0.207 0.6000000238
130101  -25.023  -48.253  -3.289 0.4000000060
131290  -27.473  -42.208  -4.313 0.4000000060
132140  -38.813  -43.036  -7.479 0.4000000060
132450  -34.708  -54.693  -2.080 0.6000000238
132750  -24.937  -43.426  -4.831 0.4000000060
133595  -38.600  -37.010  1.876 0.6999999881
134139  -27.145  -55.966  -2.504 0.5000000000
134213  -37.377  -38.986  2.957 0.6999999881
134329  -24.883  -47.907  -3.953 0.6000000238
134544  -34.691  -42.736  -6.704 0.8000000119
134744  -33.011  -51.285  3.517 0.6000000238
134933  -26.845  -45.028  -3.528 0.4000000060
135754  -27.316  -44.070  -1.262 0.5000000000
137571  -29.014  -52.649  -2.986 0.5000000000
137961  -31.523  -58.061  2.389 0.5000000000
138035  -29.276  -47.978  2.208 0.6000000238
138889  -31.631  -44.263  2.694 0.8000000119
140206  -31.905  -53.901  3.446 0.6000000238
140398  -35.304  -52.300  -0.363 0.6999999881
142795  -34.368  -48.973  -2.584 0.6999999881
143892  -25.742  -56.836  -4.018 0.5000000000
144341  -36.820  -38.455  -2.211 0.6999999881
144690  -30.437  -49.956  2.851 0.6000000238
145583  -41.194  -31.177  -6.974 0.5000000000
146135  -33.944  -37.887  -5.681 0.8000000119
146295  -36.564  -15.246  -2.925 0.3000000119
146361  -28.730  -53.799  -1.632 0.6000000238
146651  -22.201  -47.456  -4.026 0.4000000060
146652  -35.041  -55.358  1.788 0.5000000000
146822  -24.581  -55.763  -6.000 0.3000000119
147545  -29.253  -52.173  -2.730 0.5000000000
147884  -35.820  -14.702  -7.673 0.3000000119
147997  -33.514  -26.330  -0.441 0.3000000119
148209  -31.751  -57.097  2.719 0.5000000000
148287  -28.865  -56.149  0.414 0.6000000238
148490  -35.794  -46.817  -7.640 0.4000000060
148940  -32.887  -39.378  2.284 0.5000000000
149246  -28.640  -47.340  1.429 0.6000000238
149682  -27.902  -56.635  -0.979 0.5000000000
