#!ascii label  , from subject sub-v1s0x0050646_ses-1 vox2ras=TkReg
680
22639  -40.296  -61.830  -11.744 0.5000000000
21671  -38.812  -62.556  -11.685 0.8000000119
22646  -37.157  -61.458  -12.546 0.8000000119
21670  -37.797  -62.291  -11.980 0.8000000119
22637  -38.451  -61.461  -11.791 0.8000000119
23596  -41.719  -61.215  -12.129 0.5000000000
22638  -39.364  -61.723  -11.589 0.5000000000
24625  -36.099  -59.989  -12.712 0.6999999881
23606  -36.472  -60.728  -12.874 0.6999999881
23592  -38.064  -60.197  -12.100 0.8000000119
23593  -38.989  -60.660  -11.644 0.6999999881
130516  -42.424  -60.707  -11.889 0.6000000238
23595  -40.850  -61.025  -11.857 0.5000000000
24616  -40.488  -60.165  -11.509 0.6000000238
149216  -34.358  -60.551  -12.720 0.6999999881
23594  -39.921  -60.888  -11.563 0.6000000238
24624  -35.177  -60.202  -12.697 0.6999999881
23607  -37.268  -60.381  -12.503 0.6999999881
24615  -39.523  -59.792  -11.483 0.6000000238
25666  -40.198  -59.467  -11.247 0.6000000238
24614  -38.638  -59.747  -11.691 0.8000000119
24618  -42.584  -60.276  -11.331 0.4000000060
24617  -41.450  -60.433  -11.614 0.6000000238
144733  -33.348  -60.708  -11.502 0.6999999881
25655  -40.314  -59.161  -10.836 0.6000000238
24610  -34.493  -60.389  -11.967 0.6999999881
24611  -35.731  -59.940  -11.989 0.6999999881
24612  -36.727  -59.683  -12.238 0.6999999881
24613  -37.439  -59.609  -12.188 0.6000000238
25664  -38.703  -59.085  -11.390 0.6999999881
26673  -38.975  -58.605  -9.437 0.5000000000
24597  -36.695  -59.764  -11.373 0.6000000238
25652  -37.550  -59.255  -11.173 0.6000000238
25653  -38.348  -58.832  -10.849 0.6000000238
25641  -38.461  -58.987  -9.781 0.6000000238
24582  -37.793  -59.434  -10.082 0.6000000238
24567  -38.024  -59.841  -8.898 0.5000000000
24601  -42.539  -60.150  -10.545 0.4000000060
147936  -42.045  -60.383  -11.482 0.5000000000
24594  -32.300  -60.742  -11.278 0.6999999881
24600  -41.766  -60.030  -11.018 0.6000000238
25656  -41.023  -59.506  -10.426 0.6000000238
24596  -35.100  -60.510  -11.000 0.6999999881
131328  -40.371  -59.005  -10.224 0.6000000238
138223  -35.869  -60.266  -10.967 0.6999999881
26684  -40.076  -58.656  -9.570 0.5000000000
26674  -39.560  -58.509  -9.061 0.6000000238
131152  -36.307  -60.425  -10.180 0.6999999881
24598  -37.085  -59.989  -10.227 0.6000000238
25629  -38.626  -59.081  -8.943 0.5000000000
25614  -39.106  -58.756  -8.581 0.5000000000
147437  -37.414  -60.209  -9.354 0.5000000000
24577  -29.672  -59.965  -10.802 0.6000000238
25640  -31.155  -59.685  -9.804 0.6000000238
24585  -43.227  -60.090  -10.008 0.5000000000
24578  -30.980  -60.247  -10.593 0.6999999881
24593  -31.155  -60.650  -11.363 0.6999999881
24583  -41.851  -59.990  -10.048 0.5000000000
24568  -41.799  -60.147  -9.065 0.4000000060
133767  -33.244  -60.766  -10.396 0.6999999881
146525  -41.311  -59.685  -9.581 0.5000000000
24595  -34.200  -60.757  -10.757 0.6999999881
23582  -34.805  -60.887  -10.120 0.6999999881
25631  -41.059  -59.574  -8.749 0.5000000000
23583  -35.506  -60.765  -10.088 0.6999999881
26675  -40.093  -58.569  -8.592 0.5000000000
24581  -36.770  -60.617  -9.252 0.6000000238
26661  -39.654  -58.571  -8.159 0.5000000000
24565  -36.441  -60.807  -8.298 0.5000000000
24566  -37.298  -60.542  -8.504 0.5000000000
24548  -37.851  -60.270  -7.842 0.5000000000
145309  -39.208  -58.855  -7.819 0.5000000000
25613  -38.605  -59.492  -8.032 0.5000000000
128502  -39.051  -58.938  -6.154 0.3000000119
24551  -43.754  -60.271  -7.607 0.3000000119
25650  -28.716  -60.003  -10.808 0.6000000238
24570  -43.257  -60.353  -9.019 0.4000000060
24569  -42.455  -60.416  -8.379 0.4000000060
24562  -32.101  -60.192  -9.505 0.6000000238
129684  -41.640  -60.128  -8.231 0.5000000000
139131  -33.142  -60.610  -9.304 0.6999999881
24580  -34.136  -60.849  -9.709 0.6999999881
25630  -40.548  -58.912  -8.145 0.5000000000
23576  -35.018  -61.005  -9.236 0.5000000000
26662  -40.138  -58.523  -7.683 0.5000000000
23577  -35.941  -60.913  -9.213 0.5000000000
26641  -40.200  -58.500  -6.806 0.4000000060
26640  -39.616  -58.634  -7.157 0.3000000119
146754  -39.788  -58.496  -6.342 0.4000000060
136447  -38.212  -59.886  -7.222 0.5000000000
26660  -38.860  -59.194  -7.097 0.4000000060
25638  -28.985  -59.262  -10.563 0.6000000238
25639  -30.213  -59.176  -9.956 0.6000000238
25627  -32.133  -59.648  -8.940 0.6000000238
24549  -41.846  -60.276  -7.300 0.3000000119
25616  -41.099  -59.603  -7.734 0.4000000060
25597  -41.158  -59.542  -6.794 0.3000000119
25596  -40.705  -58.809  -6.389 0.3000000119
25615  -40.622  -58.853  -7.251 0.3000000119
24563  -34.223  -60.694  -8.700 0.6000000238
26618  -40.783  -58.786  -5.535 0.3000000119
24545  -34.871  -60.505  -7.977 0.5000000000
149519  -34.907  -60.835  -8.562 0.5000000000
24564  -35.499  -60.874  -8.466 0.5000000000
26616  -39.586  -58.507  -5.606 0.3000000119
26617  -40.254  -58.474  -5.976 0.3000000119
143506  -36.485  -60.514  -7.552 0.5000000000
24547  -37.109  -60.539  -7.667 0.5000000000
26615  -38.848  -58.837  -5.229 0.3000000119
24546  -36.106  -60.093  -7.122 0.5000000000
25595  -38.163  -59.686  -6.360 0.4000000060
25572  -38.327  -59.291  -5.581 0.3000000119
140967  -28.890  -57.796  -10.093 0.5000000000
26681  -29.428  -58.456  -10.125 0.6000000238
26682  -30.537  -58.404  -9.490 0.5000000000
143412  -32.744  -60.123  -8.815 0.6000000238
25628  -32.897  -59.560  -8.383 0.5000000000
26596  -40.864  -58.760  -4.629 0.3000000119
135372  -33.444  -60.195  -8.456 0.6000000238
134075  -40.314  -58.203  -4.115 0.3000000119
26595  -40.177  -58.407  -5.036 0.3000000119
24544  -34.126  -60.168  -8.073 0.6000000238
25612  -35.293  -59.932  -7.322 0.5000000000
25593  -36.478  -59.734  -6.477 0.5000000000
25594  -37.293  -59.887  -6.330 0.4000000060
25570  -36.851  -59.393  -5.762 0.4000000060
135492  -29.804  -57.701  -9.727 0.5000000000
148808  -30.697  -57.609  -9.412 0.5000000000
27698  -31.540  -58.019  -8.916 0.5000000000
26671  -31.341  -59.057  -9.160 0.5000000000
27699  -32.691  -57.746  -8.401 0.5000000000
26575  -40.947  -58.734  -3.593 0.3000000119
25610  -33.717  -59.470  -7.994 0.6000000238
25611  -34.473  -59.654  -7.585 0.5000000000
25592  -35.703  -59.418  -6.752 0.5000000000
25548  -38.048  -59.082  -4.960 0.4000000060
26614  -37.252  -59.017  -5.098 0.4000000060
27707  -31.259  -56.974  -9.379 0.5000000000
27708  -32.184  -56.995  -8.970 0.5000000000
28709  -32.899  -56.851  -8.640 0.5000000000
137025  -41.240  -58.904  -2.761 0.4000000060
26552  -41.024  -58.527  -2.012 0.4000000060
26672  -32.260  -58.878  -8.511 0.5000000000
26657  -33.195  -58.664  -8.062 0.5000000000
27605  -40.341  -57.907  -2.400 0.4000000060
26574  -40.308  -58.000  -3.266 0.3000000119
27689  -33.546  -57.742  -7.894 0.4000000060
27626  -39.647  -57.722  -3.646 0.3000000119
26658  -34.112  -58.590  -7.554 0.5000000000
26659  -34.941  -59.049  -7.090 0.4000000060
26613  -36.399  -58.548  -5.444 0.4000000060
28719  -31.831  -56.215  -9.394 0.5000000000
28720  -32.761  -56.249  -9.121 0.5000000000
26531  -41.190  -58.193  -1.044 0.4000000060
27587  -40.501  -57.781  -1.499 0.4000000060
27586  -39.902  -57.195  -1.975 0.4000000060
127071  -33.324  -57.104  -8.292 0.4000000060
27690  -34.241  -57.560  -7.471 0.4000000060
27604  -39.659  -57.352  -2.839 0.4000000060
26637  -34.736  -58.116  -6.923 0.4000000060
27677  -35.319  -57.672  -6.314 0.4000000060
26639  -36.078  -59.051  -6.107 0.4000000060
26612  -35.781  -58.334  -5.988 0.4000000060
27660  -36.359  -57.543  -5.066 0.4000000060
27641  -37.113  -57.773  -4.377 0.4000000060
147763  -36.912  -58.362  -4.809 0.4000000060
29733  -32.419  -55.504  -9.522 0.5000000000
27568  -41.434  -57.825  -0.187 0.4000000060
27567  -40.721  -57.501  -0.597 0.4000000060
28710  -33.563  -56.336  -8.603 0.4000000060
28701  -33.885  -56.942  -7.962 0.4000000060
28614  -39.267  -56.704  -2.301 0.4000000060
27676  -34.829  -57.184  -7.054 0.4000000060
27642  -37.925  -57.913  -4.003 0.3000000119
27659  -35.883  -57.807  -5.699 0.4000000060
126939  -32.991  -54.692  -9.652 0.4000000060
29734  -33.382  -55.536  -9.267 0.5000000000
28595  -40.108  -56.988  -1.105 0.4000000060
29724  -34.253  -55.461  -8.702 0.4000000060
29714  -34.749  -55.700  -8.019 0.4000000060
28711  -34.294  -56.250  -8.055 0.4000000060
128845  -34.416  -56.821  -7.579 0.4000000060
28667  -35.716  -57.008  -5.761 0.4000000060
28651  -36.695  -56.826  -4.464 0.4000000060
29735  -33.965  -54.773  -9.406 0.4000000060
30661  -34.679  -54.572  -9.003 0.4000000060
29725  -35.028  -55.047  -8.321 0.4000000060
28702  -34.871  -56.259  -7.368 0.4000000060
28652  -37.389  -57.112  -3.880 0.4000000060
142887  -35.396  -55.823  -6.790 0.4000000060
29687  -35.721  -56.024  -6.009 0.4000000060
147049  -35.730  -55.547  -6.470 0.4000000060
28668  -36.161  -56.455  -5.203 0.4000000060
142266  -34.428  -54.201  -9.450 0.4000000060
30673  -35.080  -53.898  -9.318 0.4000000060
30662  -35.494  -54.272  -8.653 0.4000000060
30653  -36.042  -54.209  -8.093 0.4000000060
30652  -35.664  -54.765  -7.848 0.4000000060
29715  -35.250  -55.452  -7.557 0.4000000060
29699  -35.805  -55.106  -6.960 0.4000000060
29688  -36.264  -55.560  -5.461 0.4000000060
29674  -36.561  -55.852  -4.678 0.4000000060
31588  -35.375  -53.100  -9.455 0.4000000060
31579  -35.772  -53.514  -9.051 0.4000000060
30663  -36.090  -53.812  -8.531 0.4000000060
131308  -36.243  -54.385  -7.398 0.4000000060
30642  -36.430  -54.591  -6.570 0.4000000060
29659  -37.415  -55.539  -3.546 0.4000000060
132535  -37.037  -56.166  -3.969 0.3000000119
29700  -36.082  -55.266  -6.200 0.4000000060
29675  -37.000  -55.225  -4.254 0.4000000060
30627  -36.560  -54.803  -5.788 0.5000000000
32419  -36.033  -52.366  -9.528 0.4000000060
32420  -36.817  -52.350  -9.423 0.4000000060
31589  -36.223  -52.890  -9.286 0.4000000060
32412  -36.818  -52.761  -8.943 0.4000000060
31580  -36.437  -53.274  -8.707 0.4000000060
30614  -36.695  -55.005  -5.015 0.5000000000
33219  -36.671  -51.767  -9.603 0.4000000060
32421  -37.451  -51.865  -9.426 0.4000000060
30628  -37.009  -54.137  -6.116 0.4000000060
139780  -36.978  -54.385  -5.408 0.5000000000
34002  -37.615  -50.784  -9.400 0.4000000060
149486  -37.278  -51.360  -9.523 0.4000000060
33220  -37.977  -51.329  -9.330 0.4000000060
31549  -37.513  -53.718  -5.442 0.5000000000
35684  -39.826  -48.258  -9.299 0.4000000060
34811  -38.095  -50.112  -9.298 0.4000000060
34808  -38.444  -49.352  -9.171 0.4000000060
34812  -39.045  -50.022  -9.299 0.4000000060
34813  -40.051  -49.815  -9.230 0.5000000000
25571  -37.671  -59.479  -5.621 0.4000000060
22640  -41.153  -61.895  -12.160 0.5000000000
127791  -37.111  -62.433  -12.507 0.8000000119
135841  -36.524  -61.977  -12.885 0.8000000119
23605  -35.589  -60.661  -13.074 0.6999999881
23609  -42.614  -61.563  -12.419 0.5000000000
23604  -34.724  -60.804  -13.111 0.6999999881
23597  -43.214  -60.939  -12.186 0.5000000000
23603  -32.809  -61.115  -12.875 0.6999999881
24602  -43.308  -59.974  -10.988 0.4000000060
23591  -32.309  -60.967  -12.299 0.6999999881
25644  -44.056  -59.583  -10.446 0.4000000060
24591  -29.025  -60.666  -11.246 0.6000000238
24571  -44.013  -60.076  -8.594 0.4000000060
26680  -28.257  -58.542  -10.285 0.6000000238
27706  -28.302  -57.674  -9.823 0.5000000000
131764  -29.152  -57.114  -9.729 0.5000000000
142705  -30.211  -56.921  -9.543 0.5000000000
28718  -30.761  -56.171  -9.427 0.4000000060
31586  -32.905  -53.685  -9.467 0.4000000060
30672  -33.856  -54.131  -9.593 0.4000000060
31587  -33.896  -53.525  -9.453 0.4000000060
138217  -34.562  -53.672  -9.477 0.4000000060
138616  -35.262  -52.397  -9.485 0.4000000060
34001  -36.574  -50.873  -9.364 0.4000000060
34810  -37.161  -50.060  -9.173 0.4000000060
35683  -38.704  -48.472  -9.013 0.4000000060
22636  -37.753  -61.093  -12.280 0.8000000119
24599  -40.902  -59.685  -11.189 0.6000000238
25665  -39.627  -58.993  -11.101 0.6999999881
130264  -38.078  -59.370  -11.905 0.6999999881
25643  -40.716  -59.210  -9.594 0.6000000238
26683  -39.406  -58.556  -9.953 0.6000000238
24579  -32.193  -60.548  -10.312 0.6999999881
146954  -40.489  -58.904  -8.927 0.5000000000
142310  -43.765  -59.949  -9.490 0.5000000000
24584  -42.524  -60.299  -9.510 0.5000000000
24529  -37.593  -60.188  -7.034 0.5000000000
26638  -35.388  -58.610  -6.494 0.4000000060
26592  -37.629  -58.517  -4.546 0.4000000060
28684  -35.289  -56.657  -6.553 0.4000000060
34003  -38.505  -50.722  -9.298 0.4000000060
13307  -38.704  -72.224  -13.066 0.4000000060
14181  -40.166  -71.830  -13.292 0.4000000060
15057  -39.784  -70.914  -13.014 0.4000000060
16032  -41.293  -69.945  -13.827 0.4000000060
16012  -38.650  -69.942  -12.765 0.4000000060
16013  -39.383  -70.170  -12.920 0.4000000060
131892  -40.170  -69.871  -13.364 0.4000000060
141343  -39.850  -69.073  -13.792 0.4000000060
16969  -40.760  -68.294  -14.711 0.5000000000
16030  -38.320  -69.155  -13.473 0.4000000060
16031  -39.264  -69.459  -13.318 0.4000000060
136403  -39.142  -68.164  -14.829 0.5000000000
17923  -39.526  -67.245  -15.368 0.6000000238
16029  -37.295  -69.244  -13.388 0.4000000060
145970  -37.702  -68.849  -14.175 0.4000000060
16967  -37.575  -68.351  -14.995 0.4000000060
149049  -39.934  -67.741  -15.082 0.5000000000
24619  -43.421  -60.357  -11.704 0.3000000119
24603  -44.115  -59.758  -11.341 0.4000000060
147294  -44.942  -58.937  -9.425 0.3000000119
143504  -40.778  -67.716  -14.977 0.5000000000
22650  -43.218  -62.393  -12.690 0.5000000000
23598  -44.048  -60.894  -12.065 0.4000000060
16982  -35.524  -68.280  -15.060 0.4000000060
136016  -38.424  -68.034  -15.068 0.5000000000
17910  -38.974  -67.575  -15.250 0.5000000000
16966  -35.839  -68.846  -14.530 0.4000000060
16950  -36.853  -68.896  -14.352 0.4000000060
17924  -40.371  -67.143  -15.270 0.6000000238
133679  -40.649  -66.503  -14.834 0.6000000238
19767  -40.385  -65.868  -14.443 0.6999999881
22649  -42.326  -62.548  -12.674 0.5000000000
19768  -41.340  -65.931  -14.317 0.6999999881
134488  -41.803  -64.883  -13.623 0.6999999881
21681  -42.831  -63.245  -12.956 0.6999999881
17922  -38.085  -67.653  -15.353 0.5000000000
18827  -38.764  -67.078  -15.457 0.6000000238
18818  -39.128  -66.511  -15.160 0.6000000238
17921  -36.099  -67.884  -15.338 0.5000000000
18826  -37.702  -67.197  -15.356 0.6000000238
18828  -39.555  -66.918  -15.390 0.6000000238
19766  -39.534  -65.911  -14.558 0.6000000238
19755  -39.963  -65.291  -13.856 0.6000000238
25632  -44.706  -59.262  -8.659 0.3000000119
19756  -40.840  -65.151  -13.828 0.6999999881
23608  -41.846  -61.973  -12.427 0.5000000000
17919  -34.668  -67.527  -14.960 0.6000000238
142130  -35.454  -66.906  -15.131 0.6000000238
18815  -36.098  -66.608  -15.000 0.6999999881
18816  -37.208  -66.661  -15.041 0.6000000238
19764  -37.701  -66.046  -14.546 0.6000000238
19754  -39.055  -65.415  -13.834 0.6000000238
17920  -35.273  -67.740  -15.099 0.5000000000
16984  -37.092  -67.812  -15.351 0.6000000238
20712  -40.389  -64.631  -13.280 0.6999999881
20700  -40.750  -64.085  -12.876 0.6999999881
20713  -41.152  -64.410  -13.313 0.6999999881
22648  -41.445  -62.811  -12.520 0.6000000238
20701  -41.340  -63.726  -12.864 0.6999999881
18814  -35.148  -66.388  -15.011 0.6000000238
128980  -35.682  -65.641  -14.633 0.6999999881
19751  -36.406  -65.298  -14.209 0.6999999881
131050  -36.721  -65.989  -14.497 0.6999999881
19753  -38.115  -65.471  -13.850 0.6000000238
22647  -40.606  -62.649  -12.165 0.5000000000
20711  -39.505  -64.794  -13.147 0.6999999881
20699  -40.005  -64.073  -12.540 0.6999999881
20707  -35.593  -64.204  -14.107 0.6999999881
20696  -37.000  -64.042  -12.922 0.6999999881
20719  -35.865  -64.877  -14.309 0.6999999881
20697  -37.940  -64.235  -12.560 0.5000000000
19752  -37.174  -65.428  -13.950 0.6999999881
20709  -37.539  -64.831  -13.290 0.6000000238
20698  -38.957  -64.245  -12.449 0.6999999881
21672  -39.769  -62.617  -11.807 0.5000000000
20710  -38.527  -64.882  -13.134 0.6000000238
135642  -39.352  -63.435  -12.025 0.6999999881
134200  -40.118  -63.265  -12.210 0.6000000238
22659  -36.003  -62.638  -13.410 0.6999999881
21677  -36.702  -63.024  -12.922 0.6999999881
22645  -35.834  -61.603  -13.249 0.6999999881
21679  -38.357  -63.434  -12.027 0.6000000238
21678  -37.452  -63.293  -12.412 0.6999999881
23610  -43.647  -61.591  -12.424 0.5000000000
15044  -38.954  -70.885  -12.668 0.4000000060
16968  -39.935  -68.480  -14.489 0.4000000060
16028  -36.212  -69.327  -13.417 0.4000000060
16951  -38.397  -68.550  -14.508 0.4000000060
16983  -36.470  -68.401  -15.118 0.4000000060
21690  -42.417  -64.065  -13.255 0.6999999881
136421  -42.025  -63.408  -12.910 0.6999999881
18817  -38.225  -66.597  -15.156 0.6000000238
19765  -38.643  -65.976  -14.606 0.6000000238
127416  -35.723  -67.357  -15.211 0.6999999881
18825  -36.660  -67.311  -15.278 0.6000000238
20708  -36.535  -64.631  -13.713 0.6999999881
21689  -36.194  -63.656  -13.480 0.6000000238
20718  -35.018  -64.799  -14.674 0.5000000000
17908  -34.315  -67.532  -14.825 0.4000000060
18813  -34.165  -67.080  -15.013 0.5000000000
20717  -34.028  -64.756  -14.869 0.6000000238
17894  -34.090  -67.516  -14.382 0.4000000060
17893  -33.681  -66.812  -14.177 0.5000000000
132385  -33.832  -66.963  -14.752 0.5000000000
18823  -33.732  -66.411  -14.838 0.5000000000
21693  -33.539  -63.889  -14.517 0.5000000000
19763  -34.581  -65.592  -14.950 0.5000000000
21694  -34.614  -63.962  -14.539 0.5000000000
21687  -34.383  -63.061  -14.146 0.6999999881
149530  -33.583  -63.238  -14.229 0.6000000238
23616  -34.239  -61.622  -13.445 0.6000000238
128040  -34.157  -67.378  -13.461 0.5000000000
18805  -33.346  -66.123  -14.014 0.5000000000
19750  -33.068  -65.444  -14.239 0.5000000000
20706  -32.737  -64.682  -14.139 0.5000000000
19761  -33.431  -65.761  -14.586 0.5000000000
22658  -35.251  -62.373  -13.697 0.6000000238
21686  -33.001  -63.325  -14.073 0.6000000238
22657  -33.700  -62.554  -13.788 0.5000000000
136191  -33.693  -61.075  -13.096 0.6000000238
18795  -33.928  -66.438  -13.120 0.5000000000
19747  -33.366  -65.550  -13.376 0.5000000000
127517  -32.809  -64.818  -13.665 0.5000000000
20694  -32.474  -64.153  -13.708 0.5000000000
23617  -35.082  -61.505  -13.417 0.6000000238
22656  -32.648  -62.520  -13.502 0.5000000000
23615  -32.683  -61.628  -13.200 0.6000000238
149542  -34.505  -66.410  -12.059 0.5000000000
19739  -34.154  -65.579  -12.234 0.5000000000
20695  -33.368  -64.871  -12.670 0.5000000000
20691  -33.173  -64.266  -12.040 0.5000000000
21669  -32.760  -63.672  -11.561 0.6000000238
127788  -32.663  -64.258  -13.001 0.4000000060
21663  -32.181  -63.046  -11.333 0.4000000060
21668  -32.114  -63.285  -12.181 0.5000000000
21675  -32.158  -63.536  -13.000 0.5000000000
22628  -30.436  -62.246  -11.235 0.4000000060
22634  -30.606  -62.326  -11.998 0.5000000000
22644  -31.662  -62.933  -12.620 0.5000000000
22627  -29.819  -61.750  -11.189 0.4000000060
22654  -31.408  -62.362  -13.004 0.6000000238
23614  -31.809  -62.063  -13.206 0.6000000238
23602  -31.894  -61.513  -12.881 0.6000000238
22635  -31.441  -62.755  -12.036 0.5000000000
22633  -29.970  -61.709  -11.863 0.5000000000
22642  -30.445  -61.971  -12.380 0.5000000000
23581  -29.589  -61.367  -10.392 0.4000000060
23587  -29.392  -61.209  -11.405 0.5000000000
23589  -30.325  -61.570  -12.237 0.6000000238
141717  -30.998  -61.868  -12.822 0.6000000238
23590  -31.103  -61.402  -12.466 0.6000000238
24607  -29.635  -61.219  -11.873 0.5000000000
25637  -27.370  -59.069  -10.077 0.3000000119
24589  -27.854  -59.480  -10.160 0.4000000060
24576  -28.302  -60.071  -10.156 0.4000000060
23580  -28.891  -60.637  -10.729 0.5000000000
24592  -29.882  -60.715  -11.548 0.5000000000
24608  -30.388  -61.141  -12.076 0.6000000238
127232  -32.020  -54.889  -9.668 0.3000000119
141322  -31.307  -55.371  -9.532 0.3000000119
32418  -34.418  -52.838  -9.363 0.3000000119
33217  -34.564  -51.901  -9.210 0.3000000119
33218  -35.647  -51.616  -9.414 0.3000000119
34806  -36.910  -49.267  -8.720 0.3000000119
34807  -37.642  -49.502  -9.023 0.3000000119
25649  -28.214  -59.456  -10.417 0.5000000000
30671  -32.001  -54.196  -9.509 0.3000000119
21688  -35.361  -63.302  -13.947 0.5000000000
18812  -33.485  -66.247  -14.522 0.5000000000
21685  -32.337  -63.373  -13.535 0.5000000000
22651  -44.223  -62.412  -12.585 0.3000000119
20714  -42.873  -64.922  -13.498 0.6000000238
21691  -43.317  -64.005  -13.137 0.6000000238
135156  -47.400  -59.501  -10.892 0.3000000119
25668  -46.694  -59.861  -11.330 0.3000000119
24621  -45.981  -60.262  -11.676 0.3000000119
24620  -44.981  -59.861  -11.561 0.3000000119
23600  -46.354  -61.186  -11.945 0.3000000119
23599  -45.162  -60.821  -11.937 0.3000000119
135127  -44.317  -60.281  -11.727 0.3000000119
21682  -43.755  -63.196  -12.835 0.5000000000
26693  -48.242  -59.062  -10.578 0.3000000119
25659  -46.419  -59.035  -10.878 0.3000000119
25667  -45.706  -59.435  -11.250 0.3000000119
25657  -44.822  -59.263  -11.010 0.3000000119
23612  -45.853  -61.805  -12.255 0.3000000119
23611  -44.700  -61.648  -12.311 0.3000000119
21683  -44.804  -63.258  -12.654 0.4000000060
17909  -34.838  -67.960  -14.877 0.4000000060
136047  -48.740  -58.404  -10.246 0.3000000119
26692  -47.124  -58.601  -10.513 0.3000000119
26685  -46.190  -58.343  -10.288 0.3000000119
25658  -45.544  -58.853  -10.644 0.3000000119
16033  -42.752  -70.036  -14.453 0.5000000000
16041  -43.289  -69.689  -14.557 0.5000000000
15058  -40.679  -70.892  -13.424 0.4000000060
144754  -41.487  -70.949  -13.778 0.4000000060
15059  -42.118  -70.484  -14.144 0.4000000060
15068  -43.529  -70.656  -14.559 0.5000000000
17913  -43.633  -67.797  -14.467 0.5000000000
16972  -43.217  -68.544  -14.598 0.5000000000
144546  -42.053  -69.662  -14.327 0.5000000000
135315  -42.407  -69.097  -14.565 0.5000000000
18806  -44.093  -66.283  -13.837 0.6000000238
18821  -43.616  -66.929  -14.207 0.6000000238
18820  -42.797  -67.153  -14.450 0.5000000000
16971  -42.437  -68.447  -14.680 0.5000000000
16953  -40.637  -69.045  -14.064 0.3000000119
16040  -41.502  -68.988  -14.429 0.4000000060
16970  -41.594  -68.228  -14.744 0.5000000000
19759  -44.681  -65.466  -13.375 0.6000000238
19769  -43.037  -66.251  -14.025 0.6000000238
138306  -42.105  -66.558  -14.438 0.6000000238
126916  -41.938  -67.910  -14.801 0.5000000000
141418  -44.750  -64.643  -13.023 0.6000000238
23613  -46.637  -61.954  -11.991 0.3000000119
139639  -45.863  -63.406  -12.430 0.4000000060
147120  -42.935  -65.587  -13.769 0.6000000238
132937  -41.264  -66.884  -14.864 0.4000000060
22641  -47.101  -61.540  -11.672 0.3000000119
24622  -46.997  -60.731  -11.657 0.3000000119
22652  -45.334  -62.532  -12.448 0.3000000119
21692  -44.288  -63.984  -12.896 0.5000000000
19757  -42.333  -65.688  -13.939 0.6000000238
19758  -43.566  -65.526  -13.640 0.6000000238
22653  -46.388  -62.748  -12.138 0.3000000119
18807  -45.153  -66.400  -13.591 0.5000000000
19748  -45.745  -65.848  -13.074 0.5000000000
20716  -45.554  -65.003  -12.817 0.5000000000
19749  -46.286  -65.431  -12.379 0.4000000060
20703  -46.189  -64.523  -12.371 0.5000000000
19760  -46.133  -66.253  -12.752 0.5000000000
148949  -45.922  -66.563  -13.235 0.5000000000
19741  -46.477  -65.526  -11.896 0.4000000060
20693  -46.557  -64.840  -11.870 0.4000000060
20704  -46.553  -64.710  -12.039 0.4000000060
20702  -45.397  -64.103  -12.661 0.5000000000
18822  -44.620  -67.201  -14.063 0.5000000000
149379  -46.075  -63.965  -12.385 0.4000000060
9906  -44.227  -76.272  -12.804 0.3000000119
9107  -44.201  -76.744  -12.275 0.3000000119
9894  -44.337  -76.120  -12.166 0.3000000119
10755  -44.282  -75.335  -12.221 0.3000000119
144516  -43.075  -73.881  -11.936 0.4000000060
10756  -44.412  -75.565  -12.784 0.3000000119
11585  -44.677  -74.653  -13.001 0.3000000119
12427  -42.445  -73.451  -11.498 0.4000000060
12441  -43.902  -73.822  -12.383 0.4000000060
11584  -44.445  -74.420  -12.622 0.3000000119
11595  -44.728  -74.288  -13.723 0.3000000119
14157  -42.487  -71.680  -11.761 0.4000000060
142494  -43.204  -71.521  -12.218 0.4000000060
12442  -44.827  -73.621  -12.952 0.4000000060
12453  -44.973  -73.737  -13.457 0.4000000060
12472  -44.849  -73.717  -14.187 0.4000000060
12473  -45.464  -73.193  -14.003 0.4000000060
15999  -41.685  -69.495  -11.208 0.3000000119
135314  -42.671  -70.895  -11.956 0.4000000060
15030  -42.912  -70.117  -12.069 0.4000000060
14172  -44.251  -71.923  -12.560 0.4000000060
14173  -45.362  -71.885  -13.121 0.4000000060
145678  -45.715  -72.665  -13.842 0.4000000060
13347  -44.835  -72.969  -14.566 0.4000000060
17851  -42.615  -67.314  -11.038 0.3000000119
16001  -43.272  -69.378  -12.019 0.4000000060
15046  -44.524  -70.215  -12.504 0.4000000060
15031  -43.667  -69.980  -12.292 0.4000000060
136128  -45.743  -71.175  -13.169 0.4000000060
15049  -46.509  -69.987  -13.620 0.4000000060
14174  -45.981  -71.645  -13.618 0.4000000060
14196  -46.119  -70.958  -14.270 0.4000000060
127651  -45.858  -71.761  -14.306 0.4000000060
128473  -45.112  -72.108  -14.623 0.4000000060
16928  -43.770  -68.530  -11.993 0.4000000060
128291  -45.301  -68.704  -12.485 0.4000000060
16045  -46.501  -69.904  -13.860 0.4000000060
15070  -45.749  -70.404  -14.459 0.4000000060
14194  -44.479  -71.714  -14.705 0.4000000060
14195  -45.278  -71.198  -14.637 0.4000000060
148359  -43.740  -72.624  -14.751 0.4000000060
16939  -46.263  -68.781  -12.945 0.4000000060
16017  -46.417  -69.420  -13.341 0.4000000060
16974  -45.950  -69.189  -14.115 0.4000000060
16042  -44.628  -69.753  -14.572 0.4000000060
132839  -43.894  -71.417  -14.650 0.4000000060
135707  -44.106  -70.125  -14.630 0.4000000060
134576  -46.301  -68.115  -12.889 0.4000000060
17915  -45.586  -68.483  -13.936 0.4000000060
129083  -44.024  -68.608  -14.452 0.4000000060
145215  -46.211  -66.616  -12.359 0.4000000060
17878  -46.283  -67.830  -13.051 0.4000000060
17896  -45.964  -67.860  -13.462 0.4000000060
19732  -46.244  -65.013  -11.587 0.3000000119
20690  -46.278  -64.170  -11.377 0.3000000119
135706  -43.849  -69.289  -14.533 0.4000000060
18808  -46.212  -67.059  -13.139 0.4000000060
21673  -46.559  -64.034  -11.831 0.3000000119
17914  -44.688  -68.169  -14.242 0.4000000060
12440  -43.095  -73.165  -12.104 0.4000000060
13308  -44.128  -72.968  -12.524 0.4000000060
13309  -45.070  -72.730  -13.058 0.4000000060
12454  -45.394  -73.077  -13.517 0.4000000060
16926  -42.097  -68.744  -11.346 0.4000000060
16000  -42.464  -69.465  -11.644 0.4000000060
16917  -41.875  -67.935  -10.915 0.3000000119
127166  -44.895  -71.081  -12.726 0.4000000060
17861  -43.672  -67.489  -11.566 0.3000000119
132000  -42.848  -68.848  -11.671 0.4000000060
16014  -44.237  -69.398  -12.338 0.4000000060
16016  -45.991  -69.471  -12.915 0.4000000060
16929  -44.661  -67.879  -12.104 0.4000000060
16955  -46.364  -69.245  -13.860 0.4000000060
15069  -44.398  -70.920  -14.691 0.4000000060
16973  -44.894  -69.063  -14.354 0.4000000060
17877  -46.195  -67.292  -12.640 0.4000000060
15019  -40.588  -70.546  -10.452 0.3000000119
148388  -41.203  -73.722  -10.371 0.3000000119
12412  -41.861  -73.821  -10.865 0.3000000119
13284  -41.537  -72.473  -10.948 0.3000000119
148507  -41.222  -71.883  -10.760 0.3000000119
13295  -42.310  -72.556  -11.549 0.3000000119
15020  -41.420  -70.340  -11.020 0.3000000119
138813  -41.934  -71.026  -11.420 0.3000000119
15029  -42.159  -70.225  -11.551 0.3000000119
17862  -44.958  -67.075  -11.779 0.3000000119
17863  -45.890  -66.917  -12.190 0.3000000119
19740  -45.745  -65.688  -11.482 0.3000000119
15990  -40.918  -69.580  -10.638 0.3000000119
17876  -45.737  -67.727  -12.439 0.3000000119
9106  -44.129  -77.246  -11.788 0.3000000119
9905  -43.844  -76.783  -12.873 0.3000000119
9924  -44.327  -75.016  -13.661 0.3000000119
11573  -43.603  -74.671  -11.975 0.4000000060
11609  -44.272  -74.275  -14.375 0.3000000119
12411  -41.307  -73.124  -10.651 0.3000000119
12426  -41.863  -73.081  -11.112 0.3000000119
12471  -44.057  -73.594  -14.735 0.4000000060
13310  -45.680  -72.417  -13.574 0.4000000060
13327  -46.016  -72.126  -13.924 0.4000000060
13346  -44.290  -72.434  -14.732 0.4000000060
13348  -45.622  -72.500  -14.248 0.4000000060
14156  -41.772  -71.800  -11.233 0.3000000119
14170  -39.277  -71.792  -12.889 0.4000000060
14171  -43.186  -72.305  -12.195 0.4000000060
14184  -46.278  -71.345  -13.944 0.4000000060
14185  -46.449  -70.525  -13.901 0.4000000060
15045  -43.691  -70.816  -12.336 0.4000000060
15047  -45.651  -70.353  -12.885 0.4000000060
15048  -46.257  -70.729  -13.537 0.4000000060
15071  -46.327  -70.313  -14.141 0.4000000060
16015  -45.166  -69.632  -12.586 0.4000000060
16034  -46.488  -69.519  -13.607 0.4000000060
16043  -45.430  -69.773  -14.460 0.4000000060
16044  -46.220  -69.804  -14.194 0.4000000060
16927  -42.760  -68.131  -11.454 0.4000000060
16940  -46.336  -68.880  -13.309 0.4000000060
16952  -39.165  -68.779  -14.038 0.5000000000
16954  -46.171  -68.696  -13.523 0.4000000060
17895  -45.652  -67.153  -13.579 0.4000000060
17911  -41.280  -67.544  -14.938 0.4000000060
17912  -42.622  -67.901  -14.698 0.5000000000
18780  -46.311  -66.214  -11.999 0.3000000119
18781  -46.349  -66.041  -12.187 0.4000000060
18809  -46.218  -66.839  -12.632 0.4000000060
18819  -39.943  -66.488  -15.054 0.6000000238
18824  -34.899  -67.145  -15.108 0.6000000238
19742  -46.518  -65.339  -11.961 0.4000000060
19762  -33.762  -65.658  -14.898 0.5000000000
19770  -34.263  -66.426  -15.051 0.5000000000
20705  -32.731  -64.085  -14.192 0.5000000000
20715  -43.889  -64.744  -13.265 0.6000000238
21674  -31.705  -62.870  -13.014 0.6000000238
21676  -32.534  -63.827  -12.383 0.5000000000
21680  -40.729  -63.452  -12.526 0.6999999881
22629  -31.319  -62.661  -11.234 0.4000000060
22643  -31.102  -62.382  -12.598 0.5000000000
22655  -31.906  -62.668  -13.233 0.5000000000
24528  -36.879  -60.273  -6.997 0.5000000000
24586  -44.387  -59.472  -9.485 0.4000000060
24590  -28.499  -60.070  -10.574 0.5000000000
24609  -31.402  -60.981  -11.987 0.6000000238
24623  -33.515  -60.728  -12.479 0.6999999881
24626  -36.802  -59.970  -12.534 0.6999999881
25642  -38.861  -58.604  -10.210 0.6000000238
25648  -27.572  -59.008  -10.228 0.6000000238
25651  -37.319  -59.420  -11.868 0.6000000238
25654  -39.123  -58.712  -10.723 0.6000000238
25663  -37.911  -59.147  -11.703 0.6000000238
26691  -39.820  -58.740  -10.462 0.6999999881
126303  -41.962  -67.364  -14.759 0.5000000000
126666  -35.779  -60.565  -7.730 0.5000000000
126863  -40.756  -58.436  -2.806 0.4000000060
133170  -36.881  -69.703  -12.805 0.4000000060
134435  -33.253  -64.892  -14.509 0.5000000000
134752  -44.930  -70.373  -14.671 0.4000000060
135293  -27.596  -58.388  -9.945 0.3000000119
135647  -46.201  -70.144  -13.197 0.4000000060
136907  -34.582  -62.221  -13.721 0.6000000238
138811  -45.659  -66.442  -11.745 0.3000000119
139307  -41.281  -71.187  -10.865 0.3000000119
142099  -43.015  -69.013  -14.602 0.5000000000
144399  -45.362  -67.795  -13.864 0.4000000060
144465  -33.412  -61.839  -13.426 0.6000000238
146006  -46.028  -68.309  -12.706 0.4000000060
147308  -44.817  -74.100  -12.996 0.3000000119
148945  -43.317  -60.409  -8.191 0.3000000119
149666  -41.746  -64.080  -13.218 0.6999999881
