#!ascii label  , from subject sub-v1s0x0050646_ses-1 vox2ras=TkReg
938
63896  -28.733  -19.016  -4.289 0.4285714328
65711  -28.741  -17.345  -3.669 0.2857142985
65724  -28.213  -17.621  -4.083 0.4285714328
65712  -29.408  -17.934  -3.447 0.4285714328
127206  -29.468  -17.024  -2.975 0.4285714328
67522  -28.753  -15.736  -3.624 0.2857142985
134117  -29.369  -16.035  -3.158 0.4285714328
67524  -30.056  -15.370  -3.146 0.4285714328
68406  -29.007  -14.334  -4.283 0.4285714328
68384  -29.553  -14.735  -3.688 0.4285714328
69242  -29.216  -13.589  -4.745 0.4285714328
70122  -29.758  -13.017  -4.957 0.4285714328
70153  -29.070  -12.391  -6.195 0.5714285970
70141  -29.940  -12.441  -5.516 0.5714285970
70123  -30.424  -12.712  -4.661 0.4285714328
71038  -30.746  -12.016  -5.010 0.2857142985
71053  -30.446  -11.717  -5.815 0.7142857313
124850  -31.503  -10.638  -5.582 0.7142857313
72962  -31.756  -9.963  -5.945 0.4285714328
71982  -30.852  -11.041  -6.076 0.7142857313
71054  -31.143  -11.334  -5.317 0.5714285970
142930  -31.941  -9.422  -6.375 0.5714285970
71995  -31.234  -9.861  -6.738 0.5714285970
73981  -31.710  -9.102  -7.026 0.5714285970
123768  -32.466  -8.779  -6.436 0.5714285970
146872  -32.846  -8.870  -5.877 0.4285714328
123190  -32.300  -7.670  -7.731 0.5714285970
123597  -33.561  -6.924  -6.815 0.5714285970
123672  -31.649  -7.918  -8.306 0.7142857313
140622  -32.921  -7.187  -7.387 0.7142857313
140640  -33.159  -6.539  -7.605 0.7142857313
123794  -33.674  -6.021  -7.225 0.5714285970
74013  -30.328  -8.355  -8.545 0.5714285970
123555  -32.205  -6.634  -9.173 0.8571428657
123559  -33.302  -5.935  -7.878 0.7142857313
76684  -33.540  -5.193  -7.683 0.5714285970
123525  -31.982  -7.304  -10.157 0.7142857313
123592  -31.874  -8.143  -10.045 0.5714285970
130502  -33.164  -4.754  -8.501 0.7142857313
77515  -33.963  -4.497  -7.168 0.5714285970
123662  -32.509  -6.091  -9.468 0.7142857313
134602  -33.010  -5.577  -8.499 0.7142857313
77538  -33.263  -3.859  -8.526 0.5714285970
76706  -32.677  -5.322  -9.377 0.7142857313
78346  -33.611  -3.453  -7.849 0.5714285970
127104  -32.496  -5.089  -10.020 0.7142857313
79242  -32.977  -2.303  -8.817 0.7142857313
78358  -33.306  -2.981  -8.391 0.7142857313
142050  -32.558  -4.236  -10.100 0.7142857313
78357  -32.822  -3.348  -9.271 0.7142857313
81034  -32.766  -0.410  -8.828 0.7142857313
80129  -33.142  -1.409  -8.413 0.5714285970
79256  -32.478  -2.418  -9.612 0.7142857313
123569  -32.353  -5.224  -10.631 0.5714285970
141853  -33.125  1.145  -8.206 0.5714285970
79271  -31.990  -2.414  -10.415 0.8571428657
78369  -32.317  -3.308  -10.209 0.8571428657
131088  -32.771  0.726  -8.824 0.7142857313
147408  -32.538  0.223  -9.197 0.7142857313
80152  -32.195  -1.623  -9.899 0.8571428657
81046  -32.356  -0.913  -9.524 0.7142857313
138476  -32.053  2.242  -9.951 0.8571428657
137442  -32.426  2.019  -9.403 0.5714285970
81945  -32.365  0.695  -9.505 0.8571428657
81944  -31.914  0.551  -10.142 0.8571428657
81059  -31.943  -0.899  -10.140 0.8571428657
81045  -32.217  -0.137  -9.663 0.8571428657
83707  -31.733  2.922  -10.327 0.8571428657
131837  -31.517  3.738  -10.422 0.8571428657
85524  -30.908  4.782  -11.077 0.8571428657
82857  -32.109  1.431  -9.929 0.8571428657
84601  -31.271  3.393  -10.999 0.8571428657
84614  -30.565  3.476  -12.167 1.0000000000
84600  -30.886  3.987  -11.606 1.0000000000
83721  -31.278  2.534  -11.103 0.8571428657
85532  -30.488  4.891  -11.878 1.0000000000
83720  -30.839  3.054  -11.651 1.0000000000
86461  -30.430  5.769  -12.228 1.0000000000
130898  -29.334  6.118  -13.975 0.7142857313
138483  -30.148  5.051  -12.808 1.0000000000
86469  -30.116  5.912  -12.842 1.0000000000
89268  -29.657  9.324  -13.625 1.0000000000
90159  -29.461  9.816  -14.531 0.8571428657
91859  -29.196  11.366  -13.838 0.8571428657
91027  -29.564  10.696  -13.996 1.0000000000
94200  -28.333  14.726  -12.908 0.8571428657
92635  -28.513  12.820  -13.769 0.8571428657
93421  -28.877  13.236  -12.595 1.0000000000
137225  -27.726  16.109  -13.084 0.8571428657
95889  -27.209  16.776  -13.529 0.7142857313
140840  -26.668  15.950  -15.802 0.5714285970
95897  -26.447  16.788  -14.352 0.7142857313
96779  -26.770  17.440  -13.898 0.5714285970
95053  -25.457  16.511  -15.066 0.5714285970
95059  -26.106  16.298  -15.392 0.5714285970
95895  -25.250  16.756  -14.098 0.4285714328
96776  -23.391  17.968  -14.881 0.4285714328
96789  -24.207  18.106  -15.345 0.4285714328
95878  -25.087  16.231  -11.649 0.2857142985
96747  -24.740  17.135  -11.923 0.2857142985
95888  -25.200  16.490  -12.850 0.2857142985
96730  -25.029  16.885  -10.608 0.2857142985
66616  -28.741  -16.506  -3.503 0.2857142985
123782  -32.142  -8.393  -7.260 0.5714285970
82850  -32.831  1.722  -8.718 0.5714285970
80141  -32.645  -1.510  -9.163 0.7142857313
83698  -32.237  2.796  -9.561 0.8571428657
85517  -31.914  3.723  -9.665 0.8571428657
85533  -31.207  4.088  -10.869 0.8571428657
87365  -29.601  6.512  -13.235 0.8571428657
142237  -24.703  17.549  -8.445 0.1428571492
66630  -28.000  -16.811  -4.033 0.2857142985
67538  -28.184  -15.466  -4.109 0.2857142985
69219  -30.412  -13.739  -3.780 0.4285714328
126424  -28.493  -14.023  -4.788 0.2857142985
68383  -28.817  -15.032  -3.922 0.4285714328
70140  -29.142  -13.014  -5.505 0.5714285970
71067  -30.093  -11.374  -6.617 0.2857142985
148205  -31.191  -10.426  -6.218 0.7142857313
72006  -30.486  -10.084  -7.361 0.5714285970
123570  -33.662  -7.648  -6.099 0.4285714328
72991  -31.000  -9.437  -7.545 0.7142857313
123189  -31.459  -8.665  -7.837 0.7142857313
140475  -32.875  -7.841  -6.787 0.7142857313
123184  -32.818  -6.242  -8.408 0.7142857313
123770  -30.885  -8.051  -9.534 0.5714285970
140553  -31.386  -7.639  -9.169 0.5714285970
79231  -33.835  -2.219  -7.464 0.5714285970
140488  -32.388  -7.402  -10.486 0.5714285970
137481  -33.875  -3.812  -7.370 0.5714285970
77547  -32.840  -4.398  -9.289 0.7142857313
79243  -33.422  -2.186  -8.090 0.5714285970
123187  -32.694  -6.252  -10.638 0.8571428657
82870  -31.601  1.117  -10.651 1.0000000000
86451  -30.675  5.643  -11.408 1.0000000000
83732  -30.418  2.736  -12.388 1.0000000000
86468  -29.774  5.647  -13.456 0.8571428657
87374  -28.864  6.947  -14.238 0.7142857313
88311  -29.165  7.511  -13.346 1.0000000000
88302  -29.591  8.002  -12.529 1.0000000000
89267  -29.212  8.921  -14.363 0.7142857313
89261  -29.755  8.866  -12.902 1.0000000000
88317  -28.761  7.757  -15.162 0.7142857313
130746  -29.756  10.040  -13.750 0.8571428657
93420  -28.330  13.873  -13.581 0.8571428657
92636  -29.184  12.303  -12.697 1.0000000000
144598  -29.351  11.618  -13.098 1.0000000000
95054  -27.078  16.134  -14.451 0.7142857313
96778  -25.863  17.490  -14.382 0.7142857313
134018  -24.864  15.790  -14.602 0.4285714328
96746  -24.067  17.646  -12.838 0.2857142985
96763  -23.517  17.682  -13.847 0.4285714328
96790  -25.125  18.214  -15.015 0.4285714328
96775  -22.497  18.360  -15.357 0.4285714328
97556  -24.245  17.956  -12.044 0.2857142985
71993  -29.901  -10.713  -7.271 0.4285714328
96764  -24.626  17.155  -13.329 0.4285714328
95896  -25.745  16.738  -14.521 0.7142857313
64795  -28.115  -18.227  -4.213 0.4285714328
65725  -28.790  -18.175  -4.036 0.4285714328
65710  -27.537  -17.499  -4.144 0.2857142985
65713  -30.145  -17.857  -2.813 0.4285714328
136201  -28.239  -16.097  -3.878 0.2857142985
67523  -29.309  -15.366  -3.488 0.4285714328
69218  -29.769  -14.010  -4.025 0.4285714328
69243  -30.083  -13.366  -4.347 0.4285714328
71052  -29.819  -11.985  -6.201 0.2857142985
71994  -30.638  -10.619  -6.752 0.5714285970
147227  -31.932  -8.195  -7.797 0.5714285970
135173  -32.581  -6.907  -8.125 0.7142857313
129153  -30.929  -8.210  -8.568 0.7142857313
140481  -31.902  -7.174  -8.724 0.7142857313
73997  -30.666  -9.002  -8.140 0.7142857313
140552  -32.864  -7.121  -10.481 0.5714285970
77525  -33.588  -4.261  -7.841 0.5714285970
123625  -32.804  -6.935  -11.055 0.7142857313
140594  -32.172  -4.215  -10.709 0.8571428657
82858  -32.525  1.329  -9.280 0.8571428657
131743  -31.672  1.988  -10.528 0.8571428657
81058  -31.701  -0.209  -10.444 0.8571428657
94207  -27.812  14.594  -13.819 0.8571428657
95050  -27.762  15.347  -13.572 0.8571428657
95058  -25.328  16.234  -16.188 0.5714285970
95052  -25.540  16.085  -13.634 0.4285714328
96777  -24.730  17.378  -14.657 0.4285714328
95866  -25.035  15.931  -10.667 0.2857142985
95858  -24.933  16.513  -9.806 0.2857142985
95850  -24.913  17.105  -9.017 0.1428571492
68405  -28.169  -14.698  -4.514 0.2857142985
88310  -28.781  8.000  -14.170 1.0000000000
100481  -23.440  22.215  -13.906 0.2857142985
100480  -23.261  22.426  -13.295 0.1428571492
99039  -23.420  20.003  -14.627 0.2857142985
99757  -23.922  21.118  -13.748 0.2857142985
99738  -23.443  21.775  -12.616 0.1428571492
100471  -23.117  22.525  -12.454 0.1428571492
98317  -23.290  19.171  -13.622 0.1428571492
98327  -22.799  18.521  -15.315 0.2857142985
135476  -23.549  20.154  -13.342 0.1428571492
128722  -25.044  20.886  -13.695 0.2857142985
99040  -24.124  20.283  -14.588 0.2857142985
99029  -28.570  20.767  -12.608 0.2857142985
99760  -27.163  21.073  -13.512 0.2857142985
99739  -23.581  21.604  -11.724 0.1428571492
98336  -22.923  19.312  -15.737 0.2857142985
97569  -27.051  18.645  -13.144 0.2857142985
99041  -25.319  20.349  -14.270 0.2857142985
99046  -23.389  19.674  -15.237 0.2857142985
97559  -29.145  18.743  -11.413 0.1428571492
98318  -27.246  19.524  -13.020 0.2857142985
99042  -26.401  20.459  -13.628 0.2857142985
99019  -23.592  20.911  -12.508 0.1428571492
98329  -25.714  19.819  -14.343 0.2857142985
98337  -24.369  19.676  -15.199 0.2857142985
97549  -31.066  18.266  -10.714 0.1428571492
97560  -30.025  18.936  -10.946 0.1428571492
98306  -28.726  19.247  -12.001 0.4285714328
97578  -26.286  18.274  -14.170 0.2857142985
94187  -29.893  14.881  -10.731 0.2857142985
95879  -28.580  16.734  -11.747 0.4285714328
136222  -27.623  18.122  -12.544 0.2857142985
94188  -30.537  14.884  -9.995 0.1428571492
96749  -29.567  17.374  -10.628 0.2857142985
95044  -28.856  15.863  -11.620 0.5714285970
95890  -27.824  16.765  -12.490 0.7142857313
92620  -30.548  12.439  -10.190 0.1428571492
135862  -30.280  14.205  -10.390 0.1428571492
137990  -28.296  16.181  -12.275 0.7142857313
145815  -27.076  17.964  -13.335 0.4285714328
145414  -29.233  14.415  -11.423 0.4285714328
148106  -30.695  11.283  -9.815 0.2857142985
91834  -30.489  11.524  -10.408 0.7142857313
91849  -29.821  11.014  -13.071 0.8571428657
92628  -29.677  12.227  -11.695 0.8571428657
90998  -31.169  10.122  -9.338 0.2857142985
91824  -30.967  11.084  -9.337 0.2857142985
93414  -29.251  13.583  -11.688 0.7142857313
93428  -27.900  13.513  -15.237 0.5714285970
91012  -30.722  10.718  -11.157 0.7142857313
90112  -31.570  9.336  -9.029 0.1428571492
82897  -29.656  1.608  -13.553 0.5714285970
84613  -30.174  3.379  -12.834 0.8571428657
85540  -29.940  4.117  -13.227 0.8571428657
84630  -29.598  3.220  -13.649 0.4285714328
138016  -29.737  4.830  -13.731 0.5714285970
88294  -30.023  8.020  -11.634 0.8571428657
90151  -30.129  9.601  -12.828 0.8571428657
89236  -31.538  8.687  -9.403 0.2857142985
90135  -30.918  9.506  -11.215 0.8571428657
90152  -30.512  10.081  -12.343 0.8571428657
129045  -29.384  12.885  -11.966 0.8571428657
89223  -31.824  8.648  -8.659 0.4285714328
90136  -31.169  9.408  -10.518 0.7142857313
133154  -31.106  10.053  -10.897 0.7142857313
82001  -29.266  0.825  -13.649 0.2857142985
83731  -29.928  2.495  -13.229 0.5714285970
85541  -30.419  4.161  -12.424 0.8571428657
88303  -30.211  7.242  -12.120 0.8571428657
134956  -29.865  7.141  -12.740 0.8571428657
89254  -30.003  8.767  -12.147 0.8571428657
88288  -31.213  7.314  -9.641 0.4285714328
136198  -30.433  8.030  -10.876 0.8571428657
89255  -30.451  8.790  -11.399 0.8571428657
149405  -31.548  7.039  -8.993 0.4285714328
129047  -30.834  -4.057  -11.395 0.7142857313
78408  -30.065  -2.676  -11.758 0.4285714328
78396  -31.293  -3.711  -11.286 0.7142857313
80164  -31.454  -1.477  -11.231 0.8571428657
80176  -30.477  -1.570  -12.205 0.5714285970
81081  -29.571  -0.577  -12.994 0.5714285970
81080  -28.759  -0.514  -12.949 0.4285714328
81070  -31.224  -0.251  -11.284 0.8571428657
81082  -30.229  -0.307  -12.673 0.5714285970
136755  -30.062  0.963  -13.065 0.5714285970
82887  -31.188  1.608  -11.251 0.8571428657
82886  -30.597  1.108  -12.099 0.7142857313
85525  -31.394  4.580  -10.232 0.7142857313
86452  -30.976  5.535  -10.553 0.7142857313
87349  -30.623  6.411  -10.877 0.7142857313
86431  -32.080  5.815  -8.344 0.2857142985
86430  -31.753  5.625  -8.943 0.4285714328
87340  -31.429  6.377  -9.325 0.5714285970
123830  -31.166  -5.443  -11.094 0.4285714328
78395  -29.974  -3.545  -11.488 0.4285714328
80151  -31.770  -1.595  -10.625 0.7142857313
79270  -31.481  -2.237  -11.211 0.7142857313
137245  -31.552  -0.909  -10.860 0.7142857313
81975  -31.136  0.690  -11.330 0.8571428657
124198  -32.260  4.958  -8.422 0.2857142985
85516  -31.835  4.737  -9.306 0.5714285970
140616  -31.720  -7.656  -10.260 0.4285714328
75873  -29.938  -6.755  -10.198 0.5714285970
123186  -31.814  -5.353  -11.071 0.5714285970
77567  -31.491  -4.513  -11.169 0.5714285970
144900  -32.925  2.372  -8.360 0.4285714328
84572  -32.599  3.581  -8.456 0.4285714328
85490  -32.643  4.133  -8.113 0.4285714328
85502  -32.281  4.060  -8.829 0.4285714328
78334  -33.976  -3.055  -7.229 0.4285714328
81908  -33.661  0.045  -7.360 0.4285714328
81019  -33.376  -0.615  -7.931 0.4285714328
125309  -33.520  1.057  -7.443 0.4285714328
82839  -33.217  1.869  -7.943 0.4285714328
70105  -30.879  -13.144  -3.875 0.1428571492
80117  -33.612  -1.463  -7.699 0.4285714328
81005  -33.836  -0.812  -7.239 0.4285714328
71039  -31.485  -11.662  -4.570 0.1428571492
71040  -32.199  -11.349  -4.157 0.1428571492
123183  -33.239  -8.935  -5.350 0.2857142985
76663  -34.908  -5.433  -5.441 0.2857142985
132755  -35.301  -3.086  -5.487 0.2857142985
78316  -34.733  -3.795  -6.082 0.2857142985
75832  -34.121  -6.141  -6.443 0.4285714328
79202  -35.102  -2.378  -5.706 0.2857142985
78335  -34.502  -3.054  -6.568 0.2857142985
77516  -34.412  -4.585  -6.473 0.2857142985
80088  -34.793  -1.655  -5.914 0.2857142985
79219  -34.269  -2.308  -6.876 0.4285714328
71018  -31.872  -12.034  -3.865 0.1428571492
71971  -32.555  -10.683  -4.417 0.2857142985
123178  -33.031  -10.096  -4.549 0.2857142985
127097  -34.418  -8.066  -4.739 0.2857142985
75808  -34.971  -6.708  -4.869 0.2857142985
124663  -34.533  -6.953  -5.394 0.2857142985
123181  -34.210  -7.520  -5.444 0.2857142985
75822  -34.579  -6.215  -5.597 0.2857142985
71019  -32.582  -11.748  -3.476 0.1428571492
123177  -34.261  -9.687  -3.897 0.2857142985
71955  -32.891  -11.079  -3.793 0.2857142985
123176  -33.608  -9.433  -4.560 0.2857142985
123180  -33.838  -8.678  -4.821 0.2857142985
66617  -30.126  -16.295  -2.786 0.2857142985
126937  -30.985  -13.841  -3.347 0.1428571492
68385  -30.401  -14.452  -3.411 0.2857142985
69220  -31.523  -13.376  -3.249 0.1428571492
63897  -29.552  -19.585  -4.341 0.2857142985
63010  -28.903  -19.906  -4.330 0.2857142985
63880  -28.074  -19.617  -4.087 0.2857142985
68355  -30.836  -15.085  -2.993 0.2857142985
62992  -28.430  -20.361  -3.994 0.2857142985
62108  -28.399  -21.087  -3.731 0.1428571492
129332  -33.638  -10.155  -4.031 0.2857142985
123682  -34.373  -8.930  -4.290 0.2857142985
75823  -35.019  -5.980  -5.049 0.2857142985
74892  -34.643  -7.346  -4.969 0.2857142985
77501  -35.200  -4.867  -5.244 0.2857142985
76673  -34.071  -5.313  -6.860 0.4285714328
137896  -34.252  -3.801  -6.817 0.4285714328
79220  -34.669  -2.344  -6.270 0.2857142985
138865  -34.542  -0.942  -6.231 0.2857142985
79283  -30.775  -2.306  -11.754 0.7142857313
139395  -34.214  -1.039  -6.761 0.4285714328
81923  -33.186  0.327  -8.080 0.4285714328
83699  -32.639  2.536  -8.928 0.4285714328
84562  -32.886  3.465  -7.923 0.2857142985
136545  -32.698  4.749  -7.714 0.2857142985
87350  -31.012  6.380  -10.063 0.7142857313
91019  -30.075  10.337  -13.013 0.8571428657
94206  -27.279  15.136  -14.951 0.4285714328
93413  -28.769  14.114  -12.279 0.7142857313
138797  -31.908  7.173  -8.456 0.2857142985
91020  -30.408  10.728  -12.176 0.8571428657
91004  -30.847  10.652  -10.123 0.5714285970
97577  -25.340  19.021  -14.908 0.2857142985
95033  -29.515  15.854  -10.665 0.4285714328
99020  -24.463  20.780  -11.581 0.1428571492
145894  -29.360  18.172  -10.856 0.1428571492
132770  -26.166  20.944  -13.594 0.2857142985
64781  -29.611  -18.749  -3.955 0.1428571492
136586  -30.270  -17.059  -2.615 0.1428571492
70106  -31.632  -12.734  -3.598 0.1428571492
70085  -33.000  -12.238  -2.878 0.1428571492
71020  -33.381  -11.493  -3.136 0.1428571492
138554  -32.509  -9.396  -5.746 0.2857142985
75809  -35.442  -6.115  -4.526 0.2857142985
140598  -33.158  -8.383  -5.997 0.2857142985
76664  -35.316  -5.441  -4.880 0.2857142985
123185  -32.057  -7.131  -10.812 0.5714285970
123762  -34.180  -6.934  -6.015 0.2857142985
77566  -30.317  -4.567  -11.185 0.2857142985
80993  -34.642  -0.172  -5.874 0.2857142985
130617  -30.676  -3.195  -11.480 0.7142857313
130228  -31.198  -2.937  -11.306 0.5714285970
80174  -28.949  -1.649  -12.173 0.4285714328
79296  -30.172  -2.040  -12.123 0.5714285970
82908  -28.490  1.102  -14.062 0.2857142985
81989  -29.748  0.193  -13.124 0.5714285970
81006  -34.171  -0.251  -6.658 0.2857142985
81069  -30.770  -0.829  -12.103 0.7142857313
82909  -28.937  1.476  -14.206 0.2857142985
82824  -34.046  1.312  -6.659 0.1428571492
83677  -33.136  2.757  -7.762 0.4285714328
83678  -33.472  3.146  -7.117 0.1428571492
87357  -30.509  6.477  -11.781 0.8571428657
84563  -33.187  4.035  -7.334 0.1428571492
87329  -32.216  6.478  -8.065 0.2857142985
89247  -31.308  8.769  -10.079 0.7142857313
91840  -29.783  11.543  -12.324 0.8571428657
90113  -31.902  9.411  -8.240 0.2857142985
90985  -31.536  9.994  -8.558 0.1428571492
97567  -23.395  18.241  -13.400 0.2857142985
90126  -31.376  9.340  -9.819 0.4285714328
91809  -31.671  10.887  -8.664 0.1428571492
92629  -30.087  12.300  -10.855 0.5714285970
91825  -31.526  11.806  -8.970 0.1428571492
93390  -30.749  14.051  -9.815 0.1428571492
128257  -24.062  19.984  -12.552 0.1428571492
93403  -29.825  13.904  -11.009 0.5714285970
92621  -31.067  13.122  -9.660 0.1428571492
97558  -28.376  18.453  -11.907 0.2857142985
96748  -28.887  17.452  -11.157 0.2857142985
95867  -29.795  16.626  -10.415 0.2857142985
96731  -30.234  17.212  -10.384 0.1428571492
149456  -30.588  18.600  -10.789 0.1428571492
130716  -28.142  19.882  -12.437 0.2857142985
99030  -29.544  20.826  -12.442 0.2857142985
134189  -30.024  20.055  -12.144 0.1428571492
65714  -30.914  -18.158  -2.642 0.1428571492
69203  -32.108  -13.647  -2.817 0.1428571492
77484  -35.580  -4.749  -4.710 0.2857142985
86418  -32.513  5.634  -7.673 0.2857142985
98321  -31.504  19.646  -12.553 0.1428571492
99762  -29.706  22.048  -13.248 0.2857142985
64780  -27.968  -18.813  -4.186 0.2857142985
147479  -29.909  -18.319  -3.340 0.1428571492
66594  -30.844  -16.621  -2.514 0.1428571492
67499  -30.833  -15.800  -2.730 0.1428571492
70124  -31.185  -12.389  -4.283 0.1428571492
71970  -31.834  -10.942  -4.834 0.2857142985
71983  -32.293  -10.173  -5.150 0.2857142985
78397  -31.785  -4.157  -11.039 0.5714285970
123596  -32.502  -6.065  -10.969 0.4285714328
78381  -31.757  -3.285  -10.916 0.7142857313
81960  -31.503  0.381  -10.751 0.7142857313
128463  -30.731  2.150  -11.832 0.8571428657
95043  -28.285  15.509  -12.518 0.7142857313
96765  -27.383  17.401  -12.863 0.5714285970
97585  -23.980  18.796  -15.621 0.2857142985
84584  -32.447  3.284  -8.999 0.4285714328
72990  -30.355  -9.620  -7.846 0.5714285970
123182  -33.757  -8.196  -5.402 0.2857142985
82898  -30.296  1.828  -12.742 0.5714285970
96762  -22.620  18.398  -14.649 0.2857142985
98335  -21.967  19.093  -15.740 0.2857142985
98316  -22.731  18.608  -14.231 0.2857142985
138380  -31.246  -1.023  -11.494 0.8571428657
131081  -23.695  20.615  -14.032 0.2857142985
99749  -23.734  21.439  -13.515 0.2857142985
98328  -23.192  19.620  -14.393 0.2857142985
99758  -24.850  21.679  -13.544 0.2857142985
98330  -26.633  19.929  -13.552 0.2857142985
97568  -26.334  19.195  -13.780 0.2857142985
97570  -27.854  18.968  -12.451 0.2857142985
149551  -28.741  18.093  -11.348 0.2857142985
98307  -29.600  19.434  -11.689 0.1428571492
97561  -31.019  18.994  -11.186 0.1428571492
98308  -30.460  19.481  -11.665 0.1428571492
98319  -29.111  20.040  -12.185 0.1428571492
95034  -30.183  15.654  -10.108 0.1428571492
96766  -28.221  17.561  -11.983 0.5714285970
95021  -30.918  15.638  -9.641 0.1428571492
93404  -30.343  13.294  -10.462 0.1428571492
95880  -29.151  16.643  -10.968 0.4285714328
146324  -29.257  15.190  -11.267 0.5714285970
93415  -29.756  13.027  -11.261 0.5714285970
91841  -30.192  11.469  -11.416 0.7142857313
91005  -31.169  9.880  -10.198 0.5714285970
90145  -30.542  9.545  -11.939 0.8571428657
85552  -29.408  3.975  -14.077 0.4285714328
83741  -29.243  2.247  -14.172 0.4285714328
88295  -30.343  7.251  -11.238 0.8571428657
138526  -30.940  8.078  -10.187 0.4285714328
88278  -31.556  7.866  -8.969 0.5714285970
88287  -30.683  7.244  -10.442 0.7142857313
80163  -31.093  -1.583  -11.759 0.7142857313
80175  -29.770  -1.522  -12.448 0.4285714328
137946  -30.133  -0.997  -12.658 0.5714285970
147209  -30.282  0.395  -12.644 0.5714285970
148859  -29.698  -1.057  -12.773 0.4285714328
80173  -28.426  -1.032  -12.312 0.2857142985
81974  -30.667  0.135  -12.000 0.7142857313
86443  -31.388  5.525  -9.728 0.5714285970
123756  -32.152  -6.345  -11.072 0.5714285970
75881  -30.940  -6.352  -10.752 0.5714285970
83690  -32.754  2.990  -8.400 0.4285714328
144749  -33.933  0.551  -6.862 0.4285714328
80101  -34.051  -1.572  -7.103 0.4285714328
123179  -32.919  -9.586  -5.050 0.2857142985
77500  -34.836  -4.678  -5.773 0.2857142985
76674  -34.501  -5.398  -6.099 0.2857142985
138250  -34.963  -3.023  -6.030 0.2857142985
69221  -32.034  -13.040  -3.070 0.1428571492
70107  -32.279  -12.454  -3.222 0.1428571492
127821  -33.142  -10.556  -4.082 0.2857142985
63011  -29.524  -20.204  -4.347 0.1428571492
62993  -29.054  -20.662  -4.072 0.1428571492
63881  -30.327  -19.453  -4.094 0.1428571492
146304  -33.175  3.349  -7.540 0.2857142985
98305  -24.837  19.711  -11.609 0.1428571492
65693  -30.873  -17.446  -2.445 0.1428571492
98304  -24.101  18.920  -12.370 0.1428571492
91858  -28.570  11.821  -14.750 0.5714285970
90166  -28.895  10.372  -16.394 0.4285714328
91034  -28.933  10.933  -16.114 0.4285714328
91868  -29.174  11.250  -14.685 0.5714285970
90167  -29.300  10.397  -15.415 0.4285714328
91035  -29.298  10.882  -15.120 0.5714285970
91848  -28.665  11.956  -13.757 0.4285714328
87382  -29.169  6.816  -15.586 0.4285714328
144878  -28.845  8.521  -14.991 0.4285714328
89279  -28.685  8.587  -16.040 0.4285714328
89274  -29.086  9.497  -15.521 0.5714285970
139098  -29.502  10.397  -14.569 0.5714285970
86477  -29.469  5.446  -14.283 0.5714285970
79185  -36.068  -2.522  -4.522 0.1428571492
79203  -35.548  -2.446  -5.112 0.1428571492
80089  -35.314  -1.682  -5.324 0.1428571492
78317  -35.282  -3.982  -5.304 0.1428571492
78288  -38.084  -3.566  -3.343 0.1428571492
138634  -36.311  -3.241  -4.211 0.1428571492
79170  -37.526  -2.323  -3.476 0.1428571492
79186  -36.675  -2.495  -3.916 0.1428571492
140041  -38.237  -1.856  -3.360 0.1428571492
131841  -28.443  -12.936  -5.950 0.2857142985
76648  -35.810  -5.457  -4.300 0.1428571492
77468  -36.970  -4.725  -3.688 0.1428571492
78307  -36.586  -3.997  -3.912 0.1428571492
78289  -39.038  -3.416  -3.319 0.1428571492
137073  -37.340  -4.033  -3.584 0.1428571492
79204  -40.451  -2.582  -5.699 0.1428571492
79172  -39.983  -2.758  -3.957 0.1428571492
80090  -40.275  -2.002  -5.315 0.1428571492
70139  -27.641  -13.112  -5.905 0.2857142985
139680  -35.934  -8.429  -3.644 0.1428571492
74862  -35.758  -7.718  -3.853 0.1428571492
133176  -35.599  -6.885  -4.181 0.1428571492
74893  -35.086  -7.517  -4.427 0.1428571492
75810  -36.055  -6.201  -3.926 0.1428571492
76624  -37.416  -5.477  -3.529 0.1428571492
75776  -36.895  -6.231  -3.607 0.1428571492
77470  -38.987  -4.809  -3.226 0.1428571492
132796  -39.426  -4.163  -3.424 0.1428571492
137084  -40.526  -4.067  -4.535 0.1428571492
78336  -40.589  -3.201  -5.847 0.1428571492
149123  -40.486  -3.430  -4.693 0.1428571492
69257  -28.328  -13.520  -5.401 0.2857142985
69241  -27.793  -14.122  -5.086 0.2857142985
68404  -27.297  -14.651  -4.814 0.2857142985
123175  -34.895  -10.028  -3.473 0.1428571492
123721  -35.734  -9.087  -3.561 0.1428571492
73929  -36.502  -8.015  -3.553 0.1428571492
132797  -38.797  -6.320  -3.252 0.1428571492
74863  -36.443  -7.075  -3.666 0.1428571492
76627  -40.032  -5.635  -3.511 0.1428571492
138247  -40.256  -5.060  -3.689 0.1428571492
79221  -40.407  -2.804  -6.747 0.1428571492
123174  -34.210  -10.387  -3.501 0.1428571492
126421  -35.485  -9.705  -3.419 0.1428571492
123172  -35.546  -10.320  -3.098 0.1428571492
72937  -37.426  -8.843  -3.241 0.1428571492
72910  -37.300  -9.583  -3.030 0.1428571492
74866  -39.087  -7.878  -3.099 0.1428571492
137547  -39.219  -7.008  -3.198 0.1428571492
74865  -38.208  -7.172  -3.267 0.1428571492
75778  -39.684  -6.362  -3.359 0.1428571492
77502  -40.788  -4.658  -5.346 0.1428571492
76650  -40.819  -5.572  -4.815 0.1428571492
77517  -40.788  -4.389  -7.139 0.1428571492
128662  -40.691  -3.902  -6.333 0.1428571492
70997  -35.600  -11.177  -2.627 0.1428571492
71956  -33.552  -10.768  -3.584 0.1428571492
123167  -37.846  -10.321  -2.614 0.1428571492
123170  -36.167  -10.560  -2.804 0.1428571492
73905  -38.126  -9.137  -2.967 0.1428571492
123173  -36.260  -9.793  -3.188 0.1428571492
73953  -40.837  -8.432  -4.355 0.1428571492
73933  -40.378  -8.928  -3.780 0.1428571492
74894  -40.783  -7.625  -4.144 0.1428571492
75824  -41.036  -6.377  -5.299 0.1428571492
74867  -40.110  -7.314  -3.434 0.1428571492
75779  -40.327  -6.353  -3.726 0.1428571492
133919  -38.962  -11.189  -2.784 0.1428571492
123787  -37.415  -11.131  -2.426 0.1428571492
123165  -36.548  -11.185  -2.509 0.1428571492
71958  -40.243  -10.280  -3.928 0.1428571492
71022  -39.548  -11.109  -3.334 0.1428571492
139178  -40.796  -9.144  -4.484 0.1428571492
72938  -40.059  -9.698  -3.555 0.1428571492
74905  -41.159  -7.913  -4.963 0.1428571492
72911  -38.572  -9.872  -2.829 0.1428571492
72936  -36.621  -8.889  -3.424 0.1428571492
73931  -38.705  -8.595  -2.990 0.1428571492
140728  -40.549  -3.684  -7.409 0.1428571492
79232  -39.976  -2.291  -7.784 0.1428571492
132412  -40.635  -3.714  -5.305 0.1428571492
145709  -38.734  -4.107  -3.299 0.1428571492
78291  -40.230  -3.470  -4.129 0.1428571492
137849  -36.377  -1.949  -4.258 0.1428571492
76665  -40.992  -5.607  -5.845 0.1428571492
129986  -40.898  -4.894  -6.494 0.1428571492
140063  -40.237  -3.057  -7.747 0.1428571492
79244  -40.010  -2.879  -8.376 0.1428571492
87383  -29.249  6.105  -14.821 0.4285714328
80119  -40.096  -1.883  -6.938 0.1428571492
78318  -40.535  -3.046  -5.155 0.1428571492
80104  -40.244  -1.968  -6.134 0.1428571492
130622  -39.597  -2.015  -3.932 0.1428571492
142787  -40.069  -1.453  -5.646 0.1428571492
80074  -35.853  -1.791  -4.716 0.1428571492
139163  -34.967  -0.920  -5.548 0.1428571492
92643  -28.162  12.567  -14.994 0.4285714328
139880  -27.765  14.276  -14.710 0.4285714328
99763  -30.424  21.701  -13.608 0.1428571492
99751  -29.042  21.674  -12.890 0.1428571492
139296  -35.683  -3.210  -4.831 0.1428571492
73928  -35.147  -8.415  -3.984 0.1428571492
71021  -34.088  -11.040  -3.033 0.1428571492
123728  -34.958  -9.287  -3.726 0.1428571492
81909  -34.386  0.589  -6.257 0.1428571492
78306  -35.875  -3.985  -4.486 0.1428571492
78287  -37.140  -3.232  -3.607 0.1428571492
132795  -38.467  -2.652  -3.326 0.1428571492
80063  -36.892  -1.707  -3.764 0.1428571492
80064  -37.630  -1.398  -3.433 0.1428571492
79171  -39.371  -2.678  -3.542 0.1428571492
76649  -36.512  -5.475  -3.815 0.1428571492
77485  -36.173  -4.735  -4.120 0.1428571492
78290  -39.736  -3.453  -3.658 0.1428571492
146031  -40.113  -4.286  -3.793 0.1428571492
77469  -37.997  -4.607  -3.394 0.1428571492
79188  -40.097  -2.150  -4.535 0.1428571492
75777  -37.829  -6.271  -3.405 0.1428571492
76625  -38.399  -5.518  -3.328 0.1428571492
131254  -37.304  -6.876  -3.466 0.1428571492
136057  -39.769  -4.916  -3.373 0.1428571492
76626  -39.326  -5.584  -3.291 0.1428571492
130163  -40.575  -4.872  -4.274 0.1428571492
74864  -37.245  -7.618  -3.418 0.1428571492
145545  -37.142  -8.327  -3.382 0.1428571492
76628  -40.495  -5.625  -3.992 0.1428571492
71931  -34.825  -10.703  -3.006 0.1428571492
146575  -37.949  -9.706  -2.795 0.1428571492
123166  -36.914  -10.408  -2.731 0.1428571492
138199  -40.436  -8.113  -3.755 0.1428571492
144035  -39.286  -8.594  -3.040 0.1428571492
73930  -37.980  -8.223  -3.179 0.1428571492
71932  -38.575  -10.591  -2.669 0.1428571492
73906  -38.982  -9.162  -2.889 0.1428571492
73966  -41.074  -8.847  -5.222 0.1428571492
126263  -40.991  -7.072  -4.744 0.1428571492
126601  -41.149  -7.302  -5.798 0.1428571492
73932  -39.701  -9.073  -3.216 0.1428571492
72912  -39.392  -9.777  -3.119 0.1428571492
62990  -26.859  -20.148  -2.977 0.1428571492
63879  -27.390  -19.713  -3.490 0.1428571492
63866  -26.184  -19.560  -2.667 0.1428571492
63878  -26.817  -19.297  -3.207 0.1428571492
126785  -27.414  -19.025  -3.834 0.1428571492
64778  -26.762  -18.543  -3.555 0.1428571492
149204  -27.123  -17.727  -4.083 0.1428571492
66615  -27.067  -16.606  -4.231 0.1428571492
66629  -26.910  -15.723  -4.400 0.1428571492
131521  -27.633  -15.994  -4.196 0.1428571492
67537  -27.503  -15.258  -4.436 0.1428571492
141010  -25.824  -16.251  -3.744 0.1428571492
67535  -26.164  -15.222  -4.397 0.1428571492
67536  -26.864  -15.083  -4.591 0.1428571492
69240  -25.946  -13.837  -5.010 0.1428571492
69255  -26.676  -13.306  -5.628 0.1428571492
70138  -26.945  -12.564  -6.058 0.2857142985
70152  -27.931  -12.379  -6.365 0.1428571492
147598  -29.383  -11.771  -6.570 0.1428571492
71066  -29.225  -11.239  -7.028 0.2857142985
74023  -30.036  -7.792  -8.967 0.4285714328
140606  -31.213  -8.149  -10.040 0.4285714328
123637  -30.914  -7.367  -10.215 0.4285714328
85563  -29.364  4.673  -14.662 0.2857142985
86484  -29.377  5.326  -15.277 0.2857142985
90182  -28.034  9.701  -17.354 0.2857142985
91044  -28.521  10.790  -16.766 0.2857142985
91867  -28.671  11.516  -15.671 0.2857142985
69256  -27.478  -13.649  -5.504 0.1428571492
71051  -27.082  -11.927  -6.340 0.1428571492
71064  -27.657  -11.526  -6.649 0.2857142985
65708  -26.153  -17.361  -3.576 0.1428571492
67521  -26.316  -16.047  -4.134 0.1428571492
68402  -25.788  -14.501  -4.559 0.1428571492
71065  -28.601  -11.743  -6.672 0.2857142985
71992  -28.276  -11.022  -7.048 0.2857142985
72989  -29.839  -9.235  -8.107 0.4285714328
74939  -29.205  -7.672  -8.799 0.2857142985
84644  -29.120  3.089  -14.578 0.2857142985
138675  -28.723  3.792  -15.835 0.2857142985
85574  -29.119  4.492  -15.789 0.2857142985
85593  -29.043  4.592  -16.848 0.2857142985
87390  -29.399  5.973  -15.978 0.2857142985
88324  -28.930  7.588  -16.496 0.2857142985
89296  -28.307  8.534  -18.038 0.2857142985
89295  -27.886  8.575  -18.181 0.2857142985
90173  -28.305  10.224  -17.018 0.2857142985
72004  -28.961  -10.447  -7.512 0.2857142985
83765  -28.167  2.915  -15.585 0.2857142985
86503  -29.162  5.079  -17.595 0.2857142985
87408  -28.621  6.984  -18.100 0.2857142985
87389  -29.295  6.556  -16.854 0.2857142985
135087  -28.983  7.234  -17.660 0.2857142985
88340  -28.313  7.912  -18.330 0.2857142985
134175  -28.603  8.409  -17.398 0.2857142985
85592  -28.590  4.327  -17.638 0.2857142985
85591  -27.112  4.265  -18.007 0.2857142985
87400  -29.074  5.997  -17.943 0.2857142985
72005  -29.788  -10.035  -7.732 0.4285714328
133806  -26.726  -17.864  -3.790 0.1428571492
134296  -28.531  9.515  -16.709 0.2857142985
88341  -28.773  7.899  -18.137 0.2857142985
143228  -26.937  -14.081  -5.247 0.1428571492
135910  -26.292  -16.734  -3.900 0.1428571492
68403  -26.490  -14.564  -4.787 0.1428571492
74012  -29.501  -8.371  -8.419 0.4285714328
89289  -28.172  9.282  -17.464 0.2857142985
146218  -29.202  -9.747  -7.843 0.4285714328
86508  -27.595  4.836  -18.494 0.2857142985
143714  -29.926  -7.561  -10.016 0.2857142985
76728  -30.186  -5.543  -11.038 0.2857142985
101254  -27.587  24.485  -14.756 0.1428571492
101255  -28.178  23.620  -14.718 0.1428571492
101250  -27.615  23.239  -14.238 0.1428571492
100490  -28.096  22.218  -14.101 0.1428571492
100482  -28.377  21.840  -13.562 0.1428571492
100489  -27.186  22.318  -13.724 0.1428571492
102017  -23.332  24.653  -14.851 0.1428571492
76719  -29.670  -5.912  -10.507 0.2857142985
76727  -29.358  -5.121  -10.974 0.2857142985
100491  -29.041  22.273  -13.765 0.1428571492
101256  -28.724  23.232  -14.959 0.1428571492
99750  -28.079  21.274  -13.223 0.1428571492
99028  -27.496  20.460  -13.125 0.1428571492
100488  -26.066  22.164  -13.460 0.1428571492
101249  -26.435  23.117  -13.733 0.1428571492
147685  -24.121  23.782  -14.483 0.1428571492
100487  -24.851  22.739  -13.803 0.1428571492
124641  -23.746  22.031  -13.853 0.1428571492
100486  -23.229  22.842  -14.327 0.1428571492
99761  -27.659  21.676  -13.679 0.1428571492
124594  -26.776  21.589  -13.521 0.1428571492
74033  -30.452  -7.941  -9.797 0.2857142985
102013  -26.749  24.331  -14.320 0.1428571492
100496  -28.518  22.808  -14.453 0.1428571492
102020  -27.150  25.417  -15.081 0.1428571492
84655  -27.676  3.421  -16.370 0.1428571492
84656  -28.247  3.522  -16.207 0.1428571492
84667  -27.979  3.783  -17.174 0.1428571492
87399  -27.425  5.781  -18.211 0.1428571492
87387  -26.347  6.716  -15.577 0.1428571492
88323  -26.809  7.897  -16.974 0.1428571492
83755  -28.669  2.511  -14.916 0.1428571492
87406  -27.432  6.918  -17.915 0.1428571492
89278  -26.521  8.835  -16.476 0.1428571492
90172  -26.246  9.671  -15.966 0.1428571492
131133  -26.692  10.380  -16.485 0.2857142985
79295  -29.502  -2.158  -11.980 0.2857142985
79294  -28.716  -2.343  -11.784 0.1428571492
81999  -27.886  0.835  -13.615 0.1428571492
83754  -28.217  2.290  -14.989 0.1428571492
88267  -32.039  7.943  -8.224 0.1428571492
84654  -27.113  3.427  -16.171 0.1428571492
90190  -27.837  9.105  -17.752 0.1428571492
91043  -27.569  11.251  -16.628 0.1428571492
91049  -27.413  10.560  -16.888 0.1428571492
91042  -26.704  10.980  -16.287 0.2857142985
92642  -27.610  13.032  -15.970 0.2857142985
137842  -24.439  14.274  -14.833 0.2857142985
93426  -24.799  13.345  -14.245 0.2857142985
94199  -25.287  14.905  -13.837 0.2857142985
94166  -23.769  15.793  -9.036 0.1428571492
91857  -27.781  12.308  -15.812 0.2857142985
91865  -26.839  11.503  -16.121 0.2857142985
93427  -27.139  14.420  -15.953 0.2857142985
92649  -25.291  13.671  -16.068 0.2857142985
92648  -24.412  13.846  -15.476 0.2857142985
94214  -25.840  16.001  -16.529 0.2857142985
93433  -24.114  14.683  -15.988 0.2857142985
95057  -24.642  15.914  -15.901 0.2857142985
130994  -25.425  15.880  -12.512 0.1428571492
94195  -25.478  14.372  -12.445 0.2857142985
129224  -24.918  17.733  -10.971 0.1428571492
97547  -25.217  18.306  -10.255 0.1428571492
92634  -24.741  12.481  -13.309 0.1428571492
91041  -26.017  10.391  -15.533 0.2857142985
137397  -25.297  13.992  -13.537 0.2857142985
135710  -25.526  15.351  -12.888 0.1428571492
95032  -24.834  15.107  -10.626 0.1428571492
94186  -25.065  14.400  -11.233 0.1428571492
89273  -24.758  8.940  -14.315 0.2857142985
93402  -24.754  13.706  -10.786 0.1428571492
94165  -22.928  15.043  -8.841 0.1428571492
94185  -24.540  14.356  -10.417 0.1428571492
89252  -24.817  7.449  -11.822 0.1428571492
89224  -32.190  8.721  -7.862 0.1428571492
86419  -33.040  5.055  -7.080 0.1428571492
82000  -28.614  0.559  -13.646 0.1428571492
82917  -27.249  1.866  -14.285 0.1428571492
126214  -32.439  8.023  -7.453 0.1428571492
83752  -27.134  2.468  -14.683 0.1428571492
84643  -26.809  3.443  -15.706 0.1428571492
85562  -26.693  3.904  -15.933 0.1428571492
85590  -26.699  4.191  -17.405 0.1428571492
87381  -26.505  5.841  -15.527 0.1428571492
88333  -27.049  7.897  -17.970 0.1428571492
89277  -25.682  8.871  -15.308 0.1428571492
90181  -27.764  9.846  -17.278 0.1428571492
90171  -25.382  9.623  -14.858 0.2857142985
130199  -26.443  11.805  -15.741 0.1428571492
92641  -26.096  12.603  -15.839 0.1428571492
92640  -24.704  12.969  -14.968 0.1428571492
93412  -25.168  13.534  -11.615 0.2857142985
94175  -23.543  14.706  -9.417 0.1428571492
95020  -24.745  15.738  -9.836 0.1428571492
88268  -32.332  7.253  -7.801 0.1428571492
94215  -26.451  15.379  -16.431 0.2857142985
94221  -24.844  15.920  -16.839 0.2857142985
94205  -24.235  15.208  -15.339 0.2857142985
148407  -25.001  17.671  -10.120 0.1428571492
81988  -29.073  0.044  -13.406 0.1428571492
81079  -27.920  -0.367  -12.574 0.1428571492
82920  -28.661  1.934  -14.622 0.1428571492
91050  -28.072  10.596  -17.014 0.1428571492
91874  -28.357  11.246  -16.605 0.1428571492
91866  -27.717  11.858  -16.325 0.1428571492
83764  -27.653  2.830  -15.559 0.1428571492
138828  -26.714  3.869  -16.617 0.1428571492
86500  -26.854  4.744  -17.153 0.1428571492
84629  -26.805  2.959  -14.882 0.1428571492
83763  -27.168  2.888  -15.322 0.1428571492
137694  -27.090  5.604  -17.607 0.1428571492
87398  -27.063  6.765  -17.382 0.1428571492
89288  -27.070  8.747  -17.556 0.1428571492
82919  -28.326  1.654  -14.583 0.1428571492
90180  -27.057  9.696  -17.026 0.1428571492
82918  -27.846  1.447  -14.285 0.1428571492
91033  -26.012  11.079  -15.286 0.2857142985
94213  -24.271  15.407  -16.354 0.2857142985
93419  -25.292  13.345  -12.733 0.1428571492
92650  -26.764  13.647  -16.203 0.2857142985
93435  -25.761  14.590  -16.683 0.2857142985
93434  -24.642  14.337  -16.378 0.2857142985
93440  -24.637  15.110  -16.815 0.2857142985
95042  -25.270  15.316  -11.691 0.1428571492
148273  -25.638  11.252  -14.998 0.1428571492
95031  -24.334  14.955  -9.806 0.1428571492
71062  -25.634  -10.992  -6.251 0.1428571492
71991  -27.303  -10.757  -6.871 0.1428571492
72003  -27.881  -10.259  -7.294 0.1428571492
71990  -26.213  -10.370  -6.688 0.1428571492
72975  -26.312  -9.562  -7.010 0.1428571492
72986  -26.383  -8.869  -7.317 0.1428571492
72976  -27.023  -10.078  -7.048 0.1428571492
73995  -27.158  -8.573  -7.691 0.1428571492
72987  -27.317  -9.428  -7.419 0.1428571492
134177  -28.399  -9.662  -7.671 0.1428571492
74927  -26.976  -7.814  -7.901 0.1428571492
74011  -28.665  -8.245  -8.258 0.1428571492
72988  -28.943  -9.053  -8.028 0.1428571492
74938  -28.415  -7.482  -8.550 0.1428571492
74937  -27.590  -7.264  -8.337 0.1428571492
74947  -28.859  -7.226  -9.315 0.1428571492
75872  -28.982  -6.353  -10.155 0.1428571492
78394  -29.266  -4.110  -11.189 0.1428571492
91025  -25.214  10.299  -14.472 0.1428571492
71050  -26.135  -11.898  -6.084 0.1428571492
146766  -25.232  -10.286  -6.353 0.1428571492
74948  -29.628  -7.568  -9.623 0.1428571492
71063  -26.685  -11.251  -6.492 0.1428571492
74955  -29.177  -7.192  -10.045 0.1428571492
133768  -25.644  -8.974  -6.904 0.1428571492
74010  -27.836  -8.021  -8.039 0.1428571492
73996  -28.044  -8.868  -7.881 0.1428571492
74936  -26.710  -7.089  -8.124 0.1428571492
74926  -26.086  -7.630  -7.623 0.1428571492
71049  -25.006  -11.487  -5.772 0.1428571492
64779  -27.384  -18.235  -4.083 0.2857142985
65709  -26.820  -17.301  -4.008 0.1428571492
71933  -39.183  -10.482  -2.960 0.1428571492
71957  -39.774  -10.384  -3.457 0.1428571492
75811  -40.750  -6.317  -4.393 0.1428571492
80102  -34.430  -1.639  -6.535 0.4285714328
81987  -28.290  0.128  -13.221 0.1428571492
83753  -27.685  2.190  -14.816 0.1428571492
84657  -28.616  3.212  -15.388 0.2857142985
84666  -27.155  3.845  -17.255 0.1428571492
85573  -28.622  4.055  -16.621 0.2857142985
85603  -27.783  4.131  -18.131 0.2857142985
86489  -29.334  5.200  -16.423 0.2857142985
86501  -27.008  4.780  -17.942 0.2857142985
86502  -28.578  4.899  -18.426 0.2857142985
86509  -28.265  5.831  -18.510 0.2857142985
87366  -30.245  6.515  -12.522 0.8571428657
87388  -26.998  5.908  -16.513 0.1428571492
87401  -29.392  5.748  -17.048 0.2857142985
87407  -27.953  6.895  -18.270 0.2857142985
88301  -29.274  8.417  -13.441 1.0000000000
88339  -27.624  7.908  -18.278 0.2857142985
89246  -30.899  8.801  -10.703 0.7142857313
89294  -27.488  8.602  -18.059 0.1428571492
90189  -27.528  9.181  -17.604 0.1428571492
90191  -28.010  8.998  -17.801 0.2857142985
92606  -30.867  11.957  -9.598 0.2857142985
93441  -25.482  15.500  -16.945 0.2857142985
94196  -28.709  14.932  -11.915 0.7142857313
96732  -30.939  17.508  -10.319 0.1428571492
96788  -23.316  18.365  -15.507 0.4285714328
97548  -30.234  18.059  -10.573 0.1428571492
97583  -22.099  18.652  -15.499 0.2857142985
97584  -22.472  18.745  -15.853 0.4285714328
98309  -31.159  19.478  -11.867 0.1428571492
99027  -23.581  20.659  -13.566 0.1428571492
99038  -22.644  19.372  -15.362 0.2857142985
99759  -25.848  21.439  -13.485 0.1428571492
100472  -23.186  22.250  -11.821 0.1428571492
123188  -32.020  -4.975  -10.915 0.5714285970
124125  -31.168  -4.781  -11.206 0.5714285970
130578  -31.776  6.415  -8.663 0.2857142985
130854  -29.218  -1.078  -12.688 0.4285714328
131281  -39.886  -8.312  -3.320 0.1428571492
134021  -30.857  10.118  -11.681 0.8571428657
137200  -26.674  7.025  -16.432 0.1428571492
137669  -33.621  -2.773  -7.791 0.5714285970
137770  -40.662  -6.924  -4.014 0.1428571492
138481  -31.303  8.168  -9.633 0.2857142985
138910  -28.982  3.872  -15.022 0.2857142985
141005  -40.410  -2.517  -5.015 0.1428571492
145110  -40.334  -2.887  -4.524 0.1428571492
145739  -25.456  15.559  -13.621 0.4285714328
146153  -29.939  16.162  -10.181 0.1428571492
147549  -37.801  -2.941  -3.381 0.1428571492
147596  -27.164  6.211  -17.907 0.1428571492
147813  -27.404  1.366  -13.825 0.1428571492
148687  -35.075  -3.465  -5.734 0.2857142985
