#!ascii label  , from subject sub-v1s0x0050646_ses-1 vox2ras=TkReg
350
123768  -32.466  -8.779  -6.436 0.0000000000
123830  -31.166  -5.443  -11.094 0.0000000000
90167  -29.300  10.397  -15.415 0.0000000000
138483  -30.148  5.051  -12.808 0.0000000000
82857  -32.109  1.431  -9.929 0.0000000000
78334  -33.976  -3.055  -7.229 0.0000000000
91867  -28.671  11.516  -15.671 0.0000000000
83720  -30.839  3.054  -11.651 0.0000000000
81082  -30.229  -0.307  -12.673 0.0000000000
123525  -31.982  -7.304  -10.157 0.0000000000
77547  -32.840  -4.398  -9.289 0.0000000000
123794  -33.674  -6.021  -7.225 0.0000000000
70140  -29.142  -13.014  -5.505 0.0000000000
72990  -30.355  -9.620  -7.846 0.0000000000
95895  -25.250  16.756  -14.098 0.0000000000
95897  -26.447  16.788  -14.352 0.0000000000
94207  -27.812  14.594  -13.819 0.0000000000
93421  -28.877  13.236  -12.595 0.0000000000
91020  -30.408  10.728  -12.176 0.0000000000
87374  -28.864  6.947  -14.238 0.0000000000
89255  -30.451  8.790  -11.399 0.0000000000
87350  -31.012  6.380  -10.063 0.0000000000
85516  -31.835  4.737  -9.306 0.0000000000
83677  -33.136  2.757  -7.762 0.0000000000
79270  -31.481  -2.237  -11.211 0.0000000000
81034  -32.766  -0.410  -8.828 0.0000000000
136755  -30.062  0.963  -13.065 0.0000000000
81080  -28.759  -0.514  -12.949 0.0000000000
123190  -32.300  -7.670  -7.731 0.0000000000
123184  -32.818  -6.242  -8.408 0.0000000000
140622  -32.921  -7.187  -7.387 0.0000000000
65712  -29.408  -17.934  -3.447 0.0000000000
134117  -29.369  -16.035  -3.158 0.0000000000
68384  -29.553  -14.735  -3.688 0.0000000000
74013  -30.328  -8.355  -8.545 0.0000000000
146218  -29.202  -9.747  -7.843 0.0000000000
95054  -27.078  16.134  -14.451 0.0000000000
91034  -28.933  10.933  -16.114 0.0000000000
91848  -28.665  11.956  -13.757 0.0000000000
91859  -29.196  11.366  -13.838 0.0000000000
91840  -29.783  11.543  -12.324 0.0000000000
130746  -29.756  10.040  -13.750 0.0000000000
130898  -29.334  6.118  -13.975 0.0000000000
88302  -29.591  8.002  -12.529 0.0000000000
88303  -30.211  7.242  -12.120 0.0000000000
136198  -30.433  8.030  -10.876 0.0000000000
86451  -30.675  5.643  -11.408 0.0000000000
83721  -31.278  2.534  -11.103 0.0000000000
131837  -31.517  3.738  -10.422 0.0000000000
83698  -32.237  2.796  -9.561 0.0000000000
84572  -32.599  3.581  -8.456 0.0000000000
137442  -32.426  2.019  -9.403 0.0000000000
78395  -29.974  -3.545  -11.488 0.0000000000
79283  -30.775  -2.306  -11.754 0.0000000000
78396  -31.293  -3.711  -11.286 0.0000000000
77538  -33.263  -3.859  -8.526 0.0000000000
79242  -32.977  -2.303  -8.817 0.0000000000
79243  -33.422  -2.186  -8.090 0.0000000000
81019  -33.376  -0.615  -7.931 0.0000000000
80101  -34.051  -1.572  -7.103 0.0000000000
70122  -29.758  -13.017  -4.957 0.0000000000
70153  -29.070  -12.391  -6.195 0.0000000000
71038  -30.746  -12.016  -5.010 0.0000000000
71982  -30.852  -11.041  -6.076 0.0000000000
84630  -29.598  3.220  -13.649 0.0000000000
85541  -30.419  4.161  -12.424 0.0000000000
83731  -29.928  2.495  -13.229 0.0000000000
82886  -30.597  1.108  -12.099 0.0000000000
81975  -31.136  0.690  -11.330 0.0000000000
123625  -32.804  -6.935  -11.055 0.0000000000
123569  -32.353  -5.224  -10.631 0.0000000000
123662  -32.509  -6.091  -9.468 0.0000000000
134602  -33.010  -5.577  -8.499 0.0000000000
77515  -33.963  -4.497  -7.168 0.0000000000
69218  -29.769  -14.010  -4.025 0.0000000000
75873  -29.938  -6.755  -10.198 0.0000000000
140606  -31.213  -8.149  -10.040 0.0000000000
129153  -30.929  -8.210  -8.568 0.0000000000
73981  -31.710  -9.102  -7.026 0.0000000000
96775  -22.497  18.360  -15.357 0.0000000000
134018  -24.864  15.790  -14.602 0.0000000000
95896  -25.745  16.738  -14.521 0.0000000000
145815  -27.076  17.964  -13.335 0.0000000000
95890  -27.824  16.765  -12.490 0.0000000000
137990  -28.296  16.181  -12.275 0.0000000000
93428  -27.900  13.513  -15.237 0.0000000000
93413  -28.769  14.114  -12.279 0.0000000000
146324  -29.257  15.190  -11.267 0.0000000000
93403  -29.825  13.904  -11.009 0.0000000000
92629  -30.087  12.300  -10.855 0.0000000000
91834  -30.489  11.524  -10.408 0.0000000000
144878  -28.845  8.521  -14.991 0.0000000000
89268  -29.657  9.324  -13.625 0.0000000000
90145  -30.542  9.545  -11.939 0.0000000000
91004  -30.847  10.652  -10.123 0.0000000000
90126  -31.376  9.340  -9.819 0.0000000000
149405  -31.548  7.039  -8.993 0.0000000000
85524  -30.908  4.782  -11.077 0.0000000000
86443  -31.388  5.525  -9.728 0.0000000000
80175  -29.770  -1.522  -12.448 0.0000000000
138380  -31.246  -1.023  -11.494 0.0000000000
81058  -31.701  -0.209  -10.444 0.0000000000
78369  -32.317  -3.308  -10.209 0.0000000000
80152  -32.195  -1.623  -9.899 0.0000000000
147408  -32.538  0.223  -9.197 0.0000000000
141853  -33.125  1.145  -8.206 0.0000000000
125309  -33.520  1.057  -7.443 0.0000000000
71993  -29.901  -10.713  -7.271 0.0000000000
71995  -31.234  -9.861  -6.738 0.0000000000
72962  -31.756  -9.963  -5.945 0.0000000000
123782  -32.142  -8.393  -7.260 0.0000000000
140475  -32.875  -7.841  -6.787 0.0000000000
146872  -32.846  -8.870  -5.877 0.0000000000
65713  -30.145  -17.857  -2.813 0.0000000000
127206  -29.468  -17.024  -2.975 0.0000000000
90166  -28.895  10.372  -16.394 0.0000000000
91035  -29.298  10.882  -15.120 0.0000000000
139098  -29.502  10.397  -14.569 0.0000000000
91027  -29.564  10.696  -13.996 0.0000000000
138016  -29.737  4.830  -13.731 0.0000000000
86477  -29.469  5.446  -14.283 0.0000000000
86468  -29.774  5.647  -13.456 0.0000000000
87365  -29.601  6.512  -13.235 0.0000000000
86469  -30.116  5.912  -12.842 0.0000000000
87357  -30.509  6.477  -11.781 0.0000000000
86461  -30.430  5.769  -12.228 0.0000000000
131743  -31.672  1.988  -10.528 0.0000000000
83707  -31.733  2.922  -10.327 0.0000000000
138476  -32.053  2.242  -9.951 0.0000000000
77566  -30.317  -4.567  -11.185 0.0000000000
129047  -30.834  -4.057  -11.395 0.0000000000
77567  -31.491  -4.513  -11.169 0.0000000000
78346  -33.611  -3.453  -7.849 0.0000000000
78358  -33.306  -2.981  -8.391 0.0000000000
79231  -33.835  -2.219  -7.464 0.0000000000
80117  -33.612  -1.463  -7.699 0.0000000000
79219  -34.269  -2.308  -6.876 0.0000000000
78335  -34.502  -3.054  -6.568 0.0000000000
70123  -30.424  -12.712  -4.661 0.0000000000
83741  -29.243  2.247  -14.172 0.0000000000
82897  -29.656  1.608  -13.553 0.0000000000
147209  -30.282  0.395  -12.644 0.0000000000
81974  -30.667  0.135  -12.000 0.0000000000
140488  -32.388  -7.402  -10.486 0.0000000000
140552  -32.864  -7.121  -10.481 0.0000000000
140640  -33.159  -6.539  -7.605 0.0000000000
123559  -33.302  -5.935  -7.878 0.0000000000
76684  -33.540  -5.193  -7.683 0.0000000000
76673  -34.071  -5.313  -6.860 0.0000000000
75832  -34.121  -6.141  -6.443 0.0000000000
65724  -28.213  -17.621  -4.083 0.0000000000
64795  -28.115  -18.227  -4.213 0.0000000000
69219  -30.412  -13.739  -3.780 0.0000000000
123637  -30.914  -7.367  -10.215 0.0000000000
73997  -30.666  -9.002  -8.140 0.0000000000
123189  -31.459  -8.665  -7.837 0.0000000000
72991  -31.000  -9.437  -7.545 0.0000000000
96764  -24.626  17.155  -13.329 0.0000000000
96763  -23.517  17.682  -13.847 0.0000000000
96776  -23.391  17.968  -14.881 0.0000000000
96789  -24.207  18.106  -15.345 0.0000000000
96777  -24.730  17.378  -14.657 0.0000000000
95059  -26.106  16.298  -15.392 0.0000000000
95058  -25.328  16.234  -16.188 0.0000000000
96778  -25.863  17.490  -14.382 0.0000000000
96779  -26.770  17.440  -13.898 0.0000000000
95050  -27.762  15.347  -13.572 0.0000000000
137225  -27.726  16.109  -13.084 0.0000000000
95043  -28.285  15.509  -12.518 0.0000000000
92643  -28.162  12.567  -14.994 0.0000000000
92635  -28.513  12.820  -13.769 0.0000000000
145414  -29.233  14.415  -11.423 0.0000000000
93414  -29.251  13.583  -11.688 0.0000000000
92628  -29.677  12.227  -11.695 0.0000000000
91841  -30.192  11.469  -11.416 0.0000000000
87383  -29.249  6.105  -14.821 0.0000000000
87382  -29.169  6.816  -15.586 0.0000000000
88317  -28.761  7.757  -15.162 0.0000000000
89267  -29.212  8.921  -14.363 0.0000000000
88310  -28.781  8.000  -14.170 0.0000000000
88294  -30.023  8.020  -11.634 0.0000000000
89254  -30.003  8.767  -12.147 0.0000000000
90135  -30.918  9.506  -11.215 0.0000000000
133154  -31.106  10.053  -10.897 0.0000000000
91005  -31.169  9.880  -10.198 0.0000000000
90136  -31.169  9.408  -10.518 0.0000000000
88287  -30.683  7.244  -10.442 0.0000000000
138526  -30.940  8.078  -10.187 0.0000000000
88288  -31.213  7.314  -9.641 0.0000000000
88278  -31.556  7.866  -8.969 0.0000000000
84614  -30.565  3.476  -12.167 0.0000000000
85532  -30.488  4.891  -11.878 0.0000000000
84600  -30.886  3.987  -11.606 0.0000000000
85517  -31.914  3.723  -9.665 0.0000000000
85525  -31.394  4.580  -10.232 0.0000000000
86430  -31.753  5.625  -8.943 0.0000000000
83690  -32.754  2.990  -8.400 0.0000000000
80174  -28.949  -1.649  -12.173 0.0000000000
80163  -31.093  -1.583  -11.759 0.0000000000
80164  -31.454  -1.477  -11.231 0.0000000000
137245  -31.552  -0.909  -10.860 0.0000000000
127104  -32.496  -5.089  -10.020 0.0000000000
140594  -32.172  -4.215  -10.709 0.0000000000
142050  -32.558  -4.236  -10.100 0.0000000000
80141  -32.645  -1.510  -9.163 0.0000000000
79256  -32.478  -2.418  -9.612 0.0000000000
81046  -32.356  -0.913  -9.524 0.0000000000
131088  -32.771  0.726  -8.824 0.0000000000
81908  -33.661  0.045  -7.360 0.0000000000
144749  -33.933  0.551  -6.862 0.0000000000
71054  -31.143  -11.334  -5.317 0.0000000000
148205  -31.191  -10.426  -6.218 0.0000000000
124850  -31.503  -10.638  -5.582 0.0000000000
81989  -29.748  0.193  -13.124 0.0000000000
81081  -29.571  -0.577  -12.994 0.0000000000
140481  -31.902  -7.174  -8.724 0.0000000000
123555  -32.205  -6.634  -9.173 0.0000000000
135173  -32.581  -6.907  -8.125 0.0000000000
123597  -33.561  -6.924  -6.815 0.0000000000
123570  -33.662  -7.648  -6.099 0.0000000000
65725  -28.790  -18.175  -4.036 0.0000000000
68383  -28.817  -15.032  -3.922 0.0000000000
67523  -29.309  -15.366  -3.488 0.0000000000
67524  -30.056  -15.370  -3.146 0.0000000000
74023  -30.036  -7.792  -8.967 0.0000000000
74012  -29.501  -8.371  -8.419 0.0000000000
72989  -29.839  -9.235  -8.107 0.0000000000
140840  -26.668  15.950  -15.802 0.0000000000
94206  -27.279  15.136  -14.951 0.0000000000
91858  -28.570  11.821  -14.750 0.0000000000
91868  -29.174  11.250  -14.685 0.0000000000
92636  -29.184  12.303  -12.697 0.0000000000
129045  -29.384  12.885  -11.966 0.0000000000
144598  -29.351  11.618  -13.098 0.0000000000
91849  -29.821  11.014  -13.071 0.0000000000
91019  -30.075  10.337  -13.013 0.0000000000
88311  -29.165  7.511  -13.346 0.0000000000
134956  -29.865  7.141  -12.740 0.0000000000
88295  -30.343  7.251  -11.238 0.0000000000
87349  -30.623  6.411  -10.877 0.0000000000
84601  -31.271  3.393  -10.999 0.0000000000
85502  -32.281  4.060  -8.829 0.0000000000
84584  -32.447  3.284  -8.999 0.0000000000
83699  -32.639  2.536  -8.928 0.0000000000
144900  -32.925  2.372  -8.360 0.0000000000
78408  -30.065  -2.676  -11.758 0.0000000000
130617  -30.676  -3.195  -11.480 0.0000000000
130228  -31.198  -2.937  -11.306 0.0000000000
78357  -32.822  -3.348  -9.271 0.0000000000
80129  -33.142  -1.409  -8.413 0.0000000000
81005  -33.836  -0.812  -7.239 0.0000000000
139395  -34.214  -1.039  -6.761 0.0000000000
138865  -34.542  -0.942  -6.231 0.0000000000
70141  -29.940  -12.441  -5.516 0.0000000000
71053  -30.446  -11.717  -5.815 0.0000000000
71067  -30.093  -11.374  -6.617 0.0000000000
85552  -29.408  3.975  -14.077 0.0000000000
85540  -29.940  4.117  -13.227 0.0000000000
84613  -30.174  3.379  -12.834 0.0000000000
83732  -30.418  2.736  -12.388 0.0000000000
82898  -30.296  1.828  -12.742 0.0000000000
128463  -30.731  2.150  -11.832 0.0000000000
82887  -31.188  1.608  -11.251 0.0000000000
82870  -31.601  1.117  -10.651 0.0000000000
123756  -32.152  -6.345  -11.072 0.0000000000
123186  -31.814  -5.353  -11.071 0.0000000000
123596  -32.502  -6.065  -10.969 0.0000000000
123187  -32.694  -6.252  -10.638 0.0000000000
76706  -32.677  -5.322  -9.377 0.0000000000
130502  -33.164  -4.754  -8.501 0.0000000000
77525  -33.588  -4.261  -7.841 0.0000000000
137481  -33.875  -3.812  -7.370 0.0000000000
137896  -34.252  -3.801  -6.817 0.0000000000
63896  -28.733  -19.016  -4.289 0.0000000000
69242  -29.216  -13.589  -4.745 0.0000000000
68406  -29.007  -14.334  -4.283 0.0000000000
69243  -30.083  -13.366  -4.347 0.0000000000
75881  -30.940  -6.352  -10.752 0.0000000000
123185  -32.057  -7.131  -10.812 0.0000000000
140616  -31.720  -7.656  -10.260 0.0000000000
123592  -31.874  -8.143  -10.045 0.0000000000
123770  -30.885  -8.051  -9.534 0.0000000000
140553  -31.386  -7.639  -9.169 0.0000000000
123672  -31.649  -7.918  -8.306 0.0000000000
147227  -31.932  -8.195  -7.797 0.0000000000
95052  -25.540  16.085  -13.634 0.0000000000
95053  -25.457  16.511  -15.066 0.0000000000
96790  -25.125  18.214  -15.015 0.0000000000
95889  -27.209  16.776  -13.529 0.0000000000
96765  -27.383  17.401  -12.863 0.0000000000
136222  -27.623  18.122  -12.544 0.0000000000
96766  -28.221  17.561  -11.983 0.0000000000
95879  -28.580  16.734  -11.747 0.0000000000
139880  -27.765  14.276  -14.710 0.0000000000
93420  -28.330  13.873  -13.581 0.0000000000
94200  -28.333  14.726  -12.908 0.0000000000
95044  -28.856  15.863  -11.620 0.0000000000
95880  -29.151  16.643  -10.968 0.0000000000
95033  -29.515  15.854  -10.665 0.0000000000
94187  -29.893  14.881  -10.731 0.0000000000
93415  -29.756  13.027  -11.261 0.0000000000
89279  -28.685  8.587  -16.040 0.0000000000
89274  -29.086  9.497  -15.521 0.0000000000
90159  -29.461  9.816  -14.531 0.0000000000
90151  -30.129  9.601  -12.828 0.0000000000
89261  -29.755  8.866  -12.902 0.0000000000
90152  -30.512  10.081  -12.343 0.0000000000
91012  -30.722  10.718  -11.157 0.0000000000
89247  -31.308  8.769  -10.079 0.0000000000
89223  -31.824  8.648  -8.659 0.0000000000
86452  -30.976  5.535  -10.553 0.0000000000
85533  -31.207  4.088  -10.869 0.0000000000
87340  -31.429  6.377  -9.325 0.0000000000
85490  -32.643  4.133  -8.113 0.0000000000
148859  -29.698  -1.057  -12.773 0.0000000000
137946  -30.133  -0.997  -12.658 0.0000000000
79296  -30.172  -2.040  -12.123 0.0000000000
80176  -30.477  -1.570  -12.205 0.0000000000
81069  -30.770  -0.829  -12.103 0.0000000000
81070  -31.224  -0.251  -11.284 0.0000000000
81960  -31.503  0.381  -10.751 0.0000000000
81944  -31.914  0.551  -10.142 0.0000000000
78397  -31.785  -4.157  -11.039 0.0000000000
78381  -31.757  -3.285  -10.916 0.0000000000
79271  -31.990  -2.414  -10.415 0.0000000000
80151  -31.770  -1.595  -10.625 0.0000000000
81059  -31.943  -0.899  -10.140 0.0000000000
81045  -32.217  -0.137  -9.663 0.0000000000
81945  -32.365  0.695  -9.505 0.0000000000
82858  -32.525  1.329  -9.280 0.0000000000
82850  -32.831  1.722  -8.718 0.0000000000
82839  -33.217  1.869  -7.943 0.0000000000
81923  -33.186  0.327  -8.080 0.0000000000
72005  -29.788  -10.035  -7.732 0.0000000000
72006  -30.486  -10.084  -7.361 0.0000000000
71994  -30.638  -10.619  -6.752 0.0000000000
142930  -31.941  -9.422  -6.375 0.0000000000
80102  -34.430  -1.639  -6.535 0.0000000000
87366  -30.245  6.515  -12.522 0.0000000000
88301  -29.274  8.417  -13.441 0.0000000000
89246  -30.899  8.801  -10.703 0.0000000000
94196  -28.709  14.932  -11.915 0.0000000000
96788  -23.316  18.365  -15.507 0.0000000000
97584  -22.472  18.745  -15.853 0.0000000000
123188  -32.020  -4.975  -10.915 0.0000000000
124125  -31.168  -4.781  -11.206 0.0000000000
130854  -29.218  -1.078  -12.688 0.0000000000
134021  -30.857  10.118  -11.681 0.0000000000
137669  -33.621  -2.773  -7.791 0.0000000000
145739  -25.456  15.559  -13.621 0.0000000000
