#!ascii label  , from subject sub-v1s0x0050646_ses-1 vox2ras=TkReg
748
38667  17.126  -52.109  71.697 0.0000000000
35673  4.365  -54.408  54.410 0.0000000000
144724  13.580  -58.973  64.983 0.0000000000
36662  15.377  -53.352  61.725 0.0000000000
39823  15.184  -50.957  56.009 0.0000000000
34502  17.571  -55.706  68.335 0.0000000000
37709  16.884  -53.257  67.699 0.0000000000
40769  17.938  -49.816  68.037 0.0000000000
35554  19.028  -54.069  65.797 0.0000000000
32500  14.924  -58.236  62.426 0.0000000000
40808  13.526  -49.252  63.466 0.0000000000
149905  14.569  -52.443  58.293 0.0000000000
43002  14.130  -47.485  60.254 0.0000000000
32504  7.458  -58.866  62.818 0.0000000000
34568  8.325  -56.889  60.033 0.0000000000
35586  14.444  -55.324  63.025 0.0000000000
136170  15.511  -50.355  65.251 0.0000000000
35646  8.557  -55.095  57.075 0.0000000000
130819  8.882  -54.349  54.456 0.0000000000
37851  10.543  -53.186  51.371 0.0000000000
39850  16.206  -50.171  52.122 0.0000000000
35531  18.179  -54.350  69.461 0.0000000000
36592  17.495  -54.051  69.708 0.0000000000
39703  17.798  -50.591  69.472 0.0000000000
38685  19.315  -51.417  67.325 0.0000000000
36589  19.013  -53.648  68.768 0.0000000000
34510  18.106  -56.007  67.052 0.0000000000
41897  14.273  -48.148  61.643 0.0000000000
31506  10.276  -58.950  64.011 0.0000000000
33490  10.362  -57.640  62.184 0.0000000000
33480  13.519  -57.216  63.916 0.0000000000
38680  14.947  -51.583  68.476 0.0000000000
38694  16.457  -51.972  66.205 0.0000000000
136031  13.939  -59.071  63.749 0.0000000000
139864  11.713  -58.700  60.364 0.0000000000
30410  11.121  -59.704  62.811 0.0000000000
30425  8.014  -60.049  61.740 0.0000000000
34564  12.411  -55.837  60.503 0.0000000000
35623  8.840  -55.880  58.493 0.0000000000
35631  11.992  -54.750  58.634 0.0000000000
38803  14.853  -51.677  57.248 0.0000000000
37807  12.219  -53.740  56.108 0.0000000000
37820  12.626  -53.379  54.589 0.0000000000
36759  9.308  -53.920  52.955 0.0000000000
36744  12.466  -53.420  53.200 0.0000000000
33464  15.357  -57.834  66.541 0.0000000000
34517  15.290  -56.924  66.324 0.0000000000
131103  16.871  -55.319  68.000 0.0000000000
37694  15.921  -52.959  69.910 0.0000000000
41849  16.992  -48.021  66.788 0.0000000000
41864  19.365  -48.572  64.049 0.0000000000
40780  19.264  -49.916  66.171 0.0000000000
37752  19.662  -52.786  63.760 0.0000000000
33485  17.243  -56.379  62.967 0.0000000000
32483  16.464  -57.854  65.564 0.0000000000
39764  16.537  -50.401  62.835 0.0000000000
135574  14.983  -52.823  60.132 0.0000000000
40834  16.200  -49.596  61.548 0.0000000000
40853  15.969  -49.176  60.182 0.0000000000
145495  15.891  -48.406  58.753 0.0000000000
39695  16.156  -50.757  71.980 0.0000000000
44913  18.414  -45.302  67.097 0.0000000000
44887  18.394  -45.256  68.818 0.0000000000
42930  15.324  -47.156  68.737 0.0000000000
41827  15.786  -49.164  69.923 0.0000000000
153575  5.500  -59.227  60.216 0.0000000000
33519  5.901  -57.107  60.155 0.0000000000
33504  8.099  -57.745  61.709 0.0000000000
33501  11.153  -57.000  61.522 0.0000000000
35596  14.610  -54.691  62.268 0.0000000000
35575  15.648  -54.632  64.933 0.0000000000
36631  16.158  -53.251  64.072 0.0000000000
149501  16.515  -52.140  63.233 0.0000000000
40795  15.055  -49.531  64.110 0.0000000000
34579  5.935  -56.281  58.881 0.0000000000
35649  5.636  -54.848  56.717 0.0000000000
36710  4.966  -54.052  55.779 0.0000000000
36694  12.467  -53.974  57.460 0.0000000000
36720  8.821  -54.543  55.654 0.0000000000
36738  4.997  -53.678  54.628 0.0000000000
36749  6.492  -53.620  53.265 0.0000000000
36772  6.792  -53.392  51.741 0.0000000000
43030  14.428  -46.723  58.709 0.0000000000
41948  16.159  -48.559  56.968 0.0000000000
41957  16.554  -48.209  54.614 0.0000000000
141833  15.703  -50.614  53.917 0.0000000000
38858  12.942  -52.531  51.208 0.0000000000
36571  17.817  -53.435  70.963 0.0000000000
36562  17.284  -53.474  71.480 0.0000000000
135199  17.044  -53.129  71.948 0.0000000000
38666  17.354  -51.419  70.985 0.0000000000
138116  18.093  -51.286  69.694 0.0000000000
37688  18.049  -52.819  70.813 0.0000000000
36580  18.444  -53.847  69.840 0.0000000000
133359  6.642  -55.603  53.201 0.0000000000
150889  4.517  -54.465  53.182 0.0000000000
31505  11.156  -59.310  64.078 0.0000000000
32493  12.367  -58.489  63.991 0.0000000000
33474  13.248  -58.126  64.255 0.0000000000
43994  17.958  -46.465  63.923 0.0000000000
31496  13.582  -59.011  65.008 0.0000000000
30408  12.371  -59.423  62.897 0.0000000000
30384  12.262  -59.297  64.293 0.0000000000
30396  10.298  -59.655  63.650 0.0000000000
36664  14.229  -54.297  60.735 0.0000000000
35611  12.815  -55.154  60.021 0.0000000000
36671  13.952  -53.980  59.952 0.0000000000
38810  14.731  -51.617  56.424 0.0000000000
38811  14.183  -52.283  56.027 0.0000000000
37812  13.998  -52.415  55.178 0.0000000000
37828  12.921  -53.203  53.842 0.0000000000
38823  14.148  -52.322  54.322 0.0000000000
33458  16.452  -57.320  67.181 0.0000000000
34512  16.505  -56.168  67.646 0.0000000000
34506  17.082  -56.029  68.123 0.0000000000
37693  16.797  -53.587  69.845 0.0000000000
37695  14.932  -52.770  69.942 0.0000000000
41841  17.080  -48.564  67.222 0.0000000000
41848  17.678  -48.609  66.562 0.0000000000
147683  18.499  -49.950  67.373 0.0000000000
155030  19.648  -52.499  66.359 0.0000000000
38701  19.793  -51.762  65.920 0.0000000000
36630  19.334  -53.397  64.311 0.0000000000
34521  18.169  -55.316  64.143 0.0000000000
34511  17.704  -56.400  67.536 0.0000000000
33456  17.673  -56.603  66.857 0.0000000000
33457  17.202  -56.846  67.416 0.0000000000
32477  15.613  -58.210  66.308 0.0000000000
40806  15.496  -49.375  63.374 0.0000000000
39778  16.486  -50.328  61.967 0.0000000000
40819  15.044  -48.798  62.731 0.0000000000
41910  13.586  -47.773  61.045 0.0000000000
41908  15.490  -48.395  60.578 0.0000000000
43001  15.141  -47.762  60.122 0.0000000000
41919  15.782  -48.473  59.715 0.0000000000
43014  15.441  -47.821  59.401 0.0000000000
43965  16.278  -46.652  67.725 0.0000000000
31537  6.217  -58.755  61.415 0.0000000000
32525  6.076  -57.731  60.898 0.0000000000
32514  7.271  -58.090  62.069 0.0000000000
33488  12.317  -57.049  62.660 0.0000000000
34543  12.885  -56.390  62.120 0.0000000000
34555  13.375  -55.660  61.622 0.0000000000
35556  16.319  -55.075  67.018 0.0000000000
150866  15.695  -55.526  66.088 0.0000000000
130360  16.580  -53.748  66.450 0.0000000000
135176  15.497  -50.721  66.042 0.0000000000
37724  16.561  -52.137  65.370 0.0000000000
146921  16.587  -51.683  64.681 0.0000000000
37753  16.327  -52.689  63.655 0.0000000000
156527  16.455  -51.103  64.704 0.0000000000
39750  16.450  -50.458  63.690 0.0000000000
39737  14.573  -49.862  64.924 0.0000000000
144385  20.201  -50.148  63.398 0.0000000000
41875  20.027  -48.825  62.779 0.0000000000
139828  15.403  -57.474  60.972 0.0000000000
136754  14.524  -57.557  59.801 0.0000000000
32524  14.309  -57.971  60.497 0.0000000000
149866  10.390  -59.029  60.351 0.0000000000
31546  11.128  -58.625  59.727 0.0000000000
30400  7.400  -59.556  62.894 0.0000000000
30427  6.548  -59.640  61.636 0.0000000000
33527  6.810  -56.774  59.984 0.0000000000
33529  5.702  -56.836  59.475 0.0000000000
34569  7.513  -56.456  59.401 0.0000000000
35635  8.466  -55.468  57.808 0.0000000000
35636  7.468  -55.529  57.932 0.0000000000
35647  7.456  -55.180  57.196 0.0000000000
35657  6.023  -54.538  56.346 0.0000000000
35656  7.047  -54.734  56.555 0.0000000000
37784  15.306  -52.110  59.800 0.0000000000
36685  13.565  -53.552  58.504 0.0000000000
37792  14.062  -53.028  58.015 0.0000000000
36718  11.574  -53.931  55.655 0.0000000000
36705  11.351  -54.184  56.340 0.0000000000
36734  9.664  -54.441  55.109 0.0000000000
148503  7.322  -54.250  55.250 0.0000000000
36735  7.907  -54.277  54.931 0.0000000000
133261  5.706  -53.643  53.891 0.0000000000
130653  7.808  -54.081  54.208 0.0000000000
36769  10.133  -53.683  52.318 0.0000000000
36771  8.041  -53.473  51.812 0.0000000000
37853  7.653  -53.125  50.907 0.0000000000
44049  13.652  -46.327  57.985 0.0000000000
43029  15.401  -46.919  57.986 0.0000000000
43043  15.835  -46.898  56.986 0.0000000000
40930  16.486  -49.432  52.604 0.0000000000
40920  16.434  -49.338  53.598 0.0000000000
40908  16.110  -49.972  54.179 0.0000000000
39841  15.484  -51.088  53.299 0.0000000000
38845  14.267  -52.199  52.161 0.0000000000
38856  14.530  -51.728  51.460 0.0000000000
35541  17.907  -55.066  68.888 0.0000000000
36591  17.671  -54.593  69.049 0.0000000000
36581  17.839  -54.189  69.612 0.0000000000
40764  17.974  -50.226  68.762 0.0000000000
40768  18.381  -50.377  68.182 0.0000000000
39706  18.234  -50.772  68.908 0.0000000000
37708  19.476  -52.305  67.743 0.0000000000
146632  19.228  -53.803  67.397 0.0000000000
155768  18.762  -54.748  66.273 0.0000000000
35539  18.886  -54.373  68.438 0.0000000000
35540  18.337  -54.972  68.921 0.0000000000
40821  12.129  -49.419  62.838 0.0000000000
41888  14.064  -48.514  62.363 0.0000000000
40836  12.039  -48.988  62.257 0.0000000000
41898  11.737  -48.592  61.467 0.0000000000
130246  12.374  -48.004  60.937 0.0000000000
32503  7.989  -59.065  63.286 0.0000000000
32502  8.810  -58.648  63.128 0.0000000000
133100  9.867  -58.519  63.113 0.0000000000
33482  11.811  -57.920  63.233 0.0000000000
34531  13.897  -56.298  63.555 0.0000000000
38678  16.190  -51.995  67.803 0.0000000000
38686  16.521  -52.374  67.152 0.0000000000
38687  15.437  -51.387  67.632 0.0000000000
151929  14.897  -50.975  67.174 0.0000000000
39720  13.998  -50.645  66.300 0.0000000000
39727  13.773  -50.321  65.504 0.0000000000
31513  14.417  -58.685  62.892 0.0000000000
31522  13.937  -58.501  61.438 0.0000000000
31523  13.148  -58.978  62.211 0.0000000000
30409  11.674  -59.406  62.382 0.0000000000
151851  10.026  -59.518  61.553 0.0000000000
30439  8.721  -59.634  60.640 0.0000000000
30411  9.145  -59.902  62.885 0.0000000000
30398  8.471  -59.628  63.321 0.0000000000
34565  11.743  -56.183  60.290 0.0000000000
34577  8.581  -56.398  59.152 0.0000000000
140377  10.403  -56.315  59.570 0.0000000000
35621  10.436  -55.542  58.605 0.0000000000
35632  11.182  -54.906  58.313 0.0000000000
38794  14.953  -51.799  58.078 0.0000000000
37798  13.839  -52.980  57.200 0.0000000000
37805  13.683  -52.876  56.408 0.0000000000
37814  12.258  -53.589  55.318 0.0000000000
36732  11.326  -53.964  54.459 0.0000000000
148611  9.422  -54.240  53.768 0.0000000000
36746  11.160  -53.944  53.679 0.0000000000
36758  10.874  -53.804  52.876 0.0000000000
37837  11.084  -53.499  52.091 0.0000000000
39859  16.188  -50.112  51.474 0.0000000000
38870  13.871  -51.542  50.410 0.0000000000
39870  14.414  -50.944  49.960 0.0000000000
32485  14.467  -58.447  65.646 0.0000000000
33472  14.302  -57.856  65.384 0.0000000000
33465  14.779  -57.837  66.043 0.0000000000
34513  15.881  -56.383  67.067 0.0000000000
36606  16.886  -54.008  67.370 0.0000000000
134611  17.086  -53.610  68.862 0.0000000000
141198  16.624  -52.701  68.006 0.0000000000
37701  15.403  -52.155  69.137 0.0000000000
42947  16.938  -47.002  66.169 0.0000000000
42952  17.774  -47.588  65.028 0.0000000000
41857  17.822  -48.119  65.759 0.0000000000
40772  19.024  -50.339  66.933 0.0000000000
38700  19.971  -51.323  65.268 0.0000000000
147809  20.076  -52.213  63.135 0.0000000000
33499  16.593  -56.696  61.657 0.0000000000
32510  16.128  -57.326  62.205 0.0000000000
34522  17.758  -56.100  64.698 0.0000000000
33471  16.864  -57.249  64.521 0.0000000000
32491  16.314  -57.753  64.357 0.0000000000
32484  15.684  -58.369  65.290 0.0000000000
31490  15.041  -58.585  65.857 0.0000000000
37772  16.327  -51.872  61.818 0.0000000000
37779  15.231  -53.105  60.900 0.0000000000
38770  16.096  -51.765  61.051 0.0000000000
38776  16.217  -51.079  60.847 0.0000000000
39800  15.795  -50.831  59.848 0.0000000000
41887  14.883  -48.514  62.009 0.0000000000
40835  15.843  -48.984  61.055 0.0000000000
39805  15.726  -50.581  59.226 0.0000000000
143463  15.742  -50.371  58.385 0.0000000000
39811  15.736  -50.266  57.459 0.0000000000
39816  15.739  -50.164  56.466 0.0000000000
39694  16.826  -51.069  71.544 0.0000000000
44937  17.550  -45.922  65.843 0.0000000000
44861  20.175  -45.785  69.106 0.0000000000
44862  19.619  -45.612  69.618 0.0000000000
44886  19.283  -45.423  68.743 0.0000000000
131629  18.468  -45.206  68.027 0.0000000000
132935  17.605  -45.539  67.521 0.0000000000
43977  17.073  -46.410  66.315 0.0000000000
152494  16.533  -47.879  67.237 0.0000000000
41836  16.259  -48.592  68.210 0.0000000000
41832  15.165  -47.953  69.457 0.0000000000
41835  16.835  -49.329  68.750 0.0000000000
39704  17.235  -50.329  69.976 0.0000000000
39700  17.059  -50.650  70.784 0.0000000000
33518  6.371  -57.130  60.465 0.0000000000
33516  8.203  -57.332  60.878 0.0000000000
33503  8.775  -57.959  62.134 0.0000000000
33502  10.356  -57.239  61.303 0.0000000000
34566  9.753  -57.125  60.639 0.0000000000
34557  11.849  -56.511  60.960 0.0000000000
35604  13.805  -54.963  61.148 0.0000000000
36655  14.975  -54.054  62.029 0.0000000000
34524  14.722  -57.018  65.399 0.0000000000
34523  15.125  -55.782  65.191 0.0000000000
35576  15.175  -54.871  63.893 0.0000000000
36616  16.549  -53.052  65.600 0.0000000000
36632  16.162  -53.611  64.799 0.0000000000
131554  15.750  -53.945  64.047 0.0000000000
36645  15.920  -53.383  63.406 0.0000000000
37767  16.125  -52.750  62.816 0.0000000000
134029  16.137  -52.438  62.154 0.0000000000
38738  16.763  -51.322  63.226 0.0000000000
40805  16.155  -49.829  63.305 0.0000000000
40796  14.023  -49.525  64.126 0.0000000000
39728  12.842  -50.580  65.197 0.0000000000
39739  12.491  -50.300  64.433 0.0000000000
144240  12.247  -50.048  63.811 0.0000000000
148927  13.765  -57.548  58.314 0.0000000000
31545  12.151  -58.449  59.664 0.0000000000
34588  7.018  -55.840  58.516 0.0000000000
35638  5.976  -55.272  57.542 0.0000000000
34624  4.244  -54.206  54.951 0.0000000000
36670  14.384  -53.259  59.678 0.0000000000
151755  12.344  -54.405  58.431 0.0000000000
36688  11.024  -54.617  57.626 0.0000000000
36704  12.158  -53.980  56.750 0.0000000000
147116  10.886  -54.448  56.982 0.0000000000
36697  9.390  -54.810  56.861 0.0000000000
36708  6.792  -54.459  55.987 0.0000000000
36724  4.939  -53.902  55.408 0.0000000000
146551  4.112  -54.050  54.357 0.0000000000
35681  4.172  -54.012  53.652 0.0000000000
36760  8.331  -53.733  52.711 0.0000000000
36762  6.020  -53.530  52.522 0.0000000000
41920  11.807  -47.659  60.161 0.0000000000
153831  12.754  -46.891  59.166 0.0000000000
43016  13.523  -47.030  59.509 0.0000000000
137272  15.371  -47.403  58.809 0.0000000000
134624  16.031  -48.544  57.789 0.0000000000
39822  15.614  -50.384  55.523 0.0000000000
41947  16.379  -48.378  56.119 0.0000000000
40900  16.046  -49.853  55.060 0.0000000000
39830  15.138  -51.065  55.136 0.0000000000
38832  14.329  -52.215  53.594 0.0000000000
37848  12.888  -52.950  51.947 0.0000000000
37850  11.375  -52.970  51.296 0.0000000000
37867  11.688  -52.346  50.610 0.0000000000
37684  17.600  -52.994  71.430 0.0000000000
37683  17.608  -52.256  71.084 0.0000000000
38670  17.856  -51.845  70.461 0.0000000000
36570  18.278  -53.373  70.361 0.0000000000
34631  5.942  -55.557  54.022 0.0000000000
34632  4.707  -54.810  53.772 0.0000000000
34642  5.286  -55.070  53.162 0.0000000000
31504  12.016  -59.171  64.354 0.0000000000
32487  12.996  -58.863  64.677 0.0000000000
44959  17.680  -45.941  65.159 0.0000000000
44977  17.951  -45.788  64.442 0.0000000000
43995  17.634  -46.519  64.723 0.0000000000
30383  12.713  -59.364  64.306 0.0000000000
31497  12.945  -59.120  64.635 0.0000000000
36663  14.827  -53.834  61.214 0.0000000000
149939  14.605  -53.552  60.410 0.0000000000
38816  14.644  -51.659  55.595 0.0000000000
37819  13.432  -52.862  54.485 0.0000000000
38822  14.626  -51.730  54.770 0.0000000000
33453  16.796  -56.658  67.698 0.0000000000
130300  17.154  -49.100  67.962 0.0000000000
41840  17.834  -49.243  67.334 0.0000000000
36605  19.397  -53.343  66.312 0.0000000000
36615  19.375  -53.359  65.236 0.0000000000
35563  18.960  -54.028  64.864 0.0000000000
35573  18.884  -54.013  63.981 0.0000000000
35574  18.570  -54.697  64.527 0.0000000000
33452  17.460  -56.222  67.977 0.0000000000
40807  14.572  -49.141  63.495 0.0000000000
41909  14.695  -47.870  60.903 0.0000000000
32505  7.009  -58.772  62.402 0.0000000000
32515  6.638  -58.324  61.774 0.0000000000
33487  13.171  -56.700  63.025 0.0000000000
34542  13.658  -55.926  62.533 0.0000000000
38702  16.249  -51.172  65.394 0.0000000000
39725  16.170  -50.511  64.564 0.0000000000
32511  15.464  -57.662  61.816 0.0000000000
32512  14.829  -58.018  61.306 0.0000000000
31547  10.098  -58.773  59.532 0.0000000000
31518  7.187  -59.266  62.721 0.0000000000
30414  7.020  -59.565  62.450 0.0000000000
31526  6.692  -59.084  62.228 0.0000000000
33517  7.533  -57.012  60.389 0.0000000000
35645  9.455  -55.089  57.496 0.0000000000
35655  7.912  -54.931  56.689 0.0000000000
37791  15.026  -52.089  58.925 0.0000000000
37786  14.322  -52.971  58.875 0.0000000000
36733  10.685  -54.288  54.834 0.0000000000
36719  10.708  -54.329  55.563 0.0000000000
131224  8.620  -54.405  55.161 0.0000000000
141228  9.746  -53.326  51.479 0.0000000000
36770  9.101  -53.584  52.029 0.0000000000
37852  8.932  -53.168  51.024 0.0000000000
44062  14.150  -45.999  57.182 0.0000000000
44061  15.073  -46.406  57.341 0.0000000000
40931  16.108  -50.248  53.171 0.0000000000
39851  15.662  -50.852  52.382 0.0000000000
38844  14.989  -51.612  52.507 0.0000000000
38855  15.204  -51.268  51.698 0.0000000000
140335  17.933  -53.825  70.284 0.0000000000
130912  16.644  -53.579  71.893 0.0000000000
37691  18.810  -52.526  69.187 0.0000000000
38673  18.555  -51.548  69.054 0.0000000000
37699  19.193  -52.805  68.585 0.0000000000
36597  19.326  -53.289  68.044 0.0000000000
36590  18.583  -54.211  69.236 0.0000000000
34501  17.973  -55.643  68.459 0.0000000000
40837  11.154  -49.198  61.840 0.0000000000
135655  11.288  -48.251  60.701 0.0000000000
31507  9.485  -59.341  63.558 0.0000000000
33481  12.708  -57.521  63.516 0.0000000000
39719  14.792  -50.682  66.557 0.0000000000
133486  13.433  -51.191  66.748 0.0000000000
133935  13.850  -58.859  62.618 0.0000000000
30395  11.570  -59.555  63.520 0.0000000000
30423  10.910  -59.439  61.973 0.0000000000
148758  9.978  -59.811  62.900 0.0000000000
30387  10.105  -59.610  63.590 0.0000000000
30397  9.426  -59.625  63.437 0.0000000000
31515  8.610  -59.417  63.442 0.0000000000
35612  12.054  -55.631  59.783 0.0000000000
35619  12.385  -54.977  59.264 0.0000000000
35620  11.423  -55.457  59.077 0.0000000000
38804  14.311  -52.307  56.807 0.0000000000
37813  13.200  -53.124  55.203 0.0000000000
149611  13.624  -52.788  55.759 0.0000000000
37821  11.908  -53.685  54.694 0.0000000000
36745  12.025  -53.626  53.949 0.0000000000
36757  11.697  -53.619  52.874 0.0000000000
37835  12.400  -53.276  52.363 0.0000000000
40953  16.155  -50.013  50.815 0.0000000000
39869  15.337  -50.569  50.361 0.0000000000
39883  14.836  -50.356  49.497 0.0000000000
32478  14.909  -58.341  66.109 0.0000000000
36598  17.222  -54.413  68.382 0.0000000000
37700  16.320  -52.581  68.830 0.0000000000
42946  17.173  -47.724  66.244 0.0000000000
131914  18.678  -49.082  65.997 0.0000000000
40788  19.388  -49.486  65.344 0.0000000000
39711  18.961  -50.893  67.533 0.0000000000
40767  18.689  -50.495  67.638 0.0000000000
133843  19.254  -50.770  66.939 0.0000000000
37739  19.691  -52.692  64.660 0.0000000000
37722  19.957  -51.976  65.013 0.0000000000
37738  20.112  -52.109  64.138 0.0000000000
38718  20.184  -51.373  64.559 0.0000000000
37765  19.518  -52.949  62.907 0.0000000000
35601  18.469  -54.409  61.648 0.0000000000
147567  17.642  -55.924  63.251 0.0000000000
33486  16.716  -56.871  62.587 0.0000000000
35564  18.422  -55.396  66.241 0.0000000000
146095  18.024  -56.028  66.256 0.0000000000
32475  16.838  -57.643  66.080 0.0000000000
33470  17.198  -57.057  65.317 0.0000000000
32492  15.639  -58.283  64.096 0.0000000000
32472  15.882  -57.814  66.889 0.0000000000
31495  14.527  -58.653  65.607 0.0000000000
38756  16.647  -51.166  62.307 0.0000000000
38769  16.427  -51.118  61.498 0.0000000000
39791  16.364  -50.396  61.141 0.0000000000
39792  16.057  -50.603  60.431 0.0000000000
143627  15.897  -50.092  59.919 0.0000000000
40868  15.957  -49.522  59.176 0.0000000000
40878  15.957  -49.430  58.118 0.0000000000
40883  15.990  -49.396  57.189 0.0000000000
39690  15.880  -51.143  72.491 0.0000000000
39696  15.453  -50.462  72.245 0.0000000000
44935  19.216  -45.156  66.676 0.0000000000
44957  19.181  -45.009  65.787 0.0000000000
44936  18.292  -45.411  66.107 0.0000000000
138168  17.773  -45.257  69.258 0.0000000000
44863  18.750  -45.358  69.693 0.0000000000
43964  16.895  -46.192  67.116 0.0000000000
42934  15.798  -47.232  68.049 0.0000000000
42937  16.254  -47.264  67.390 0.0000000000
42933  16.057  -47.841  67.776 0.0000000000
41837  15.641  -47.904  68.476 0.0000000000
140115  15.935  -48.828  68.997 0.0000000000
41831  16.629  -49.664  69.541 0.0000000000
40758  15.621  -50.057  71.626 0.0000000000
39701  16.386  -50.361  71.242 0.0000000000
30457  5.028  -59.576  59.511 0.0000000000
31538  5.700  -58.423  60.615 0.0000000000
33506  6.745  -57.580  61.232 0.0000000000
33505  7.461  -57.434  61.197 0.0000000000
145418  6.965  -57.142  60.691 0.0000000000
33491  9.437  -58.087  62.398 0.0000000000
34558  10.946  -56.686  60.566 0.0000000000
35597  14.122  -55.229  61.968 0.0000000000
35603  14.418  -54.492  61.564 0.0000000000
35565  16.135  -54.229  65.814 0.0000000000
34530  14.549  -55.991  64.278 0.0000000000
157267  16.557  -52.494  65.898 0.0000000000
135743  16.468  -52.619  64.559 0.0000000000
35585  15.488  -54.031  63.340 0.0000000000
134831  16.593  -51.938  63.904 0.0000000000
37766  16.495  -51.958  62.585 0.0000000000
39736  15.478  -49.950  64.598 0.0000000000
39751  15.889  -49.817  63.989 0.0000000000
41865  18.563  -47.921  64.457 0.0000000000
32532  13.899  -57.837  59.728 0.0000000000
32531  14.368  -57.401  58.940 0.0000000000
150138  13.136  -58.695  61.241 0.0000000000
31533  13.517  -58.335  60.492 0.0000000000
31534  12.552  -58.633  60.589 0.0000000000
33538  5.530  -56.467  58.608 0.0000000000
153104  5.442  -55.881  57.897 0.0000000000
35622  9.560  -56.149  58.867 0.0000000000
34587  7.970  -55.925  58.534 0.0000000000
35637  6.680  -55.347  57.738 0.0000000000
34597  5.574  -55.448  57.257 0.0000000000
34604  5.140  -54.884  56.318 0.0000000000
35658  5.246  -54.446  56.035 0.0000000000
35659  4.796  -54.268  55.605 0.0000000000
34614  4.635  -54.406  55.543 0.0000000000
140550  12.789  -54.059  58.254 0.0000000000
36687  11.922  -54.428  57.997 0.0000000000
36695  11.634  -54.292  57.195 0.0000000000
37806  12.968  -53.511  56.789 0.0000000000
135588  9.735  -54.534  55.751 0.0000000000
139922  10.217  -54.525  56.420 0.0000000000
36706  9.137  -54.696  56.217 0.0000000000
36707  7.996  -54.671  56.166 0.0000000000
36722  6.687  -54.218  55.483 0.0000000000
36723  5.856  -53.857  55.181 0.0000000000
36725  4.368  -53.983  55.013 0.0000000000
36739  4.308  -53.937  54.295 0.0000000000
135285  5.490  -53.611  53.185 0.0000000000
36763  4.822  -53.693  52.563 0.0000000000
131788  10.247  -54.109  53.469 0.0000000000
36747  8.578  -54.062  53.583 0.0000000000
36761  7.242  -53.574  52.570 0.0000000000
36773  5.493  -53.443  51.730 0.0000000000
43032  12.064  -46.786  58.806 0.0000000000
41940  16.001  -47.699  57.496 0.0000000000
40890  16.127  -49.270  56.357 0.0000000000
44090  16.239  -46.594  55.165 0.0000000000
43062  16.468  -47.593  55.460 0.0000000000
43049  16.294  -47.467  56.306 0.0000000000
150219  16.450  -48.524  55.272 0.0000000000
39829  15.629  -50.515  54.677 0.0000000000
39842  15.149  -51.210  54.208 0.0000000000
133820  14.626  -51.826  54.084 0.0000000000
38831  14.859  -51.682  53.466 0.0000000000
38857  13.517  -52.631  52.010 0.0000000000
37849  12.212  -52.845  51.412 0.0000000000
37685  16.454  -53.247  72.199 0.0000000000
39699  17.581  -50.969  70.236 0.0000000000
37692  18.405  -52.394  69.968 0.0000000000
143425  18.668  -53.215  69.843 0.0000000000
36579  18.829  -53.438  69.321 0.0000000000
32494  11.345  -58.766  63.989 0.0000000000
33473  13.821  -57.798  64.695 0.0000000000
31503  13.318  -59.234  64.533 0.0000000000
31514  13.075  -59.373  63.549 0.0000000000
30394  12.223  -59.498  63.964 0.0000000000
146930  10.910  -59.578  63.854 0.0000000000
30385  11.481  -59.417  64.082 0.0000000000
30386  10.718  -59.536  63.801 0.0000000000
35610  13.510  -54.683  60.352 0.0000000000
36672  13.193  -54.396  59.489 0.0000000000
37827  13.671  -52.708  53.698 0.0000000000
33459  15.816  -57.285  66.997 0.0000000000
149854  16.264  -56.836  67.387 0.0000000000
36583  15.428  -53.434  70.821 0.0000000000
36584  14.358  -53.452  70.748 0.0000000000
41847  18.360  -49.360  66.783 0.0000000000
40781  18.825  -49.779  66.646 0.0000000000
37714  19.589  -51.976  66.852 0.0000000000
37723  19.671  -52.602  65.575 0.0000000000
34529  17.793  -55.785  63.812 0.0000000000
34505  18.073  -55.933  67.889 0.0000000000
33463  17.104  -57.256  66.553 0.0000000000
32476  16.392  -57.806  66.554 0.0000000000
40817  16.034  -49.515  62.530 0.0000000000
42938  15.768  -46.734  68.389 0.0000000000
40761  15.706  -49.632  70.820 0.0000000000
33489  11.389  -57.338  62.394 0.0000000000
34544  12.054  -56.764  61.787 0.0000000000
34556  12.635  -56.131  61.278 0.0000000000
38703  16.006  -51.271  66.279 0.0000000000
38719  16.609  -51.168  64.125 0.0000000000
40794  19.625  -49.326  64.457 0.0000000000
40804  19.921  -49.225  63.534 0.0000000000
33515  15.684  -56.979  60.355 0.0000000000
32523  15.023  -57.500  60.315 0.0000000000
30413  7.469  -59.860  62.656 0.0000000000
30426  7.118  -60.036  61.820 0.0000000000
30428  5.956  -59.459  60.865 0.0000000000
33528  6.137  -56.691  59.700 0.0000000000
34578  6.557  -56.289  59.134 0.0000000000
35634  9.540  -55.493  58.181 0.0000000000
35648  6.394  -54.959  56.978 0.0000000000
37785  14.816  -52.647  59.481 0.0000000000
37799  13.282  -53.520  57.714 0.0000000000
36736  6.939  -54.005  54.832 0.0000000000
36737  6.050  -53.711  54.548 0.0000000000
130652  6.793  -53.764  54.020 0.0000000000
37854  6.306  -53.095  50.910 0.0000000000
44050  12.545  -46.296  58.082 0.0000000000
44048  14.585  -46.434  57.873 0.0000000000
130708  16.229  -47.806  56.805 0.0000000000
41967  16.547  -48.639  53.943 0.0000000000
40907  16.392  -49.133  54.604 0.0000000000
136709  13.722  -52.197  51.203 0.0000000000
131494  17.365  -53.731  70.444 0.0000000000
146545  17.481  -53.569  70.942 0.0000000000
156122  17.495  -49.728  68.553 0.0000000000
147765  18.611  -50.921  68.246 0.0000000000
38677  19.072  -51.714  68.264 0.0000000000
140430  19.545  -52.850  67.136 0.0000000000
147470  18.657  -54.731  65.469 0.0000000000
151979  19.015  -54.313  66.764 0.0000000000
35548  18.891  -54.656  67.661 0.0000000000
35555  18.595  -55.251  67.201 0.0000000000
35549  18.483  -55.287  68.260 0.0000000000
39753  12.570  -49.547  63.358 0.0000000000
142252  14.064  -48.786  63.019 0.0000000000
40820  13.025  -48.934  62.767 0.0000000000
153282  12.991  -48.318  61.857 0.0000000000
43003  12.966  -47.513  60.256 0.0000000000
32501  10.836  -58.281  63.079 0.0000000000
38695  16.098  -51.605  66.972 0.0000000000
38688  14.521  -51.277  67.719 0.0000000000
39712  15.450  -51.065  66.782 0.0000000000
39726  14.690  -50.323  65.802 0.0000000000
138085  14.409  -58.446  62.088 0.0000000000
31524  12.451  -59.042  61.708 0.0000000000
31525  11.731  -59.043  61.242 0.0000000000
31535  10.999  -59.067  60.786 0.0000000000
31536  9.625  -59.332  60.505 0.0000000000
30424  8.973  -59.800  61.668 0.0000000000
30412  8.215  -60.014  62.809 0.0000000000
30399  7.800  -59.623  63.129 0.0000000000
31517  7.623  -59.373  63.106 0.0000000000
34567  9.248  -56.715  59.793 0.0000000000
35633  10.333  -54.996  57.920 0.0000000000
38795  14.447  -52.363  57.600 0.0000000000
137204  13.022  -53.327  55.925 0.0000000000
141016  11.403  -53.947  55.090 0.0000000000
131008  9.975  -54.366  54.341 0.0000000000
155301  10.726  -54.231  54.217 0.0000000000
39860  15.702  -50.621  51.392 0.0000000000
39861  14.900  -51.192  50.859 0.0000000000
39884  13.909  -50.520  49.366 0.0000000000
132641  4.898  -55.068  54.455 0.0000000000
32486  13.856  -58.548  65.058 0.0000000000
35550  17.430  -55.357  68.510 0.0000000000
38679  15.677  -51.856  68.370 0.0000000000
43984  17.313  -46.620  65.501 0.0000000000
42962  17.380  -47.027  64.972 0.0000000000
42953  17.302  -47.319  65.574 0.0000000000
156958  18.507  -48.409  65.233 0.0000000000
41856  18.987  -48.963  65.358 0.0000000000
41855  19.133  -48.804  64.822 0.0000000000
39749  20.408  -50.855  63.370 0.0000000000
39718  19.451  -50.482  66.356 0.0000000000
38693  19.535  -51.162  66.545 0.0000000000
39723  19.765  -50.893  65.809 0.0000000000
39724  19.645  -50.227  65.623 0.0000000000
145225  19.999  -50.724  65.058 0.0000000000
38737  20.348  -51.450  63.706 0.0000000000
37764  20.065  -52.021  62.175 0.0000000000
35593  19.060  -53.571  62.574 0.0000000000
34554  17.052  -56.094  61.180 0.0000000000
33500  15.956  -57.106  61.273 0.0000000000
34515  18.213  -55.544  65.283 0.0000000000
34516  17.715  -56.493  65.839 0.0000000000
33478  17.357  -56.503  63.981 0.0000000000
33479  16.824  -57.055  63.567 0.0000000000
32498  16.237  -57.557  63.242 0.0000000000
32499  15.555  -57.963  62.893 0.0000000000
31512  14.820  -58.702  63.761 0.0000000000
31501  14.956  -58.785  65.074 0.0000000000
31502  14.103  -59.044  64.930 0.0000000000
136236  14.068  -58.820  65.276 0.0000000000
37773  15.824  -52.565  61.467 0.0000000000
37778  15.568  -52.312  60.587 0.0000000000
38777  15.821  -51.452  60.266 0.0000000000
38785  15.520  -51.378  59.440 0.0000000000
40818  15.584  -48.932  61.888 0.0000000000
41896  15.196  -48.386  61.384 0.0000000000
40852  16.152  -49.779  60.697 0.0000000000
38793  15.395  -51.214  58.634 0.0000000000
38802  15.367  -51.065  57.772 0.0000000000
39812  15.262  -50.948  56.890 0.0000000000
38661  16.480  -51.513  72.193 0.0000000000
44912  19.447  -45.343  67.652 0.0000000000
151561  17.655  -45.338  68.391 0.0000000000
131365  17.559  -45.737  66.639 0.0000000000
157008  16.540  -48.392  67.644 0.0000000000
40765  17.384  -50.007  69.195 0.0000000000
40760  16.500  -50.013  70.398 0.0000000000
32526  5.622  -57.513  60.093 0.0000000000
156638  8.869  -57.168  60.538 0.0000000000
32513  8.008  -58.360  62.650 0.0000000000
145289  9.580  -57.580  61.627 0.0000000000
137726  8.866  -57.480  61.280 0.0000000000
35605  13.105  -55.365  60.818 0.0000000000
34525  14.200  -57.056  64.522 0.0000000000
37715  16.723  -52.916  66.569 0.0000000000
35595  15.071  -54.435  62.832 0.0000000000
36654  15.562  -53.583  62.596 0.0000000000
132887  15.814  -52.951  62.145 0.0000000000
39738  13.426  -49.982  64.717 0.0000000000
39752  12.996  -49.689  64.012 0.0000000000
146746  16.577  -52.456  72.275 0.0000000000
42961  17.747  -47.101  64.436 0.0000000000
136181  18.193  -47.229  63.912 0.0000000000
42973  19.097  -47.527  62.923 0.0000000000
41876  19.586  -48.341  63.243 0.0000000000
31544  13.069  -58.243  59.694 0.0000000000
32538  12.615  -58.091  58.931 0.0000000000
32543  5.355  -57.259  58.527 0.0000000000
34589  6.236  -55.730  58.343 0.0000000000
34590  5.696  -55.783  58.124 0.0000000000
136793  5.472  -55.606  57.300 0.0000000000
36686  12.648  -54.409  58.823 0.0000000000
36679  13.754  -53.675  59.230 0.0000000000
150588  13.187  -54.001  58.867 0.0000000000
36696  10.235  -54.704  57.251 0.0000000000
36698  8.606  -54.871  56.591 0.0000000000
36721  7.723  -54.437  55.556 0.0000000000
36709  5.676  -54.230  55.775 0.0000000000
35680  4.232  -54.187  53.680 0.0000000000
36748  7.572  -53.787  53.383 0.0000000000
43017  12.393  -47.178  59.559 0.0000000000
43015  14.727  -47.277  59.520 0.0000000000
149081  15.797  -47.758  58.188 0.0000000000
40899  16.287  -49.187  55.543 0.0000000000
142003  15.967  -49.777  55.792 0.0000000000
145724  14.522  -52.075  52.951 0.0000000000
38846  13.948  -52.522  52.891 0.0000000000
134321  13.178  -53.067  52.849 0.0000000000
37836  11.775  -53.310  51.975 0.0000000000
150273  12.344  -52.306  50.675 0.0000000000
37869  9.949  -52.846  50.805 0.0000000000
31516  8.042  -59.459  63.334 0.0000000000
34576  11.341  -56.097  59.795 0.0000000000
35666  4.502  -54.118  55.334 0.0000000000
36653  18.815  -53.889  61.966 0.0000000000
36711  4.607  -53.984  55.484 0.0000000000
38755  20.346  -51.389  62.831 0.0000000000
40793  19.870  -49.901  64.055 0.0000000000
40942  16.475  -49.531  51.580 0.0000000000
