#!ascii label  , from subject sub-v1s0x0050646_ses-1 vox2ras=TkReg
930
24973  23.592  -65.144  -16.381 0.6000000238
21380  25.139  -68.940  -10.416 0.6999999881
20330  26.092  -69.444  -11.508 0.6999999881
19328  25.528  -70.203  -14.549 0.8999999762
20408  25.230  -69.108  -15.910 0.8000000119
22624  24.496  -67.502  -16.000 0.8000000119
24972  24.195  -65.159  -15.679 0.6000000238
26123  25.126  -64.494  -15.640 0.6999999881
27201  26.792  -63.947  -15.311 0.6999999881
22543  24.806  -68.248  -9.922 0.6999999881
22544  23.587  -68.199  -9.964 0.6999999881
21395  26.069  -68.900  -10.836 0.6999999881
21393  27.088  -68.135  -11.798 0.6000000238
20345  26.619  -69.108  -12.311 0.6999999881
20346  26.254  -69.817  -12.942 0.6999999881
20363  26.642  -69.081  -13.369 0.8000000119
21438  26.167  -68.331  -14.711 0.8000000119
142104  25.623  -68.011  -15.338 0.8000000119
22611  25.038  -67.450  -15.406 0.8000000119
23771  24.333  -65.936  -15.178 0.6000000238
27202  25.662  -63.903  -15.185 0.6000000238
27200  27.610  -64.085  -15.294 0.6999999881
22530  25.162  -67.477  -9.503 0.5000000000
22531  24.192  -67.559  -9.483 0.6000000238
23696  26.996  -67.091  -10.037 0.4000000060
21379  26.338  -68.208  -10.529 0.6000000238
22554  27.419  -67.249  -11.284 0.5000000000
156824  27.127  -67.838  -12.420 0.6000000238
21422  26.900  -68.294  -12.871 0.8000000119
23743  26.406  -66.945  -13.566 0.6999999881
23744  25.639  -66.840  -14.191 0.6999999881
24930  24.636  -65.410  -13.906 0.6999999881
27175  25.131  -63.445  -14.501 0.5000000000
28240  26.798  -62.562  -14.412 0.6000000238
28239  27.856  -62.353  -14.396 0.6000000238
27173  27.463  -63.367  -14.779 0.6000000238
27199  28.913  -63.941  -15.077 0.5000000000
23659  25.034  -66.266  -8.657 0.5000000000
23677  23.750  -66.924  -9.066 0.6000000238
144113  22.491  -66.435  -8.944 0.6000000238
23676  24.625  -66.912  -9.044 0.5000000000
23729  27.456  -66.563  -11.637 0.5000000000
24908  26.641  -65.570  -12.487 0.6000000238
24909  25.655  -65.272  -12.949 0.6000000238
26080  24.374  -64.862  -13.707 0.6000000238
150931  24.803  -62.980  -14.042 0.5000000000
28241  25.719  -62.695  -14.269 0.5000000000
132694  27.081  -61.795  -14.282 0.6000000238
29295  27.671  -61.289  -14.441 0.6000000238
29294  28.536  -61.542  -14.439 0.5000000000
29293  29.519  -61.594  -14.422 0.5000000000
143943  31.117  -61.652  -14.545 0.5000000000
28237  29.704  -62.415  -14.500 0.5000000000
23661  23.269  -66.400  -8.641 0.5000000000
23662  21.821  -65.946  -8.646 0.5000000000
146656  26.442  -66.472  -9.456 0.5000000000
23674  27.106  -65.810  -9.761 0.4000000060
27103  26.690  -63.410  -10.492 0.3000000119
26036  27.399  -65.020  -10.981 0.4000000060
26037  26.780  -64.434  -11.612 0.3000000119
27118  26.370  -63.646  -11.304 0.3000000119
26059  26.152  -64.855  -12.319 0.5000000000
27137  24.712  -63.928  -12.365 0.5000000000
28220  23.651  -62.570  -13.164 0.5000000000
28242  24.218  -62.824  -13.620 0.5000000000
138580  24.952  -62.062  -13.954 0.5000000000
29296  26.140  -61.718  -14.174 0.6000000238
30322  27.421  -60.416  -14.731 0.6000000238
30321  28.255  -60.646  -14.644 0.5000000000
137240  28.986  -60.884  -14.557 0.5000000000
136056  30.426  -61.160  -14.411 0.5000000000
24822  22.628  -65.878  -8.185 0.5000000000
24820  24.577  -65.701  -8.154 0.5000000000
142306  25.637  -64.696  -8.016 0.5000000000
27074  26.491  -63.663  -8.884 0.4000000060
24846  26.896  -65.044  -9.364 0.5000000000
28165  26.272  -62.673  -10.100 0.4000000060
27104  25.981  -62.849  -10.929 0.3000000119
28188  24.006  -62.455  -11.612 0.3000000119
28204  23.664  -62.961  -12.804 0.4000000060
29281  23.939  -61.920  -13.605 0.5000000000
30323  24.946  -60.515  -14.581 0.4000000060
31433  28.005  -59.845  -15.023 0.5000000000
31443  28.504  -59.185  -15.412 0.5000000000
31432  28.928  -59.981  -14.787 0.5000000000
31430  31.440  -59.996  -14.380 0.5000000000
157554  31.023  -59.455  -14.414 0.4000000060
30319  30.571  -60.175  -14.417 0.5000000000
24789  23.163  -65.338  -7.562 0.5000000000
25952  24.394  -64.519  -7.296 0.5000000000
25951  25.222  -64.087  -7.539 0.5000000000
27075  26.124  -62.973  -8.445 0.4000000060
28166  25.838  -62.087  -9.475 0.4000000060
145722  25.376  -62.100  -10.320 0.3000000119
28178  23.639  -61.803  -11.347 0.3000000119
139556  22.769  -61.513  -12.857 0.4000000060
30325  22.772  -60.253  -14.298 0.4000000060
31435  23.152  -59.822  -15.318 0.4000000060
29299  23.325  -61.093  -13.821 0.4000000060
30324  23.799  -60.356  -14.615 0.4000000060
30330  25.489  -59.889  -15.150 0.5000000000
31445  26.358  -59.430  -15.481 0.5000000000
141942  26.551  -60.172  -14.889 0.6000000238
32433  29.866  -58.314  -15.844 0.4000000060
32424  30.232  -58.650  -14.984 0.5000000000
25925  23.957  -64.086  -6.804 0.4000000060
27058  25.670  -63.258  -7.808 0.4000000060
144927  24.595  -63.850  -7.084 0.4000000060
28150  25.947  -62.269  -8.797 0.4000000060
29209  24.139  -60.590  -10.075 0.4000000060
28177  24.332  -61.879  -10.928 0.4000000060
30306  22.367  -60.505  -12.375 0.4000000060
29266  22.842  -61.513  -12.291 0.4000000060
30314  22.435  -60.302  -13.526 0.4000000060
31436  22.454  -59.451  -15.020 0.4000000060
31447  23.801  -59.560  -15.716 0.5000000000
31446  25.467  -59.170  -15.667 0.5000000000
32436  26.311  -58.750  -15.954 0.6000000238
32434  28.010  -58.613  -16.162 0.5000000000
32450  28.715  -57.973  -16.739 0.4000000060
32449  29.525  -57.834  -16.570 0.4000000060
27045  23.570  -63.607  -6.274 0.4000000060
28132  25.530  -62.316  -8.007 0.4000000060
27044  24.315  -63.368  -6.650 0.4000000060
29183  25.353  -61.429  -8.767 0.4000000060
30296  23.246  -60.677  -11.232 0.4000000060
31423  22.250  -59.636  -13.666 0.4000000060
139750  22.088  -59.329  -14.397 0.4000000060
141967  23.732  -58.930  -15.951 0.4000000060
129974  24.605  -59.069  -15.816 0.5000000000
32452  26.298  -58.140  -16.322 0.4000000060
32451  27.849  -57.903  -16.660 0.6000000238
28118  24.569  -62.557  -6.647 0.4000000060
28133  25.011  -62.168  -7.267 0.4000000060
29184  24.683  -60.506  -8.352 0.4000000060
30283  24.149  -60.112  -9.521 0.4000000060
31401  23.586  -59.988  -10.790 0.4000000060
32397  23.565  -59.389  -11.327 0.4000000060
31414  22.873  -59.209  -12.285 0.5000000000
31415  22.285  -59.410  -12.989 0.4000000060
32413  22.141  -58.867  -13.812 0.3000000119
33411  22.519  -58.315  -15.244 0.3000000119
32439  22.979  -58.627  -15.839 0.4000000060
33429  25.250  -57.502  -16.201 0.4000000060
34483  26.630  -56.788  -16.683 0.4000000060
33427  27.042  -57.587  -16.667 0.5000000000
27032  23.136  -63.077  -5.650 0.4000000060
138304  24.293  -60.071  -8.757 0.4000000060
31400  24.084  -59.579  -10.330 0.4000000060
148352  23.996  -58.887  -11.558 0.3000000119
32405  23.464  -58.839  -12.000 0.3000000119
33383  22.598  -58.075  -13.356 0.3000000119
33395  22.962  -57.451  -14.689 0.3000000119
33409  23.932  -57.191  -15.814 0.3000000119
34484  25.648  -56.641  -16.358 0.4000000060
134134  27.106  -56.222  -16.595 0.4000000060
148598  24.787  -60.838  -7.157 0.3000000119
31383  24.733  -59.821  -8.174 0.3000000119
131035  24.572  -59.449  -8.960 0.3000000119
31392  24.597  -59.242  -9.795 0.3000000119
133072  24.854  -58.630  -11.529 0.3000000119
32404  24.085  -58.365  -12.271 0.3000000119
33371  23.242  -57.569  -13.140 0.4000000060
34428  23.888  -57.154  -13.195 0.4000000060
150998  23.499  -57.035  -13.517 0.3000000119
35477  23.673  -55.924  -14.600 0.3000000119
35506  24.836  -56.036  -15.945 0.3000000119
35505  25.462  -55.774  -16.191 0.4000000060
35504  26.325  -55.849  -16.413 0.4000000060
36544  28.098  -55.218  -16.115 0.4000000060
33370  24.615  -57.515  -12.835 0.4000000060
35458  24.424  -55.771  -13.676 0.4000000060
35459  23.863  -55.813  -14.075 0.4000000060
35476  23.919  -55.120  -14.699 0.3000000119
35490  24.611  -55.110  -16.102 0.4000000060
36533  25.260  -54.447  -16.231 0.4000000060
37653  27.454  -53.718  -15.997 0.4000000060
36546  26.355  -54.890  -16.356 0.4000000060
36545  27.292  -54.563  -16.217 0.4000000060
152271  24.209  -55.210  -14.061 0.4000000060
36524  23.734  -54.151  -15.181 0.5000000000
36532  24.770  -53.531  -15.998 0.4000000060
132737  26.730  -53.015  -15.975 0.4000000060
37651  28.938  -53.522  -15.225 0.3000000119
139029  27.761  -52.886  -15.919 0.3000000119
23784  23.858  -66.013  -15.873 0.6999999881
20364  26.167  -69.670  -13.893 0.8000000119
24957  24.430  -65.293  -15.011 0.6000000238
22597  25.635  -67.467  -14.790 0.6999999881
23757  24.582  -65.771  -14.540 0.6999999881
27172  28.456  -63.225  -14.665 0.6000000238
23695  27.321  -66.483  -10.262 0.4000000060
24888  27.488  -65.840  -11.270 0.4000000060
24928  26.352  -66.034  -13.224 0.6999999881
24929  25.300  -65.670  -13.565 0.6999999881
26097  24.395  -65.021  -14.365 0.6999999881
24818  26.363  -65.612  -9.084 0.5000000000
26061  24.348  -64.272  -13.191 0.5000000000
27120  24.393  -63.189  -11.970 0.4000000060
132916  25.921  -60.713  -14.482 0.6000000238
154323  27.766  -59.272  -15.546 0.5000000000
31444  27.125  -59.021  -15.836 0.6000000238
31407  22.918  -60.109  -11.776 0.3000000119
151084  24.479  -57.606  -16.039 0.4000000060
29143  24.205  -61.990  -6.053 0.4000000060
34472  23.507  -56.638  -15.128 0.3000000119
35492  23.779  -55.684  -15.223 0.3000000119
36534  24.152  -54.181  -15.844 0.3000000119
37652  28.285  -53.612  -15.742 0.3000000119
17229  20.385  -72.974  -14.716 0.6000000238
16210  19.973  -73.524  -14.958 0.6000000238
16247  20.693  -73.440  -16.884 0.6000000238
17302  20.571  -72.119  -17.989 0.6000000238
14377  19.499  -75.514  -12.812 0.5000000000
16181  20.364  -73.531  -14.049 0.6000000238
17227  22.019  -72.435  -14.182 0.6999999881
17228  21.128  -72.658  -14.489 0.6999999881
15271  19.787  -75.064  -13.590 0.6000000238
18265  21.254  -72.003  -15.849 0.6000000238
18290  20.860  -71.809  -16.740 0.6000000238
153539  20.802  -71.129  -17.588 0.6000000238
19385  20.422  -70.543  -18.316 0.6000000238
140701  20.548  -71.433  -18.209 0.6000000238
155478  19.463  -69.392  -19.076 0.6000000238
20461  19.187  -68.724  -20.442 0.6999999881
16167  19.779  -74.119  -12.135 0.6000000238
17188  21.602  -72.693  -12.513 0.6999999881
14366  19.164  -75.399  -12.030 0.5000000000
17189  20.810  -73.226  -13.052 0.6999999881
16182  20.120  -73.979  -13.060 0.6999999881
19346  22.855  -71.118  -15.947 0.6999999881
18289  21.771  -71.399  -16.281 0.6999999881
19384  21.663  -70.512  -17.310 0.5000000000
139174  19.640  -69.107  -18.713 0.6000000238
22661  18.664  -67.185  -19.549 0.6000000238
21515  18.735  -67.911  -20.079 0.6999999881
23838  18.916  -65.975  -20.474 0.6999999881
22686  19.867  -67.654  -21.516 0.6999999881
23836  20.723  -65.849  -20.947 0.6999999881
22676  30.204  -67.458  -22.486 0.4000000060
23848  26.881  -66.822  -21.054 0.5000000000
23833  25.559  -66.207  -20.383 0.6000000238
23835  23.715  -66.309  -20.528 0.6000000238
155173  21.633  -65.850  -20.748 0.6999999881
16156  17.452  -73.193  -10.846 0.5000000000
17158  19.253  -72.629  -10.541 0.5000000000
132369  21.302  -72.530  -11.498 0.6000000238
15230  18.217  -73.958  -10.768 0.5000000000
17187  22.488  -72.355  -12.321 0.6999999881
17174  20.553  -72.784  -11.250 0.5000000000
16153  20.267  -73.463  -11.955 0.6000000238
18229  23.701  -71.917  -13.582 0.6999999881
18230  22.902  -72.209  -13.893 0.6999999881
18263  23.662  -71.238  -15.338 0.6999999881
20421  22.200  -69.672  -17.642 0.6999999881
20438  20.232  -69.645  -18.321 0.6000000238
22650  18.973  -67.344  -18.869 0.6000000238
25017  18.931  -65.226  -19.774 0.6999999881
25032  20.215  -64.811  -20.592 0.6999999881
25031  21.144  -64.785  -20.827 0.6999999881
25029  24.148  -65.480  -20.161 0.6000000238
147267  22.158  -65.149  -20.470 0.6000000238
19263  19.176  -70.461  -10.307 0.5000000000
18192  16.833  -71.538  -11.385 0.4000000060
18175  20.261  -71.551  -10.263 0.5000000000
145842  18.955  -71.138  -10.195 0.5000000000
134653  19.984  -72.338  -10.581 0.5000000000
150932  22.631  -71.609  -10.773 0.6000000238
17156  21.832  -71.919  -10.882 0.6000000238
18207  24.386  -71.365  -12.345 0.6999999881
18209  23.225  -72.001  -12.072 0.6000000238
18228  24.400  -71.514  -13.273 0.6999999881
18262  24.352  -71.259  -14.740 0.6999999881
19383  22.610  -70.234  -17.179 0.6999999881
21491  21.591  -68.222  -18.107 0.6999999881
21503  20.373  -68.477  -18.390 0.6999999881
22649  19.777  -67.422  -18.473 0.6999999881
134922  19.280  -64.708  -19.203 0.6999999881
26187  19.382  -64.132  -19.740 0.8000000119
26215  21.585  -64.145  -20.129 0.6999999881
147128  26.861  -65.429  -20.282 0.5000000000
26214  22.784  -64.375  -19.809 0.6000000238
20319  18.666  -69.850  -10.656 0.4000000060
19261  21.681  -70.634  -10.099 0.6000000238
142063  19.670  -71.002  -10.166 0.6000000238
18172  23.042  -71.138  -10.463 0.6000000238
18171  23.841  -70.930  -10.735 0.6000000238
19288  24.899  -70.829  -11.920 0.6000000238
19329  24.967  -71.078  -14.011 0.6999999881
18245  24.255  -71.590  -14.060 0.6999999881
19361  24.108  -70.338  -16.202 0.6999999881
19362  23.323  -70.418  -16.623 0.6999999881
21476  23.982  -69.004  -17.097 0.8000000119
21489  23.090  -68.822  -17.572 0.8000000119
22635  21.975  -67.309  -17.904 0.6000000238
146125  20.497  -65.376  -18.039 0.6000000238
27274  20.916  -63.025  -19.066 0.8000000119
26198  21.012  -63.323  -19.597 0.6999999881
25025  28.468  -64.880  -20.308 0.5000000000
25027  26.063  -65.043  -20.105 0.6000000238
26195  24.633  -63.441  -19.351 0.6999999881
26210  27.805  -64.172  -20.032 0.6000000238
20332  20.252  -68.870  -11.036 0.5000000000
21399  18.895  -68.394  -11.896 0.4000000060
21411  18.751  -67.965  -12.692 0.4000000060
133204  21.268  -69.882  -10.278 0.5000000000
20318  19.567  -69.666  -10.553 0.5000000000
19259  23.438  -70.449  -10.323 0.6000000238
19258  24.236  -70.268  -10.511 0.6000000238
19273  25.402  -70.146  -11.506 0.6000000238
19307  25.664  -70.431  -13.463 0.6999999881
19343  25.092  -70.263  -15.286 0.8000000119
21475  24.695  -69.050  -16.477 0.8000000119
22633  23.307  -67.332  -16.956 0.6000000238
23799  22.052  -65.747  -17.226 0.6000000238
25004  20.635  -64.419  -17.934 0.6999999881
27261  21.662  -62.743  -18.511 0.6999999881
27258  24.807  -62.941  -18.948 0.6999999881
26211  26.197  -63.693  -19.599 0.6000000238
27270  26.405  -63.169  -19.124 0.6000000238
27255  28.048  -63.292  -18.963 0.6000000238
27284  28.387  -63.658  -19.709 0.6000000238
27269  27.835  -63.272  -19.153 0.6000000238
21383  22.339  -68.387  -10.519 0.5000000000
21397  21.053  -68.460  -11.190 0.5000000000
21410  19.587  -67.766  -12.466 0.5000000000
22571  19.324  -67.425  -13.089 0.5000000000
21382  23.233  -68.879  -10.300 0.5000000000
21384  21.748  -68.934  -10.607 0.5000000000
20313  24.644  -69.580  -10.462 0.6000000238
22625  23.892  -67.468  -16.473 0.6999999881
23785  23.267  -65.769  -16.534 0.6000000238
24987  22.025  -64.670  -17.252 0.6000000238
26167  23.920  -63.617  -17.671 0.6000000238
27238  23.332  -62.429  -18.484 0.6999999881
26166  24.881  -63.922  -17.838 0.6000000238
26183  26.340  -63.411  -18.684 0.6000000238
27256  26.768  -63.128  -18.997 0.6999999881
141800  30.123  -63.701  -19.491 0.5000000000
151981  29.701  -63.799  -18.616 0.4000000060
22533  22.613  -67.777  -10.171 0.5000000000
22555  21.197  -67.498  -11.383 0.5000000000
23714  20.486  -66.511  -12.010 0.5000000000
151808  20.092  -65.546  -11.825 0.5000000000
24910  19.287  -64.784  -12.859 0.5000000000
131341  18.189  -64.488  -13.358 0.5000000000
26147  23.981  -64.582  -16.587 0.6000000238
148853  26.193  -64.722  -17.112 0.6000000238
26145  26.968  -64.869  -16.900 0.4000000060
26164  27.591  -64.725  -17.719 0.5000000000
145457  29.314  -64.717  -17.293 0.4000000060
26162  30.172  -64.308  -17.660 0.4000000060
26180  29.167  -64.360  -18.137 0.5000000000
23697  22.017  -67.082  -10.334 0.6000000238
141583  21.471  -66.551  -10.269 0.5000000000
24890  20.416  -65.808  -11.141 0.5000000000
24891  19.510  -64.807  -11.419 0.5000000000
26039  18.699  -64.580  -11.659 0.5000000000
26064  17.724  -64.515  -12.576 0.5000000000
24911  16.843  -64.752  -12.633 0.4000000060
26084  15.764  -64.560  -14.040 0.5000000000
24933  14.974  -65.083  -13.642 0.4000000060
26103  13.484  -64.579  -14.426 0.4000000060
27207  12.756  -64.359  -15.164 0.4000000060
26121  27.299  -64.586  -15.945 0.6000000238
26120  28.303  -64.456  -15.677 0.4000000060
26118  30.186  -64.394  -15.937 0.4000000060
26161  31.060  -64.114  -17.077 0.4000000060
23680  21.036  -65.967  -9.823 0.5000000000
24869  19.884  -65.047  -10.579 0.4000000060
139384  19.099  -64.767  -10.425 0.4000000060
26022  18.075  -64.882  -11.102 0.5000000000
24872  16.539  -66.032  -10.856 0.4000000060
24894  16.116  -65.513  -12.288 0.5000000000
23716  15.849  -66.019  -11.588 0.4000000060
24895  14.395  -65.857  -11.958 0.5000000000
23732  15.299  -65.823  -12.219 0.5000000000
24914  13.738  -65.392  -12.354 0.3000000119
26086  13.249  -64.753  -13.572 0.3000000119
27156  11.903  -63.646  -13.363 0.3000000119
28236  30.281  -62.824  -14.688 0.4000000060
24847  21.115  -65.731  -9.002 0.5000000000
24849  19.780  -65.222  -9.100 0.5000000000
136845  18.660  -65.272  -9.682 0.4000000060
136528  21.870  -65.616  -8.010 0.4000000060
24824  20.320  -65.346  -8.399 0.4000000060
24825  19.397  -65.549  -8.227 0.4000000060
24827  17.861  -66.229  -7.840 0.4000000060
24791  21.485  -65.319  -7.493 0.4000000060
24792  20.671  -65.294  -7.557 0.4000000060
24826  18.664  -65.842  -8.204 0.4000000060
25956  21.059  -64.985  -6.882 0.4000000060
24762  19.045  -65.377  -6.735 0.4000000060
146952  17.904  -65.995  -7.119 0.4000000060
24796  16.414  -65.977  -7.172 0.4000000060
25957  20.344  -65.073  -6.895 0.4000000060
25926  23.175  -64.278  -6.579 0.3000000119
25931  18.677  -64.889  -6.060 0.4000000060
145604  17.760  -64.842  -6.078 0.4000000060
24765  16.434  -65.248  -6.724 0.4000000060
27046  22.783  -63.842  -6.021 0.4000000060
25981  15.065  -65.226  -7.765 0.4000000060
27060  15.645  -63.783  -7.274 0.4000000060
27033  22.288  -63.439  -5.529 0.3000000119
27034  21.433  -63.689  -5.519 0.4000000060
146399  19.644  -63.530  -5.117 0.4000000060
25915  18.210  -64.175  -5.587 0.4000000060
155010  17.482  -64.103  -5.846 0.4000000060
25958  16.051  -64.552  -6.836 0.4000000060
28111  18.034  -62.523  -5.449 0.3000000119
24974  22.849  -64.936  -16.821 0.6000000238
20314  23.828  -69.689  -10.268 0.5000000000
26146  25.297  -64.603  -16.844 0.6000000238
27198  29.791  -63.949  -15.262 0.4000000060
17277  20.403  -72.955  -16.615 0.6000000238
22672  19.315  -66.855  -21.082 0.6999999881
26217  19.839  -64.055  -20.165 0.6999999881
23847  27.748  -66.698  -21.159 0.5000000000
23831  28.097  -65.932  -20.673 0.5000000000
22668  25.098  -67.056  -20.765 0.5000000000
146714  26.430  -66.133  -20.537 0.4000000060
25028  25.042  -65.295  -20.125 0.6000000238
18177  18.313  -71.630  -10.341 0.5000000000
21490  22.180  -68.840  -17.892 0.6999999881
26213  24.436  -64.472  -19.765 0.6000000238
18190  23.371  -71.571  -11.171 0.6000000238
22648  20.973  -67.360  -18.285 0.6999999881
26186  19.821  -63.683  -19.101 0.8000000119
157330  22.879  -63.555  -19.307 0.6999999881
20333  19.184  -68.979  -11.134 0.4000000060
22634  22.710  -67.287  -17.431 0.6000000238
24988  21.283  -65.064  -17.577 0.6000000238
27260  23.160  -62.287  -18.447 0.6999999881
27272  22.891  -62.820  -18.747 0.6999999881
26208  29.799  -64.200  -20.055 0.5000000000
143395  29.310  -65.073  -20.493 0.5000000000
27271  24.079  -62.869  -18.890 0.6999999881
156160  26.867  -63.445  -19.470 0.6000000238
23786  22.628  -65.498  -16.932 0.6999999881
26169  21.916  -63.421  -17.751 0.6999999881
26182  27.306  -63.566  -18.705 0.6000000238
27268  28.651  -63.349  -19.148 0.6000000238
27267  29.632  -63.434  -19.026 0.6000000238
137981  20.874  -67.828  -11.625 0.5000000000
22569  20.419  -67.109  -12.500 0.5000000000
23731  19.961  -66.295  -12.697 0.4000000060
26148  23.296  -64.333  -17.111 0.6000000238
26165  26.682  -64.506  -17.861 0.6000000238
27178  13.857  -64.226  -15.120 0.3000000119
26144  27.926  -64.847  -16.651 0.5000000000
26117  30.924  -64.132  -16.226 0.4000000060
24892  17.352  -65.165  -11.362 0.5000000000
26065  14.053  -65.133  -13.249 0.4000000060
27180  12.001  -64.126  -14.601 0.4000000060
25928  21.448  -64.413  -6.238 0.4000000060
25930  19.675  -64.869  -6.320 0.4000000060
12711  32.211  -77.171  -23.372 0.3000000119
13616  33.027  -76.535  -24.296 0.3000000119
16341  23.293  -73.570  -24.151 0.4000000060
139542  26.262  -72.957  -24.848 0.4000000060
16352  24.647  -74.168  -25.496 0.4000000060
142588  25.898  -74.251  -25.310 0.4000000060
18366  23.965  -71.393  -23.518 0.4000000060
17348  23.429  -72.681  -23.335 0.4000000060
17341  23.540  -72.062  -22.537 0.4000000060
18354  23.371  -71.294  -21.716 0.5000000000
17319  23.695  -71.795  -20.961 0.5000000000
18337  23.065  -71.295  -20.729 0.5000000000
19454  26.911  -70.966  -24.560 0.4000000060
18370  25.142  -72.049  -24.595 0.5000000000
155071  23.321  -73.392  -23.437 0.5000000000
17309  24.179  -72.783  -19.228 0.5000000000
18368  27.127  -71.551  -24.560 0.5000000000
17350  25.600  -72.736  -24.989 0.5000000000
18365  27.677  -71.705  -24.009 0.5000000000
151060  26.103  -73.731  -25.003 0.4000000060
153397  26.507  -74.081  -24.401 0.4000000060
15435  26.716  -74.489  -24.832 0.4000000060
15407  26.953  -74.265  -23.578 0.4000000060
14504  28.091  -75.355  -24.036 0.3000000119
14530  29.145  -75.694  -25.203 0.4000000060
21558  27.216  -69.135  -23.340 0.4000000060
20473  25.193  -69.434  -22.779 0.4000000060
21549  24.633  -69.035  -22.217 0.4000000060
20479  27.802  -69.725  -24.154 0.4000000060
19448  25.335  -70.577  -23.824 0.4000000060
20482  24.838  -70.073  -23.210 0.4000000060
19443  23.393  -70.616  -22.592 0.4000000060
19437  23.050  -70.548  -22.013 0.5000000000
20485  27.346  -70.275  -24.366 0.4000000060
19447  26.363  -70.391  -24.196 0.4000000060
19456  24.761  -71.353  -24.017 0.4000000060
21551  22.831  -69.390  -22.194 0.5000000000
151459  22.167  -70.178  -21.742 0.5000000000
18324  22.787  -71.599  -19.979 0.5000000000
19425  21.451  -70.449  -20.990 0.6000000238
148183  20.556  -69.946  -20.898 0.6000000238
17311  22.374  -72.134  -19.311 0.6000000238
22671  20.229  -66.812  -21.369 0.6000000238
21538  20.609  -68.382  -21.677 0.6000000238
149145  21.352  -72.143  -19.138 0.5000000000
148978  27.132  -73.437  -22.796 0.4000000060
19411  19.963  -70.430  -19.461 0.5000000000
15421  27.364  -74.781  -23.819 0.4000000060
15405  28.075  -74.672  -22.431 0.4000000060
136790  28.920  -75.511  -24.765 0.4000000060
21534  25.069  -68.423  -21.696 0.4000000060
21535  24.105  -68.574  -21.632 0.5000000000
146703  23.095  -68.731  -21.859 0.5000000000
144738  22.584  -68.191  -21.442 0.5000000000
157193  21.664  -70.009  -21.643 0.5000000000
22670  22.547  -67.367  -21.169 0.5000000000
19439  21.240  -69.703  -21.575 0.6000000238
146773  22.604  -66.312  -20.743 0.6000000238
22685  20.806  -67.663  -21.665 0.6000000238
141633  30.861  -77.524  -22.375 0.3000000119
14501  34.222  -75.184  -24.305 0.3000000119
15402  32.076  -74.444  -22.968 0.3000000119
21545  29.539  -68.579  -23.324 0.4000000060
134002  27.610  -68.543  -22.855 0.4000000060
22695  27.948  -67.921  -22.332 0.4000000060
21548  25.430  -68.865  -22.305 0.4000000060
22680  26.496  -67.584  -21.457 0.4000000060
22682  24.593  -67.865  -21.096 0.5000000000
23849  26.003  -66.954  -20.858 0.4000000060
22669  24.169  -67.107  -20.775 0.5000000000
20460  19.830  -69.417  -20.749 0.6000000238
18327  20.448  -71.116  -19.390 0.5000000000
22679  27.394  -67.409  -21.629 0.4000000060
19450  23.767  -70.688  -23.072 0.4000000060
139474  31.111  -74.702  -22.551 0.3000000119
21547  26.814  -68.641  -22.615 0.4000000060
21550  23.715  -69.267  -22.245 0.5000000000
21536  22.072  -68.780  -21.976 0.5000000000
22684  21.758  -67.944  -21.475 0.6000000238
34485  24.709  -56.881  -16.070 0.3000000119
12710  32.550  -77.182  -24.077 0.3000000119
13464  19.076  -76.236  -12.503 0.5000000000
13635  29.256  -76.132  -25.545 0.4000000060
14495  28.606  -75.043  -23.130 0.4000000060
14519  28.270  -75.467  -25.128 0.3000000119
15237  19.246  -74.609  -11.683 0.6000000238
15254  19.684  -74.763  -12.631 0.5000000000
15406  27.465  -74.418  -22.912 0.4000000060
15420  27.850  -74.858  -23.206 0.4000000060
15443  24.323  -74.774  -25.629 0.4000000060
16141  18.820  -73.388  -10.731 0.5000000000
16154  19.454  -73.848  -11.337 0.6000000238
16211  19.932  -74.241  -14.131 0.6000000238
16288  24.484  -73.436  -18.923 0.5000000000
16325  26.813  -73.813  -23.472 0.4000000060
16327  23.421  -72.828  -22.760 0.4000000060
16348  25.472  -73.752  -25.216 0.4000000060
16351  25.163  -74.567  -25.599 0.4000000060
17157  20.860  -72.101  -10.683 0.6000000238
17159  18.571  -72.535  -10.469 0.5000000000
17160  17.824  -72.470  -10.561 0.5000000000
17173  21.987  -72.381  -11.703 0.6000000238
17175  19.747  -73.103  -10.958 0.5000000000
17186  23.111  -72.235  -12.975 0.6999999881
17203  22.274  -72.495  -13.255 0.6999999881
17204  21.434  -72.782  -13.601 0.6999999881
17254  20.716  -72.552  -15.373 0.6000000238
17255  20.309  -72.852  -16.021 0.6000000238
17289  20.885  -72.722  -17.678 0.6000000238
17290  20.609  -72.591  -17.190 0.6000000238
17301  21.848  -72.583  -18.675 0.5000000000
17310  23.482  -72.140  -19.591 0.5000000000
17347  26.580  -73.391  -24.400 0.4000000060
17349  27.004  -72.234  -24.507 0.5000000000
17352  23.531  -73.233  -24.589 0.4000000060
18173  22.192  -71.259  -10.310 0.6000000238
18174  21.243  -71.371  -10.270 0.6000000238
18176  19.265  -71.821  -10.274 0.5000000000
18178  17.479  -71.648  -10.712 0.4000000060
18189  24.175  -71.196  -11.465 0.6000000238
18191  22.609  -72.027  -11.446 0.6000000238
18208  23.799  -71.819  -12.694 0.6999999881
18246  23.517  -71.728  -14.534 0.6999999881
18247  22.546  -71.970  -14.722 0.6999999881
18248  21.622  -72.201  -15.007 0.6999999881
18264  22.166  -71.688  -15.501 0.6999999881
18266  20.678  -72.368  -16.146 0.6000000238
18308  20.559  -71.984  -17.434 0.6000000238
18315  20.516  -71.652  -18.738 0.6000000238
18316  20.315  -70.844  -18.835 0.6000000238
18325  21.715  -71.639  -19.710 0.6000000238
18326  20.818  -71.749  -19.263 0.5000000000
18338  22.112  -71.126  -20.455 0.6000000238
18339  21.055  -71.166  -20.000 0.6000000238
18355  22.554  -70.696  -21.242 0.5000000000
18363  23.511  -71.477  -22.684 0.4000000060
18367  23.645  -72.032  -23.440 0.4000000060
18369  26.562  -72.135  -24.765 0.5000000000
18371  23.996  -72.253  -24.157 0.4000000060
19257  24.882  -70.071  -10.813 0.6000000238
19260  22.588  -70.573  -10.169 0.6000000238
19262  20.617  -70.659  -10.174 0.6000000238
19264  18.420  -70.720  -10.378 0.5000000000
19265  17.796  -71.003  -10.525 0.5000000000
19274  24.586  -70.601  -11.091 0.6000000238
19287  25.620  -70.407  -12.458 0.6000000238
19308  25.059  -71.020  -12.901 0.6999999881
19344  24.400  -70.667  -15.485 0.6999999881
19345  23.678  -70.757  -15.921 0.6999999881
19363  22.277  -70.785  -16.713 0.6999999881
19364  21.389  -71.120  -16.937 0.5000000000
19401  19.738  -70.000  -18.824 0.6000000238
19426  20.467  -70.609  -20.153 0.6000000238
19438  21.865  -69.668  -21.970 0.5000000000
19444  22.695  -69.920  -22.222 0.5000000000
19449  24.415  -70.709  -23.457 0.4000000060
19455  25.919  -71.226  -24.505 0.4000000060
20312  25.410  -69.545  -10.880 0.6999999881
20315  22.991  -69.822  -10.199 0.5000000000
20316  22.152  -69.868  -10.182 0.5000000000
20317  20.413  -69.750  -10.381 0.5000000000
20329  26.574  -68.832  -11.503 0.6000000238
20331  20.981  -69.181  -10.686 0.5000000000
20347  18.096  -69.223  -11.351 0.4000000060
20380  26.483  -68.969  -14.176 0.8000000119
20381  25.994  -69.270  -14.739 0.8000000119
20396  25.440  -69.588  -15.347 0.8999999762
20397  24.771  -69.837  -15.953 0.8000000119
20409  24.103  -69.763  -16.699 0.8000000119
20420  23.297  -69.683  -17.240 0.8000000119
20422  20.979  -70.176  -17.879 0.6000000238
20439  19.146  -68.738  -19.344 0.6000000238
20450  19.535  -69.585  -19.641 0.5000000000
20468  22.122  -69.362  -22.093 0.5000000000
20469  20.543  -69.149  -21.526 0.6000000238
20472  26.179  -69.130  -22.899 0.4000000060
20474  24.301  -69.680  -22.701 0.4000000060
20475  23.506  -69.999  -22.624 0.4000000060
20478  28.801  -69.844  -24.285 0.4000000060
20480  26.786  -69.713  -23.842 0.4000000060
20481  25.776  -69.854  -23.476 0.4000000060
20483  24.099  -70.228  -23.050 0.4000000060
20484  28.283  -70.212  -24.357 0.4000000060
21381  24.218  -68.883  -10.247 0.5000000000
21394  26.687  -68.389  -11.088 0.6999999881
21396  21.512  -68.106  -11.101 0.5000000000
21398  19.828  -68.249  -11.749 0.4000000060
21409  20.288  -67.590  -12.134 0.5000000000
21437  26.652  -68.359  -13.844 0.8000000119
21459  25.653  -68.743  -15.383 0.8000000119
21460  25.086  -68.284  -15.930 0.8000000119
21504  19.343  -68.207  -18.708 0.6000000238
21505  18.796  -67.926  -19.203 0.6000000238
21525  19.753  -68.506  -21.341 0.6000000238
21526  19.017  -67.780  -21.081 0.6999999881
21533  26.084  -68.357  -22.021 0.4000000060
21537  21.269  -68.422  -21.751 0.6000000238
21546  28.558  -68.504  -23.123 0.4000000060
21557  28.209  -69.196  -23.599 0.4000000060
22529  26.093  -67.280  -9.654 0.4000000060
22532  23.272  -67.426  -9.559 0.6000000238
22540  27.387  -67.050  -10.619 0.4000000060
22541  27.019  -67.694  -10.796 0.5000000000
22542  25.765  -67.924  -9.984 0.6999999881
22545  21.855  -67.686  -10.833 0.5000000000
22556  20.712  -67.285  -11.944 0.5000000000
22567  27.319  -67.263  -12.198 0.6000000238
22568  26.951  -67.498  -12.927 0.8000000119
22570  20.008  -67.280  -12.845 0.5000000000
22583  26.724  -67.734  -13.509 0.6999999881
22584  19.689  -67.014  -13.322 0.4000000060
22596  26.289  -67.600  -14.155 0.8000000119
22673  18.840  -66.980  -20.410 0.6999999881
22681  25.564  -67.729  -21.272 0.5000000000
22683  23.495  -67.916  -21.128 0.5000000000
22694  28.894  -67.844  -22.581 0.4000000060
22696  27.059  -68.115  -22.077 0.4000000060
23646  16.101  -66.334  -7.776 0.4000000060
23660  24.142  -66.361  -8.576 0.5000000000
23675  25.515  -66.789  -9.162 0.5000000000
23678  22.545  -67.001  -9.641 0.6000000238
23679  21.786  -66.388  -9.525 0.6000000238
23698  21.460  -67.006  -10.928 0.5000000000
23699  21.002  -66.243  -10.678 0.5000000000
23701  15.418  -66.496  -10.706 0.4000000060
23712  27.522  -66.538  -10.889 0.4000000060
23713  20.947  -66.760  -11.457 0.5000000000
23715  19.702  -65.131  -12.389 0.5000000000
23717  14.855  -66.284  -11.416 0.5000000000
23730  27.092  -66.329  -12.458 0.6000000238
23756  24.877  -66.651  -14.761 0.6999999881
23798  22.858  -66.413  -16.985 0.6999999881
23800  21.357  -66.283  -17.813 0.6000000238
23812  20.203  -66.437  -18.235 0.6999999881
23813  19.209  -66.522  -18.710 0.6000000238
23814  18.727  -66.595  -19.161 0.6000000238
23824  18.640  -66.234  -19.772 0.6999999881
23832  27.248  -66.065  -20.681 0.4000000060
23834  24.642  -66.295  -20.418 0.6000000238
23837  19.706  -65.901  -20.797 0.6999999881
23850  21.454  -66.831  -21.283 0.6000000238
24763  18.249  -65.495  -6.629 0.4000000060
24764  17.253  -65.563  -6.640 0.4000000060
24787  24.963  -65.027  -7.711 0.5000000000
24788  24.065  -65.214  -7.616 0.5000000000
24790  22.291  -65.345  -7.509 0.5000000000
24793  19.741  -65.348  -7.391 0.4000000060
24794  18.690  -65.744  -7.429 0.4000000060
24795  17.262  -66.162  -7.245 0.4000000060
24819  25.560  -65.496  -8.385 0.5000000000
24821  23.638  -65.840  -8.091 0.5000000000
24823  21.199  -65.523  -8.204 0.4000000060
24845  27.304  -64.847  -10.070 0.4000000060
24848  20.425  -65.456  -9.373 0.5000000000
24850  19.038  -65.398  -8.986 0.4000000060
24867  27.440  -65.766  -10.508 0.4000000060
24868  20.458  -65.537  -10.228 0.4000000060
24870  18.319  -65.125  -10.400 0.4000000060
24889  27.082  -65.223  -11.808 0.5000000000
24893  16.710  -65.379  -11.791 0.5000000000
24907  27.265  -65.889  -11.955 0.5000000000
24912  15.813  -65.284  -13.124 0.5000000000
24913  14.734  -65.647  -12.846 0.5000000000
24945  25.095  -66.094  -14.133 0.6999999881
25005  19.937  -64.455  -18.470 0.6000000238
25006  18.786  -65.753  -19.136 0.6999999881
25026  27.581  -65.222  -20.248 0.5000000000
25030  23.221  -65.440  -20.284 0.6000000238
25033  19.469  -64.964  -20.222 0.6999999881
25912  20.811  -64.124  -5.768 0.4000000060
25913  20.063  -64.197  -5.642 0.4000000060
25914  19.134  -64.236  -5.502 0.4000000060
25927  22.348  -64.414  -6.427 0.4000000060
25929  20.562  -64.594  -6.306 0.4000000060
25932  16.847  -64.509  -6.318 0.4000000060
25953  23.582  -64.713  -7.142 0.4000000060
25954  22.731  -64.843  -7.020 0.3000000119
25955  21.889  -64.962  -6.881 0.3000000119
25959  15.809  -65.366  -7.148 0.4000000060
25980  26.331  -64.698  -8.679 0.4000000060
26004  27.145  -64.016  -10.021 0.3000000119
26005  26.883  -64.284  -9.417 0.5000000000
26020  27.126  -64.180  -10.744 0.4000000060
26021  18.727  -64.679  -10.962 0.4000000060
26038  25.745  -64.112  -12.090 0.4000000060
26040  17.933  -64.615  -11.823 0.5000000000
26041  17.301  -64.759  -11.987 0.5000000000
26060  25.064  -64.654  -12.664 0.5000000000
26062  19.238  -64.682  -12.206 0.5000000000
26063  18.628  -64.549  -12.547 0.5000000000
26066  13.164  -64.799  -12.788 0.3000000119
26079  24.746  -65.041  -13.307 0.6999999881
26083  16.677  -64.434  -13.632 0.4000000060
26085  14.246  -64.799  -14.062 0.4000000060
26096  24.523  -64.278  -14.681 0.6999999881
26102  14.532  -64.225  -14.936 0.3000000119
26119  29.324  -64.495  -15.752 0.4000000060
26122  26.169  -64.533  -16.103 0.6000000238
26124  24.521  -64.793  -15.210 0.6000000238
26141  30.465  -64.429  -16.669 0.4000000060
26142  29.761  -64.682  -16.592 0.4000000060
26143  28.863  -64.792  -16.508 0.5000000000
26149  22.564  -64.151  -17.316 0.6000000238
26163  28.525  -64.768  -17.478 0.5000000000
26168  22.853  -63.133  -17.929 0.6999999881
26170  21.182  -63.908  -17.742 0.6999999881
26181  28.257  -64.160  -18.402 0.5000000000
26184  25.366  -63.253  -18.671 0.6000000238
26185  20.522  -63.624  -18.427 0.6999999881
26194  25.376  -63.103  -19.169 0.6000000238
26196  23.659  -63.675  -19.350 0.6999999881
26197  22.122  -63.483  -19.365 0.6999999881
26199  20.104  -63.330  -19.641 0.8000000119
26209  29.141  -64.225  -20.111 0.5000000000
26212  25.320  -64.097  -19.681 0.6000000238
26216  20.543  -63.930  -20.287 0.6999999881
27035  20.537  -63.600  -5.258 0.4000000060
27036  17.723  -63.373  -5.581 0.3000000119
27047  22.064  -63.989  -5.927 0.4000000060
27048  17.009  -63.506  -6.115 0.4000000060
27049  16.320  -63.677  -6.695 0.4000000060
27059  25.081  -63.097  -7.194 0.4000000060
27061  15.472  -64.602  -7.319 0.4000000060
27091  26.731  -63.426  -9.683 0.4000000060
27119  25.312  -63.411  -11.655 0.3000000119
27121  23.773  -62.782  -12.289 0.4000000060
27138  24.102  -63.475  -12.636 0.4000000060
27154  24.017  -63.356  -13.207 0.5000000000
27170  30.210  -63.439  -14.998 0.4000000060
27171  29.465  -63.197  -14.722 0.5000000000
27174  26.316  -63.294  -14.746 0.6000000238
27176  24.221  -63.729  -13.917 0.5000000000
27179  12.966  -64.424  -14.778 0.4000000060
27219  31.558  -63.645  -16.565 0.4000000060
27237  24.303  -63.054  -18.562 0.6999999881
27239  21.989  -62.148  -18.100 0.6999999881
27240  21.311  -63.062  -18.413 0.6999999881
27253  30.406  -63.634  -18.603 0.4000000060
27254  28.914  -63.534  -18.864 0.6000000238
27257  25.878  -63.032  -18.987 0.6999999881
27259  23.753  -62.853  -18.715 0.6999999881
27262  20.652  -63.081  -18.928 0.8000000119
27273  21.793  -62.923  -18.750 0.8000000119
27283  29.257  -63.625  -19.521 0.5000000000
27285  27.516  -63.531  -19.564 0.6000000238
28149  26.359  -62.773  -9.230 0.4000000060
28187  24.839  -62.690  -11.234 0.3000000119
28189  23.388  -62.067  -11.935 0.3000000119
28205  23.275  -62.208  -12.655 0.4000000060
28238  28.919  -62.400  -14.471 0.6000000238
29160  24.999  -61.282  -7.732 0.4000000060
29208  24.610  -60.664  -9.293 0.4000000060
29225  25.221  -61.455  -9.596 0.4000000060
29226  24.515  -61.271  -10.135 0.4000000060
29227  23.711  -61.133  -10.779 0.4000000060
29246  23.153  -61.368  -11.572 0.4000000060
29282  23.198  -61.774  -13.231 0.4000000060
29292  30.350  -62.038  -14.469 0.5000000000
29297  25.317  -61.207  -14.222 0.5000000000
29298  24.395  -61.156  -14.081 0.5000000000
30264  24.432  -60.034  -8.200 0.4000000060
30284  23.813  -60.355  -10.397 0.4000000060
30307  22.438  -59.907  -12.450 0.4000000060
30311  22.347  -60.944  -12.754 0.4000000060
30312  22.303  -60.172  -12.948 0.4000000060
30313  22.666  -61.033  -13.405 0.4000000060
30318  31.233  -60.804  -14.388 0.5000000000
30320  29.700  -60.624  -14.509 0.5000000000
30331  24.410  -59.923  -15.210 0.5000000000
31393  24.305  -59.578  -9.515 0.4000000060
31394  24.042  -59.915  -9.918 0.4000000060
31434  27.206  -59.684  -15.239 0.5000000000
31442  29.463  -59.052  -15.074 0.4000000060
31448  22.972  -59.343  -15.757 0.4000000060
31449  22.440  -58.965  -15.481 0.4000000060
32387  25.158  -58.842  -10.613 0.3000000119
32388  24.309  -59.083  -10.812 0.4000000060
32406  22.487  -58.712  -12.952 0.4000000060
32425  21.951  -58.865  -14.874 0.4000000060
32435  27.111  -58.361  -16.341 0.6000000238
32437  25.515  -58.582  -15.965 0.5000000000
32438  23.780  -58.090  -15.981 0.4000000060
32453  25.618  -58.006  -16.197 0.4000000060
33372  23.099  -58.267  -12.606 0.5000000000
33382  22.979  -57.447  -13.783 0.3000000119
33396  22.394  -58.147  -14.302 0.3000000119
33408  24.713  -58.294  -15.995 0.5000000000
33410  23.203  -57.722  -15.583 0.3000000119
33425  29.277  -57.357  -16.884 0.4000000060
33428  26.095  -57.462  -16.509 0.4000000060
34441  23.927  -56.492  -13.616 0.4000000060
34454  23.490  -56.652  -14.145 0.3000000119
34471  24.095  -56.293  -15.676 0.3000000119
35491  24.155  -55.550  -15.705 0.3000000119
35503  27.191  -55.454  -16.424 0.4000000060
36513  24.236  -54.463  -14.233 0.4000000060
36531  28.018  -54.300  -15.976 0.4000000060
36547  25.605  -55.197  -16.295 0.4000000060
37644  23.936  -53.345  -15.456 0.5000000000
37654  26.284  -53.900  -16.116 0.4000000060
130390  24.308  -59.810  -8.931 0.4000000060
130408  15.028  -64.610  -14.338 0.4000000060
130853  20.944  -72.972  -12.070 0.5000000000
131293  24.521  -64.462  -17.017 0.6000000238
132114  19.981  -65.185  -9.821 0.4000000060
135387  24.552  -64.664  -16.138 0.6000000238
136160  24.797  -60.220  -7.548 0.3000000119
136230  22.549  -69.140  -10.375 0.5000000000
136350  19.946  -70.102  -20.182 0.5000000000
137031  24.254  -64.483  -13.928 0.5000000000
137399  24.950  -70.774  -14.857 0.6999999881
137913  25.668  -53.080  -15.984 0.4000000060
138097  26.824  -61.021  -14.446 0.6000000238
138177  24.739  -61.665  -6.854 0.3000000119
138429  23.959  -62.883  -6.087 0.4000000060
138805  21.246  -69.230  -18.124 0.6999999881
139016  29.006  -58.497  -16.013 0.4000000060
139070  22.375  -59.754  -14.217 0.4000000060
139264  25.791  -64.179  -17.885 0.6000000238
139398  24.335  -68.248  -16.522 0.8000000119
139434  25.978  -63.911  -8.161 0.4000000060
139637  20.169  -72.978  -15.342 0.6000000238
139691  18.804  -64.654  -13.282 0.5000000000
140435  24.694  -59.491  -15.567 0.5000000000
141214  24.742  -60.455  -7.776 0.3000000119
141482  22.574  -60.928  -11.976 0.4000000060
141526  26.492  -67.667  -10.195 0.6000000238
141827  19.877  -70.330  -10.276 0.5000000000
141928  29.778  -59.823  -14.636 0.5000000000
142277  26.876  -66.798  -12.914 0.6999999881
142858  23.905  -54.892  -15.509 0.3000000119
142930  22.980  -71.573  -15.231 0.6999999881
143189  26.986  -64.349  -19.910 0.6000000238
143323  23.057  -66.835  -9.169 0.6000000238
143348  23.724  -57.765  -12.792 0.4000000060
143390  27.130  -63.209  -19.138 0.6000000238
143457  19.411  -65.012  -9.755 0.5000000000
144613  23.814  -71.623  -11.925 0.6000000238
144614  23.525  -66.664  -16.421 0.6000000238
144805  24.363  -66.787  -15.461 0.6000000238
145339  19.539  -65.519  -18.549 0.6999999881
145351  22.249  -66.609  -17.503 0.6000000238
146065  22.442  -61.878  -18.417 0.6999999881
146094  26.616  -71.573  -24.703 0.4000000060
146466  23.605  -71.236  -23.066 0.4000000060
146567  12.391  -64.363  -13.962 0.4000000060
146756  23.986  -66.906  -15.985 0.6999999881
146968  23.639  -68.150  -17.007 0.8000000119
146990  22.483  -68.088  -17.718 0.6999999881
147165  11.706  -63.506  -14.087 0.3000000119
147293  23.681  -64.752  -19.865 0.6000000238
147319  28.151  -63.864  -15.021 0.6999999881
147505  23.108  -67.945  -17.399 0.6000000238
147562  25.640  -68.472  -10.299 0.6999999881
148236  23.490  -72.818  -23.977 0.5000000000
151383  25.758  -66.139  -8.939 0.5000000000
151718  21.369  -69.044  -21.979 0.5000000000
152084  27.561  -71.419  -24.229 0.5000000000
152275  23.328  -66.999  -20.902 0.5000000000
152326  26.089  -71.932  -24.820 0.5000000000
152441  26.077  -69.835  -12.139 0.6000000238
152845  22.794  -61.986  -18.112 0.6999999881
153313  27.400  -63.178  -19.016 0.6000000238
153426  20.544  -68.142  -11.632 0.5000000000
154004  29.591  -64.639  -20.327 0.5000000000
154060  23.522  -71.774  -20.268 0.5000000000
154207  19.890  -74.506  -13.377 0.6000000238
154226  20.799  -73.047  -14.013 0.6999999881
154294  23.710  -59.872  -15.331 0.4000000060
154958  25.767  -66.298  -13.768 0.6999999881
155282  27.052  -66.477  -9.862 0.4000000060
156487  22.902  -68.328  -10.231 0.5000000000
156530  20.004  -65.197  -11.238 0.5000000000
156950  20.970  -74.116  -16.545 0.6000000238
