#!ascii label  , from subject sub-v1s0x0050646_ses-1 vox2ras=TkReg
1218
15394  27.591  -74.078  -21.995 0.3000000119
25021  31.972  -64.988  -21.009 0.6000000238
30355  35.052  -60.936  -19.166 0.6999999881
30348  35.465  -60.369  -18.737 0.6999999881
132839  27.174  -73.938  -22.753 0.4000000060
21556  29.234  -69.298  -23.762 0.4000000060
15376  27.610  -73.533  -21.291 0.5000000000
16295  27.634  -73.183  -20.481 0.5000000000
26226  32.866  -65.025  -21.249 0.6999999881
131920  33.218  -63.829  -20.507 0.6999999881
27279  33.942  -63.510  -20.527 0.5000000000
29326  36.140  -61.063  -19.688 0.6000000238
29327  35.446  -61.192  -19.554 0.6000000238
30353  36.549  -60.417  -19.432 0.6999999881
31469  36.467  -59.413  -18.588 0.6999999881
17340  27.241  -72.766  -22.323 0.5000000000
20477  29.786  -69.931  -24.124 0.4000000060
17329  27.371  -72.738  -21.200 0.6000000238
22693  29.843  -67.937  -22.852 0.4000000060
23855  31.804  -67.491  -22.751 0.5000000000
18335  27.859  -71.352  -21.174 0.6000000238
23844  32.148  -66.703  -22.232 0.6000000238
18336  27.457  -71.950  -20.689 0.6000000238
25039  33.423  -65.827  -21.983 0.6000000238
28293  35.440  -62.686  -20.250 0.6000000238
156775  36.576  -61.570  -19.940 0.6000000238
30351  38.437  -60.034  -19.806 0.6999999881
30352  37.437  -60.221  -19.577 0.6999999881
31475  37.876  -59.415  -19.283 0.6999999881
31476  36.924  -59.739  -19.128 0.6999999881
32454  37.385  -58.340  -18.258 0.6999999881
33451  39.336  -58.160  -19.154 0.6999999881
32459  38.592  -58.241  -18.885 0.6999999881
33446  38.110  -57.932  -18.454 0.6999999881
33443  40.349  -57.257  -18.874 0.6999999881
18362  27.591  -71.997  -22.954 0.5000000000
19446  29.045  -70.663  -23.894 0.5000000000
19452  28.554  -70.492  -24.207 0.5000000000
21544  30.355  -68.666  -23.436 0.4000000060
18352  28.004  -71.304  -22.336 0.5000000000
22691  31.479  -67.939  -22.995 0.5000000000
23843  33.111  -66.796  -22.570 0.6000000238
19409  28.198  -70.693  -19.706 0.6000000238
19423  29.214  -70.249  -21.304 0.5000000000
20459  29.843  -69.699  -20.770 0.5000000000
26224  34.780  -64.951  -21.520 0.6999999881
27277  35.981  -63.481  -20.596 0.6000000238
155817  34.571  -64.063  -20.815 0.6999999881
30361  37.958  -60.888  -20.009 0.6000000238
29334  36.635  -62.264  -20.268 0.6000000238
31482  39.230  -60.144  -20.151 0.6000000238
30362  36.998  -60.954  -19.817 0.6000000238
31473  40.031  -59.228  -19.888 0.6000000238
32466  39.497  -58.829  -19.523 0.6999999881
33434  38.349  -57.224  -18.064 0.6999999881
33449  41.618  -57.892  -19.399 0.6000000238
34499  39.853  -56.658  -18.485 0.6999999881
34500  39.075  -56.898  -18.309 0.6999999881
33450  40.750  -57.827  -19.323 0.6999999881
21553  31.495  -68.906  -23.442 0.4000000060
19442  28.836  -70.749  -22.994 0.5000000000
19440  30.207  -70.004  -23.857 0.4000000060
22689  33.172  -68.088  -23.137 0.5000000000
23853  33.721  -67.687  -23.203 0.6000000238
19434  30.325  -70.072  -23.207 0.4000000060
144697  34.413  -65.854  -22.222 0.6000000238
19435  29.535  -70.419  -22.523 0.4000000060
20466  30.878  -69.575  -22.689 0.4000000060
20458  30.731  -69.368  -21.426 0.4000000060
21524  32.272  -68.807  -21.721 0.4000000060
26223  36.002  -65.320  -21.788 0.6999999881
28291  37.481  -62.899  -20.775 0.6000000238
30359  39.789  -60.654  -20.544 0.6000000238
29332  38.501  -61.593  -20.563 0.6000000238
154812  40.543  -59.672  -20.208 0.6000000238
34489  39.358  -56.109  -17.936 0.6999999881
35521  40.996  -55.779  -18.328 0.6999999881
34497  41.501  -56.533  -18.653 0.6000000238
34498  40.651  -56.529  -18.620 0.6000000238
20465  31.380  -69.175  -23.187 0.4000000060
21542  32.315  -68.353  -23.003 0.4000000060
23842  34.056  -66.768  -22.704 0.6999999881
21531  32.984  -68.488  -22.396 0.4000000060
25038  35.492  -66.062  -22.439 0.8000000119
20447  31.488  -68.866  -20.759 0.5000000000
26202  36.533  -64.585  -21.289 0.6999999881
27276  37.019  -63.819  -20.955 0.6000000238
29331  39.602  -61.581  -20.841 0.5000000000
28290  39.029  -62.381  -21.086 0.6000000238
35515  38.749  -55.495  -17.416 0.6999999881
33447  43.605  -58.351  -19.208 0.6000000238
134260  41.198  -58.499  -19.703 0.6000000238
35513  40.515  -55.100  -17.827 0.8000000119
35514  39.599  -55.203  -17.622 0.8000000119
33440  43.068  -57.515  -19.032 0.6000000238
33441  42.044  -57.310  -19.002 0.6000000238
22688  34.174  -68.012  -23.285 0.5000000000
142574  34.651  -67.610  -23.269 0.6000000238
21530  33.992  -68.357  -22.421 0.5000000000
21511  35.551  -68.217  -20.566 0.6999999881
135404  34.172  -68.445  -21.547 0.4000000060
27290  37.530  -64.870  -21.512 0.6999999881
27289  37.958  -64.035  -21.310 0.6999999881
150350  40.349  -61.912  -21.027 0.6000000238
28289  40.125  -62.629  -21.205 0.6000000238
30357  41.727  -60.626  -20.467 0.6000000238
36556  39.279  -54.466  -17.198 0.6000000238
32469  41.755  -59.254  -20.007 0.6000000238
35512  41.386  -55.062  -17.893 0.6999999881
36554  40.915  -54.275  -17.393 0.6999999881
34495  43.438  -56.862  -18.623 0.6999999881
35518  43.983  -56.219  -18.244 0.6999999881
35511  42.336  -55.084  -17.857 0.6999999881
22675  36.217  -67.861  -22.049 0.5000000000
23852  35.925  -67.496  -22.844 0.6000000238
25043  35.955  -66.920  -23.082 0.6000000238
22658  36.837  -67.631  -20.722 0.6999999881
21528  35.598  -68.271  -21.582 0.6000000238
25037  36.541  -66.333  -22.513 0.6999999881
22644  36.548  -67.452  -19.942 0.6999999881
21512  34.783  -68.275  -19.818 0.6999999881
26221  38.408  -65.053  -21.537 0.6999999881
135345  38.705  -64.251  -21.514 0.6999999881
29337  40.976  -62.176  -20.988 0.5000000000
27287  40.148  -63.800  -21.467 0.6000000238
147133  38.421  -53.104  -16.308 0.5000000000
31478  42.772  -59.979  -19.797 0.6000000238
30363  41.890  -61.341  -20.454 0.6000000238
37658  40.650  -53.070  -16.789 0.6000000238
38644  40.176  -52.731  -16.393 0.5000000000
32461  44.205  -58.580  -18.740 0.6000000238
32468  42.599  -59.421  -19.794 0.6000000238
151460  43.015  -53.552  -16.989 0.6000000238
38656  41.496  -53.097  -16.751 0.5000000000
38642  41.930  -52.577  -16.304 0.5000000000
33439  44.716  -57.956  -18.250 0.6999999881
34494  45.036  -56.906  -18.197 0.6999999881
35509  46.240  -55.672  -17.798 0.6999999881
36551  44.356  -54.478  -17.472 0.6999999881
37669  43.979  -53.570  -17.152 0.5000000000
34493  46.476  -56.741  -17.906 0.6999999881
36550  45.396  -54.756  -17.629 0.6000000238
131861  37.412  -66.383  -22.167 0.6000000238
23829  37.398  -67.206  -21.216 0.6999999881
23840  37.230  -67.055  -22.010 0.6000000238
23822  37.594  -66.491  -20.079 0.6999999881
142412  38.206  -65.858  -21.598 0.6999999881
27286  40.568  -64.026  -21.309 0.6999999881
26228  39.317  -64.760  -21.457 0.6999999881
28296  41.431  -62.645  -20.724 0.6000000238
39679  39.540  -52.367  -15.961 0.4000000060
152675  42.261  -61.445  -20.153 0.5000000000
39677  41.490  -52.300  -16.001 0.4000000060
33433  45.183  -57.880  -17.580 0.6000000238
32458  44.141  -58.918  -18.725 0.6000000238
38654  43.505  -52.829  -16.803 0.5000000000
38655  42.538  -52.891  -16.611 0.5000000000
37668  45.247  -53.716  -17.453 0.5000000000
38653  44.564  -52.786  -17.099 0.4000000060
33430  47.190  -57.127  -17.691 0.6000000238
35508  47.406  -55.421  -17.579 0.6999999881
151617  46.605  -54.390  -17.632 0.6000000238
37666  47.463  -53.398  -17.505 0.5000000000
25016  38.102  -66.098  -20.472 0.6000000238
25020  38.275  -66.113  -21.195 0.6999999881
25019  38.800  -65.499  -21.159 0.6999999881
141442  37.715  -64.842  -19.109 0.6999999881
25000  38.336  -65.400  -19.997 0.6999999881
25018  39.468  -65.097  -21.149 0.6000000238
26218  40.306  -64.429  -21.209 0.6000000238
30345  42.695  -60.294  -19.298 0.6000000238
29325  42.163  -61.812  -20.084 0.5000000000
30350  42.646  -60.524  -19.763 0.6000000238
32440  44.569  -58.264  -17.809 0.6000000238
31466  43.856  -59.005  -18.588 0.6000000238
38640  44.078  -52.208  -16.678 0.4000000060
39675  43.552  -52.063  -16.179 0.5000000000
39657  43.318  -51.627  -15.587 0.4000000060
33412  46.934  -57.546  -17.164 0.6000000238
39674  44.768  -51.497  -16.459 0.4000000060
35507  47.839  -56.202  -17.366 0.6000000238
36549  47.703  -54.401  -17.374 0.5000000000
26193  39.134  -65.060  -20.421 0.6999999881
25014  39.439  -65.257  -20.971 0.6000000238
27250  38.847  -63.589  -19.147 0.6999999881
27249  39.859  -63.702  -19.662 0.6000000238
26191  40.358  -64.095  -20.383 0.6000000238
27251  37.879  -63.948  -18.752 0.6999999881
28275  41.292  -62.447  -19.721 0.5000000000
144222  42.515  -59.339  -18.279 0.6000000238
30337  42.338  -59.987  -18.634 0.6000000238
31467  43.245  -59.661  -18.782 0.6000000238
33415  44.255  -57.818  -17.228 0.5000000000
33413  46.079  -57.772  -17.053 0.6000000238
34455  47.792  -56.431  -16.723 0.6000000238
152606  48.150  -55.169  -17.014 0.5000000000
28276  39.350  -62.091  -18.659 0.6999999881
131501  39.596  -62.911  -19.195 0.6999999881
29310  41.049  -60.890  -18.760 0.6000000238
30338  41.331  -60.110  -18.390 0.5000000000
33416  43.060  -57.723  -17.188 0.6000000238
31450  42.135  -58.758  -17.697 0.6000000238
33398  44.620  -57.135  -16.483 0.6000000238
34457  46.063  -56.668  -15.914 0.6000000238
35478  47.908  -55.435  -16.707 0.5000000000
153525  30.468  -69.179  -18.237 0.5000000000
139460  33.004  -68.533  -19.327 0.5000000000
20417  31.093  -69.073  -17.780 0.5000000000
21502  31.350  -68.797  -18.647 0.5000000000
152893  34.219  -68.334  -19.107 0.6999999881
22631  34.450  -67.537  -17.957 0.6999999881
21500  33.512  -68.444  -18.788 0.5000000000
21486  33.302  -68.378  -17.924 0.5000000000
22645  35.778  -67.467  -19.284 0.6999999881
23811  35.191  -67.172  -18.338 0.6999999881
23809  36.987  -66.385  -19.369 0.6999999881
15393  28.334  -74.435  -21.497 0.3000000119
30347  36.143  -60.026  -18.969 0.6999999881
28294  34.727  -62.301  -20.070 0.6000000238
31468  37.219  -59.067  -18.706 0.6999999881
34491  37.813  -56.738  -17.483 0.6999999881
21522  33.715  -68.475  -20.823 0.6000000238
31480  41.326  -59.842  -20.276 0.6000000238
35519  42.919  -55.899  -18.314 0.6999999881
137449  40.957  -53.530  -17.017 0.6000000238
155287  43.480  -54.198  -17.300 0.6999999881
37670  42.132  -53.660  -16.992 0.6000000238
151117  44.836  -55.598  -17.880 0.6999999881
38643  41.049  -52.646  -16.382 0.5000000000
39678  40.597  -52.202  -15.920 0.5000000000
37667  46.490  -53.370  -17.525 0.5000000000
28288  41.365  -63.227  -20.836 0.5000000000
29319  41.785  -61.633  -19.606 0.5000000000
153450  45.559  -57.145  -16.376 0.6000000238
34456  47.013  -56.700  -16.232 0.6000000238
27248  40.674  -63.229  -19.916 0.6000000238
29311  40.086  -61.011  -18.420 0.5000000000
23782  34.405  -66.386  -16.786 0.6000000238
147597  34.538  -64.455  -13.111 0.6000000238
151967  34.737  -63.868  -12.936 0.4000000060
154630  34.387  -65.360  -15.789 0.5000000000
23797  34.763  -66.773  -17.539 0.6000000238
23845  29.456  -66.346  -21.301 0.5000000000
27135  35.526  -63.633  -12.535 0.4000000060
25041  31.589  -65.815  -21.385 0.5000000000
25023  30.117  -65.105  -20.624 0.5000000000
24956  33.898  -65.616  -15.045 0.5000000000
28201  35.905  -62.241  -12.213 0.4000000060
152553  30.802  -65.712  -21.141 0.5000000000
26207  30.596  -64.304  -20.152 0.5000000000
26095  34.368  -64.332  -14.295 0.6000000238
26205  32.463  -64.223  -20.540 0.5000000000
26140  34.830  -64.863  -16.166 0.5000000000
23796  35.511  -66.464  -17.891 0.6000000238
152434  37.457  -60.907  -11.246 0.4000000060
29243  38.067  -61.264  -11.630 0.4000000060
27153  34.681  -63.196  -13.129 0.4000000060
27266  30.603  -63.436  -19.099 0.5000000000
27194  34.681  -63.725  -14.850 0.5000000000
27282  31.012  -63.723  -19.627 0.5000000000
28281  31.873  -62.986  -18.717 0.5000000000
24970  35.282  -65.205  -16.896 0.6000000238
26160  35.985  -64.726  -17.360 0.6000000238
25003  36.279  -66.218  -18.457 0.6000000238
28283  34.027  -62.018  -19.944 0.5000000000
28280  32.491  -62.501  -18.559 0.5000000000
139021  31.553  -63.271  -18.175 0.4000000060
27217  35.628  -63.630  -16.310 0.5000000000
26116  35.030  -64.080  -15.801 0.5000000000
27233  36.023  -64.014  -16.855 0.6000000238
27232  36.581  -63.920  -17.492 0.6000000238
24984  36.409  -65.365  -18.078 0.6000000238
27231  37.281  -63.486  -17.991 0.6000000238
26179  37.020  -65.113  -18.583 0.6000000238
28202  35.417  -62.283  -12.526 0.4000000060
29244  36.759  -60.773  -11.443 0.4000000060
29315  34.092  -61.169  -18.127 0.5000000000
28272  32.649  -62.339  -17.643 0.5000000000
27218  32.199  -63.018  -16.951 0.4000000060
29322  34.317  -61.298  -18.947 0.6000000238
27236  31.023  -63.675  -17.959 0.4000000060
28255  35.009  -62.864  -14.821 0.6000000238
28264  35.842  -62.809  -16.172 0.6000000238
28263  36.476  -62.464  -16.695 0.6000000238
28262  37.158  -62.117  -17.239 0.6000000238
135378  37.636  -60.821  -9.854 0.4000000060
30343  34.521  -60.532  -17.677 0.5000000000
29308  33.315  -61.415  -16.702 0.4000000060
28256  32.208  -62.444  -15.637 0.4000000060
29289  34.966  -61.938  -13.531 0.6000000238
28203  34.962  -62.333  -12.853 0.4000000060
30316  35.675  -60.873  -14.764 0.6000000238
27169  34.609  -63.206  -13.977 0.6000000238
28254  35.500  -62.439  -15.460 0.5000000000
30334  36.672  -60.990  -16.157 0.6000000238
147058  36.067  -61.165  -15.534 0.5000000000
28270  37.950  -62.168  -17.912 0.6000000238
141443  38.558  -61.275  -10.098 0.4000000060
29245  35.988  -60.837  -11.758 0.4000000060
31464  35.533  -59.346  -17.569 0.6000000238
30336  33.651  -60.691  -16.331 0.5000000000
30328  33.294  -60.307  -15.458 0.5000000000
29291  31.735  -62.085  -14.971 0.5000000000
30310  35.333  -60.805  -12.647 0.4000000060
139651  35.583  -60.836  -12.167 0.4000000060
133540  35.287  -60.100  -12.975 0.5000000000
30315  36.070  -59.948  -14.791 0.5000000000
31439  36.626  -59.765  -15.342 0.5000000000
29306  37.248  -61.283  -16.861 0.6000000238
29305  37.862  -60.871  -17.205 0.6000000238
28269  38.655  -61.870  -18.226 0.6000000238
153513  36.660  -60.196  -8.461 0.4000000060
29224  37.035  -60.567  -10.701 0.4000000060
30262  37.269  -60.603  -8.234 0.4000000060
29159  38.062  -61.035  -8.016 0.4000000060
33435  37.600  -57.582  -17.812 0.6000000238
30282  36.341  -59.880  -9.174 0.4000000060
30294  36.375  -60.154  -10.517 0.4000000060
31456  34.510  -59.528  -16.431 0.6000000238
139706  33.490  -59.589  -15.267 0.5000000000
31441  32.864  -59.695  -14.806 0.4000000060
31406  35.531  -59.466  -11.492 0.4000000060
31427  35.502  -60.199  -13.894 0.5000000000
31438  37.264  -59.248  -15.513 0.5000000000
31454  37.711  -59.656  -16.229 0.6000000238
29313  38.309  -61.388  -17.718 0.6000000238
29312  39.179  -61.287  -18.128 0.6000000238
30241  36.663  -60.067  -7.634 0.4000000060
34492  37.084  -57.092  -17.123 0.6000000238
33437  36.038  -58.081  -16.990 0.6000000238
33422  34.778  -57.835  -15.634 0.5000000000
31429  31.684  -59.190  -14.345 0.5000000000
31391  35.890  -59.115  -9.557 0.4000000060
32402  35.343  -59.260  -12.016 0.4000000060
155458  35.483  -58.822  -13.012 0.5000000000
32419  36.503  -58.725  -14.406 0.5000000000
31453  38.465  -59.303  -16.570 0.5000000000
30240  37.491  -60.554  -7.402 0.4000000060
33420  36.309  -57.375  -16.731 0.6000000238
34477  35.759  -56.712  -16.073 0.5000000000
33405  34.232  -57.088  -15.098 0.5000000000
31421  35.993  -58.574  -13.674 0.5000000000
32426  37.151  -58.506  -14.963 0.4000000060
155703  38.350  -58.289  -15.827 0.4000000060
31462  38.920  -59.806  -17.258 0.4000000060
31461  39.785  -59.614  -17.525 0.6000000238
31460  40.710  -59.499  -17.753 0.4000000060
31351  37.070  -59.867  -6.390 0.4000000060
30263  36.293  -59.626  -8.338 0.4000000060
35516  37.992  -55.885  -17.233 0.6000000238
31381  36.044  -59.000  -8.380 0.4000000060
36536  38.582  -54.638  -17.035 0.5000000000
35496  36.752  -55.559  -16.324 0.5000000000
34464  35.141  -56.010  -15.528 0.5000000000
34466  33.521  -56.589  -15.146 0.4000000060
143397  35.917  -55.681  -15.905 0.4000000060
33380  36.297  -57.656  -13.472 0.5000000000
33379  37.015  -57.211  -13.957 0.5000000000
33391  37.459  -57.640  -14.679 0.6000000238
32446  38.789  -58.473  -16.252 0.4000000060
32445  39.656  -58.233  -16.589 0.4000000060
32444  40.574  -58.229  -16.927 0.4000000060
34452  38.608  -56.344  -14.612 0.5000000000
155582  38.336  -54.132  -16.707 0.5000000000
36538  36.809  -54.537  -16.111 0.6000000238
142437  37.139  -53.659  -16.048 0.4000000060
33402  40.463  -57.082  -16.253 0.5000000000
31451  41.104  -58.823  -17.428 0.5000000000
35472  38.648  -55.735  -14.038 0.5000000000
33390  38.231  -57.251  -15.049 0.5000000000
33389  39.055  -56.896  -15.393 0.5000000000
34463  39.945  -56.612  -15.658 0.5000000000
144411  36.202  -58.144  -7.307 0.4000000060
34458  45.378  -56.455  -15.688 0.5000000000
33417  41.924  -57.530  -16.919 0.4000000060
33418  40.990  -57.610  -16.689 0.5000000000
34451  39.499  -56.037  -15.040 0.5000000000
35471  39.226  -55.629  -14.338 0.5000000000
39680  38.552  -52.524  -15.854 0.4000000060
35480  44.312  -55.884  -15.150 0.4000000060
35481  43.493  -55.815  -15.139 0.4000000060
33399  43.573  -57.005  -16.549 0.5000000000
34460  43.013  -56.257  -15.869 0.5000000000
34462  40.896  -56.364  -15.842 0.5000000000
34461  41.933  -56.169  -15.930 0.5000000000
34450  40.433  -55.795  -15.279 0.5000000000
150005  40.851  -55.417  -14.877 0.5000000000
35469  41.571  -55.362  -14.602 0.4000000060
29329  33.790  -61.781  -19.428 0.5000000000
30342  35.184  -60.117  -18.022 0.6000000238
27264  33.216  -63.054  -20.156 0.6000000238
31463  36.112  -59.184  -18.067 0.6000000238
132886  30.183  -66.817  -21.872 0.5000000000
37660  38.802  -53.841  -16.770 0.5000000000
30340  39.470  -60.421  -17.816 0.6000000238
28285  31.504  -63.297  -19.222 0.5000000000
27265  32.501  -62.879  -19.437 0.5000000000
131516  33.085  -62.157  -19.072 0.5000000000
29317  32.966  -61.968  -17.032 0.4000000060
28265  32.401  -62.636  -16.309 0.4000000060
29288  35.235  -61.689  -14.414 0.6000000238
30344  33.882  -60.969  -17.248 0.6000000238
29303  33.059  -61.147  -15.753 0.4000000060
30295  35.912  -59.752  -10.919 0.4000000060
32456  36.094  -58.663  -17.538 0.6000000238
31455  35.069  -59.234  -16.837 0.6000000238
31457  33.900  -59.925  -15.977 0.5000000000
29290  31.846  -61.239  -14.673 0.5000000000
28235  31.026  -62.495  -14.760 0.5000000000
141066  32.157  -59.833  -14.459 0.5000000000
33421  35.527  -57.703  -16.287 0.5000000000
32429  33.735  -58.251  -14.896 0.5000000000
132864  34.135  -57.781  -15.101 0.5000000000
154962  37.588  -58.665  -15.450 0.5000000000
32421  32.882  -58.015  -14.452 0.5000000000
34423  35.685  -57.070  -11.766 0.5000000000
35495  37.506  -55.323  -16.663 0.6000000238
31452  40.158  -58.872  -17.209 0.3000000119
35482  42.419  -55.593  -15.155 0.4000000060
9342  32.622  -81.955  -20.964 0.3000000119
10137  32.370  -80.219  -20.015 0.3000000119
10155  32.985  -81.024  -20.663 0.3000000119
10929  33.362  -78.706  -19.759 0.3000000119
150139  34.705  -79.189  -20.360 0.3000000119
131147  33.933  -76.667  -20.416 0.3000000119
12670  34.431  -77.515  -20.256 0.3000000119
10925  37.251  -78.699  -19.602 0.3000000119
10949  35.267  -79.218  -20.368 0.3000000119
12668  36.003  -77.242  -21.106 0.3000000119
12669  34.917  -76.883  -20.684 0.3000000119
11806  36.725  -78.497  -20.241 0.3000000119
12638  39.397  -76.927  -19.606 0.3000000119
11821  37.087  -77.677  -20.720 0.3000000119
153749  36.567  -77.547  -20.898 0.4000000060
12688  37.142  -76.834  -21.230 0.4000000060
14479  36.600  -75.221  -22.526 0.4000000060
14480  35.577  -75.325  -22.992 0.3000000119
13529  38.488  -76.347  -18.496 0.3000000119
12666  38.663  -76.286  -20.569 0.4000000060
13572  38.207  -75.718  -21.008 0.4000000060
13591  37.304  -75.593  -21.658 0.4000000060
13528  39.211  -76.679  -17.855 0.3000000119
14478  37.367  -74.758  -22.350 0.4000000060
13502  38.521  -76.425  -15.972 0.4000000060
13517  38.226  -76.525  -16.745 0.4000000060
15399  36.580  -74.204  -23.325 0.4000000060
15386  36.641  -73.688  -22.372 0.3000000119
154182  37.973  -76.465  -17.442 0.4000000060
13546  38.566  -75.938  -19.439 0.3000000119
14465  37.965  -75.337  -20.789 0.4000000060
13503  37.522  -76.367  -15.944 0.4000000060
15352  36.731  -74.440  -20.771 0.5000000000
14466  37.550  -74.623  -21.293 0.4000000060
17308  27.683  -72.316  -19.339 0.5000000000
14389  38.370  -75.232  -14.743 0.4000000060
15385  37.415  -74.002  -22.399 0.4000000060
149965  28.757  -74.340  -20.792 0.3000000119
148314  29.040  -73.975  -19.567 0.4000000060
15389  33.220  -74.051  -21.618 0.3000000119
22677  29.340  -67.190  -21.955 0.4000000060
22679  27.394  -67.409  -21.629 0.4000000060
20435  31.143  -68.833  -19.646 0.4000000060
20436  30.415  -69.065  -19.134 0.4000000060
20449  29.643  -69.541  -19.645 0.4000000060
13530  37.067  -76.225  -17.591 0.4000000060
13547  37.554  -75.888  -18.724 0.3000000119
14437  36.845  -75.352  -19.165 0.5000000000
19408  28.788  -70.053  -19.147 0.4000000060
18323  27.754  -71.465  -19.426 0.4000000060
146726  37.011  -75.740  -15.318 0.4000000060
15359  28.176  -73.537  -19.864 0.4000000060
15368  36.165  -73.975  -21.325 0.4000000060
16274  28.407  -73.143  -18.217 0.5000000000
143357  35.551  -73.682  -21.823 0.5000000000
16284  29.831  -73.950  -18.852 0.4000000060
15373  30.350  -74.525  -20.622 0.4000000060
15387  34.431  -73.708  -21.967 0.3000000119
131926  31.046  -74.420  -20.056 0.4000000060
25024  29.592  -65.717  -20.834 0.4000000060
21513  32.984  -68.519  -20.193 0.4000000060
14403  36.633  -76.161  -16.009 0.4000000060
14424  36.365  -75.746  -18.103 0.4000000060
19399  28.826  -70.234  -18.175 0.4000000060
17298  27.839  -71.759  -18.776 0.5000000000
151681  36.076  -75.961  -17.292 0.4000000060
18307  28.322  -71.960  -17.512 0.5000000000
136777  36.250  -75.604  -15.482 0.4000000060
14405  35.203  -75.480  -16.088 0.4000000060
14425  35.338  -75.508  -17.507 0.4000000060
15341  34.990  -74.665  -19.048 0.5000000000
15354  34.609  -74.428  -19.802 0.5000000000
19381  28.959  -70.462  -17.312 0.4000000060
17276  28.614  -72.582  -17.100 0.5000000000
15289  35.763  -74.273  -14.877 0.4000000060
15355  33.838  -74.393  -19.944 0.5000000000
16273  29.188  -73.560  -18.110 0.4000000060
15370  33.647  -74.187  -20.841 0.4000000060
149353  32.303  -74.387  -19.973 0.4000000060
15357  31.659  -74.374  -19.585 0.4000000060
154572  30.642  -74.119  -18.530 0.4000000060
20419  29.526  -69.779  -17.705 0.4000000060
21488  31.320  -69.145  -16.963 0.3000000119
14416  34.806  -75.351  -16.642 0.4000000060
14426  34.447  -75.021  -17.366 0.4000000060
19360  28.636  -71.259  -16.979 0.4000000060
137759  31.586  -62.893  -15.299 0.4000000060
16204  36.070  -73.413  -14.667 0.4000000060
15290  34.952  -74.300  -15.194 0.4000000060
15342  34.002  -74.523  -19.027 0.5000000000
15343  33.143  -74.441  -19.127 0.5000000000
18287  29.143  -72.057  -15.960 0.5000000000
16246  29.059  -73.085  -16.819 0.4000000060
16205  35.271  -73.623  -14.716 0.4000000060
15356  32.972  -74.395  -19.978 0.4000000060
16260  29.488  -73.498  -17.344 0.4000000060
15345  31.524  -74.293  -18.663 0.4000000060
16259  30.331  -73.787  -17.168 0.4000000060
149618  32.086  -68.843  -17.044 0.4000000060
20407  29.631  -69.932  -16.879 0.3000000119
15299  34.596  -74.898  -15.838 0.4000000060
15300  33.780  -74.442  -15.891 0.4000000060
19358  29.776  -70.173  -16.009 0.3000000119
16206  34.358  -73.662  -14.797 0.4000000060
16228  33.627  -73.917  -15.270 0.4000000060
15312  33.260  -74.420  -16.550 0.4000000060
15327  32.688  -74.369  -17.379 0.5000000000
17222  34.851  -73.078  -14.341 0.4000000060
17223  34.049  -73.005  -14.111 0.4000000060
148660  31.965  -74.121  -16.986 0.4000000060
16258  31.205  -74.041  -17.039 0.4000000060
16232  29.860  -73.332  -15.860 0.4000000060
22632  33.788  -67.904  -17.519 0.4000000060
15313  32.449  -74.101  -16.420 0.4000000060
11850  30.399  -78.975  -23.755 0.3000000119
11786  38.321  -78.208  -19.368 0.3000000119
151972  39.645  -77.141  -18.925 0.3000000119
13516  39.327  -76.639  -16.859 0.4000000060
146188  37.852  -74.507  -14.527 0.4000000060
147628  37.099  -74.516  -14.615 0.4000000060
17218  38.521  -72.782  -15.003 0.4000000060
17219  37.157  -72.471  -14.907 0.4000000060
134478  30.448  -69.578  -16.457 0.3000000119
17221  35.606  -72.937  -14.485 0.4000000060
21474  31.971  -68.973  -16.353 0.4000000060
20395  30.485  -69.782  -15.533 0.4000000060
19327  29.734  -71.060  -14.941 0.4000000060
18222  35.250  -71.925  -13.875 0.4000000060
16207  33.455  -73.372  -14.598 0.4000000060
16229  32.202  -73.657  -15.503 0.4000000060
16230  31.215  -73.490  -15.478 0.4000000060
150636  30.386  -72.774  -14.984 0.3000000119
18261  29.658  -71.767  -15.240 0.4000000060
152976  34.467  -71.910  -13.520 0.4000000060
16286  28.064  -73.106  -19.056 0.4000000060
146131  33.547  -67.636  -16.719 0.4000000060
143947  31.425  -80.307  -19.815 0.3000000119
10951  34.095  -79.541  -20.250 0.3000000119
11807  32.560  -78.018  -19.586 0.3000000119
11852  28.954  -78.660  -22.428 0.3000000119
12712  30.655  -78.151  -23.052 0.3000000119
11823  35.012  -78.445  -20.477 0.3000000119
11805  37.924  -77.779  -20.165 0.3000000119
11822  36.002  -78.225  -20.575 0.4000000060
13592  36.422  -76.079  -21.493 0.4000000060
12667  38.059  -76.841  -20.799 0.3000000119
13561  39.147  -76.426  -20.109 0.3000000119
156213  38.302  -76.216  -20.921 0.4000000060
13590  37.770  -75.181  -21.674 0.4000000060
13527  40.023  -76.912  -17.575 0.3000000119
14388  39.384  -75.238  -14.785 0.4000000060
14454  36.185  -74.798  -19.659 0.4000000060
15369  34.807  -74.139  -20.857 0.5000000000
15371  32.721  -74.315  -20.673 0.3000000119
15353  35.555  -74.414  -20.234 0.5000000000
15288  36.552  -74.023  -14.638 0.4000000060
15328  31.800  -74.260  -17.731 0.4000000060
16244  30.602  -73.650  -16.231 0.4000000060
22581  33.419  -67.161  -13.208 0.4000000060
22594  33.185  -67.117  -13.973 0.4000000060
139354  34.489  -66.104  -12.709 0.4000000060
26058  34.770  -64.481  -12.844 0.3000000119
24944  33.826  -65.629  -13.953 0.5000000000
23770  33.584  -66.529  -15.479 0.4000000060
23783  33.781  -66.804  -16.382 0.4000000060
26138  42.769  -64.851  -16.181 0.3000000119
24952  42.082  -65.109  -15.774 0.3000000119
28233  40.739  -62.763  -13.916 0.3000000119
28218  39.233  -62.832  -13.124 0.3000000119
28198  38.877  -62.198  -12.670 0.3000000119
28200  36.807  -62.228  -12.227 0.3000000119
27192  42.037  -63.877  -15.034 0.3000000119
27166  41.681  -63.347  -14.592 0.3000000119
28217  41.219  -62.362  -13.788 0.3000000119
26136  44.127  -64.313  -16.866 0.3000000119
27215  43.818  -63.872  -16.270 0.3000000119
29260  39.409  -61.705  -12.374 0.3000000119
133068  39.544  -61.495  -11.628 0.3000000119
27165  42.373  -63.264  -14.776 0.3000000119
29258  41.710  -61.694  -12.740 0.3000000119
29259  40.307  -61.763  -12.700 0.3000000119
28229  44.483  -62.244  -14.384 0.3000000119
28230  43.574  -62.506  -14.545 0.3000000119
29257  42.603  -61.671  -12.543 0.3000000119
28214  43.831  -62.076  -13.799 0.3000000119
29256  43.525  -61.619  -12.366 0.3000000119
28250  44.634  -62.739  -15.551 0.3000000119
156857  40.653  -61.514  -11.505 0.3000000119
29220  40.223  -61.524  -10.138 0.3000000119
29158  38.913  -61.242  -7.878 0.3000000119
29275  44.768  -61.919  -13.642 0.3000000119
29239  42.012  -61.575  -11.871 0.3000000119
29204  40.670  -61.473  -9.420 0.3000000119
151626  44.455  -61.528  -12.210 0.3000000119
29218  42.851  -61.397  -10.216 0.3000000119
29219  41.953  -61.501  -10.222 0.3000000119
138495  42.442  -61.286  -9.482 0.3000000119
30239  38.335  -60.823  -7.225 0.3000000119
29180  39.419  -61.403  -8.608 0.3000000119
30238  39.203  -60.877  -7.161 0.3000000119
30219  37.736  -60.344  -6.556 0.3000000119
31352  36.597  -59.593  -6.828 0.3000000119
32313  37.438  -58.577  -4.531 0.3000000119
32314  36.787  -58.186  -4.939 0.3000000119
32324  36.586  -58.437  -5.753 0.3000000119
26057  35.239  -64.429  -12.630 0.3000000119
24927  34.050  -65.671  -13.233 0.4000000060
28199  37.909  -62.212  -12.417 0.3000000119
139082  39.394  -61.466  -10.143 0.3000000119
22565  33.686  -67.298  -12.775 0.5000000000
27191  42.770  -63.723  -15.275 0.3000000119
136715  40.987  -61.733  -12.949 0.3000000119
27149  40.004  -62.784  -13.536 0.3000000119
27133  38.389  -62.961  -12.738 0.3000000119
142895  37.275  -63.164  -12.468 0.3000000119
28216  41.958  -62.331  -13.971 0.3000000119
28251  43.864  -62.894  -15.273 0.3000000119
131626  40.149  -61.508  -11.381 0.3000000119
29276  43.200  -61.825  -13.199 0.3000000119
151360  43.596  -61.199  -10.241 0.3000000119
29201  43.321  -61.070  -9.606 0.3000000119
139187  41.054  -61.546  -10.191 0.3000000119
131579  45.262  -61.363  -12.110 0.3000000119
29203  41.537  -61.432  -9.449 0.3000000119
18244  30.149  -71.585  -14.701 0.3000000119
18242  31.218  -71.742  -13.947 0.4000000060
19303  34.300  -70.598  -12.970 0.4000000060
19304  33.491  -70.573  -12.871 0.4000000060
20379  30.625  -69.993  -14.738 0.3000000119
19285  33.891  -69.972  -12.703 0.4000000060
21420  35.723  -68.971  -12.970 0.3000000119
19306  31.461  -70.292  -13.789 0.4000000060
19286  33.173  -69.711  -12.794 0.4000000060
21405  35.447  -68.294  -12.699 0.3000000119
152880  31.919  -69.042  -13.973 0.3000000119
20362  32.033  -69.560  -13.569 0.4000000060
21406  34.484  -68.259  -12.573 0.4000000060
143240  32.266  -68.450  -14.123 0.3000000119
21421  32.413  -68.726  -13.519 0.4000000060
22564  34.131  -67.573  -12.562 0.4000000060
21436  31.772  -68.989  -14.602 0.3000000119
21435  32.229  -68.391  -14.951 0.3000000119
21457  32.428  -68.522  -15.860 0.3000000119
21458  31.816  -68.974  -15.476 0.3000000119
21407  33.592  -68.152  -12.671 0.4000000060
136424  32.095  -70.403  -13.334 0.4000000060
14400  39.996  -75.914  -15.430 0.3000000119
135932  32.397  -72.532  -13.796 0.3000000119
13489  41.948  -76.497  -14.981 0.3000000119
13498  41.595  -76.297  -15.451 0.3000000119
14399  40.965  -76.046  -15.621 0.3000000119
17202  31.957  -71.947  -13.485 0.3000000119
17224  33.188  -72.775  -13.906 0.3000000119
15283  43.116  -74.832  -14.405 0.3000000119
15285  41.048  -74.538  -14.585 0.3000000119
15284  42.225  -74.974  -14.652 0.3000000119
16200  40.251  -73.654  -14.452 0.3000000119
16201  39.191  -73.620  -14.489 0.3000000119
17201  32.914  -71.991  -13.293 0.3000000119
141002  44.277  -73.690  -14.415 0.3000000119
16199  42.883  -73.586  -14.719 0.3000000119
16226  43.637  -73.235  -14.977 0.3000000119
146661  41.230  -73.624  -14.555 0.3000000119
145393  42.116  -73.563  -14.672 0.3000000119
17216  40.609  -72.938  -14.837 0.3000000119
145648  43.317  -72.666  -15.621 0.3000000119
17247  42.498  -72.954  -15.180 0.3000000119
152600  40.906  -72.512  -15.383 0.3000000119
17248  41.599  -72.420  -15.709 0.3000000119
154346  38.944  -72.398  -15.337 0.3000000119
17252  37.846  -72.283  -15.252 0.3000000119
18239  37.379  -71.832  -15.077 0.3000000119
17246  44.290  -72.555  -15.523 0.3000000119
17274  39.735  -71.709  -16.307 0.3000000119
17273  40.671  -71.926  -16.203 0.3000000119
18258  39.050  -71.480  -16.259 0.3000000119
18224  33.836  -71.438  -13.152 0.3000000119
17270  43.691  -72.186  -16.309 0.3000000119
18281  44.189  -71.535  -16.919 0.3000000119
18282  42.965  -71.597  -17.098 0.3000000119
17272  41.492  -71.858  -16.478 0.3000000119
18285  39.492  -71.167  -16.991 0.3000000119
18260  37.982  -71.604  -15.447 0.3000000119
18241  36.183  -71.748  -14.255 0.3000000119
18223  34.794  -71.260  -13.352 0.3000000119
19302  35.182  -70.472  -13.197 0.3000000119
16209  30.931  -73.049  -14.805 0.3000000119
18304  42.266  -70.951  -18.062 0.3000000119
140236  40.067  -71.407  -16.942 0.3000000119
18286  38.979  -70.988  -16.707 0.3000000119
18240  36.960  -71.270  -14.591 0.3000000119
14387  40.458  -75.310  -14.860 0.3000000119
131324  42.161  -75.825  -14.878 0.3000000119
14386  41.500  -75.556  -14.982 0.3000000119
10952  33.285  -79.932  -20.151 0.3000000119
10972  29.554  -79.256  -23.386 0.3000000119
11804  38.872  -77.487  -19.752 0.3000000119
11824  34.165  -78.420  -20.076 0.3000000119
11851  29.828  -78.438  -22.763 0.3000000119
12651  38.852  -76.947  -20.260 0.3000000119
13501  39.595  -76.404  -16.095 0.3000000119
13518  37.214  -76.419  -16.707 0.4000000060
13545  39.135  -76.346  -19.575 0.3000000119
13573  37.913  -76.053  -21.207 0.4000000060
13574  35.469  -76.397  -21.221 0.4000000060
14390  37.433  -75.173  -14.785 0.4000000060
14391  36.470  -74.994  -14.874 0.4000000060
14401  38.942  -75.881  -15.314 0.4000000060
14402  37.941  -75.877  -15.256 0.4000000060
14404  35.862  -75.798  -16.044 0.4000000060
14414  36.338  -76.160  -16.719 0.4000000060
14415  35.558  -75.763  -16.700 0.4000000060
14438  35.698  -75.204  -18.575 0.4000000060
14439  34.184  -74.680  -18.158 0.4000000060
14452  37.973  -75.504  -19.810 0.4000000060
14453  37.342  -74.916  -20.246 0.5000000000
14477  37.587  -74.465  -22.159 0.4000000060
14490  37.212  -74.216  -22.729 0.4000000060
14491  36.139  -74.686  -23.391 0.4000000060
15286  39.842  -74.509  -14.518 0.3000000119
15287  38.795  -74.494  -14.487 0.3000000119
15298  35.522  -75.128  -15.415 0.4000000060
15301  33.027  -74.060  -15.782 0.4000000060
15311  34.069  -74.803  -16.589 0.4000000060
15314  31.619  -73.858  -16.286 0.4000000060
15325  33.629  -74.647  -17.358 0.5000000000
15326  33.338  -74.503  -18.225 0.5000000000
15344  32.461  -74.403  -18.398 0.4000000060
15346  30.826  -74.231  -19.232 0.4000000060
15358  30.090  -74.327  -19.742 0.4000000060
15366  37.596  -74.287  -21.924 0.4000000060
15367  37.284  -73.973  -21.736 0.4000000060
15374  29.384  -74.380  -20.342 0.3000000119
15375  28.083  -73.876  -20.768 0.3000000119
15388  33.660  -73.803  -22.816 0.3000000119
15392  29.502  -74.686  -21.278 0.3000000119
16198  43.433  -73.988  -14.469 0.3000000119
16202  38.197  -73.697  -14.540 0.4000000060
16203  36.844  -73.180  -14.748 0.4000000060
16208  32.478  -73.193  -14.500 0.4000000060
16227  34.245  -74.263  -15.419 0.4000000060
16231  30.416  -73.248  -15.405 0.4000000060
16245  29.720  -73.440  -16.555 0.4000000060
16261  28.774  -73.133  -17.518 0.4000000060
16272  30.919  -74.132  -17.851 0.4000000060
16285  28.791  -73.584  -18.829 0.4000000060
16287  27.738  -72.932  -19.769 0.5000000000
16305  36.896  -73.913  -23.030 0.3000000119
16306  36.299  -73.763  -23.151 0.3000000119
16309  27.322  -73.433  -22.032 0.4000000060
17199  34.607  -72.485  -13.911 0.4000000060
17200  33.835  -72.322  -13.557 0.4000000060
17214  44.815  -72.933  -14.813 0.3000000119
17215  41.498  -72.973  -14.933 0.3000000119
17217  39.570  -72.770  -14.921 0.3000000119
17220  36.368  -72.580  -14.611 0.4000000060
17225  30.682  -72.265  -14.501 0.3000000119
17226  30.102  -72.238  -14.940 0.3000000119
17249  40.120  -72.314  -15.528 0.3000000119
17250  39.282  -72.101  -15.702 0.3000000119
17251  38.551  -71.996  -15.643 0.3000000119
17253  29.772  -72.694  -15.436 0.4000000060
17271  42.494  -72.216  -16.240 0.3000000119
17275  29.333  -72.942  -16.136 0.4000000060
17288  28.384  -72.672  -17.724 0.5000000000
17297  28.034  -72.416  -18.371 0.5000000000
17317  27.524  -72.475  -20.215 0.5000000000
17346  27.097  -72.837  -23.559 0.5000000000
18225  32.383  -71.205  -13.224 0.3000000119
18226  31.643  -71.096  -13.561 0.4000000060
18227  31.004  -70.912  -14.025 0.4000000060
18243  30.655  -71.453  -14.317 0.3000000119
18259  38.518  -71.249  -15.948 0.3000000119
18283  41.842  -71.428  -17.173 0.3000000119
18284  40.830  -71.370  -17.118 0.3000000119
18288  28.669  -71.958  -16.700 0.5000000000
18306  40.129  -71.024  -17.593 0.3000000119
18353  27.434  -72.002  -21.711 0.6000000238
18361  28.238  -71.118  -23.553 0.5000000000
18364  28.311  -70.883  -24.013 0.5000000000
19305  32.763  -70.487  -13.001 0.4000000060
19323  37.485  -70.613  -14.777 0.3000000119
19325  30.932  -70.292  -14.261 0.3000000119
19326  30.366  -70.773  -14.543 0.3000000119
19341  29.969  -70.429  -15.166 0.4000000060
19342  29.301  -71.022  -15.620 0.4000000060
19359  29.134  -70.671  -16.500 0.4000000060
19378  42.779  -70.527  -18.844 0.3000000119
19382  28.405  -71.050  -17.778 0.4000000060
19400  28.162  -70.929  -18.715 0.5000000000
19410  27.754  -71.335  -20.227 0.6000000238
19424  28.359  -70.704  -20.683 0.5000000000
19436  28.578  -70.769  -21.787 0.5000000000
19441  29.678  -70.361  -23.593 0.4000000060
19445  29.539  -70.261  -24.055 0.4000000060
19451  29.071  -70.205  -24.266 0.5000000000
19453  27.746  -70.817  -24.257 0.5000000000
20342  34.948  -69.027  -12.694 0.4000000060
20343  33.957  -69.118  -12.603 0.4000000060
20344  33.198  -68.878  -12.756 0.4000000060
20359  35.497  -69.667  -13.061 0.3000000119
20360  34.624  -69.819  -12.793 0.4000000060
20361  32.645  -69.149  -13.053 0.4000000060
20378  31.362  -69.629  -14.246 0.3000000119
20394  31.158  -69.421  -15.046 0.3000000119
20406  31.228  -69.327  -15.983 0.3000000119
20418  30.343  -69.396  -17.415 0.4000000060
20437  29.619  -69.537  -18.556 0.5000000000
20448  30.528  -69.205  -20.198 0.4000000060
20457  31.551  -69.188  -22.181 0.4000000060
20467  30.164  -69.977  -22.032 0.4000000060
20470  31.175  -69.110  -23.537 0.4000000060
20471  30.744  -69.562  -23.494 0.4000000060
20476  30.540  -69.562  -23.693 0.4000000060
21408  32.891  -68.377  -12.991 0.4000000060
21472  33.200  -68.265  -17.080 0.4000000060
21473  32.582  -68.569  -16.683 0.4000000060
21487  32.607  -68.591  -17.478 0.4000000060
21501  32.538  -68.594  -18.472 0.5000000000
21514  32.090  -68.608  -19.638 0.5000000000
21521  34.692  -68.402  -20.854 0.6999999881
21523  32.974  -68.559  -21.215 0.4000000060
21529  34.814  -68.362  -22.096 0.5000000000
21532  32.002  -68.778  -22.793 0.4000000060
21539  35.423  -68.091  -22.619 0.5000000000
21540  34.575  -68.204  -22.980 0.5000000000
21541  33.587  -68.198  -23.035 0.4000000060
21543  31.622  -68.891  -23.314 0.4000000060
21552  31.764  -68.720  -23.259 0.4000000060
21554  31.044  -69.041  -23.663 0.4000000060
21555  30.219  -69.328  -23.767 0.4000000060
22566  33.213  -67.745  -12.969 0.5000000000
22582  32.829  -67.896  -13.533 0.4000000060
22595  32.688  -67.776  -14.453 0.4000000060
22609  33.150  -67.154  -14.946 0.4000000060
22610  32.778  -67.867  -15.395 0.3000000119
22621  34.092  -67.156  -17.161 0.4000000060
22622  33.299  -67.352  -15.883 0.3000000119
22623  33.043  -68.115  -16.262 0.4000000060
22646  34.845  -67.904  -18.918 0.6999999881
22647  34.031  -68.170  -18.346 0.5000000000
22659  36.126  -67.865  -20.235 0.6999999881
22660  35.416  -67.964  -19.766 0.6999999881
22666  36.874  -67.593  -21.610 0.6999999881
22667  36.324  -68.066  -21.146 0.6000000238
22674  36.670  -67.408  -22.281 0.5000000000
22678  28.307  -67.271  -21.787 0.4000000060
22687  35.053  -67.864  -23.192 0.5000000000
22690  32.145  -68.290  -23.121 0.5000000000
22692  30.827  -68.205  -23.118 0.4000000060
22697  31.576  -68.702  -23.334 0.4000000060
23728  33.881  -66.421  -12.898 0.4000000060
23742  33.612  -66.379  -13.522 0.5000000000
23755  33.481  -66.375  -14.459 0.4000000060
23769  34.082  -66.023  -16.015 0.4000000060
23810  36.458  -66.929  -19.290 0.6999999881
23823  37.193  -67.073  -20.212 0.6999999881
23828  37.766  -66.656  -20.847 0.6000000238
23830  28.938  -65.857  -20.660 0.4000000060
23839  37.729  -66.562  -21.594 0.6000000238
23841  35.056  -66.848  -22.997 0.6000000238
23846  28.623  -66.532  -21.268 0.5000000000
23851  36.687  -66.963  -22.585 0.6000000238
23854  32.759  -67.656  -23.008 0.6000000238
23856  30.940  -67.409  -22.559 0.5000000000
24906  34.314  -65.686  -12.909 0.4000000060
24926  34.465  -65.065  -13.034 0.3000000119
24943  34.136  -65.022  -14.407 0.6000000238
24955  34.451  -64.699  -15.217 0.5000000000
24971  34.667  -65.629  -16.477 0.5000000000
24985  35.764  -65.672  -17.604 0.6000000238
24986  35.075  -66.019  -17.171 0.6000000238
25001  37.529  -65.761  -19.463 0.6999999881
25002  36.835  -65.769  -18.756 0.6000000238
25015  38.733  -65.640  -20.802 0.6999999881
25022  31.084  -65.041  -20.750 0.5000000000
25034  39.809  -64.604  -21.377 0.6999999881
25035  39.500  -64.872  -21.324 0.6000000238
25036  38.974  -65.164  -21.364 0.6999999881
25040  32.503  -65.846  -21.691 0.6000000238
25042  30.195  -66.052  -21.226 0.5000000000
26078  34.276  -64.884  -13.596 0.6000000238
26112  43.151  -64.180  -15.849 0.3000000119
26113  42.420  -64.389  -15.555 0.3000000119
26114  41.698  -64.563  -15.253 0.3000000119
26137  43.480  -64.579  -16.550 0.3000000119
26139  35.466  -64.413  -16.558 0.5000000000
26159  36.604  -64.669  -17.947 0.6000000238
26176  39.527  -64.378  -19.948 0.6000000238
26177  38.572  -64.562  -19.533 0.6999999881
26178  37.153  -64.316  -18.295 0.6000000238
26192  39.935  -64.761  -20.762 0.6000000238
26200  40.581  -64.400  -20.995 0.6000000238
26201  40.038  -64.836  -21.022 0.6000000238
26203  35.446  -64.305  -20.952 0.6999999881
26204  33.898  -64.265  -20.964 0.6999999881
26206  31.490  -64.277  -20.320 0.5000000000
26219  39.984  -64.769  -21.188 0.6000000238
26220  38.936  -64.630  -21.513 0.6999999881
26222  37.104  -65.646  -22.021 0.6999999881
26225  33.746  -65.020  -21.460 0.6000000238
26227  40.134  -64.312  -21.417 0.6999999881
27136  35.021  -63.169  -12.674 0.4000000060
27151  38.774  -63.492  -13.143 0.3000000119
27152  38.037  -63.937  -12.870 0.3000000119
27189  44.237  -63.269  -15.922 0.3000000119
27190  43.487  -63.487  -15.584 0.3000000119
27193  35.268  -63.246  -15.593 0.5000000000
27195  31.977  -63.137  -16.048 0.4000000060
27196  31.332  -63.587  -15.722 0.4000000060
27197  30.581  -63.851  -15.493 0.4000000060
27216  36.235  -63.302  -16.800 0.6000000238
27234  32.055  -62.911  -17.930 0.4000000060
27235  31.627  -63.486  -17.443 0.4000000060
27252  31.161  -63.351  -18.667 0.4000000060
27263  41.024  -63.673  -20.765 0.6000000238
27275  40.904  -63.900  -21.090 0.6000000238
27278  34.857  -63.291  -20.444 0.6000000238
27280  32.633  -63.461  -20.106 0.6000000238
27281  31.911  -63.571  -19.863 0.6000000238
27288  39.298  -63.973  -21.587 0.6999999881
27291  39.609  -64.353  -21.525 0.6999999881
28197  39.758  -62.207  -12.985 0.3000000119
28215  42.895  -62.180  -13.913 0.3000000119
28219  34.748  -62.622  -13.455 0.4000000060
28231  42.643  -62.677  -14.433 0.3000000119
28232  41.411  -62.792  -14.200 0.3000000119
28234  34.895  -62.402  -14.174 0.6000000238
28252  43.120  -63.093  -14.959 0.3000000119
28253  36.125  -61.892  -15.983 0.6000000238
28257  30.893  -63.261  -15.048 0.5000000000
28271  36.834  -62.991  -17.335 0.6000000238
28274  41.795  -62.313  -20.123 0.5000000000
28277  38.684  -62.586  -18.599 0.6000000238
28278  37.953  -63.048  -18.401 0.6999999881
28279  33.011  -62.040  -18.361 0.5000000000
28282  41.406  -62.925  -20.399 0.5000000000
28284  33.387  -62.385  -19.733 0.5000000000
28286  41.790  -61.990  -20.333 0.5000000000
28287  41.655  -62.518  -20.419 0.5000000000
28292  36.608  -62.985  -20.581 0.6000000238
28295  33.994  -62.725  -20.169 0.6000000238
28297  40.994  -63.329  -21.175 0.6000000238
28298  38.573  -63.275  -21.265 0.6999999881
29177  41.970  -61.131  -8.743 0.3000000119
29178  41.094  -61.301  -8.736 0.3000000119
29179  40.268  -61.370  -8.668 0.3000000119
29181  38.579  -61.312  -8.670 0.3000000119
29182  37.778  -60.995  -8.870 0.4000000060
29202  42.959  -60.814  -8.773 0.3000000119
29205  39.833  -61.474  -9.384 0.3000000119
29206  39.013  -61.435  -9.370 0.4000000060
29207  38.322  -61.252  -9.369 0.4000000060
29221  39.800  -61.467  -10.870 0.3000000119
29222  38.887  -61.335  -11.039 0.3000000119
29223  37.939  -60.997  -10.787 0.4000000060
29237  43.903  -61.473  -11.526 0.3000000119
29238  42.961  -61.566  -11.684 0.3000000119
29240  41.021  -61.529  -12.164 0.3000000119
29241  40.176  -61.531  -12.008 0.3000000119
29242  38.846  -61.515  -11.843 0.3000000119
29255  45.072  -61.638  -12.823 0.3000000119
29261  38.440  -61.705  -12.231 0.3000000119
29262  37.499  -61.605  -12.057 0.3000000119
29263  36.467  -61.437  -11.920 0.4000000060
29264  35.729  -61.523  -12.192 0.4000000060
29265  35.385  -61.537  -12.567 0.4000000060
29277  42.280  -61.899  -13.343 0.3000000119
29278  41.434  -61.955  -13.428 0.3000000119
29279  40.617  -62.144  -13.385 0.3000000119
29280  35.118  -61.433  -12.987 0.6000000238
29302  35.604  -61.691  -15.201 0.6000000238
29304  32.400  -61.616  -15.295 0.5000000000
29307  36.724  -61.737  -16.597 0.6000000238
29309  32.758  -61.976  -16.190 0.4000000060
29314  37.678  -61.547  -17.402 0.6000000238
29316  33.347  -61.640  -17.707 0.5000000000
29318  42.399  -61.042  -19.788 0.5000000000
29320  40.766  -61.682  -19.063 0.6000000238
29321  39.904  -61.670  -18.672 0.6999999881
29323  33.575  -61.647  -18.657 0.6000000238
29324  42.508  -61.165  -20.020 0.5000000000
29328  34.688  -61.589  -19.617 0.6000000238
29330  40.523  -61.341  -20.866 0.6000000238
29333  37.459  -61.754  -20.311 0.6000000238
29335  35.696  -61.895  -19.918 0.6000000238
29336  41.465  -61.908  -20.635 0.5000000000
30220  37.035  -60.154  -6.919 0.4000000060
30281  37.020  -60.526  -9.077 0.4000000060
30293  36.727  -60.317  -9.896 0.4000000060
30304  36.262  -60.328  -11.171 0.4000000060
30305  35.719  -60.212  -11.638 0.4000000060
30317  31.856  -60.510  -14.497 0.5000000000
30326  37.009  -60.089  -15.881 0.5000000000
30327  36.339  -60.456  -15.436 0.5000000000
30329  32.529  -60.641  -14.904 0.4000000060
30332  38.143  -60.097  -16.913 0.5000000000
30333  37.433  -60.487  -16.547 0.6000000238
30335  34.250  -60.271  -16.835 0.5000000000
30339  40.367  -60.234  -18.112 0.4000000060
30341  38.622  -60.628  -17.516 0.6000000238
30346  41.854  -60.694  -19.080 0.6000000238
30349  34.770  -60.736  -18.477 0.6999999881
30354  35.782  -60.642  -19.299 0.6999999881
30356  42.408  -60.773  -20.153 0.6000000238
30358  40.730  -60.443  -20.545 0.6000000238
30360  38.900  -60.781  -20.334 0.6000000238
30364  41.259  -61.306  -20.744 0.6000000238
31342  37.563  -59.740  -5.743 0.3000000119
31343  36.772  -59.276  -6.059 0.4000000060
31366  36.212  -59.130  -7.578 0.4000000060
31398  36.126  -59.673  -10.087 0.4000000060
31399  35.596  -58.923  -10.535 0.4000000060
31422  35.536  -59.402  -13.386 0.5000000000
31426  35.995  -59.332  -14.194 0.5000000000
31428  32.463  -58.955  -14.427 0.5000000000
31437  38.017  -58.823  -15.883 0.4000000060
31440  34.056  -59.064  -15.497 0.5000000000
31458  43.109  -58.922  -18.192 0.6000000238
31459  41.672  -59.400  -18.028 0.5000000000
31465  34.845  -59.840  -17.256 0.6000000238
31470  35.803  -59.721  -18.372 0.6999999881
31471  43.750  -59.417  -18.986 0.6000000238
31472  43.115  -59.909  -19.332 0.6000000238
31474  39.189  -59.486  -19.755 0.6999999881
31477  43.259  -59.497  -19.377 0.6000000238
31479  42.207  -60.012  -20.179 0.6000000238
31481  39.888  -59.895  -20.233 0.6000000238
32323  37.089  -58.967  -5.274 0.3000000119
32333  36.369  -58.758  -6.621 0.3000000119
32354  35.821  -58.519  -8.977 0.4000000060
32412  35.351  -59.400  -12.631 0.4000000060
32420  33.530  -57.453  -14.840 0.5000000000
32427  36.605  -59.238  -14.883 0.5000000000
32428  34.324  -58.340  -15.425 0.5000000000
32430  33.278  -58.919  -14.754 0.5000000000
32441  43.828  -58.471  -17.884 0.6000000238
32442  42.913  -58.435  -17.656 0.6000000238
32443  41.459  -58.162  -17.189 0.5000000000
32447  35.498  -58.600  -16.795 0.6000000238
32448  34.789  -58.710  -16.132 0.5000000000
32455  36.659  -58.777  -18.142 0.6000000238
32457  44.473  -58.475  -18.247 0.6000000238
32460  37.982  -58.643  -18.823 0.6999999881
32462  43.892  -59.063  -19.141 0.6000000238
32463  43.122  -58.855  -19.530 0.6000000238
32464  42.155  -58.634  -19.696 0.6000000238
32465  40.840  -59.132  -19.972 0.6000000238
32467  38.712  -58.870  -19.288 0.6999999881
33306  36.551  -57.613  -5.373 0.3000000119
33365  35.937  -57.311  -12.665 0.5000000000
33366  35.448  -57.886  -12.104 0.5000000000
33381  35.661  -58.130  -12.916 0.5000000000
33392  36.706  -58.020  -14.242 0.5000000000
33397  46.594  -57.297  -16.579 0.6000000238
33400  42.483  -56.875  -16.514 0.5000000000
33401  41.434  -56.894  -16.412 0.5000000000
33403  38.713  -57.773  -15.745 0.4000000060
33404  37.909  -58.113  -15.404 0.5000000000
33414  45.140  -57.930  -17.070 0.6000000238
33419  40.212  -57.701  -16.534 0.5000000000
33431  46.974  -57.441  -17.452 0.6000000238
33432  46.285  -57.603  -17.373 0.6000000238
33436  36.756  -58.009  -17.506 0.6000000238
33438  46.467  -57.358  -17.654 0.6000000238
33442  41.133  -57.199  -19.032 0.6999999881
33444  39.581  -57.420  -18.747 0.6999999881
33445  38.819  -57.622  -18.653 0.6999999881
33448  42.617  -58.072  -19.382 0.6000000238
34440  36.612  -56.836  -13.184 0.5000000000
34449  44.959  -55.897  -15.165 0.5000000000
34453  37.755  -56.802  -14.345 0.5000000000
34459  44.019  -56.404  -15.807 0.4000000060
34465  34.354  -56.259  -15.295 0.5000000000
34473  48.005  -56.787  -17.253 0.6000000238
34474  47.525  -57.199  -16.893 0.6000000238
34475  37.322  -56.210  -16.842 0.6000000238
34476  36.560  -56.475  -16.469 0.5000000000
34478  35.011  -56.921  -15.532 0.5000000000
34486  47.710  -56.855  -17.565 0.6000000238
34487  47.488  -57.234  -17.384 0.6000000238
34488  45.664  -56.396  -17.998 0.6999999881
34490  38.562  -56.410  -17.724 0.6999999881
34496  42.452  -56.654  -18.635 0.6000000238
35483  41.331  -55.668  -15.339 0.5000000000
35493  48.096  -55.939  -17.084 0.6000000238
35494  38.121  -55.163  -17.011 0.5000000000
35510  43.485  -55.101  -17.728 0.6999999881
35517  47.282  -56.415  -17.754 0.6999999881
35520  41.907  -55.787  -18.357 0.6000000238
35522  40.158  -55.867  -18.205 0.6999999881
36526  47.744  -54.590  -16.528 0.5000000000
36535  48.157  -54.534  -16.967 0.5000000000
36537  37.821  -54.446  -16.568 0.5000000000
36548  48.084  -54.427  -17.076 0.5000000000
36552  42.678  -54.322  -17.366 0.6000000238
36553  41.792  -54.374  -17.429 0.6000000238
36555  40.042  -54.404  -17.383 0.8000000119
37659  39.884  -53.187  -16.754 0.6000000238
37671  41.440  -53.783  -17.092 0.6000000238
37672  40.347  -53.671  -17.055 0.6000000238
37673  39.599  -53.777  -16.981 0.5000000000
38641  43.240  -52.457  -16.499 0.5000000000
38645  39.302  -52.882  -16.389 0.5000000000
39676  42.422  -52.127  -15.894 0.4000000060
130005  44.130  -61.736  -13.027 0.3000000119
130090  45.640  -57.582  -17.765 0.6999999881
130119  39.432  -63.199  -21.361 0.6000000238
130732  37.161  -64.050  -12.619 0.3000000119
131261  43.340  -61.437  -10.871 0.3000000119
131356  32.326  -74.407  -19.282 0.4000000060
131590  35.279  -77.666  -20.606 0.3000000119
131664  41.380  -61.552  -11.107 0.3000000119
131665  42.418  -61.547  -10.982 0.3000000119
131811  35.347  -58.604  -11.503 0.4000000060
132340  36.847  -74.534  -22.945 0.4000000060
132387  39.290  -59.052  -16.875 0.4000000060
132540  37.412  -62.749  -17.770 0.6000000238
132804  36.814  -71.988  -14.736 0.3000000119
132985  33.572  -68.473  -21.682 0.4000000060
133221  34.472  -63.953  -13.547 0.4000000060
133491  34.835  -65.243  -12.713 0.3000000119
133734  38.193  -62.352  -20.792 0.6000000238
134316  37.752  -74.937  -21.587 0.4000000060
134391  43.965  -57.787  -18.826 0.6000000238
134913  40.916  -55.261  -14.235 0.5000000000
135480  37.611  -73.008  -14.901 0.4000000060
135875  33.879  -68.482  -19.787 0.4000000060
136057  39.209  -53.292  -16.682 0.5000000000
136619  31.845  -68.823  -17.713 0.5000000000
136704  28.920  -70.053  -20.186 0.6000000238
136767  40.291  -62.358  -19.191 0.6999999881
137192  31.430  -77.688  -23.248 0.3000000119
137256  32.344  -68.649  -20.662 0.5000000000
137313  44.259  -57.152  -18.475 0.6999999881
137573  44.298  -62.539  -14.972 0.3000000119
137687  38.755  -75.867  -20.249 0.4000000060
137937  28.076  -71.629  -18.198 0.5000000000
138059  35.674  -71.122  -13.671 0.3000000119
138384  42.274  -58.104  -17.359 0.6000000238
138899  32.960  -73.647  -15.133 0.4000000060
139641  36.055  -62.638  -20.287 0.6000000238
139711  42.658  -74.195  -14.502 0.3000000119
141142  39.456  -76.785  -18.910 0.3000000119
141159  40.225  -58.475  -19.557 0.6999999881
141923  37.269  -61.148  -11.693 0.4000000060
142268  38.031  -53.669  -16.404 0.4000000060
142537  41.997  -62.853  -14.406 0.3000000119
142665  47.979  -55.310  -17.199 0.5000000000
143087  30.052  -73.874  -17.971 0.4000000060
143342  35.406  -60.034  -12.209 0.4000000060
143560  32.610  -62.396  -16.839 0.4000000060
144392  40.036  -57.823  -19.144 0.6999999881
144413  37.564  -71.247  -15.084 0.3000000119
144603  44.823  -56.473  -15.738 0.5000000000
144667  45.916  -57.048  -18.007 0.6999999881
144729  41.867  -74.174  -14.500 0.3000000119
145035  44.232  -58.616  -18.341 0.6000000238
146140  33.225  -64.459  -20.911 0.6000000238
146173  31.581  -72.628  -14.192 0.3000000119
146274  31.088  -66.573  -21.837 0.5000000000
146406  28.637  -74.079  -20.234 0.4000000060
146448  32.516  -69.849  -13.112 0.4000000060
146765  28.994  -70.499  -24.115 0.5000000000
146997  31.633  -73.256  -14.821 0.4000000060
147808  42.717  -52.440  -16.287 0.5000000000
148541  40.550  -61.517  -10.859 0.3000000119
148639  35.001  -63.916  -12.719 0.4000000060
148933  34.248  -66.868  -12.624 0.4000000060
149330  33.064  -71.168  -13.031 0.4000000060
150245  33.392  -77.403  -19.823 0.3000000119
150411  35.370  -58.686  -12.367 0.5000000000
150430  35.222  -72.559  -14.191 0.4000000060
150462  39.566  -57.456  -16.075 0.5000000000
151134  37.320  -73.802  -14.575 0.4000000060
151319  28.916  -71.377  -16.327 0.5000000000
152180  35.836  -66.840  -18.619 0.6000000238
152673  36.069  -59.251  -8.882 0.4000000060
152978  35.867  -64.309  -12.507 0.3000000119
153036  28.935  -72.537  -16.530 0.4000000060
153165  36.177  -54.942  -15.990 0.4000000060
153806  35.224  -62.200  -14.844 0.6000000238
153845  29.971  -69.415  -17.967 0.4000000060
154146  27.506  -71.891  -19.949 0.6000000238
154186  27.846  -73.984  -21.367 0.3000000119
154218  35.219  -61.133  -13.801 0.6000000238
154267  35.256  -60.734  -13.238 0.5000000000
154353  28.486  -73.567  -19.313 0.4000000060
154575  38.547  -59.445  -19.518 0.6999999881
154664  39.163  -57.967  -16.179 0.4000000060
154775  45.598  -56.181  -15.460 0.6000000238
154886  34.862  -75.042  -18.113 0.5000000000
155277  37.850  -65.735  -21.867 0.6999999881
155777  35.180  -58.243  -16.214 0.5000000000
156000  34.488  -63.794  -14.169 0.6000000238
156634  39.044  -54.954  -17.337 0.6999999881
156969  35.354  -67.416  -23.194 0.6000000238
157170  35.736  -72.348  -14.303 0.4000000060
157373  35.551  -62.869  -12.469 0.4000000060
