#!ascii label  , from subject sub-v1s0x0050646_ses-1 vox2ras=TkReg
358
14203  33.742  -75.121  1.233 0.0000000000
17132  39.454  -73.109  -8.934 0.0000000000
8340  36.249  -82.267  -3.081 0.0000000000
15175  33.186  -74.103  -3.733 0.0000000000
10755  36.026  -79.757  -6.631 0.0000000000
8389  34.196  -82.464  -5.774 0.0000000000
7667  35.588  -83.973  -8.760 0.0000000000
17118  35.988  -72.555  -5.860 0.0000000000
20271  33.803  -69.629  -6.483 0.0000000000
11555  35.335  -78.688  -0.557 0.0000000000
10726  33.148  -79.148  -3.030 0.0000000000
13363  34.390  -76.781  -5.223 0.0000000000
150474  37.964  -75.596  -5.574 0.0000000000
12482  39.348  -78.044  -6.024 0.0000000000
16029  36.752  -73.279  0.692 0.0000000000
11526  37.860  -78.249  1.186 0.0000000000
9089  38.882  -82.220  -1.296 0.0000000000
19211  31.575  -70.102  -3.688 0.0000000000
6902  36.502  -85.608  -8.442 0.0000000000
151389  37.495  -72.505  -7.471 0.0000000000
18142  36.423  -71.459  -7.598 0.0000000000
9908  36.143  -81.061  -2.069 0.0000000000
9103  34.881  -81.180  -3.042 0.0000000000
9148  34.558  -81.684  -6.720 0.0000000000
9932  33.607  -80.654  -5.691 0.0000000000
11609  35.065  -78.396  -5.809 0.0000000000
13362  35.847  -76.070  -5.223 0.0000000000
13360  37.309  -77.355  -5.493 0.0000000000
13375  41.055  -77.017  -5.768 0.0000000000
10683  39.079  -79.270  1.289 0.0000000000
9873  38.039  -80.292  0.365 0.0000000000
9065  39.647  -81.473  0.299 0.0000000000
14264  32.457  -75.511  -2.980 0.0000000000
17100  32.585  -72.761  -3.451 0.0000000000
148839  34.757  -67.124  -7.778 0.0000000000
22495  33.382  -67.351  -6.503 0.0000000000
130009  37.731  -84.121  -4.521 0.0000000000
8374  35.234  -83.081  -4.685 0.0000000000
7626  36.420  -84.673  -6.176 0.0000000000
8398  35.213  -83.239  -7.130 0.0000000000
141161  35.473  -81.594  -7.715 0.0000000000
16094  34.908  -73.117  -4.864 0.0000000000
17110  34.070  -71.895  -4.937 0.0000000000
18139  34.710  -71.135  -6.032 0.0000000000
20278  35.341  -69.460  -8.003 0.0000000000
16129  40.263  -73.318  -9.525 0.0000000000
132491  34.772  -77.221  0.225 0.0000000000
12445  32.529  -77.078  -2.177 0.0000000000
12452  32.553  -77.183  -3.544 0.0000000000
9925  33.638  -80.957  -4.442 0.0000000000
10750  32.840  -78.837  -4.981 0.0000000000
134790  33.738  -75.954  -4.546 0.0000000000
14283  35.666  -75.136  -4.959 0.0000000000
16100  37.282  -73.750  -5.781 0.0000000000
16105  39.000  -74.019  -6.490 0.0000000000
11606  37.829  -78.384  -6.093 0.0000000000
13359  38.954  -76.856  -5.476 0.0000000000
15197  40.324  -75.086  -6.464 0.0000000000
16116  40.474  -74.046  -8.093 0.0000000000
17036  34.738  -72.037  0.941 0.0000000000
15117  34.773  -74.347  1.524 0.0000000000
14200  36.880  -75.357  1.362 0.0000000000
12412  35.378  -76.771  0.760 0.0000000000
11542  36.505  -78.524  0.452 0.0000000000
9886  36.824  -80.291  -0.765 0.0000000000
9100  37.538  -82.122  -2.176 0.0000000000
8336  40.224  -83.733  -2.366 0.0000000000
134216  39.567  -84.155  -3.920 0.0000000000
19219  32.826  -69.941  -5.090 0.0000000000
15118  33.789  -74.295  1.492 0.0000000000
16015  32.041  -72.935  1.203 0.0000000000
14204  33.044  -74.734  1.225 0.0000000000
17124  38.234  -72.857  -7.762 0.0000000000
17134  37.828  -72.244  -8.291 0.0000000000
9101  36.635  -81.767  -2.429 0.0000000000
9909  35.352  -80.789  -2.399 0.0000000000
9939  34.705  -80.837  -6.663 0.0000000000
10748  35.527  -79.162  -6.195 0.0000000000
12470  35.759  -77.734  -5.575 0.0000000000
11608  36.165  -78.504  -5.856 0.0000000000
12480  42.280  -77.892  -6.690 0.0000000000
9858  39.509  -80.113  1.229 0.0000000000
15176  32.507  -74.572  -3.077 0.0000000000
144612  32.448  -73.653  -3.118 0.0000000000
16086  33.048  -73.328  -3.714 0.0000000000
148286  34.754  -66.281  -7.460 0.0000000000
7609  36.955  -84.450  -5.281 0.0000000000
6876  37.620  -85.533  -6.896 0.0000000000
6903  35.971  -84.830  -8.682 0.0000000000
6888  36.385  -84.934  -7.897 0.0000000000
7647  35.768  -84.070  -7.837 0.0000000000
148436  35.338  -82.539  -7.682 0.0000000000
8429  35.446  -83.223  -8.761 0.0000000000
17119  35.478  -72.767  -5.318 0.0000000000
17109  34.731  -72.371  -5.155 0.0000000000
149610  35.843  -72.059  -6.283 0.0000000000
19226  35.364  -70.218  -7.596 0.0000000000
19238  35.848  -69.870  -8.344 0.0000000000
21362  35.457  -68.125  -8.442 0.0000000000
12428  35.048  -77.926  -0.148 0.0000000000
135215  34.309  -77.594  -0.388 0.0000000000
11556  34.540  -78.209  -0.760 0.0000000000
154209  32.461  -76.896  -2.880 0.0000000000
141723  32.577  -77.938  -3.676 0.0000000000
8375  34.478  -82.607  -5.024 0.0000000000
8358  34.773  -82.271  -4.279 0.0000000000
9128  33.903  -81.831  -4.940 0.0000000000
11610  33.396  -78.549  -5.441 0.0000000000
11596  32.903  -77.986  -4.898 0.0000000000
136409  32.997  -77.134  -4.664 0.0000000000
13347  33.644  -76.623  -4.853 0.0000000000
14271  34.236  -75.278  -4.576 0.0000000000
14270  35.032  -75.558  -4.943 0.0000000000
14281  37.429  -75.946  -5.466 0.0000000000
14282  36.595  -75.376  -5.291 0.0000000000
15191  37.600  -74.371  -5.684 0.0000000000
15199  38.173  -73.981  -5.941 0.0000000000
15198  38.807  -74.781  -6.028 0.0000000000
13398  38.392  -76.613  -8.521 0.0000000000
12490  39.929  -77.749  -6.548 0.0000000000
12504  39.005  -77.420  -7.426 0.0000000000
12491  39.015  -77.978  -6.417 0.0000000000
12467  38.700  -78.055  -5.877 0.0000000000
134784  39.569  -77.779  -5.844 0.0000000000
14293  41.570  -76.345  -6.485 0.0000000000
14294  40.612  -76.054  -6.141 0.0000000000
14305  41.164  -75.400  -6.653 0.0000000000
15204  40.679  -74.529  -7.218 0.0000000000
15203  41.582  -74.866  -7.420 0.0000000000
17035  35.618  -72.222  0.623 0.0000000000
17013  35.933  -73.030  0.960 0.0000000000
16011  35.355  -73.680  1.383 0.0000000000
16010  36.208  -73.859  1.206 0.0000000000
136201  38.316  -77.014  1.419 0.0000000000
13286  38.113  -76.233  1.356 0.0000000000
140478  37.536  -76.765  1.348 0.0000000000
13287  36.036  -76.312  1.203 0.0000000000
12411  36.272  -77.191  0.926 0.0000000000
12419  36.194  -77.918  0.607 0.0000000000
9884  38.572  -81.073  -0.021 0.0000000000
9885  37.658  -80.665  -0.397 0.0000000000
9079  38.208  -81.431  -0.807 0.0000000000
9090  37.867  -81.759  -1.537 0.0000000000
8325  38.560  -82.534  -2.007 0.0000000000
6077  39.651  -85.243  -2.505 0.0000000000
7594  40.147  -84.274  -3.138 0.0000000000
7578  40.014  -83.955  -3.234 0.0000000000
19223  33.988  -70.457  -5.891 0.0000000000
19209  33.377  -71.300  -4.762 0.0000000000
20267  33.326  -69.793  -5.731 0.0000000000
22496  32.859  -67.635  -6.048 0.0000000000
17121  37.186  -72.727  -6.653 0.0000000000
18137  36.118  -71.774  -6.849 0.0000000000
10709  35.344  -79.317  -1.145 0.0000000000
11566  34.673  -78.830  -1.203 0.0000000000
10717  35.376  -79.791  -1.610 0.0000000000
153390  34.209  -80.181  -2.746 0.0000000000
8390  34.037  -81.901  -6.254 0.0000000000
9138  33.750  -81.525  -5.767 0.0000000000
9940  33.965  -81.173  -6.258 0.0000000000
10749  34.240  -79.177  -5.948 0.0000000000
154137  34.108  -78.221  -5.665 0.0000000000
131179  35.333  -76.880  -5.372 0.0000000000
133144  36.336  -77.067  -5.440 0.0000000000
150008  37.625  -76.758  -5.439 0.0000000000
12466  40.304  -77.423  -5.782 0.0000000000
12481  41.176  -77.536  -6.272 0.0000000000
13374  41.819  -77.278  -6.362 0.0000000000
10684  38.131  -79.033  1.134 0.0000000000
11541  37.289  -78.765  0.814 0.0000000000
10694  38.503  -79.824  0.978 0.0000000000
9872  38.997  -80.623  0.701 0.0000000000
9078  39.259  -81.867  -0.521 0.0000000000
17088  32.113  -73.019  -2.812 0.0000000000
19204  32.073  -71.036  -3.791 0.0000000000
21353  34.459  -68.508  -7.559 0.0000000000
153955  33.547  -68.814  -6.701 0.0000000000
21354  33.781  -68.092  -7.081 0.0000000000
23644  34.286  -66.072  -6.826 0.0000000000
8356  37.031  -83.187  -3.599 0.0000000000
8357  35.778  -82.706  -3.871 0.0000000000
7597  36.319  -83.605  -4.472 0.0000000000
7610  35.724  -83.913  -5.270 0.0000000000
7627  35.387  -83.927  -5.938 0.0000000000
7635  35.693  -84.267  -6.847 0.0000000000
7636  34.861  -83.348  -6.219 0.0000000000
8399  34.542  -82.535  -6.543 0.0000000000
138723  35.019  -82.151  -7.273 0.0000000000
151633  33.852  -74.037  -4.285 0.0000000000
16096  33.643  -73.407  -4.171 0.0000000000
140991  34.077  -72.723  -4.588 0.0000000000
18134  34.577  -71.716  -5.446 0.0000000000
19222  34.445  -70.325  -6.555 0.0000000000
18143  35.761  -71.065  -7.215 0.0000000000
19221  35.080  -70.739  -6.829 0.0000000000
20279  34.744  -69.431  -7.521 0.0000000000
20294  35.086  -68.746  -8.007 0.0000000000
22520  35.262  -67.402  -8.243 0.0000000000
13296  34.423  -76.389  0.624 0.0000000000
145188  33.214  -75.314  0.881 0.0000000000
13297  33.519  -76.349  0.172 0.0000000000
14273  32.842  -75.946  -3.718 0.0000000000
9918  33.326  -80.177  -4.116 0.0000000000
9129  33.544  -81.058  -5.230 0.0000000000
10740  32.960  -79.563  -4.726 0.0000000000
10733  32.955  -79.435  -3.901 0.0000000000
12459  32.680  -77.552  -4.253 0.0000000000
13348  32.703  -76.767  -4.014 0.0000000000
15185  33.676  -74.719  -4.198 0.0000000000
15184  34.496  -74.393  -4.538 0.0000000000
151482  34.977  -73.802  -4.718 0.0000000000
16102  35.652  -73.602  -5.073 0.0000000000
15193  36.101  -74.454  -5.151 0.0000000000
16107  36.818  -72.967  -5.859 0.0000000000
16106  37.603  -73.337  -6.264 0.0000000000
16112  37.889  -73.094  -6.980 0.0000000000
16118  38.970  -73.284  -8.027 0.0000000000
9966  35.844  -81.037  -7.851 0.0000000000
151438  37.002  -79.182  -6.887 0.0000000000
10747  36.479  -79.048  -6.277 0.0000000000
12468  37.689  -78.123  -5.737 0.0000000000
132715  38.278  -77.417  -5.504 0.0000000000
144000  38.696  -75.749  -5.668 0.0000000000
14278  40.249  -76.771  -5.620 0.0000000000
14295  39.943  -75.759  -5.937 0.0000000000
156222  39.311  -75.463  -5.901 0.0000000000
149590  39.839  -74.345  -6.865 0.0000000000
16110  39.403  -73.737  -7.307 0.0000000000
16117  39.755  -73.626  -8.098 0.0000000000
156731  40.183  -73.647  -8.743 0.0000000000
19145  34.044  -70.535  0.560 0.0000000000
18061  34.409  -71.288  0.689 0.0000000000
18044  33.792  -71.882  1.197 0.0000000000
17015  34.126  -72.678  1.383 0.0000000000
16012  34.437  -73.532  1.508 0.0000000000
157379  34.358  -74.887  1.408 0.0000000000
14198  38.666  -75.714  1.125 0.0000000000
15115  36.488  -74.657  1.354 0.0000000000
14201  35.990  -75.410  1.416 0.0000000000
14202  35.069  -75.116  1.431 0.0000000000
14215  34.427  -75.548  1.151 0.0000000000
11543  35.766  -78.284  0.142 0.0000000000
11554  36.111  -78.949  -0.131 0.0000000000
10696  36.828  -79.254  0.267 0.0000000000
10708  36.458  -79.602  -0.427 0.0000000000
132938  35.847  -79.294  -0.677 0.0000000000
9897  36.492  -80.640  -1.453 0.0000000000
9091  36.982  -81.356  -1.803 0.0000000000
8339  37.231  -82.531  -2.821 0.0000000000
8337  39.338  -83.285  -2.587 0.0000000000
7579  38.972  -83.522  -3.251 0.0000000000
8355  37.939  -83.139  -3.202 0.0000000000
18126  33.468  -72.072  -4.371 0.0000000000
132834  32.691  -70.987  -4.417 0.0000000000
19210  32.309  -70.200  -4.396 0.0000000000
20272  33.132  -68.992  -6.169 0.0000000000
20268  32.651  -69.125  -5.517 0.0000000000
6834  40.001  -84.672  -3.368 0.0000000000
7596  38.415  -83.738  -3.851 0.0000000000
7611  34.876  -83.245  -5.471 0.0000000000
7685  35.108  -83.773  -9.524 0.0000000000
8338  38.239  -82.823  -2.667 0.0000000000
8409  35.565  -83.233  -8.006 0.0000000000
9102  35.738  -81.498  -2.696 0.0000000000
9147  35.294  -81.220  -7.181 0.0000000000
9896  37.296  -81.012  -1.129 0.0000000000
9898  35.729  -80.354  -1.809 0.0000000000
9926  33.273  -80.340  -5.024 0.0000000000
9948  35.811  -80.743  -7.465 0.0000000000
10695  37.617  -79.539  0.633 0.0000000000
10707  37.181  -79.973  -0.006 0.0000000000
10716  36.049  -79.852  -1.176 0.0000000000
10718  34.742  -79.437  -1.685 0.0000000000
10732  33.552  -79.902  -3.220 0.0000000000
10734  32.727  -78.975  -4.430 0.0000000000
10756  34.998  -79.982  -6.476 0.0000000000
10757  33.977  -80.258  -6.177 0.0000000000
11527  36.965  -77.917  0.922 0.0000000000
11586  32.705  -78.703  -3.755 0.0000000000
11597  32.702  -78.318  -4.390 0.0000000000
11607  37.019  -78.525  -5.892 0.0000000000
11622  37.133  -78.790  -6.361 0.0000000000
11633  38.462  -78.206  -6.239 0.0000000000
12409  38.480  -77.736  1.373 0.0000000000
12410  37.692  -77.504  1.267 0.0000000000
12420  35.553  -77.568  0.438 0.0000000000
12421  33.953  -76.993  -0.026 0.0000000000
12469  36.778  -77.948  -5.601 0.0000000000
12471  34.681  -77.569  -5.511 0.0000000000
12472  33.610  -77.528  -5.261 0.0000000000
13288  35.221  -75.936  1.160 0.0000000000
13298  33.016  -75.738  0.336 0.0000000000
13333  32.549  -76.423  -3.271 0.0000000000
13345  34.992  -76.222  -5.173 0.0000000000
13346  34.335  -76.045  -4.890 0.0000000000
13358  39.680  -77.228  -5.564 0.0000000000
13361  36.859  -76.437  -5.409 0.0000000000
14216  33.717  -75.772  0.767 0.0000000000
14217  32.643  -75.092  0.626 0.0000000000
14263  33.004  -75.049  -3.628 0.0000000000
14272  33.412  -75.526  -4.172 0.0000000000
14279  39.509  -76.318  -5.626 0.0000000000
14280  38.168  -76.405  -5.484 0.0000000000
15113  38.431  -74.891  0.800 0.0000000000
15116  35.646  -74.518  1.444 0.0000000000
15119  32.848  -73.940  1.432 0.0000000000
15131  32.345  -74.363  0.942 0.0000000000
15183  35.334  -74.398  -4.805 0.0000000000
15190  38.109  -74.889  -5.756 0.0000000000
15192  36.908  -74.451  -5.464 0.0000000000
15205  39.537  -74.875  -6.304 0.0000000000
15211  41.134  -74.433  -7.982 0.0000000000
16009  37.004  -74.075  1.052 0.0000000000
16014  32.633  -73.123  1.443 0.0000000000
16030  32.144  -73.583  1.152 0.0000000000
16095  34.335  -73.566  -4.534 0.0000000000
16101  36.488  -73.697  -5.473 0.0000000000
16109  40.052  -74.008  -7.475 0.0000000000
16111  38.624  -73.423  -7.178 0.0000000000
17014  35.063  -72.838  1.212 0.0000000000
17099  33.309  -72.734  -4.037 0.0000000000
17101  31.849  -72.394  -2.945 0.0000000000
17111  32.927  -72.222  -3.906 0.0000000000
17122  36.454  -72.381  -6.427 0.0000000000
17133  38.589  -72.633  -8.605 0.0000000000
18118  32.325  -71.938  -3.545 0.0000000000
18127  32.821  -71.608  -4.134 0.0000000000
18133  35.259  -72.008  -5.784 0.0000000000
18135  34.043  -71.193  -5.383 0.0000000000
18138  35.468  -71.467  -6.483 0.0000000000
19218  33.434  -70.586  -5.283 0.0000000000
19227  34.760  -70.121  -7.143 0.0000000000
20270  34.334  -69.735  -6.996 0.0000000000
20280  34.049  -69.066  -7.121 0.0000000000
20293  35.679  -68.996  -8.490 0.0000000000
21344  33.173  -68.184  -6.437 0.0000000000
21345  32.664  -68.299  -5.846 0.0000000000
22510  34.367  -67.724  -7.520 0.0000000000
22511  34.073  -66.972  -7.137 0.0000000000
22521  34.877  -67.934  -7.950 0.0000000000
129995  38.277  -73.546  -6.513 0.0000000000
130924  36.120  -73.078  -5.473 0.0000000000
131349  32.935  -70.632  -4.811 0.0000000000
138539  40.181  -77.808  -6.027 0.0000000000
140113  36.790  -76.578  1.266 0.0000000000
141829  33.351  -79.618  -5.497 0.0000000000
144583  34.986  -74.952  -4.711 0.0000000000
145552  37.287  -76.031  1.390 0.0000000000
146310  36.617  -79.454  -6.742 0.0000000000
146601  37.426  -75.085  -5.515 0.0000000000
152108  37.040  -77.205  1.175 0.0000000000
152332  39.103  -77.577  -5.617 0.0000000000
152787  36.596  -75.934  1.356 0.0000000000
152990  33.180  -76.345  -4.316 0.0000000000
153217  32.572  -77.546  -2.913 0.0000000000
154090  41.063  -76.203  -6.303 0.0000000000
154388  37.172  -74.767  1.220 0.0000000000
154496  37.469  -78.489  -5.968 0.0000000000
