#!ascii label  , from subject sub-v1s0x0050647_ses-1 vox2ras=TkReg
1308
50078  -44.315  -29.492  51.459 0.0000000000
124883  -54.174  -14.408  47.268 0.0000000000
55419  -50.378  -23.339  48.250 0.0000000000
35106  -17.225  -47.268  69.458 0.0000000000
48085  -40.338  -30.910  57.750 0.0000000000
37654  -33.351  -43.832  69.462 0.0000000000
36085  -40.571  -46.015  63.887 0.0000000000
42145  -43.232  -38.918  60.890 0.0000000000
124985  -44.699  -34.467  61.045 0.0000000000
36062  -25.976  -45.331  65.800 0.0000000000
36003  -29.528  -45.770  70.520 0.0000000000
38517  -30.063  -43.153  65.976 0.0000000000
37772  -36.363  -43.890  61.699 0.0000000000
39447  -39.529  -41.631  60.922 0.0000000000
49952  -45.980  -29.933  59.450 0.0000000000
51777  -49.225  -27.743  56.298 0.0000000000
59701  -52.557  -19.137  47.820 0.0000000000
52787  -47.670  -26.964  49.771 0.0000000000
63376  -50.769  -15.001  43.703 0.0000000000
32279  -13.634  -49.884  69.652 0.0000000000
48953  -43.748  -30.426  61.610 0.0000000000
50008  -41.744  -30.279  55.766 0.0000000000
129742  -33.184  -42.079  64.571 0.0000000000
37702  -37.105  -44.187  67.057 0.0000000000
53649  -53.157  -26.362  53.605 0.0000000000
62575  -59.760  -15.036  41.266 0.0000000000
42173  -41.771  -38.574  59.142 0.0000000000
43075  -42.464  -37.065  58.542 0.0000000000
36902  -27.963  -44.642  65.897 0.0000000000
39460  -37.747  -41.467  59.739 0.0000000000
40344  -40.093  -40.219  59.702 0.0000000000
40325  -41.583  -40.619  61.376 0.0000000000
50011  -45.242  -29.665  55.330 0.0000000000
50889  -47.644  -29.108  58.047 0.0000000000
50919  -46.429  -28.651  54.309 0.0000000000
60623  -53.706  -17.387  47.834 0.0000000000
59684  -54.749  -18.719  49.887 0.0000000000
65085  -55.201  -12.702  47.087 0.0000000000
34250  -16.505  -47.318  66.238 0.0000000000
33303  -15.438  -48.647  69.758 0.0000000000
46255  -43.072  -32.902  59.325 0.0000000000
47124  -44.400  -32.513  61.800 0.0000000000
48056  -42.350  -30.719  59.736 0.0000000000
49961  -42.385  -29.867  58.878 0.0000000000
49974  -40.698  -30.020  57.475 0.0000000000
36847  -31.809  -44.654  70.163 0.0000000000
35978  -31.345  -45.620  72.347 0.0000000000
36839  -33.901  -44.818  71.707 0.0000000000
36851  -35.961  -44.568  70.515 0.0000000000
120852  -30.798  -40.874  63.639 0.0000000000
39436  -32.267  -41.326  61.709 0.0000000000
117138  -38.180  -45.134  62.878 0.0000000000
37725  -36.123  -44.311  64.460 0.0000000000
36064  -38.332  -45.948  65.332 0.0000000000
36035  -39.052  -46.053  67.854 0.0000000000
35144  -21.164  -46.737  67.501 0.0000000000
35094  -22.917  -46.989  70.693 0.0000000000
35032  -22.378  -46.904  73.274 0.0000000000
53714  -49.013  -25.213  48.770 0.0000000000
111196  -50.319  -26.752  51.446 0.0000000000
53689  -52.335  -25.361  50.493 0.0000000000
118923  -61.436  -14.405  40.454 0.0000000000
34177  -16.171  -47.556  73.030 0.0000000000
41214  -44.496  -39.125  63.879 0.0000000000
43023  -45.619  -37.084  63.956 0.0000000000
43926  -44.452  -36.803  60.790 0.0000000000
45502  -43.327  -35.131  58.893 0.0000000000
35132  -25.572  -46.593  68.706 0.0000000000
35099  -27.269  -46.631  70.523 0.0000000000
36022  -27.615  -45.803  68.403 0.0000000000
36883  -29.539  -44.713  67.617 0.0000000000
37687  -31.483  -43.437  67.906 0.0000000000
38619  -33.457  -42.124  60.309 0.0000000000
38622  -36.130  -42.600  60.161 0.0000000000
111138  -37.945  -43.392  61.290 0.0000000000
37762  -40.015  -43.680  62.538 0.0000000000
39412  -41.592  -41.857  63.274 0.0000000000
40300  -42.640  -40.749  63.392 0.0000000000
36060  -24.248  -45.745  65.239 0.0000000000
50858  -46.272  -29.354  63.398 0.0000000000
50843  -48.525  -28.150  65.320 0.0000000000
111164  -48.630  -29.005  61.845 0.0000000000
51743  -50.413  -28.023  59.842 0.0000000000
57031  -51.592  -21.372  48.067 0.0000000000
55407  -53.559  -23.467  50.134 0.0000000000
118823  -54.461  -21.120  50.093 0.0000000000
30529  -8.922  -51.988  70.984 0.0000000000
51851  -46.119  -28.000  50.437 0.0000000000
54576  -45.472  -24.521  47.543 0.0000000000
57925  -47.701  -20.018  46.740 0.0000000000
58823  -49.140  -18.861  46.762 0.0000000000
111447  -50.469  -16.748  46.729 0.0000000000
63325  -50.941  -14.765  46.461 0.0000000000
64208  -52.405  -13.677  45.795 0.0000000000
112348  -49.601  -14.900  44.521 0.0000000000
33249  -14.188  -48.548  73.563 0.0000000000
33261  -11.679  -49.311  73.224 0.0000000000
31360  -9.948  -50.159  72.215 0.0000000000
47074  -46.594  -32.085  66.341 0.0000000000
119547  -45.809  -34.952  63.889 0.0000000000
126001  -45.490  -32.083  64.180 0.0000000000
49895  -45.274  -30.070  63.702 0.0000000000
49938  -43.906  -29.793  61.040 0.0000000000
49978  -44.198  -29.983  57.312 0.0000000000
50046  -42.818  -30.453  53.468 0.0000000000
35061  -29.293  -46.398  73.142 0.0000000000
39371  -31.429  -41.893  65.375 0.0000000000
38520  -33.389  -42.652  66.543 0.0000000000
38594  -34.136  -42.829  62.694 0.0000000000
38544  -35.256  -43.250  65.554 0.0000000000
121037  -35.483  -43.516  67.866 0.0000000000
125857  -37.406  -44.966  69.161 0.0000000000
35157  -17.734  -46.579  66.640 0.0000000000
35142  -19.466  -46.731  67.549 0.0000000000
35108  -18.987  -46.926  69.434 0.0000000000
51820  -48.482  -27.458  52.344 0.0000000000
52683  -50.967  -26.828  55.202 0.0000000000
52650  -53.786  -26.413  57.566 0.0000000000
53667  -54.487  -25.486  52.428 0.0000000000
65111  -53.914  -13.062  44.974 0.0000000000
113124  -55.903  -12.310  44.217 0.0000000000
111415  -58.247  -12.417  43.571 0.0000000000
62568  -57.144  -15.229  42.213 0.0000000000
64234  -60.652  -12.786  43.007 0.0000000000
42183  -40.534  -38.476  58.278 0.0000000000
43074  -40.858  -37.762  57.973 0.0000000000
43084  -39.736  -37.695  56.965 0.0000000000
40355  -38.870  -39.973  58.887 0.0000000000
41270  -39.312  -39.368  58.420 0.0000000000
41261  -40.547  -39.553  59.280 0.0000000000
50048  -45.014  -29.470  53.607 0.0000000000
50910  -45.825  -29.149  54.820 0.0000000000
50932  -45.628  -28.914  53.161 0.0000000000
61624  -53.665  -16.009  47.222 0.0000000000
60614  -54.823  -17.101  49.199 0.0000000000
62496  -55.466  -15.639  48.818 0.0000000000
62505  -55.318  -15.037  48.169 0.0000000000
63328  -54.666  -13.960  47.397 0.0000000000
34223  -16.707  -47.551  68.186 0.0000000000
34222  -16.112  -47.927  67.711 0.0000000000
113998  -16.023  -48.058  69.876 0.0000000000
48087  -41.478  -31.313  58.656 0.0000000000
48072  -42.476  -31.374  59.831 0.0000000000
48070  -41.440  -30.794  58.764 0.0000000000
49947  -41.667  -30.422  58.749 0.0000000000
48996  -40.502  -30.351  57.643 0.0000000000
35056  -24.902  -47.084  72.012 0.0000000000
36861  -32.569  -44.115  69.751 0.0000000000
36848  -32.718  -44.513  70.538 0.0000000000
36849  -33.538  -44.446  70.764 0.0000000000
36850  -34.428  -44.433  70.882 0.0000000000
125462  -34.355  -43.698  69.212 0.0000000000
36101  -39.008  -45.658  63.362 0.0000000000
36100  -37.999  -45.650  63.749 0.0000000000
36065  -39.198  -46.404  65.136 0.0000000000
35167  -39.880  -46.596  65.977 0.0000000000
35113  -24.475  -46.881  69.632 0.0000000000
115923  -23.947  -46.968  70.948 0.0000000000
114519  -24.165  -47.063  71.745 0.0000000000
47983  -47.306  -31.123  67.096 0.0000000000
54566  -50.086  -24.174  48.525 0.0000000000
53700  -50.341  -25.553  49.441 0.0000000000
54556  -51.474  -24.497  49.264 0.0000000000
127294  -43.944  -39.137  62.765 0.0000000000
42131  -44.729  -38.210  62.632 0.0000000000
43044  -44.218  -37.661  61.031 0.0000000000
44719  -43.074  -35.868  58.759 0.0000000000
45522  -42.376  -34.771  57.905 0.0000000000
45511  -42.342  -33.997  57.933 0.0000000000
36031  -25.718  -45.980  67.257 0.0000000000
36021  -26.813  -45.948  68.163 0.0000000000
36048  -26.967  -45.452  66.864 0.0000000000
37711  -28.633  -44.038  65.357 0.0000000000
36893  -29.269  -44.541  66.837 0.0000000000
37698  -29.678  -43.899  66.351 0.0000000000
36884  -30.316  -44.323  67.884 0.0000000000
37699  -30.730  -42.902  66.377 0.0000000000
39456  -34.095  -41.810  59.202 0.0000000000
127494  -38.973  -41.590  60.457 0.0000000000
111640  -37.560  -42.164  60.268 0.0000000000
39438  -38.782  -42.162  60.951 0.0000000000
37761  -39.274  -43.794  62.170 0.0000000000
38596  -39.719  -43.018  62.164 0.0000000000
38575  -40.748  -43.278  62.897 0.0000000000
112646  -40.744  -41.766  62.213 0.0000000000
41243  -42.770  -39.602  61.287 0.0000000000
40314  -42.447  -40.478  62.571 0.0000000000
41229  -42.923  -39.815  62.128 0.0000000000
41213  -43.829  -39.547  63.311 0.0000000000
36061  -25.130  -45.546  65.495 0.0000000000
49939  -46.044  -29.855  60.952 0.0000000000
50866  -47.770  -29.324  62.160 0.0000000000
49940  -47.371  -29.718  59.889 0.0000000000
50906  -48.124  -28.562  56.881 0.0000000000
50891  -49.160  -28.597  58.760 0.0000000000
108211  -49.823  -27.991  58.279 0.0000000000
123405  -50.970  -27.696  59.406 0.0000000000
51768  -50.399  -27.625  57.543 0.0000000000
57902  -52.090  -20.581  48.089 0.0000000000
114102  -52.941  -21.538  49.003 0.0000000000
57904  -53.192  -20.010  48.832 0.0000000000
59672  -56.092  -18.671  51.038 0.0000000000
58822  -48.330  -19.211  46.747 0.0000000000
59723  -47.714  -18.301  46.810 0.0000000000
125342  -48.641  -15.971  46.489 0.0000000000
62527  -49.019  -15.490  46.133 0.0000000000
62512  -50.481  -15.422  46.567 0.0000000000
63339  -49.722  -15.054  46.025 0.0000000000
63353  -49.916  -14.897  45.422 0.0000000000
32289  -14.376  -49.641  68.281 0.0000000000
32278  -12.900  -50.130  69.886 0.0000000000
35010  -15.661  -46.964  74.722 0.0000000000
34176  -15.424  -47.870  73.496 0.0000000000
34167  -14.282  -47.707  74.628 0.0000000000
33227  -11.668  -48.928  75.094 0.0000000000
126666  -11.236  -49.278  74.430 0.0000000000
32255  -10.422  -49.845  72.048 0.0000000000
31354  -10.511  -49.804  73.622 0.0000000000
125424  -9.982  -50.481  73.129 0.0000000000
43910  -45.575  -35.938  62.723 0.0000000000
43900  -45.697  -36.194  63.566 0.0000000000
44698  -45.497  -34.925  62.493 0.0000000000
48040  -43.597  -31.214  61.644 0.0000000000
47108  -44.702  -32.275  62.630 0.0000000000
48023  -44.536  -31.518  62.893 0.0000000000
47995  -45.280  -31.300  64.050 0.0000000000
48938  -44.265  -30.530  62.279 0.0000000000
49919  -44.686  -29.966  62.387 0.0000000000
49926  -43.672  -30.041  61.359 0.0000000000
49976  -42.287  -29.953  57.282 0.0000000000
108810  -42.742  -29.899  58.112 0.0000000000
109070  -42.474  -30.181  56.253 0.0000000000
50010  -43.548  -30.160  55.772 0.0000000000
49043  -42.018  -30.598  53.890 0.0000000000
36002  -28.652  -46.106  70.487 0.0000000000
35078  -28.377  -46.433  71.305 0.0000000000
35990  -29.860  -45.865  71.566 0.0000000000
39410  -31.993  -41.472  64.131 0.0000000000
40282  -30.684  -41.284  64.074 0.0000000000
39393  -31.616  -41.634  64.827 0.0000000000
39353  -31.925  -42.167  66.076 0.0000000000
39373  -33.008  -42.065  65.253 0.0000000000
38610  -34.613  -42.912  61.216 0.0000000000
111617  -34.029  -42.664  61.899 0.0000000000
37757  -34.715  -43.222  62.053 0.0000000000
122356  -36.246  -44.172  65.248 0.0000000000
37713  -35.694  -43.737  64.997 0.0000000000
109516  -35.999  -43.683  65.917 0.0000000000
38522  -35.397  -43.281  66.348 0.0000000000
37691  -36.322  -43.780  67.572 0.0000000000
37675  -36.753  -44.105  68.554 0.0000000000
37692  -37.251  -44.306  68.004 0.0000000000
37727  -42.772  -43.440  64.212 0.0000000000
35143  -20.364  -46.723  67.458 0.0000000000
107854  -20.322  -46.891  68.713 0.0000000000
35126  -19.410  -46.892  68.572 0.0000000000
108218  -22.401  -46.815  74.254 0.0000000000
51872  -46.736  -27.510  49.902 0.0000000000
51853  -47.400  -27.758  51.286 0.0000000000
51854  -48.040  -27.395  50.697 0.0000000000
123844  -51.702  -26.605  53.020 0.0000000000
114754  -50.898  -26.745  53.230 0.0000000000
52700  -51.712  -26.699  54.645 0.0000000000
52684  -51.932  -26.750  55.621 0.0000000000
52685  -52.918  -26.580  55.435 0.0000000000
55396  -54.614  -23.513  50.975 0.0000000000
54536  -53.741  -24.688  51.035 0.0000000000
54525  -55.647  -24.441  52.418 0.0000000000
64216  -51.783  -14.260  45.356 0.0000000000
64209  -53.254  -13.195  45.504 0.0000000000
63366  -52.157  -14.769  44.506 0.0000000000
64228  -54.944  -13.798  43.857 0.0000000000
123459  -55.775  -13.974  43.684 0.0000000000
65122  -56.659  -12.553  43.866 0.0000000000
63380  -57.188  -14.327  43.394 0.0000000000
63414  -58.240  -14.649  40.953 0.0000000000
63413  -57.276  -14.421  40.988 0.0000000000
63405  -58.818  -15.172  41.676 0.0000000000
63392  -59.160  -14.203  42.961 0.0000000000
63393  -60.796  -14.282  42.392 0.0000000000
62563  -61.185  -14.672  41.866 0.0000000000
119531  -62.469  -14.659  40.727 0.0000000000
42159  -42.908  -38.569  60.161 0.0000000000
43056  -43.250  -37.778  59.839 0.0000000000
43065  -42.134  -37.819  58.807 0.0000000000
43948  -41.587  -36.649  57.725 0.0000000000
36890  -26.946  -45.114  66.070 0.0000000000
40353  -37.199  -40.323  58.378 0.0000000000
124279  -38.986  -40.822  59.745 0.0000000000
40332  -39.521  -40.949  60.180 0.0000000000
40324  -40.811  -40.897  61.099 0.0000000000
41251  -40.933  -39.938  59.941 0.0000000000
41252  -41.750  -39.659  60.194 0.0000000000
49979  -45.545  -29.831  56.967 0.0000000000
49966  -47.010  -29.594  58.410 0.0000000000
49994  -46.156  -29.509  56.470 0.0000000000
50905  -47.567  -28.631  56.347 0.0000000000
51793  -47.884  -27.902  55.062 0.0000000000
59716  -52.549  -18.258  47.351 0.0000000000
58791  -53.555  -19.460  49.011 0.0000000000
129789  -53.915  -18.234  48.860 0.0000000000
59685  -55.423  -18.123  50.301 0.0000000000
107928  -55.776  -12.231  47.202 0.0000000000
33318  -15.048  -48.984  68.183 0.0000000000
33302  -14.816  -49.132  69.543 0.0000000000
129585  -43.931  -33.834  60.010 0.0000000000
46249  -44.632  -33.453  61.392 0.0000000000
47140  -42.985  -32.182  60.007 0.0000000000
110703  -42.911  -31.527  60.487 0.0000000000
48057  -42.828  -30.850  60.515 0.0000000000
49936  -42.795  -30.116  60.143 0.0000000000
49935  -42.279  -30.328  59.457 0.0000000000
49975  -41.293  -29.919  57.510 0.0000000000
107997  -40.834  -30.015  56.166 0.0000000000
36846  -30.905  -45.054  70.098 0.0000000000
35991  -30.831  -45.571  71.576 0.0000000000
35992  -31.548  -45.316  71.637 0.0000000000
35993  -32.126  -45.321  72.226 0.0000000000
35995  -35.796  -45.715  71.732 0.0000000000
40298  -31.080  -40.517  63.068 0.0000000000
39425  -32.333  -41.532  63.263 0.0000000000
115441  -36.953  -44.494  62.270 0.0000000000
37759  -36.110  -44.291  62.651 0.0000000000
36942  -37.335  -45.185  63.400 0.0000000000
36922  -37.282  -45.328  64.325 0.0000000000
36904  -37.464  -45.305  65.441 0.0000000000
36895  -38.100  -45.250  67.193 0.0000000000
36049  -38.731  -45.792  67.229 0.0000000000
35162  -22.386  -46.463  66.312 0.0000000000
35129  -22.751  -46.792  67.995 0.0000000000
108838  -22.165  -46.963  70.023 0.0000000000
35072  -21.394  -46.947  71.705 0.0000000000
35054  -22.816  -46.971  72.388 0.0000000000
53697  -47.990  -26.171  49.091 0.0000000000
52779  -49.294  -26.766  50.256 0.0000000000
53686  -49.913  -26.202  49.873 0.0000000000
53676  -51.382  -26.212  50.892 0.0000000000
112334  -52.581  -26.117  51.966 0.0000000000
64241  -50.438  -14.014  42.299 0.0000000000
120333  -52.678  -14.963  43.713 0.0000000000
63398  -51.906  -14.778  42.592 0.0000000000
123023  -58.853  -14.186  40.207 0.0000000000
63416  -60.633  -14.795  40.799 0.0000000000
122455  -59.774  -14.022  39.885 0.0000000000
64271  -60.284  -13.607  39.292 0.0000000000
35067  -17.433  -47.138  71.142 0.0000000000
114122  -16.900  -47.403  71.699 0.0000000000
42101  -45.661  -37.915  64.840 0.0000000000
43016  -45.345  -37.935  63.922 0.0000000000
124663  -45.294  -37.127  62.640 0.0000000000
123397  -44.537  -35.925  60.646 0.0000000000
124901  -43.527  -36.923  59.556 0.0000000000
44720  -43.644  -35.923  59.345 0.0000000000
45497  -44.162  -34.527  60.133 0.0000000000
128362  -42.808  -33.502  58.599 0.0000000000
46281  -42.137  -33.069  58.096 0.0000000000
35114  -25.345  -46.834  69.649 0.0000000000
126506  -26.564  -46.876  71.186 0.0000000000
35115  -26.267  -46.622  69.392 0.0000000000
36012  -27.766  -45.977  69.248 0.0000000000
36013  -28.649  -45.856  69.594 0.0000000000
36881  -28.124  -45.232  67.222 0.0000000000
36870  -29.005  -45.216  68.155 0.0000000000
36858  -29.958  -45.158  69.211 0.0000000000
36872  -30.599  -44.628  68.769 0.0000000000
37670  -31.710  -43.758  68.538 0.0000000000
37688  -32.148  -43.260  68.076 0.0000000000
38620  -34.396  -42.564  60.307 0.0000000000
38612  -36.242  -43.235  60.845 0.0000000000
39445  -36.869  -42.029  59.943 0.0000000000
38623  -36.990  -42.775  60.439 0.0000000000
38613  -37.163  -43.386  61.069 0.0000000000
37760  -37.856  -44.550  62.202 0.0000000000
36943  -39.028  -45.029  62.754 0.0000000000
113784  -40.073  -45.584  63.346 0.0000000000
36102  -41.037  -45.382  63.442 0.0000000000
124008  -41.442  -44.588  63.286 0.0000000000
37726  -41.976  -43.053  63.858 0.0000000000
38558  -42.645  -42.518  64.323 0.0000000000
39428  -41.299  -41.484  62.595 0.0000000000
39413  -42.247  -41.482  63.725 0.0000000000
114361  -43.135  -42.085  64.731 0.0000000000
40286  -43.632  -40.706  64.530 0.0000000000
35164  -23.907  -46.430  66.820 0.0000000000
50840  -46.191  -29.255  64.290 0.0000000000
50851  -47.555  -28.757  64.165 0.0000000000
50859  -48.373  -28.899  62.773 0.0000000000
50860  -49.254  -28.561  62.476 0.0000000000
50873  -48.046  -29.370  59.766 0.0000000000
50875  -49.307  -28.732  60.430 0.0000000000
57030  -50.944  -21.851  47.897 0.0000000000
55412  -51.811  -23.649  49.043 0.0000000000
56231  -52.681  -22.446  49.097 0.0000000000
56226  -53.877  -22.571  50.031 0.0000000000
57019  -55.274  -22.109  50.928 0.0000000000
122404  -54.324  -19.960  49.744 0.0000000000
57890  -55.080  -21.201  50.566 0.0000000000
50121  -43.272  -29.419  49.949 0.0000000000
50961  -44.814  -28.978  51.064 0.0000000000
124583  -44.433  -28.368  49.551 0.0000000000
51888  -44.831  -27.308  48.820 0.0000000000
52800  -46.298  -26.558  48.792 0.0000000000
53711  -46.565  -25.830  48.387 0.0000000000
54578  -47.248  -24.397  47.849 0.0000000000
55434  -47.585  -23.639  47.597 0.0000000000
55435  -48.547  -23.181  47.608 0.0000000000
122049  -48.886  -21.779  47.229 0.0000000000
57044  -50.120  -21.100  47.288 0.0000000000
113637  -49.922  -19.840  46.989 0.0000000000
59714  -50.562  -18.619  46.852 0.0000000000
60644  -48.055  -17.378  46.852 0.0000000000
60646  -49.766  -17.019  46.725 0.0000000000
59715  -51.503  -18.173  46.957 0.0000000000
118734  -52.205  -16.626  46.876 0.0000000000
62514  -52.106  -15.475  46.897 0.0000000000
63326  -52.326  -14.338  46.812 0.0000000000
64187  -52.991  -13.619  46.678 0.0000000000
63342  -51.593  -14.312  46.395 0.0000000000
116947  -51.017  -14.577  45.380 0.0000000000
63375  -49.904  -14.899  43.816 0.0000000000
63387  -50.186  -14.608  43.015 0.0000000000
34187  -16.026  -47.970  71.324 0.0000000000
33278  -14.869  -48.843  71.280 0.0000000000
33277  -14.075  -49.148  71.954 0.0000000000
34166  -13.352  -47.883  74.962 0.0000000000
33248  -13.264  -48.830  73.621 0.0000000000
32257  -12.546  -49.749  71.388 0.0000000000
32267  -11.719  -50.001  70.886 0.0000000000
31368  -10.192  -50.568  70.628 0.0000000000
31371  -9.469  -50.970  70.348 0.0000000000
30530  -9.401  -51.289  71.498 0.0000000000
47982  -46.859  -31.342  66.618 0.0000000000
110935  -45.964  -35.054  65.525 0.0000000000
46241  -45.447  -33.911  62.739 0.0000000000
46235  -45.660  -33.683  63.560 0.0000000000
47081  -46.036  -32.467  65.559 0.0000000000
128340  -45.915  -31.060  65.218 0.0000000000
49882  -46.006  -29.713  64.971 0.0000000000
49911  -45.520  -29.680  63.510 0.0000000000
109663  -44.911  -29.772  61.277 0.0000000000
49951  -45.108  -29.934  59.554 0.0000000000
49949  -43.355  -29.805  59.511 0.0000000000
49963  -43.949  -29.907  58.788 0.0000000000
108808  -44.532  -29.985  58.021 0.0000000000
108030  -44.565  -29.937  55.917 0.0000000000
109279  -44.319  -29.874  54.137 0.0000000000
50064  -43.626  -29.997  52.485 0.0000000000
49010  -39.377  -30.373  56.528 0.0000000000
49991  -39.564  -30.102  56.329 0.0000000000
50007  -40.246  -30.032  55.623 0.0000000000
123821  -40.534  -30.298  54.864 0.0000000000
49053  -41.168  -30.653  53.358 0.0000000000
49069  -41.527  -30.638  52.478 0.0000000000
117737  -42.279  -30.521  51.986 0.0000000000
50100  -43.320  -29.817  50.798 0.0000000000
35965  -30.184  -46.205  73.399 0.0000000000
126922  -29.853  -42.252  64.498 0.0000000000
39391  -30.650  -41.634  64.434 0.0000000000
38539  -30.584  -42.478  65.570 0.0000000000
38540  -31.192  -42.263  66.039 0.0000000000
38501  -32.496  -42.915  67.579 0.0000000000
38486  -33.553  -43.125  68.068 0.0000000000
39437  -32.897  -41.868  61.165 0.0000000000
38593  -33.491  -42.321  62.498 0.0000000000
38572  -33.659  -42.444  64.086 0.0000000000
37741  -35.411  -43.919  63.213 0.0000000000
38556  -34.319  -42.895  64.385 0.0000000000
38555  -33.717  -42.433  64.899 0.0000000000
38521  -34.186  -42.825  66.229 0.0000000000
38503  -34.040  -42.963  67.037 0.0000000000
37673  -34.177  -43.317  68.299 0.0000000000
37655  -35.452  -43.824  69.251 0.0000000000
36863  -36.708  -44.546  69.737 0.0000000000
35156  -17.082  -46.863  66.479 0.0000000000
35140  -17.295  -47.047  67.881 0.0000000000
36041  -19.586  -45.984  66.114 0.0000000000
36040  -18.761  -45.993  66.105 0.0000000000
35141  -18.734  -46.663  67.281 0.0000000000
109295  -18.581  -46.927  68.809 0.0000000000
35107  -18.019  -46.982  69.531 0.0000000000
35069  -18.688  -46.804  71.759 0.0000000000
35053  -21.482  -46.824  73.190 0.0000000000
50963  -46.173  -28.466  51.814 0.0000000000
51802  -47.568  -27.821  53.233 0.0000000000
51794  -48.666  -27.540  54.707 0.0000000000
52746  -49.001  -27.189  51.844 0.0000000000
51804  -49.454  -26.995  53.583 0.0000000000
51786  -50.240  -27.124  55.674 0.0000000000
52647  -51.052  -27.221  57.043 0.0000000000
54547  -52.613  -24.617  50.114 0.0000000000
53678  -53.435  -25.409  51.427 0.0000000000
116001  -53.944  -25.944  53.077 0.0000000000
64200  -53.658  -13.077  46.559 0.0000000000
65096  -54.444  -12.614  46.452 0.0000000000
65104  -55.490  -11.851  45.479 0.0000000000
64218  -53.479  -13.832  44.685 0.0000000000
64220  -55.071  -12.749  44.250 0.0000000000
65972  -56.158  -11.804  44.731 0.0000000000
117300  -57.037  -11.674  44.620 0.0000000000
120827  -59.103  -11.457  44.266 0.0000000000
62559  -56.594  -15.296  42.795 0.0000000000
63381  -58.125  -14.156  43.269 0.0000000000
64233  -59.620  -13.022  43.052 0.0000000000
63407  -62.121  -14.357  41.408 0.0000000000
42182  -39.716  -38.720  58.014 0.0000000000
42191  -40.130  -38.104  57.622 0.0000000000
41282  -38.914  -38.973  57.706 0.0000000000
41271  -40.131  -39.129  58.665 0.0000000000
50065  -44.339  -29.666  52.238 0.0000000000
50931  -44.970  -29.344  52.725 0.0000000000
62516  -54.093  -15.276  47.318 0.0000000000
61611  -54.240  -16.324  47.716 0.0000000000
62504  -54.821  -15.615  47.993 0.0000000000
63316  -54.786  -14.805  47.632 0.0000000000
63317  -55.335  -14.284  47.954 0.0000000000
35123  -17.208  -47.245  68.705 0.0000000000
34210  -16.560  -47.704  69.121 0.0000000000
34197  -16.701  -47.645  70.041 0.0000000000
48086  -40.839  -31.043  58.261 0.0000000000
48984  -40.977  -30.588  58.244 0.0000000000
126098  -25.600  -46.993  72.444 0.0000000000
35076  -25.637  -46.976  71.575 0.0000000000
37671  -32.568  -43.666  68.845 0.0000000000
37637  -33.213  -44.129  70.147 0.0000000000
37638  -33.976  -44.045  70.123 0.0000000000
36084  -39.684  -46.231  64.174 0.0000000000
35198  -40.627  -46.505  64.610 0.0000000000
35075  -24.827  -46.975  71.201 0.0000000000
55418  -49.406  -23.523  48.019 0.0000000000
54555  -50.965  -23.948  48.716 0.0000000000
41244  -43.411  -39.161  61.722 0.0000000000
42130  -44.058  -38.749  62.247 0.0000000000
42146  -43.881  -38.464  61.342 0.0000000000
44735  -41.513  -35.298  57.198 0.0000000000
44736  -42.016  -35.344  57.668 0.0000000000
36032  -26.536  -45.791  67.407 0.0000000000
36047  -26.256  -45.602  66.630 0.0000000000
37712  -29.429  -43.674  65.608 0.0000000000
124292  -30.287  -43.509  66.601 0.0000000000
38615  -39.461  -42.390  61.580 0.0000000000
39427  -40.205  -42.300  62.182 0.0000000000
39439  -40.273  -41.596  61.541 0.0000000000
41230  -43.567  -39.429  62.504 0.0000000000
36046  -25.326  -45.798  66.427 0.0000000000
116457  -46.481  -29.898  60.081 0.0000000000
111536  -46.998  -29.819  60.729 0.0000000000
51767  -48.746  -28.215  57.036 0.0000000000
50900  -48.984  -28.357  57.886 0.0000000000
116068  -49.548  -27.864  57.270 0.0000000000
122676  -50.599  -27.715  58.272 0.0000000000
58813  -51.881  -19.753  47.593 0.0000000000
58798  -52.599  -19.914  48.234 0.0000000000
58773  -56.585  -19.471  51.447 0.0000000000
62539  -49.001  -15.135  45.633 0.0000000000
125507  -48.804  -14.926  44.738 0.0000000000
32280  -14.284  -49.601  69.219 0.0000000000
32288  -13.706  -49.968  68.846 0.0000000000
126280  -13.201  -50.201  69.261 0.0000000000
35009  -14.767  -47.066  75.048 0.0000000000
34995  -14.366  -46.629  75.944 0.0000000000
33226  -10.959  -49.411  74.193 0.0000000000
44697  -45.224  -35.684  61.926 0.0000000000
114560  -45.101  -34.927  61.701 0.0000000000
48022  -43.843  -30.851  61.984 0.0000000000
47107  -44.072  -31.555  62.216 0.0000000000
48007  -44.340  -31.036  62.641 0.0000000000
49918  -44.183  -30.201  62.015 0.0000000000
50009  -42.688  -30.356  55.280 0.0000000000
50028  -41.930  -30.473  54.819 0.0000000000
127046  -29.071  -45.839  70.071 0.0000000000
35989  -29.072  -46.083  71.187 0.0000000000
39394  -32.475  -41.817  64.697 0.0000000000
39372  -32.172  -41.916  65.411 0.0000000000
38611  -35.430  -43.428  61.398 0.0000000000
37758  -35.418  -43.785  62.297 0.0000000000
37714  -36.769  -44.404  65.975 0.0000000000
37701  -36.434  -43.890  66.647 0.0000000000
37700  -35.928  -43.582  66.723 0.0000000000
37728  -43.583  -43.789  64.659 0.0000000000
35092  -20.854  -46.939  70.956 0.0000000000
111731  -46.807  -26.929  49.324 0.0000000000
51873  -47.380  -27.544  50.435 0.0000000000
52724  -52.368  -26.511  53.260 0.0000000000
52723  -51.669  -26.675  53.757 0.0000000000
52701  -52.426  -26.597  54.117 0.0000000000
113114  -52.426  -26.611  54.881 0.0000000000
52702  -53.196  -26.455  54.571 0.0000000000
55397  -55.251  -23.845  51.638 0.0000000000
63365  -51.299  -14.934  44.545 0.0000000000
63379  -55.459  -14.790  43.527 0.0000000000
114400  -56.305  -14.621  43.458 0.0000000000
62552  -56.029  -15.146  43.207 0.0000000000
115382  -59.085  -15.122  42.467 0.0000000000
62562  -60.217  -15.053  42.237 0.0000000000
62571  -60.500  -15.077  41.571 0.0000000000
42158  -42.157  -38.950  59.816 0.0000000000
42174  -42.564  -38.228  59.435 0.0000000000
43086  -41.106  -37.160  57.668 0.0000000000
124981  -41.681  -37.353  58.171 0.0000000000
41268  -37.648  -39.731  57.929 0.0000000000
40343  -39.291  -40.427  59.465 0.0000000000
40333  -40.489  -40.602  60.365 0.0000000000
41262  -41.385  -39.299  59.503 0.0000000000
108238  -45.404  -29.753  56.153 0.0000000000
49980  -46.288  -29.661  57.288 0.0000000000
50012  -45.986  -29.310  55.652 0.0000000000
50911  -46.569  -28.781  55.152 0.0000000000
50912  -47.309  -28.444  55.487 0.0000000000
50920  -47.162  -28.245  54.639 0.0000000000
59717  -53.250  -17.944  47.699 0.0000000000
120361  -53.688  -18.039  48.352 0.0000000000
127515  -53.949  -17.562  48.359 0.0000000000
60615  -55.215  -17.439  49.871 0.0000000000
59686  -56.215  -17.748  50.797 0.0000000000
60606  -55.772  -17.289  50.310 0.0000000000
64189  -55.980  -12.767  47.863 0.0000000000
34209  -15.862  -48.262  69.084 0.0000000000
33319  -15.701  -48.462  68.290 0.0000000000
115695  -15.306  -48.819  68.955 0.0000000000
117203  -14.783  -49.250  68.843 0.0000000000
46256  -43.675  -33.058  60.085 0.0000000000
48071  -41.891  -31.039  59.279 0.0000000000
48971  -42.692  -30.416  60.110 0.0000000000
49959  -41.229  -30.165  58.133 0.0000000000
107714  -40.714  -29.905  56.838 0.0000000000
36837  -31.275  -45.144  70.904 0.0000000000
110111  -33.052  -44.751  71.237 0.0000000000
36838  -32.191  -44.921  71.247 0.0000000000
36831  -32.953  -45.025  72.054 0.0000000000
107159  -35.221  -44.521  70.935 0.0000000000
35994  -34.887  -44.859  71.591 0.0000000000
36840  -35.632  -44.977  71.361 0.0000000000
40312  -31.859  -41.015  62.586 0.0000000000
126559  -37.395  -44.883  62.719 0.0000000000
36063  -37.893  -45.724  64.613 0.0000000000
36905  -38.144  -45.601  66.352 0.0000000000
36050  -38.993  -46.136  66.229 0.0000000000
36051  -39.642  -46.448  67.247 0.0000000000
35146  -23.478  -46.649  67.428 0.0000000000
35145  -22.586  -46.671  67.146 0.0000000000
108837  -23.002  -46.944  69.694 0.0000000000
35073  -22.362  -46.988  71.609 0.0000000000
128671  -24.334  -47.095  72.367 0.0000000000
35055  -23.666  -47.033  72.358 0.0000000000
53713  -48.239  -25.459  48.643 0.0000000000
53698  -48.774  -25.905  49.169 0.0000000000
53699  -49.535  -25.719  49.270 0.0000000000
53688  -51.621  -25.672  50.295 0.0000000000
53687  -50.793  -26.074  50.190 0.0000000000
108293  -51.998  -25.885  50.893 0.0000000000
52771  -51.919  -26.286  51.615 0.0000000000
53677  -52.659  -25.759  51.259 0.0000000000
64242  -51.257  -14.078  42.082 0.0000000000
64260  -57.797  -13.955  40.310 0.0000000000
64270  -58.249  -13.501  39.582 0.0000000000
113613  -59.234  -13.614  39.402 0.0000000000
109577  -17.488  -47.011  71.963 0.0000000000
35940  -16.831  -46.133  75.532 0.0000000000
41202  -44.900  -39.487  64.791 0.0000000000
42100  -45.150  -38.630  64.312 0.0000000000
42114  -44.913  -38.408  63.465 0.0000000000
43045  -44.764  -37.159  61.548 0.0000000000
112281  -44.970  -37.460  62.313 0.0000000000
43919  -44.866  -36.275  61.368 0.0000000000
43066  -42.862  -37.419  59.160 0.0000000000
44712  -44.161  -35.485  60.030 0.0000000000
45503  -43.838  -35.019  59.493 0.0000000000
46267  -43.556  -34.043  59.307 0.0000000000
45512  -42.884  -34.484  58.453 0.0000000000
36011  -26.981  -46.158  68.937 0.0000000000
36023  -28.432  -45.660  68.692 0.0000000000
36891  -27.652  -45.153  66.704 0.0000000000
36882  -28.775  -44.997  67.399 0.0000000000
36024  -29.228  -45.447  68.948 0.0000000000
36871  -29.773  -44.913  68.431 0.0000000000
37686  -30.844  -43.461  67.283 0.0000000000
37669  -31.027  -43.949  68.220 0.0000000000
39457  -35.039  -41.744  59.137 0.0000000000
38630  -34.548  -42.179  59.639 0.0000000000
38631  -35.261  -42.395  59.846 0.0000000000
38621  -35.353  -42.905  60.599 0.0000000000
40341  -37.492  -40.772  59.080 0.0000000000
39459  -36.820  -41.388  59.284 0.0000000000
38624  -37.919  -42.695  60.787 0.0000000000
37773  -37.457  -43.975  61.664 0.0000000000
36955  -39.541  -44.480  62.569 0.0000000000
36944  -39.636  -45.104  62.942 0.0000000000
36945  -40.509  -44.509  62.936 0.0000000000
38576  -41.424  -42.714  63.344 0.0000000000
37743  -41.409  -43.691  63.242 0.0000000000
38577  -41.989  -42.223  63.931 0.0000000000
39440  -41.071  -41.186  61.853 0.0000000000
40313  -41.767  -40.853  62.199 0.0000000000
40299  -41.922  -41.103  63.033 0.0000000000
39395  -42.706  -41.798  64.263 0.0000000000
40285  -42.913  -41.068  64.135 0.0000000000
39396  -43.340  -41.484  64.699 0.0000000000
41201  -44.023  -39.879  64.264 0.0000000000
36044  -23.887  -46.126  66.074 0.0000000000
35148  -25.167  -46.461  67.880 0.0000000000
107532  -46.926  -28.912  64.672 0.0000000000
50850  -46.793  -29.050  63.981 0.0000000000
50852  -48.959  -28.402  63.442 0.0000000000
49981  -46.992  -29.384  57.623 0.0000000000
50881  -47.703  -29.375  59.002 0.0000000000
51742  -49.759  -28.449  59.925 0.0000000000
50883  -49.215  -28.719  59.604 0.0000000000
51713  -50.253  -27.978  61.477 0.0000000000
51728  -49.969  -28.262  60.626 0.0000000000
51729  -50.701  -27.822  60.765 0.0000000000
110974  -51.613  -27.285  59.449 0.0000000000
111739  -51.442  -22.265  48.298 0.0000000000
56239  -52.168  -21.937  48.609 0.0000000000
57017  -53.811  -21.523  49.682 0.0000000000
57023  -53.324  -22.218  49.437 0.0000000000
56227  -54.625  -22.724  50.615 0.0000000000
57018  -54.546  -21.882  50.284 0.0000000000
58792  -54.133  -19.259  49.471 0.0000000000
58786  -54.755  -19.531  50.047 0.0000000000
57874  -55.494  -20.436  50.783 0.0000000000
30533  -8.723  -51.935  70.469 0.0000000000
30532  -8.248  -52.414  70.084 0.0000000000
114778  -8.551  -52.427  70.428 0.0000000000
110098  -44.785  -26.643  48.374 0.0000000000
52799  -45.516  -26.885  48.774 0.0000000000
53725  -46.006  -25.196  47.917 0.0000000000
54562  -46.897  -25.065  48.088 0.0000000000
54577  -46.432  -24.373  47.658 0.0000000000
55433  -46.632  -23.600  47.441 0.0000000000
108453  -46.960  -22.847  47.258 0.0000000000
108284  -47.854  -22.644  47.310 0.0000000000
108008  -48.112  -21.739  47.093 0.0000000000
57042  -48.760  -21.107  47.027 0.0000000000
57043  -49.488  -21.442  47.236 0.0000000000
57916  -48.585  -20.239  46.829 0.0000000000
58811  -49.223  -19.642  46.822 0.0000000000
59713  -49.846  -19.108  46.797 0.0000000000
58812  -50.547  -19.507  47.022 0.0000000000
61632  -49.133  -16.413  46.670 0.0000000000
60635  -50.546  -17.617  46.755 0.0000000000
60636  -51.329  -16.991  46.776 0.0000000000
62513  -51.207  -15.364  46.761 0.0000000000
62515  -53.084  -15.245  47.073 0.0000000000
108614  -51.573  -14.731  46.704 0.0000000000
128088  -50.539  -14.711  45.398 0.0000000000
63364  -50.402  -14.896  44.688 0.0000000000
31379  -12.390  -50.859  68.444 0.0000000000
35048  -16.886  -47.267  72.517 0.0000000000
126918  -16.501  -47.709  71.524 0.0000000000
34183  -16.276  -47.785  72.108 0.0000000000
34181  -14.857  -48.370  73.119 0.0000000000
33264  -14.974  -48.583  72.194 0.0000000000
33263  -14.170  -48.819  72.880 0.0000000000
34152  -12.849  -47.515  75.830 0.0000000000
33247  -11.679  -49.177  73.878 0.0000000000
33228  -12.312  -48.815  74.417 0.0000000000
33262  -12.655  -49.232  72.961 0.0000000000
32245  -13.088  -49.442  72.147 0.0000000000
32244  -12.072  -49.529  72.359 0.0000000000
32256  -11.393  -49.757  71.751 0.0000000000
32266  -10.723  -50.050  71.216 0.0000000000
31364  -9.908  -50.329  71.515 0.0000000000
31367  -9.398  -50.857  71.003 0.0000000000
31363  -9.614  -50.785  71.630 0.0000000000
30517  -10.266  -51.111  73.793 0.0000000000
47075  -47.006  -32.894  67.111 0.0000000000
47970  -47.118  -31.987  67.152 0.0000000000
44680  -45.807  -35.622  64.177 0.0000000000
129160  -45.846  -36.045  64.782 0.0000000000
129484  -45.874  -35.519  64.901 0.0000000000
115754  -45.858  -34.949  64.580 0.0000000000
46248  -43.997  -32.807  61.011 0.0000000000
46240  -44.944  -33.219  62.248 0.0000000000
47094  -45.028  -31.998  63.480 0.0000000000
46234  -45.207  -33.007  63.101 0.0000000000
47095  -45.579  -32.825  63.869 0.0000000000
46230  -45.805  -33.525  64.403 0.0000000000
108994  -45.785  -32.668  64.683 0.0000000000
46226  -45.955  -33.403  65.329 0.0000000000
48921  -45.213  -30.548  63.842 0.0000000000
47996  -45.600  -30.777  64.580 0.0000000000
48908  -45.942  -30.373  65.133 0.0000000000
48922  -45.606  -30.112  64.422 0.0000000000
49896  -45.813  -29.679  64.290 0.0000000000
49927  -44.292  -29.883  61.784 0.0000000000
49928  -44.955  -29.783  62.222 0.0000000000
115031  -44.491  -29.827  60.366 0.0000000000
49948  -42.431  -29.983  59.509 0.0000000000
121180  -42.895  -29.864  59.997 0.0000000000
128554  -42.746  -29.825  59.400 0.0000000000
49977  -43.324  -29.991  57.320 0.0000000000
108809  -43.657  -29.959  58.043 0.0000000000
129056  -44.932  -29.946  57.370 0.0000000000
107845  -43.928  -30.042  56.598 0.0000000000
50030  -43.556  -30.169  54.731 0.0000000000
50047  -43.531  -30.187  53.826 0.0000000000
126561  -43.422  -30.172  53.122 0.0000000000
49990  -38.849  -30.205  55.866 0.0000000000
50027  -39.710  -30.103  54.907 0.0000000000
50045  -39.703  -30.336  53.992 0.0000000000
49052  -40.151  -30.575  53.254 0.0000000000
49068  -40.693  -30.652  52.409 0.0000000000
49099  -42.788  -30.220  51.259 0.0000000000
35077  -27.544  -46.690  71.314 0.0000000000
119819  -28.976  -46.342  72.099 0.0000000000
35977  -30.511  -45.872  72.419 0.0000000000
116047  -31.108  -45.914  73.250 0.0000000000
39392  -31.046  -41.583  64.711 0.0000000000
39370  -30.906  -41.924  65.160 0.0000000000
38541  -32.759  -42.212  66.016 0.0000000000
38519  -32.467  -42.572  66.815 0.0000000000
38502  -33.252  -42.895  67.424 0.0000000000
38609  -33.764  -42.474  61.107 0.0000000000
109901  -33.592  -42.388  63.282 0.0000000000
37742  -36.057  -44.379  63.560 0.0000000000
37724  -35.506  -43.864  64.121 0.0000000000
38557  -35.045  -43.278  64.691 0.0000000000
38543  -34.438  -42.848  65.352 0.0000000000
37690  -35.442  -43.393  67.144 0.0000000000
38504  -34.786  -43.079  66.729 0.0000000000
37689  -34.701  -43.241  67.615 0.0000000000
38487  -33.944  -43.062  67.713 0.0000000000
121218  -35.013  -43.539  68.462 0.0000000000
37657  -36.968  -44.470  69.094 0.0000000000
37656  -36.359  -44.040  69.215 0.0000000000
36886  -38.303  -45.495  67.896 0.0000000000
36876  -38.992  -45.961  67.926 0.0000000000
36923  -41.999  -45.159  63.630 0.0000000000
116819  -17.377  -46.899  67.143 0.0000000000
109130  -21.723  -46.615  66.897 0.0000000000
36043  -21.440  -46.283  66.002 0.0000000000
35161  -20.844  -46.510  66.782 0.0000000000
35160  -19.967  -46.431  66.774 0.0000000000
35159  -19.150  -46.377  66.744 0.0000000000
35125  -18.665  -46.839  68.026 0.0000000000
110747  -18.658  -46.932  70.127 0.0000000000
35090  -18.051  -46.947  70.570 0.0000000000
123212  -18.874  -46.849  70.955 0.0000000000
114448  -21.909  -46.938  72.441 0.0000000000
50829  -48.804  -28.398  65.937 0.0000000000
50978  -45.432  -28.535  50.666 0.0000000000
50962  -45.497  -28.736  51.475 0.0000000000
50979  -45.973  -28.368  51.120 0.0000000000
51819  -47.693  -27.733  52.364 0.0000000000
117440  -48.263  -27.553  53.103 0.0000000000
107599  -47.894  -27.764  54.047 0.0000000000
51803  -48.793  -27.338  53.783 0.0000000000
52768  -49.563  -26.920  51.202 0.0000000000
52767  -48.807  -27.187  50.958 0.0000000000
52747  -49.747  -26.922  52.106 0.0000000000
52699  -50.909  -26.769  54.259 0.0000000000
52698  -50.114  -26.859  53.884 0.0000000000
52682  -50.157  -26.937  54.804 0.0000000000
51795  -49.420  -27.119  54.366 0.0000000000
52665  -51.004  -26.963  56.132 0.0000000000
52667  -52.777  -26.708  56.403 0.0000000000
113006  -52.413  -26.867  57.141 0.0000000000
119148  -53.104  -26.688  57.309 0.0000000000
117593  -52.473  -23.233  49.250 0.0000000000
128820  -52.335  -23.731  49.370 0.0000000000
54548  -53.320  -24.275  50.377 0.0000000000
54523  -54.145  -25.098  51.702 0.0000000000
53666  -53.736  -25.744  52.140 0.0000000000
53650  -54.709  -25.651  53.120 0.0000000000
64198  -52.267  -13.807  46.306 0.0000000000
64199  -53.005  -13.273  46.135 0.0000000000
65095  -53.751  -12.766  45.939 0.0000000000
65102  -54.000  -12.771  45.376 0.0000000000
65103  -54.618  -12.331  45.581 0.0000000000
63377  -53.543  -14.737  43.778 0.0000000000
64219  -54.324  -13.280  44.422 0.0000000000
65113  -55.232  -12.193  44.715 0.0000000000
65114  -56.797  -11.974  44.151 0.0000000000
64231  -57.549  -13.101  43.537 0.0000000000
65123  -57.547  -12.178  43.824 0.0000000000
65979  -58.483  -11.845  43.886 0.0000000000
65980  -59.463  -11.787  43.881 0.0000000000
65124  -59.043  -12.318  43.429 0.0000000000
63403  -56.783  -14.905  41.605 0.0000000000
62567  -56.302  -15.227  42.210 0.0000000000
62560  -57.431  -15.199  42.770 0.0000000000
62554  -57.717  -14.868  43.111 0.0000000000
64243  -60.240  -13.779  42.762 0.0000000000
65126  -60.975  -12.248  43.633 0.0000000000
63406  -61.406  -14.709  41.076 0.0000000000
42172  -40.956  -38.872  58.896 0.0000000000
42184  -41.341  -38.167  58.522 0.0000000000
41269  -38.479  -39.561  58.182 0.0000000000
41260  -39.700  -39.758  59.090 0.0000000000
50032  -45.112  -29.569  54.479 0.0000000000
50918  -45.683  -28.996  53.996 0.0000000000
126068  -46.299  -28.578  53.522 0.0000000000
61623  -53.615  -16.718  47.432 0.0000000000
61600  -54.818  -16.376  48.534 0.0000000000
62497  -56.212  -15.220  49.540 0.0000000000
63310  -55.911  -14.589  48.762 0.0000000000
63311  -56.726  -14.387  49.535 0.0000000000
63329  -55.271  -13.430  47.599 0.0000000000
34237  -16.744  -47.353  67.204 0.0000000000
123322  -16.157  -47.942  68.483 0.0000000000
47175  -41.775  -32.138  58.379 0.0000000000
123066  -42.604  -32.134  59.412 0.0000000000
47158  -42.070  -31.703  59.092 0.0000000000
49973  -40.067  -30.068  56.966 0.0000000000
107917  -24.843  -47.046  72.781 0.0000000000
36860  -31.834  -44.146  69.274 0.0000000000
37639  -35.063  -44.111  70.138 0.0000000000
36083  -38.640  -46.022  64.348 0.0000000000
35182  -40.718  -46.767  65.575 0.0000000000
35095  -23.803  -46.927  70.079 0.0000000000
35074  -23.311  -47.000  71.617 0.0000000000
54565  -49.227  -24.446  48.387 0.0000000000
54554  -49.808  -24.957  48.936 0.0000000000
120788  -50.653  -24.749  49.061 0.0000000000
54546  -51.907  -24.954  49.878 0.0000000000
42113  -44.351  -38.875  63.031 0.0000000000
42147  -44.478  -37.972  61.823 0.0000000000
43938  -42.622  -36.301  58.382 0.0000000000
43932  -43.025  -36.577  58.972 0.0000000000
44727  -42.675  -35.430  58.242 0.0000000000
36020  -26.025  -46.184  68.012 0.0000000000
35133  -26.340  -46.341  68.637 0.0000000000
36033  -27.434  -45.580  67.509 0.0000000000
36892  -28.470  -44.848  66.674 0.0000000000
37697  -28.927  -44.320  66.097 0.0000000000
37685  -29.970  -44.058  67.109 0.0000000000
40331  -38.662  -41.229  59.976 0.0000000000
39446  -38.271  -41.872  60.376 0.0000000000
38614  -38.613  -42.940  61.363 0.0000000000
37774  -38.439  -43.805  61.785 0.0000000000
38595  -39.101  -43.171  61.833 0.0000000000
38597  -40.311  -42.902  62.517 0.0000000000
38598  -40.867  -42.295  62.779 0.0000000000
41242  -42.045  -39.965  60.939 0.0000000000
40326  -42.255  -40.214  61.749 0.0000000000
40315  -43.101  -40.041  62.959 0.0000000000
40301  -43.301  -40.298  63.803 0.0000000000
114155  -24.626  -45.849  65.988 0.0000000000
49929  -45.757  -29.751  61.873 0.0000000000
49921  -46.673  -29.580  62.348 0.0000000000
127616  -46.585  -29.775  61.462 0.0000000000
49930  -47.374  -29.648  61.442 0.0000000000
49931  -47.922  -29.519  60.599 0.0000000000
50899  -48.261  -28.698  57.567 0.0000000000
50890  -48.383  -28.854  58.418 0.0000000000
51754  -49.831  -28.337  59.207 0.0000000000
51755  -50.468  -27.912  58.943 0.0000000000
51769  -51.163  -27.416  57.921 0.0000000000
57919  -51.362  -20.551  47.574 0.0000000000
107370  -52.319  -21.220  48.471 0.0000000000
57903  -52.766  -20.668  48.632 0.0000000000
57895  -53.440  -20.731  49.193 0.0000000000
119645  -55.345  -19.081  50.444 0.0000000000
126962  -55.250  -19.813  50.464 0.0000000000
58772  -55.780  -19.621  50.973 0.0000000000
66777  -59.044  -10.711  46.338 0.0000000000
55432  -45.769  -23.741  47.366 0.0000000000
59724  -48.637  -18.186  46.794 0.0000000000
127367  -49.288  -15.862  46.464 0.0000000000
125106  -49.938  -16.100  46.624 0.0000000000
61621  -50.805  -16.074  46.758 0.0000000000
62528  -49.784  -15.475  46.338 0.0000000000
124794  -50.274  -15.045  46.288 0.0000000000
63340  -50.462  -14.733  46.039 0.0000000000
31375  -13.118  -50.452  68.624 0.0000000000
31374  -12.591  -50.528  69.261 0.0000000000
35025  -15.986  -47.344  73.927 0.0000000000
34168  -15.171  -47.581  74.312 0.0000000000
34175  -14.644  -48.073  73.876 0.0000000000
34164  -11.844  -48.447  75.840 0.0000000000
33246  -10.924  -49.430  73.566 0.0000000000
32243  -11.037  -49.542  72.640 0.0000000000
32242  -10.398  -49.735  72.810 0.0000000000
32241  -10.156  -49.984  72.874 0.0000000000
31359  -9.810  -50.514  72.265 0.0000000000
31355  -10.433  -50.235  74.030 0.0000000000
43031  -45.520  -36.774  63.009 0.0000000000
44689  -45.726  -35.359  63.344 0.0000000000
45482  -45.703  -34.521  63.330 0.0000000000
47123  -43.727  -31.903  61.452 0.0000000000
48008  -44.808  -31.073  63.344 0.0000000000
48939  -44.758  -30.488  63.044 0.0000000000
49910  -44.949  -30.070  63.011 0.0000000000
49909  -44.569  -30.276  62.542 0.0000000000
49960  -41.887  -29.907  58.192 0.0000000000
107846  -43.115  -30.102  56.642 0.0000000000
50029  -42.781  -30.454  54.336 0.0000000000
35100  -27.957  -46.458  70.726 0.0000000000
35976  -29.752  -46.100  72.509 0.0000000000
108943  -31.948  -45.686  73.141 0.0000000000
40283  -31.185  -41.308  64.230 0.0000000000
37740  -34.758  -43.405  62.920 0.0000000000
128727  -34.852  -42.971  66.038 0.0000000000
37674  -35.920  -43.737  68.509 0.0000000000
37676  -37.350  -44.654  68.690 0.0000000000
35128  -21.404  -46.837  68.115 0.0000000000
35127  -20.734  -46.842  68.093 0.0000000000
110244  -20.050  -46.849  68.072 0.0000000000
35109  -19.872  -46.919  69.415 0.0000000000
108841  -19.432  -46.923  70.176 0.0000000000
108202  -23.024  -46.907  73.769 0.0000000000
119051  -45.959  -27.698  49.723 0.0000000000
51852  -46.573  -28.065  51.230 0.0000000000
125741  -46.855  -27.795  50.636 0.0000000000
51839  -48.266  -27.508  51.577 0.0000000000
52749  -51.401  -26.624  52.367 0.0000000000
52748  -50.567  -26.772  52.289 0.0000000000
52668  -53.688  -26.483  56.816 0.0000000000
55408  -54.155  -23.249  50.457 0.0000000000
55395  -53.975  -23.919  50.713 0.0000000000
54537  -54.472  -24.338  51.299 0.0000000000
54524  -54.880  -24.756  52.026 0.0000000000
64217  -52.606  -13.926  45.179 0.0000000000
64229  -55.759  -13.011  43.886 0.0000000000
64230  -56.524  -13.557  43.639 0.0000000000
115904  -56.886  -13.747  40.367 0.0000000000
63404  -57.716  -15.037  41.636 0.0000000000
62569  -58.057  -15.293  42.263 0.0000000000
62561  -58.149  -15.095  42.716 0.0000000000
122282  -59.910  -14.633  42.596 0.0000000000
63428  -61.885  -13.925  39.823 0.0000000000
63417  -62.190  -14.335  40.422 0.0000000000
63418  -62.608  -14.444  39.837 0.0000000000
42160  -43.617  -38.153  60.551 0.0000000000
128432  -42.099  -36.695  58.144 0.0000000000
126338  -27.819  -44.223  65.040 0.0000000000
38537  -29.116  -43.459  64.993 0.0000000000
40352  -36.300  -40.444  58.124 0.0000000000
40354  -38.029  -40.176  58.649 0.0000000000
40342  -38.446  -40.691  59.368 0.0000000000
39448  -40.117  -41.111  60.840 0.0000000000
40334  -41.304  -40.319  60.621 0.0000000000
41253  -42.528  -39.327  60.505 0.0000000000
109737  -45.557  -29.901  57.963 0.0000000000
49965  -46.260  -29.836  58.630 0.0000000000
113277  -46.441  -29.718  57.972 0.0000000000
50897  -46.870  -29.146  56.832 0.0000000000
50904  -46.715  -28.923  56.007 0.0000000000
50898  -47.570  -28.907  57.218 0.0000000000
51776  -48.347  -28.148  56.322 0.0000000000
51784  -48.573  -27.789  55.589 0.0000000000
58799  -53.119  -19.315  48.459 0.0000000000
59702  -53.169  -18.603  48.036 0.0000000000
59691  -53.670  -18.759  48.802 0.0000000000
59692  -54.228  -18.439  49.267 0.0000000000
60613  -54.198  -17.755  48.882 0.0000000000
60605  -54.752  -17.925  49.594 0.0000000000
63318  -56.586  -13.750  48.997 0.0000000000
65086  -56.510  -12.071  47.637 0.0000000000
65097  -56.130  -11.816  46.847 0.0000000000
34236  -16.029  -47.863  66.745 0.0000000000
32270  -14.240  -49.526  70.074 0.0000000000
46257  -44.243  -33.681  60.575 0.0000000000
47141  -43.375  -32.124  60.721 0.0000000000
47122  -43.193  -31.343  61.104 0.0000000000
48021  -43.366  -30.780  61.299 0.0000000000
48963  -43.161  -30.307  60.763 0.0000000000
116050  -41.915  -30.063  58.860 0.0000000000
49992  -41.485  -29.958  56.707 0.0000000000
108545  -41.080  -30.303  55.278 0.0000000000
36845  -30.140  -45.348  69.954 0.0000000000
36004  -30.429  -45.478  70.751 0.0000000000
35979  -32.802  -45.490  73.007 0.0000000000
40284  -31.498  -41.084  63.550 0.0000000000
39411  -32.934  -41.891  63.876 0.0000000000
36953  -36.706  -44.781  63.044 0.0000000000
36941  -36.652  -44.859  63.932 0.0000000000
36903  -36.706  -44.774  64.901 0.0000000000
36894  -37.538  -44.896  66.604 0.0000000000
36885  -37.698  -44.785  67.576 0.0000000000
36036  -39.506  -46.532  67.835 0.0000000000
108179  -21.943  -46.777  67.699 0.0000000000
107852  -22.020  -46.879  68.574 0.0000000000
108839  -21.272  -46.939  70.143 0.0000000000
35093  -21.831  -46.985  70.856 0.0000000000
108850  -23.289  -46.960  73.084 0.0000000000
127614  -48.499  -26.999  50.261 0.0000000000
52788  -48.613  -26.576  49.650 0.0000000000
52780  -50.143  -26.618  50.611 0.0000000000
52769  -50.767  -26.512  50.918 0.0000000000
52770  -51.076  -26.589  51.578 0.0000000000
52750  -52.173  -26.408  52.472 0.0000000000
53665  -53.022  -26.172  52.619 0.0000000000
63388  -51.040  -14.787  42.819 0.0000000000
109006  -51.769  -15.036  43.523 0.0000000000
63389  -52.634  -15.066  43.051 0.0000000000
63415  -59.074  -14.792  40.926 0.0000000000
119814  -59.816  -14.611  40.486 0.0000000000
63427  -60.772  -14.125  40.014 0.0000000000
35089  -17.361  -47.229  70.279 0.0000000000
34188  -16.736  -47.572  70.939 0.0000000000
35011  -16.482  -46.816  74.407 0.0000000000
43030  -45.263  -37.596  63.106 0.0000000000
43909  -45.215  -36.638  62.198 0.0000000000
44705  -44.845  -35.404  61.199 0.0000000000
111375  -43.880  -37.297  60.292 0.0000000000
43925  -44.044  -36.389  60.104 0.0000000000
44713  -44.531  -35.160  60.582 0.0000000000
47159  -42.466  -32.557  58.774 0.0000000000
47174  -41.043  -31.733  58.020 0.0000000000
35097  -25.642  -46.908  70.589 0.0000000000
35098  -26.476  -46.751  70.221 0.0000000000
35116  -27.121  -46.438  69.716 0.0000000000
36001  -27.908  -46.264  70.043 0.0000000000
36034  -28.243  -45.450  67.883 0.0000000000
36014  -29.442  -45.600  69.704 0.0000000000
129020  -30.559  -44.975  69.483 0.0000000000
36859  -31.161  -44.620  69.434 0.0000000000
36873  -31.254  -44.201  68.859 0.0000000000
39444  -33.934  -42.132  59.765 0.0000000000
39458  -36.024  -41.930  59.499 0.0000000000
36954  -38.732  -44.520  62.326 0.0000000000
115240  -42.130  -44.086  63.615 0.0000000000
39374  -43.819  -41.961  65.196 0.0000000000
40270  -44.024  -41.147  65.139 0.0000000000
35177  -23.055  -46.200  65.826 0.0000000000
35163  -23.228  -46.476  66.588 0.0000000000
36045  -24.526  -46.152  66.646 0.0000000000
35147  -24.357  -46.500  67.422 0.0000000000
115985  -47.125  -28.838  65.310 0.0000000000
110759  -47.349  -29.110  63.211 0.0000000000
109575  -48.157  -28.722  63.595 0.0000000000
109794  -48.476  -28.272  64.410 0.0000000000
49953  -46.831  -29.770  59.230 0.0000000000
108636  -48.695  -29.079  60.950 0.0000000000
50882  -48.511  -28.970  59.274 0.0000000000
50874  -48.623  -29.067  60.099 0.0000000000
50867  -49.473  -28.613  61.421 0.0000000000
116569  -49.911  -28.113  62.194 0.0000000000
51744  -51.201  -27.551  60.146 0.0000000000
112217  -50.680  -22.528  48.042 0.0000000000
55420  -51.218  -23.092  48.502 0.0000000000
56238  -51.963  -22.766  48.804 0.0000000000
56232  -53.137  -22.961  49.594 0.0000000000
56215  -55.180  -22.985  51.190 0.0000000000
112138  -55.696  -23.139  51.624 0.0000000000
109980  -53.788  -20.004  49.333 0.0000000000
57888  -54.092  -20.616  49.722 0.0000000000
57889  -54.793  -20.383  50.188 0.0000000000
30538  -9.254  -51.446  69.688 0.0000000000
50977  -44.037  -29.308  50.654 0.0000000000
50945  -44.917  -29.156  51.888 0.0000000000
50993  -44.689  -28.728  50.260 0.0000000000
50994  -45.304  -28.150  49.836 0.0000000000
51870  -44.825  -27.825  49.277 0.0000000000
51871  -45.442  -27.529  49.263 0.0000000000
52786  -46.138  -27.198  49.276 0.0000000000
53710  -45.556  -26.055  48.248 0.0000000000
52801  -47.145  -26.379  48.935 0.0000000000
53712  -47.434  -25.659  48.526 0.0000000000
54563  -47.693  -24.941  48.232 0.0000000000
109989  -46.973  -24.003  47.631 0.0000000000
129314  -47.898  -24.340  47.988 0.0000000000
54564  -48.439  -24.738  48.313 0.0000000000
55417  -48.525  -23.990  47.957 0.0000000000
55436  -49.188  -22.814  47.614 0.0000000000
56250  -48.669  -22.399  47.363 0.0000000000
56237  -49.879  -22.717  47.805 0.0000000000
56252  -50.207  -21.881  47.553 0.0000000000
57045  -50.808  -21.204  47.556 0.0000000000
57917  -49.518  -20.540  47.035 0.0000000000
57918  -50.505  -20.392  47.207 0.0000000000
127712  -51.139  -19.892  47.247 0.0000000000
112657  -51.281  -19.154  47.134 0.0000000000
60645  -48.924  -17.250  46.799 0.0000000000
122824  -49.637  -18.098  46.741 0.0000000000
58814  -51.971  -18.911  47.351 0.0000000000
60637  -52.141  -17.499  46.957 0.0000000000
60638  -52.970  -17.283  47.210 0.0000000000
61622  -51.530  -16.091  46.816 0.0000000000
115996  -52.973  -16.255  47.056 0.0000000000
63327  -53.370  -14.324  47.071 0.0000000000
63341  -51.082  -14.443  46.145 0.0000000000
64197  -51.525  -14.145  45.932 0.0000000000
110067  -16.201  -47.921  70.573 0.0000000000
114414  -15.585  -48.454  70.679 0.0000000000
34182  -15.558  -48.046  72.642 0.0000000000
33279  -15.458  -48.455  71.495 0.0000000000
33289  -14.845  -48.968  70.382 0.0000000000
32259  -14.186  -49.355  70.962 0.0000000000
35008  -13.830  -47.253  75.439 0.0000000000
34174  -13.813  -48.264  74.195 0.0000000000
34165  -12.374  -48.290  75.338 0.0000000000
34173  -13.028  -48.442  74.520 0.0000000000
126967  -13.480  -49.124  72.716 0.0000000000
32258  -13.490  -49.538  71.416 0.0000000000
32269  -13.394  -49.782  70.570 0.0000000000
32268  -12.522  -49.984  70.538 0.0000000000
111942  -11.137  -50.357  70.534 0.0000000000
30534  -8.987  -51.415  70.495 0.0000000000
31362  -9.163  -51.356  70.992 0.0000000000
128852  -9.600  -50.901  71.876 0.0000000000
30526  -9.597  -51.218  72.295 0.0000000000
47971  -47.750  -31.849  67.406 0.0000000000
43006  -46.018  -37.608  65.903 0.0000000000
43890  -45.761  -36.348  64.299 0.0000000000
45487  -45.061  -34.159  61.931 0.0000000000
45478  -45.807  -34.314  64.103 0.0000000000
45473  -45.891  -34.240  64.973 0.0000000000
46220  -46.494  -33.301  66.335 0.0000000000
47086  -45.747  -31.694  64.835 0.0000000000
47988  -46.107  -31.649  65.582 0.0000000000
47989  -46.393  -30.992  65.852 0.0000000000
48909  -46.450  -30.057  65.653 0.0000000000
49897  -46.240  -29.373  64.747 0.0000000000
49920  -45.631  -29.655  62.749 0.0000000000
109452  -45.059  -29.828  62.829 0.0000000000
115134  -45.507  -29.906  60.285 0.0000000000
49937  -43.210  -29.954  60.636 0.0000000000
119416  -43.576  -29.817  60.255 0.0000000000
49962  -43.106  -29.822  58.808 0.0000000000
49950  -44.206  -29.868  59.559 0.0000000000
49964  -44.830  -29.957  58.769 0.0000000000
124427  -45.569  -29.929  58.853 0.0000000000
49993  -44.772  -29.928  56.704 0.0000000000
50031  -44.400  -29.900  55.050 0.0000000000
109322  -44.188  -29.827  53.163 0.0000000000
50077  -43.776  -29.865  51.781 0.0000000000
48101  -39.668  -31.115  57.101 0.0000000000
48995  -39.830  -30.542  57.161 0.0000000000
50006  -39.492  -29.986  55.804 0.0000000000
107591  -40.091  -29.947  56.374 0.0000000000
49041  -40.415  -30.494  54.127 0.0000000000
49042  -41.197  -30.552  54.387 0.0000000000
49054  -42.134  -30.587  52.972 0.0000000000
49083  -41.326  -30.612  51.677 0.0000000000
50063  -42.923  -30.378  52.653 0.0000000000
50076  -43.148  -30.227  51.914 0.0000000000
124168  -43.350  -29.967  51.391 0.0000000000
50101  -43.786  -29.720  51.215 0.0000000000
119849  -27.059  -46.850  72.098 0.0000000000
121112  -27.986  -46.638  72.128 0.0000000000
127310  -29.138  -42.902  64.336 0.0000000000
38538  -29.829  -42.848  65.128 0.0000000000
109910  -31.238  -42.758  66.744 0.0000000000
38518  -31.700  -42.519  66.600 0.0000000000
38500  -31.744  -42.917  67.331 0.0000000000
38485  -32.908  -43.151  68.144 0.0000000000
37672  -33.484  -43.462  68.670 0.0000000000
111664  -33.383  -42.243  61.789 0.0000000000
39426  -32.752  -41.769  62.293 0.0000000000
118363  -33.040  -41.962  63.041 0.0000000000
38574  -34.867  -43.391  63.800 0.0000000000
38573  -34.209  -42.919  63.524 0.0000000000
38542  -33.601  -42.462  65.727 0.0000000000
36862  -35.959  -44.118  69.833 0.0000000000
36874  -37.771  -44.950  68.311 0.0000000000
129567  -37.719  -45.133  68.722 0.0000000000
35158  -18.406  -46.424  66.713 0.0000000000
111701  -18.013  -46.771  67.457 0.0000000000
35124  -17.893  -46.955  68.493 0.0000000000
128904  -17.584  -47.119  69.050 0.0000000000
35068  -18.096  -46.888  71.430 0.0000000000
35031  -21.765  -46.783  73.823 0.0000000000
50946  -45.587  -28.839  52.304 0.0000000000
127123  -46.672  -28.307  53.210 0.0000000000
51838  -46.842  -28.029  52.066 0.0000000000
51818  -46.990  -28.007  52.896 0.0000000000
120579  -46.992  -28.151  53.709 0.0000000000
52721  -49.096  -27.155  52.830 0.0000000000
52722  -49.957  -26.849  52.997 0.0000000000
51785  -49.438  -27.385  55.346 0.0000000000
122131  -49.773  -27.433  55.966 0.0000000000
51778  -50.178  -27.431  56.553 0.0000000000
52648  -51.821  -27.078  57.514 0.0000000000
52666  -51.817  -26.912  56.640 0.0000000000
54557  -52.175  -24.218  49.548 0.0000000000
54535  -53.025  -25.024  50.775 0.0000000000
107265  -53.098  -25.858  51.875 0.0000000000
107900  -53.905  -26.144  54.026 0.0000000000
52686  -53.598  -26.395  55.220 0.0000000000
64188  -53.838  -13.682  47.046 0.0000000000
65084  -54.476  -13.178  47.039 0.0000000000
124365  -55.290  -12.070  46.436 0.0000000000
65953  -55.912  -11.732  46.122 0.0000000000
63367  -52.839  -14.504  44.379 0.0000000000
64227  -54.107  -14.106  44.019 0.0000000000
65112  -54.528  -12.677  44.843 0.0000000000
65964  -56.180  -11.629  45.532 0.0000000000
65965  -56.847  -11.484  45.268 0.0000000000
65966  -57.777  -11.274  45.056 0.0000000000
124201  -58.923  -10.895  45.399 0.0000000000
65115  -57.673  -11.714  44.272 0.0000000000
65973  -58.523  -11.359  44.521 0.0000000000
66790  -59.259  -11.147  44.741 0.0000000000
65974  -59.899  -11.336  44.575 0.0000000000
62558  -55.756  -15.346  42.793 0.0000000000
62553  -56.891  -15.020  43.199 0.0000000000
64232  -58.619  -13.132  43.280 0.0000000000
63391  -58.444  -14.777  42.928 0.0000000000
65125  -60.014  -12.249  43.436 0.0000000000
32232  -10.590  -49.674  73.392 0.0000000000
48977  -41.935  -30.628  59.198 0.0000000000
50841  -46.520  -29.079  64.921 0.0000000000
50947  -46.336  -28.473  52.710 0.0000000000
51783  -47.912  -28.120  55.771 0.0000000000
52789  -49.251  -26.291  49.602 0.0000000000
53701  -51.162  -25.295  49.638 0.0000000000
55413  -52.812  -23.790  49.755 0.0000000000
56251  -49.393  -22.182  47.446 0.0000000000
62570  -59.704  -15.291  41.911 0.0000000000
63354  -50.779  -14.559  45.767 0.0000000000
65954  -56.695  -11.503  46.206 0.0000000000
116146  -57.398  -11.225  45.807 0.0000000000
116761  -15.682  -48.204  71.958 0.0000000000
119858  -12.284  -49.079  73.653 0.0000000000
125197  -48.105  -29.368  61.387 0.0000000000
128501  -43.032  -30.124  60.498 0.0000000000
