#!ascii label  , from subject sub-v1s0x0050647_ses-1 vox2ras=TkReg
1018
36038  -12.081  -45.487  66.197 0.0000000000
43041  -37.760  -36.870  61.165 0.0000000000
48975  -34.944  -30.527  59.860 0.0000000000
42978  -31.424  -36.853  67.945 0.0000000000
57879  -40.200  -20.231  50.524 0.0000000000
53662  -37.223  -25.219  52.234 0.0000000000
42993  -39.576  -36.493  66.945 0.0000000000
42097  -35.854  -37.583  64.511 0.0000000000
60604  -47.138  -17.892  51.309 0.0000000000
65050  -49.394  -12.450  51.790 0.0000000000
68381  -49.752  -8.662  50.665 0.0000000000
108670  -38.524  -26.147  61.181 0.0000000000
126434  -34.682  -26.722  56.773 0.0000000000
53580  -40.291  -24.586  56.966 0.0000000000
53647  -43.771  -24.161  53.473 0.0000000000
39367  -24.649  -41.057  65.513 0.0000000000
33317  -9.702  -46.555  67.255 0.0000000000
46253  -37.826  -34.325  60.787 0.0000000000
49893  -37.809  -29.260  64.890 0.0000000000
43010  -26.511  -37.607  64.266 0.0000000000
110355  -30.656  -35.777  61.461 0.0000000000
66787  -47.717  -10.630  44.554 0.0000000000
68401  -52.164  -7.746  47.603 0.0000000000
54541  -39.158  -23.949  50.688 0.0000000000
57016  -46.138  -21.629  51.576 0.0000000000
38550  -14.715  -42.587  64.545 0.0000000000
30571  -9.278  -51.939  63.432 0.0000000000
109434  -48.314  -15.207  51.110 0.0000000000
53562  -39.269  -25.138  58.762 0.0000000000
38569  -24.023  -41.746  63.043 0.0000000000
34235  -10.843  -45.995  67.585 0.0000000000
44725  -37.873  -35.825  57.878 0.0000000000
44710  -38.402  -35.759  60.910 0.0000000000
43866  -28.807  -36.597  66.311 0.0000000000
44684  -28.413  -35.687  63.368 0.0000000000
120200  -30.946  -35.649  65.304 0.0000000000
41227  -37.046  -37.725  62.903 0.0000000000
42140  -35.203  -37.166  61.744 0.0000000000
42155  -36.383  -37.831  60.231 0.0000000000
42048  -30.086  -38.034  68.945 0.0000000000
42068  -27.285  -38.516  66.730 0.0000000000
64177  -43.843  -13.123  48.527 0.0000000000
66782  -47.020  -10.922  45.787 0.0000000000
69248  -50.749  -7.821  49.509 0.0000000000
53641  -35.793  -25.587  53.826 0.0000000000
120708  -38.749  -24.592  51.752 0.0000000000
54533  -45.034  -23.408  51.969 0.0000000000
107458  -20.393  -40.420  64.756 0.0000000000
39362  -18.536  -40.614  66.123 0.0000000000
38507  -16.219  -41.629  66.605 0.0000000000
39380  -16.000  -41.588  63.610 0.0000000000
120698  -10.650  -51.205  63.508 0.0000000000
42111  -38.488  -36.992  63.774 0.0000000000
44696  -39.437  -35.312  63.215 0.0000000000
44673  -40.104  -35.460  65.632 0.0000000000
112691  -34.033  -37.254  69.175 0.0000000000
42071  -34.144  -36.703  66.632 0.0000000000
41166  -36.567  -37.537  67.593 0.0000000000
41187  -37.927  -37.478  65.593 0.0000000000
117023  -44.131  -19.045  51.080 0.0000000000
115589  -44.679  -16.487  50.899 0.0000000000
64163  -45.686  -13.606  50.977 0.0000000000
65926  -46.424  -11.577  50.381 0.0000000000
66763  -47.783  -10.063  48.717 0.0000000000
66743  -49.525  -10.872  51.758 0.0000000000
50872  -35.610  -28.152  61.018 0.0000000000
50887  -34.183  -28.646  58.340 0.0000000000
123073  -36.467  -26.443  59.018 0.0000000000
53592  -37.199  -25.059  56.612 0.0000000000
127932  -39.203  -24.440  54.695 0.0000000000
52717  -40.452  -24.585  53.652 0.0000000000
52679  -42.055  -24.594  55.357 0.0000000000
123567  -23.787  -41.521  66.352 0.0000000000
39386  -22.560  -41.213  64.163 0.0000000000
68416  -52.265  -8.111  43.696 0.0000000000
33330  -8.949  -46.861  66.376 0.0000000000
45509  -37.463  -34.584  58.227 0.0000000000
48069  -36.183  -32.767  60.665 0.0000000000
46238  -38.832  -34.241  62.765 0.0000000000
116926  -37.457  -32.343  63.007 0.0000000000
48951  -35.955  -30.514  62.697 0.0000000000
51686  -37.305  -27.511  63.299 0.0000000000
121549  -33.804  -36.450  62.967 0.0000000000
40258  -25.927  -40.323  67.482 0.0000000000
41195  -25.793  -39.540  64.871 0.0000000000
67575  -48.735  -9.412  47.432 0.0000000000
67577  -50.021  -8.757  46.554 0.0000000000
67588  -51.007  -8.550  44.762 0.0000000000
110053  -53.429  -7.376  46.785 0.0000000000
35191  -13.352  -46.059  63.602 0.0000000000
34275  -11.815  -47.490  64.280 0.0000000000
125369  -39.377  -22.180  50.328 0.0000000000
53673  -41.650  -24.499  52.159 0.0000000000
108873  -42.833  -22.584  51.480 0.0000000000
108798  -42.823  -21.045  51.397 0.0000000000
58783  -46.349  -19.640  51.463 0.0000000000
36898  -13.655  -43.858  65.788 0.0000000000
33363  -10.052  -47.977  64.955 0.0000000000
32336  -9.213  -48.725  64.588 0.0000000000
32334  -8.702  -48.560  64.236 0.0000000000
35154  -11.496  -45.763  66.923 0.0000000000
43063  -37.570  -37.460  59.297 0.0000000000
43930  -38.202  -36.395  59.643 0.0000000000
43931  -38.179  -36.399  60.436 0.0000000000
42989  -30.403  -36.406  67.058 0.0000000000
43875  -30.180  -35.870  65.975 0.0000000000
43867  -31.061  -35.954  66.414 0.0000000000
41241  -37.170  -37.419  62.334 0.0000000000
42141  -36.681  -37.523  61.169 0.0000000000
42156  -37.120  -37.616  60.547 0.0000000000
42170  -36.327  -38.017  59.400 0.0000000000
42050  -31.933  -37.325  69.295 0.0000000000
41151  -31.356  -37.903  69.939 0.0000000000
42057  -30.726  -37.391  68.477 0.0000000000
42975  -28.948  -37.494  67.443 0.0000000000
65961  -46.166  -11.543  46.014 0.0000000000
48083  -34.775  -32.106  58.901 0.0000000000
48983  -34.555  -31.057  59.105 0.0000000000
53642  -36.431  -25.330  53.339 0.0000000000
111411  -35.833  -26.169  52.238 0.0000000000
52740  -38.408  -24.738  52.138 0.0000000000
40291  -19.128  -40.402  63.591 0.0000000000
113366  -19.187  -40.434  65.684 0.0000000000
40277  -18.359  -40.359  64.139 0.0000000000
39381  -17.537  -40.621  64.563 0.0000000000
39401  -17.499  -41.028  63.190 0.0000000000
42087  -39.065  -36.801  65.481 0.0000000000
43015  -39.572  -36.192  64.689 0.0000000000
42994  -39.774  -36.128  66.476 0.0000000000
41143  -35.434  -37.476  69.547 0.0000000000
108812  -35.556  -37.361  68.090 0.0000000000
115922  -36.350  -37.515  68.893 0.0000000000
42062  -39.074  -37.092  67.704 0.0000000000
41169  -38.115  -37.431  66.970 0.0000000000
112571  -38.738  -37.117  65.893 0.0000000000
41200  -38.131  -37.391  64.682 0.0000000000
59680  -45.464  -18.411  51.050 0.0000000000
114485  -43.866  -17.315  50.818 0.0000000000
113876  -45.752  -16.881  51.011 0.0000000000
64155  -48.812  -13.551  51.478 0.0000000000
63288  -47.560  -14.467  51.226 0.0000000000
65048  -47.847  -13.007  51.351 0.0000000000
65058  -46.170  -12.300  50.806 0.0000000000
65060  -47.929  -12.075  51.277 0.0000000000
65928  -48.003  -11.264  51.083 0.0000000000
65922  -49.462  -11.710  51.807 0.0000000000
51727  -36.845  -27.042  60.895 0.0000000000
129840  -36.039  -27.247  60.055 0.0000000000
52620  -37.481  -26.240  59.771 0.0000000000
114790  -39.745  -24.899  57.955 0.0000000000
53578  -38.229  -25.102  57.827 0.0000000000
53579  -39.079  -24.785  57.168 0.0000000000
122836  -37.981  -24.632  55.866 0.0000000000
53594  -39.579  -24.599  56.107 0.0000000000
53610  -40.601  -24.513  55.072 0.0000000000
53611  -41.239  -24.577  55.583 0.0000000000
39351  -24.919  -41.192  66.403 0.0000000000
38514  -24.244  -41.589  66.557 0.0000000000
38536  -24.457  -41.378  66.022 0.0000000000
38567  -23.010  -41.590  63.742 0.0000000000
69269  -53.484  -7.530  44.079 0.0000000000
69270  -54.218  -7.255  44.068 0.0000000000
33331  -9.221  -46.724  66.908 0.0000000000
45500  -37.971  -35.071  59.476 0.0000000000
44734  -37.708  -35.170  57.967 0.0000000000
46280  -37.539  -34.599  59.094 0.0000000000
47173  -36.577  -33.663  59.270 0.0000000000
47157  -37.274  -33.932  60.463 0.0000000000
45476  -39.629  -34.619  64.302 0.0000000000
45486  -39.322  -35.081  62.744 0.0000000000
120959  -39.429  -34.045  64.361 0.0000000000
115539  -37.755  -30.179  64.820 0.0000000000
111246  -37.818  -31.613  64.222 0.0000000000
48937  -37.497  -30.795  64.298 0.0000000000
48952  -36.525  -31.003  63.094 0.0000000000
49907  -36.658  -29.359  63.890 0.0000000000
49906  -36.192  -28.864  63.225 0.0000000000
50849  -36.832  -28.313  63.708 0.0000000000
44686  -30.028  -35.385  62.878 0.0000000000
123826  -34.923  -37.007  64.689 0.0000000000
128783  -33.812  -36.247  65.007 0.0000000000
42095  -34.790  -36.901  63.960 0.0000000000
43040  -33.658  -36.888  61.331 0.0000000000
40255  -26.920  -40.016  68.681 0.0000000000
42081  -26.767  -38.009  65.233 0.0000000000
41183  -26.291  -38.974  65.313 0.0000000000
42094  -26.230  -38.361  64.461 0.0000000000
41205  -25.656  -39.658  62.713 0.0000000000
67568  -48.890  -9.288  49.808 0.0000000000
66764  -47.997  -9.865  47.759 0.0000000000
118640  -49.050  -9.152  48.964 0.0000000000
69255  -51.427  -7.610  48.921 0.0000000000
107569  -50.839  -8.380  47.837 0.0000000000
68400  -51.490  -8.156  47.174 0.0000000000
67583  -51.035  -8.460  45.567 0.0000000000
68404  -51.903  -8.053  46.385 0.0000000000
68408  -52.216  -7.974  45.699 0.0000000000
126093  -52.790  -7.569  47.197 0.0000000000
51766  -34.211  -27.484  57.216 0.0000000000
50895  -33.367  -28.958  56.940 0.0000000000
109844  -38.949  -23.079  49.126 0.0000000000
110307  -39.554  -23.283  50.854 0.0000000000
52744  -41.654  -24.644  53.159 0.0000000000
52765  -41.042  -24.488  52.559 0.0000000000
123749  -42.224  -24.637  52.576 0.0000000000
55406  -45.598  -22.665  51.745 0.0000000000
55405  -44.306  -23.180  51.560 0.0000000000
108757  -44.284  -22.596  51.488 0.0000000000
57013  -43.276  -21.844  51.468 0.0000000000
108796  -44.896  -21.013  51.460 0.0000000000
57884  -45.184  -20.382  51.404 0.0000000000
109094  -45.824  -20.969  51.455 0.0000000000
38506  -15.379  -41.992  66.101 0.0000000000
37696  -14.879  -42.646  66.674 0.0000000000
36889  -13.707  -43.823  66.830 0.0000000000
37709  -14.157  -43.252  65.124 0.0000000000
36913  -13.898  -44.438  63.941 0.0000000000
37721  -14.319  -43.521  64.029 0.0000000000
33391  -12.300  -48.722  63.473 0.0000000000
34274  -11.444  -47.964  64.344 0.0000000000
32375  -11.291  -49.395  63.633 0.0000000000
31409  -9.702  -51.204  63.429 0.0000000000
32357  -9.709  -49.647  64.072 0.0000000000
31399  -9.219  -50.422  63.637 0.0000000000
32335  -8.849  -48.488  64.496 0.0000000000
32355  -8.628  -49.295  63.949 0.0000000000
41145  -37.736  -37.495  69.189 0.0000000000
61581  -49.501  -16.318  51.560 0.0000000000
111884  -48.032  -16.092  51.119 0.0000000000
62473  -49.788  -15.528  51.563 0.0000000000
52622  -38.899  -25.690  60.351 0.0000000000
39407  -24.816  -41.079  63.488 0.0000000000
39387  -24.344  -41.445  63.835 0.0000000000
34220  -10.431  -46.028  67.989 0.0000000000
34233  -10.009  -46.367  67.600 0.0000000000
43936  -37.738  -36.523  57.992 0.0000000000
44717  -38.175  -35.735  59.597 0.0000000000
45496  -38.356  -35.304  60.867 0.0000000000
51659  -38.548  -27.671  65.262 0.0000000000
43872  -27.697  -36.692  65.238 0.0000000000
43894  -27.332  -36.441  63.668 0.0000000000
43885  -28.852  -35.797  64.925 0.0000000000
44678  -29.971  -35.416  63.847 0.0000000000
43896  -30.822  -35.435  63.525 0.0000000000
41209  -36.199  -37.746  63.301 0.0000000000
42126  -35.720  -37.470  62.937 0.0000000000
41225  -36.154  -37.632  62.656 0.0000000000
41238  -35.732  -37.340  61.430 0.0000000000
42180  -34.672  -37.706  58.607 0.0000000000
41137  -29.434  -38.846  70.087 0.0000000000
41162  -27.448  -39.384  68.302 0.0000000000
42055  -28.752  -38.246  68.002 0.0000000000
42986  -27.743  -37.718  66.420 0.0000000000
64176  -43.387  -13.650  48.916 0.0000000000
65963  -47.225  -10.990  45.075 0.0000000000
69236  -51.188  -7.649  51.538 0.0000000000
68388  -50.168  -8.203  50.109 0.0000000000
52676  -35.068  -25.963  55.272 0.0000000000
52777  -37.793  -25.881  50.153 0.0000000000
117694  -39.040  -24.308  51.087 0.0000000000
53648  -44.736  -23.618  53.482 0.0000000000
53664  -43.687  -24.132  52.534 0.0000000000
54522  -45.939  -22.840  52.815 0.0000000000
39364  -21.547  -40.759  65.840 0.0000000000
39350  -20.728  -40.603  66.316 0.0000000000
39341  -18.071  -40.860  67.499 0.0000000000
39346  -16.881  -41.142  66.082 0.0000000000
39345  -15.975  -41.422  65.540 0.0000000000
38551  -15.326  -41.986  64.086 0.0000000000
38564  -15.022  -42.783  63.657 0.0000000000
38566  -16.221  -42.197  63.064 0.0000000000
42144  -37.987  -36.782  62.144 0.0000000000
43043  -38.652  -36.185  62.022 0.0000000000
111010  -39.040  -36.296  63.377 0.0000000000
44688  -39.735  -35.436  64.376 0.0000000000
42059  -32.590  -36.786  68.477 0.0000000000
42991  -32.679  -36.404  67.080 0.0000000000
128685  -33.914  -36.772  67.379 0.0000000000
41174  -35.471  -37.373  66.865 0.0000000000
117681  -36.380  -37.597  65.839 0.0000000000
41167  -37.163  -37.556  67.555 0.0000000000
41176  -37.286  -37.574  66.628 0.0000000000
41185  -36.885  -37.693  65.286 0.0000000000
110286  -37.559  -37.703  64.123 0.0000000000
41228  -37.511  -37.544  63.157 0.0000000000
109175  -32.994  -37.317  69.875 0.0000000000
58779  -42.184  -19.254  51.188 0.0000000000
59675  -40.659  -18.736  50.294 0.0000000000
59677  -42.455  -18.360  50.977 0.0000000000
115086  -42.948  -16.804  50.709 0.0000000000
62483  -43.187  -15.380  50.415 0.0000000000
61578  -46.441  -15.713  51.167 0.0000000000
63299  -44.979  -14.703  50.972 0.0000000000
63298  -44.360  -14.084  50.531 0.0000000000
65056  -44.931  -12.794  50.179 0.0000000000
65064  -44.938  -12.087  48.994 0.0000000000
65934  -45.494  -11.534  48.724 0.0000000000
65943  -46.038  -11.079  47.518 0.0000000000
66753  -46.636  -10.740  49.124 0.0000000000
67567  -47.864  -10.145  49.843 0.0000000000
67557  -49.655  -9.925  51.674 0.0000000000
65923  -50.236  -11.518  52.101 0.0000000000
120917  -51.247  -9.105  52.366 0.0000000000
127110  -35.175  -29.244  60.411 0.0000000000
49945  -34.510  -30.006  59.143 0.0000000000
51740  -35.172  -27.875  59.552 0.0000000000
51753  -35.092  -27.408  58.759 0.0000000000
52644  -35.763  -26.318  57.751 0.0000000000
52632  -37.955  -25.751  59.196 0.0000000000
52645  -36.455  -25.877  57.675 0.0000000000
52660  -35.947  -25.873  57.053 0.0000000000
53606  -36.459  -25.027  55.309 0.0000000000
53607  -37.429  -24.624  55.030 0.0000000000
53644  -38.532  -24.557  53.376 0.0000000000
52715  -38.997  -24.632  53.011 0.0000000000
52693  -40.056  -24.572  53.904 0.0000000000
52695  -41.201  -24.599  54.323 0.0000000000
52720  -42.208  -24.638  54.156 0.0000000000
52681  -43.336  -24.555  55.596 0.0000000000
53629  -44.419  -23.940  54.392 0.0000000000
129096  -23.374  -41.409  66.252 0.0000000000
110138  -23.874  -41.441  64.929 0.0000000000
38552  -23.033  -41.360  64.808 0.0000000000
39365  -22.276  -40.987  65.128 0.0000000000
39385  -21.799  -40.934  63.965 0.0000000000
47155  -36.114  -32.976  59.796 0.0000000000
48068  -35.636  -32.180  60.233 0.0000000000
125364  -38.943  -35.560  61.963 0.0000000000
45491  -38.747  -35.082  61.701 0.0000000000
46245  -38.073  -34.014  61.586 0.0000000000
47104  -37.867  -33.016  62.802 0.0000000000
47120  -37.641  -33.400  62.059 0.0000000000
109801  -36.744  -32.498  62.151 0.0000000000
48970  -35.868  -31.615  61.796 0.0000000000
48969  -35.490  -30.868  61.260 0.0000000000
50865  -35.519  -28.910  61.568 0.0000000000
51697  -36.459  -27.727  62.198 0.0000000000
122698  -37.631  -26.936  61.998 0.0000000000
52552  -38.556  -26.732  63.974 0.0000000000
52571  -38.624  -26.556  63.212 0.0000000000
43002  -32.934  -36.112  66.213 0.0000000000
43888  -32.760  -35.826  64.442 0.0000000000
43898  -32.471  -35.950  62.772 0.0000000000
42107  -34.574  -36.743  63.038 0.0000000000
43039  -32.791  -36.659  61.412 0.0000000000
39342  -25.579  -40.894  67.726 0.0000000000
39352  -25.409  -40.821  66.900 0.0000000000
41161  -27.120  -39.205  67.434 0.0000000000
113926  -25.839  -39.841  65.705 0.0000000000
40280  -25.334  -40.170  64.949 0.0000000000
40294  -25.226  -40.403  63.103 0.0000000000
66769  -47.429  -10.228  47.202 0.0000000000
66775  -47.545  -10.283  46.343 0.0000000000
66776  -48.228  -9.781  46.017 0.0000000000
68394  -49.773  -8.758  48.658 0.0000000000
67576  -49.587  -8.950  47.056 0.0000000000
67585  -48.950  -9.437  45.672 0.0000000000
67590  -49.663  -9.215  44.608 0.0000000000
67591  -50.347  -8.917  44.314 0.0000000000
67596  -51.070  -8.769  43.144 0.0000000000
68411  -51.665  -8.325  44.305 0.0000000000
68409  -52.839  -7.702  45.485 0.0000000000
36053  -12.487  -45.500  65.120 0.0000000000
35172  -11.993  -46.119  65.114 0.0000000000
109297  -12.237  -46.882  64.166 0.0000000000
121371  -33.767  -29.948  57.823 0.0000000000
57011  -40.004  -20.979  50.714 0.0000000000
52741  -39.429  -24.552  52.734 0.0000000000
53672  -40.644  -24.307  52.066 0.0000000000
53684  -41.089  -24.048  51.860 0.0000000000
54531  -43.495  -24.014  51.881 0.0000000000
54544  -42.549  -23.747  51.593 0.0000000000
55401  -40.522  -23.210  51.413 0.0000000000
56221  -41.041  -22.193  51.412 0.0000000000
57012  -40.922  -21.378  51.301 0.0000000000
57881  -42.303  -20.143  51.319 0.0000000000
58780  -43.814  -19.745  51.215 0.0000000000
117022  -44.995  -19.077  51.145 0.0000000000
59681  -46.317  -18.636  51.268 0.0000000000
36029  -12.560  -44.738  67.728 0.0000000000
36879  -13.142  -44.338  67.308 0.0000000000
36054  -12.710  -44.962  65.862 0.0000000000
128753  -12.982  -45.067  65.053 0.0000000000
128859  -13.583  -45.228  63.765 0.0000000000
123344  -11.101  -46.580  65.871 0.0000000000
33349  -10.362  -47.357  65.601 0.0000000000
33348  -9.851  -47.217  65.973 0.0000000000
32374  -10.742  -49.868  63.579 0.0000000000
32337  -9.738  -48.754  64.629 0.0000000000
33347  -9.393  -47.246  65.937 0.0000000000
126433  -8.909  -47.681  65.042 0.0000000000
109488  -8.769  -47.270  65.411 0.0000000000
30570  -8.254  -52.069  63.150 0.0000000000
31397  -8.271  -50.076  63.379 0.0000000000
35155  -12.010  -45.253  67.285 0.0000000000
43054  -37.745  -37.125  60.492 0.0000000000
43064  -37.997  -36.993  59.938 0.0000000000
43055  -38.040  -36.630  60.739 0.0000000000
42977  -30.526  -36.934  67.762 0.0000000000
42990  -31.257  -36.411  67.293 0.0000000000
42143  -37.464  -37.117  61.712 0.0000000000
42142  -37.069  -37.383  61.386 0.0000000000
42157  -37.468  -37.305  60.766 0.0000000000
43053  -37.589  -37.501  60.138 0.0000000000
42058  -31.653  -37.102  68.597 0.0000000000
42049  -31.007  -37.673  69.234 0.0000000000
65951  -45.716  -11.553  46.921 0.0000000000
48067  -35.090  -31.601  59.733 0.0000000000
53643  -37.368  -24.861  53.148 0.0000000000
53661  -36.533  -25.540  52.563 0.0000000000
52739  -37.517  -25.326  51.663 0.0000000000
53663  -38.070  -24.792  52.552 0.0000000000
40305  -19.085  -40.771  62.851 0.0000000000
39402  -18.306  -40.654  63.288 0.0000000000
40276  -17.642  -40.625  63.761 0.0000000000
43004  -39.460  -36.466  65.975 0.0000000000
119541  -36.309  -37.525  69.783 0.0000000000
124534  -35.768  -37.437  68.639 0.0000000000
42063  -39.398  -36.831  67.331 0.0000000000
42074  -38.944  -37.155  66.800 0.0000000000
42075  -39.223  -36.821  66.406 0.0000000000
127444  -35.456  -37.524  70.363 0.0000000000
60603  -46.090  -17.736  51.036 0.0000000000
61591  -46.697  -17.038  51.034 0.0000000000
109701  -49.324  -13.075  51.718 0.0000000000
65049  -48.688  -12.673  51.533 0.0000000000
65059  -47.051  -12.210  51.096 0.0000000000
65921  -48.705  -11.893  51.504 0.0000000000
116319  -37.679  -26.685  61.218 0.0000000000
129043  -37.339  -26.601  60.463 0.0000000000
52605  -38.009  -26.174  60.485 0.0000000000
107841  -40.483  -24.550  55.843 0.0000000000
53595  -41.162  -24.578  56.488 0.0000000000
69265  -53.780  -7.396  44.693 0.0000000000
34219  -9.752  -46.215  67.873 0.0000000000
33316  -9.401  -46.399  67.525 0.0000000000
33315  -9.093  -46.086  67.909 0.0000000000
33332  -9.351  -46.808  66.758 0.0000000000
45495  -38.103  -34.899  60.342 0.0000000000
46266  -37.688  -34.505  59.936 0.0000000000
109783  -39.284  -33.466  64.911 0.0000000000
49908  -37.258  -29.797  64.400 0.0000000000
48936  -36.848  -30.452  63.795 0.0000000000
49892  -37.272  -28.760  64.356 0.0000000000
42106  -26.156  -38.237  63.012 0.0000000000
43019  -26.504  -37.494  63.399 0.0000000000
42084  -35.366  -37.306  65.198 0.0000000000
42096  -35.361  -37.283  64.228 0.0000000000
109378  -26.154  -38.011  63.745 0.0000000000
42093  -25.926  -38.675  63.765 0.0000000000
66788  -48.404  -10.011  44.303 0.0000000000
68387  -49.527  -8.768  49.718 0.0000000000
107206  -52.138  -7.485  48.380 0.0000000000
68396  -51.504  -7.946  48.063 0.0000000000
128815  -52.201  -7.849  46.940 0.0000000000
69259  -52.808  -7.362  47.938 0.0000000000
51765  -33.602  -28.099  56.645 0.0000000000
51775  -34.016  -27.310  56.253 0.0000000000
53696  -38.410  -24.559  50.313 0.0000000000
54553  -38.497  -24.273  49.521 0.0000000000
110811  -38.827  -23.520  49.841 0.0000000000
52745  -42.228  -24.665  53.346 0.0000000000
108016  -42.948  -24.527  52.921 0.0000000000
56224  -45.550  -22.168  51.616 0.0000000000
107406  -44.957  -22.707  51.562 0.0000000000
107581  -44.832  -22.117  51.524 0.0000000000
57014  -44.644  -21.568  51.492 0.0000000000
57015  -45.324  -21.575  51.514 0.0000000000
38530  -15.234  -41.875  65.038 0.0000000000
38529  -14.699  -42.530  65.612 0.0000000000
109906  -14.228  -43.223  66.220 0.0000000000
127681  -11.855  -49.259  63.476 0.0000000000
120797  -8.710  -51.057  63.288 0.0000000000
31398  -8.581  -50.080  63.668 0.0000000000
53529  -39.914  -25.324  60.530 0.0000000000
39406  -24.508  -41.439  62.777 0.0000000000
34221  -10.964  -45.717  68.357 0.0000000000
34234  -10.361  -46.438  67.115 0.0000000000
43072  -37.336  -37.229  58.318 0.0000000000
121483  -38.263  -36.038  60.281 0.0000000000
45501  -38.178  -35.330  60.089 0.0000000000
120482  -28.076  -36.118  64.740 0.0000000000
43873  -28.435  -36.309  65.543 0.0000000000
43886  -29.861  -35.578  64.946 0.0000000000
121418  -30.677  -35.477  64.413 0.0000000000
43887  -31.659  -35.594  64.316 0.0000000000
126525  -36.962  -37.868  63.382 0.0000000000
41226  -36.577  -37.746  62.853 0.0000000000
41250  -36.116  -37.481  60.936 0.0000000000
42154  -35.275  -37.469  60.637 0.0000000000
113792  -35.625  -37.712  60.240 0.0000000000
42169  -35.567  -37.942  59.514 0.0000000000
42181  -35.765  -37.768  58.665 0.0000000000
41150  -30.347  -38.326  69.808 0.0000000000
111112  -30.890  -38.296  70.420 0.0000000000
41149  -29.352  -38.581  69.341 0.0000000000
41148  -28.407  -38.841  68.736 0.0000000000
42047  -29.270  -38.288  68.654 0.0000000000
113513  -29.090  -36.893  66.935 0.0000000000
42987  -28.448  -37.280  66.752 0.0000000000
43000  -28.103  -37.018  65.981 0.0000000000
53623  -35.755  -25.433  54.761 0.0000000000
52675  -34.312  -26.515  54.793 0.0000000000
52692  -35.036  -26.025  54.292 0.0000000000
52763  -37.775  -25.428  51.018 0.0000000000
52778  -38.014  -25.113  50.838 0.0000000000
53682  -38.535  -24.676  51.013 0.0000000000
54506  -46.007  -22.919  53.761 0.0000000000
54505  -45.454  -23.221  53.376 0.0000000000
56212  -47.099  -21.973  51.977 0.0000000000
117603  -20.833  -40.569  65.532 0.0000000000
39363  -20.033  -40.442  65.647 0.0000000000
39349  -19.597  -40.521  66.581 0.0000000000
39348  -18.669  -40.652  66.953 0.0000000000
39347  -17.805  -40.881  66.585 0.0000000000
125659  -16.757  -40.919  63.880 0.0000000000
39360  -16.738  -41.026  65.000 0.0000000000
39359  -15.908  -41.367  64.478 0.0000000000
38565  -15.589  -42.259  63.438 0.0000000000
42128  -38.260  -36.893  63.005 0.0000000000
42129  -38.679  -36.635  63.346 0.0000000000
42112  -38.980  -36.630  63.939 0.0000000000
43877  -39.872  -35.861  65.189 0.0000000000
43889  -39.715  -35.804  64.488 0.0000000000
117014  -40.099  -35.140  65.338 0.0000000000
41153  -33.563  -37.027  68.965 0.0000000000
42060  -33.606  -36.812  68.160 0.0000000000
41163  -34.307  -37.112  68.248 0.0000000000
41165  -35.984  -37.495  67.354 0.0000000000
41164  -35.169  -37.284  67.670 0.0000000000
42073  -35.748  -37.420  66.007 0.0000000000
129271  -36.077  -37.534  66.579 0.0000000000
41157  -37.414  -37.544  68.457 0.0000000000
41177  -37.833  -37.494  66.389 0.0000000000
41168  -37.706  -37.503  67.207 0.0000000000
41186  -37.415  -37.599  65.789 0.0000000000
41197  -36.779  -37.803  64.381 0.0000000000
41198  -37.468  -37.639  64.801 0.0000000000
42098  -38.355  -37.232  64.288 0.0000000000
41212  -37.882  -37.537  63.939 0.0000000000
42127  -37.713  -37.176  62.660 0.0000000000
41142  -34.265  -37.469  69.861 0.0000000000
42051  -32.798  -36.987  69.206 0.0000000000
123233  -43.204  -19.067  51.095 0.0000000000
59678  -43.494  -18.265  50.921 0.0000000000
61589  -43.546  -16.300  50.706 0.0000000000
61588  -42.593  -16.146  50.438 0.0000000000
126649  -44.060  -15.735  50.758 0.0000000000
62471  -47.340  -15.438  51.127 0.0000000000
63287  -46.594  -13.853  51.218 0.0000000000
63286  -45.802  -14.395  51.085 0.0000000000
123570  -45.159  -14.039  50.889 0.0000000000
64162  -44.352  -13.299  50.004 0.0000000000
122607  -45.425  -13.017  50.708 0.0000000000
65065  -45.583  -11.841  49.821 0.0000000000
65929  -46.108  -11.195  49.410 0.0000000000
65930  -46.785  -10.921  49.960 0.0000000000
113183  -48.737  -11.078  51.415 0.0000000000
66748  -48.155  -10.493  50.780 0.0000000000
66749  -48.859  -10.208  51.226 0.0000000000
67562  -48.483  -9.801  50.341 0.0000000000
67558  -50.654  -9.691  52.129 0.0000000000
50871  -35.237  -28.548  60.220 0.0000000000
51725  -35.634  -27.691  60.172 0.0000000000
51741  -35.779  -27.133  59.462 0.0000000000
52630  -35.694  -26.714  58.528 0.0000000000
52643  -35.016  -26.950  57.771 0.0000000000
109358  -36.241  -26.246  58.269 0.0000000000
53546  -38.719  -25.491  59.411 0.0000000000
53561  -38.455  -25.324  58.637 0.0000000000
53593  -38.070  -24.903  56.909 0.0000000000
53577  -37.277  -25.366  57.576 0.0000000000
53576  -36.617  -25.479  57.061 0.0000000000
53591  -36.286  -25.315  56.293 0.0000000000
110717  -37.050  -24.870  55.847 0.0000000000
107840  -38.434  -24.439  54.848 0.0000000000
53625  -37.928  -24.459  54.079 0.0000000000
53626  -38.914  -24.388  54.101 0.0000000000
53645  -39.392  -24.511  53.646 0.0000000000
53627  -39.662  -24.491  54.255 0.0000000000
52678  -41.502  -24.553  55.040 0.0000000000
52677  -40.938  -24.560  54.712 0.0000000000
52696  -41.707  -24.592  54.491 0.0000000000
115386  -42.234  -24.576  54.877 0.0000000000
52664  -43.975  -24.498  56.306 0.0000000000
109561  -44.069  -24.292  55.335 0.0000000000
129212  -43.415  -24.475  55.071 0.0000000000
38513  -23.400  -41.539  66.858 0.0000000000
38554  -23.967  -41.690  64.086 0.0000000000
34246  -8.640  -46.487  66.253 0.0000000000
44733  -37.418  -35.429  57.158 0.0000000000
46294  -36.987  -34.126  57.689 0.0000000000
47156  -36.708  -33.454  60.149 0.0000000000
43908  -39.274  -35.818  63.054 0.0000000000
43918  -38.922  -35.843  62.089 0.0000000000
44704  -39.192  -35.432  62.485 0.0000000000
46239  -39.256  -34.618  63.065 0.0000000000
46247  -39.072  -34.868  62.391 0.0000000000
46246  -38.597  -34.462  61.991 0.0000000000
48006  -37.992  -32.439  63.657 0.0000000000
48039  -37.253  -32.731  62.427 0.0000000000
48055  -37.012  -33.062  61.773 0.0000000000
48962  -36.164  -31.344  62.452 0.0000000000
48961  -35.681  -30.629  62.039 0.0000000000
49925  -35.426  -29.807  61.480 0.0000000000
49916  -35.717  -29.408  62.395 0.0000000000
50848  -36.600  -27.937  62.961 0.0000000000
51698  -37.154  -27.320  62.491 0.0000000000
51712  -36.996  -27.185  61.711 0.0000000000
51699  -37.989  -26.913  62.713 0.0000000000
52542  -39.035  -26.677  64.759 0.0000000000
51673  -38.191  -27.332  64.477 0.0000000000
107485  -38.750  -26.322  62.448 0.0000000000
43895  -27.689  -36.157  63.151 0.0000000000
43904  -28.174  -35.951  62.667 0.0000000000
42992  -33.427  -36.411  66.656 0.0000000000
43003  -33.851  -36.354  65.736 0.0000000000
43020  -33.621  -36.188  64.395 0.0000000000
121223  -33.262  -36.081  63.469 0.0000000000
122654  -32.411  -35.761  63.638 0.0000000000
42125  -35.359  -37.201  62.373 0.0000000000
121245  -35.183  -37.058  62.800 0.0000000000
42124  -34.620  -36.889  62.089 0.0000000000
114851  -27.939  -38.784  67.844 0.0000000000
41173  -26.478  -39.296  66.467 0.0000000000
40279  -25.098  -40.594  64.171 0.0000000000
41194  -25.545  -39.616  63.888 0.0000000000
66762  -46.996  -10.488  48.515 0.0000000000
66768  -46.714  -10.630  47.592 0.0000000000
112253  -47.390  -10.245  47.959 0.0000000000
126240  -48.536  -9.535  48.359 0.0000000000
66770  -48.121  -9.766  46.882 0.0000000000
67580  -48.894  -9.378  46.523 0.0000000000
110237  -50.231  -8.360  49.145 0.0000000000
68399  -50.522  -8.568  46.985 0.0000000000
67581  -49.644  -8.995  46.067 0.0000000000
67586  -49.497  -9.169  45.306 0.0000000000
67595  -50.439  -9.084  43.435 0.0000000000
67592  -51.010  -8.656  43.963 0.0000000000
125532  -51.556  -8.452  43.646 0.0000000000
68405  -52.668  -7.707  46.339 0.0000000000
117543  -52.443  -7.916  45.102 0.0000000000
122422  -53.391  -7.516  45.230 0.0000000000
69261  -53.395  -7.478  45.922 0.0000000000
35190  -12.622  -46.144  64.193 0.0000000000
50879  -34.537  -29.035  59.068 0.0000000000
49958  -34.108  -29.551  58.431 0.0000000000
55400  -39.132  -22.820  50.136 0.0000000000
56230  -39.113  -22.302  49.444 0.0000000000
56219  -39.415  -21.464  49.868 0.0000000000
56220  -40.036  -21.805  50.895 0.0000000000
52716  -39.799  -24.558  53.405 0.0000000000
52742  -40.366  -24.570  53.142 0.0000000000
54520  -44.372  -23.759  52.204 0.0000000000
53675  -43.783  -24.044  52.043 0.0000000000
54532  -44.228  -23.613  51.856 0.0000000000
117182  -42.952  -23.245  51.514 0.0000000000
54545  -43.471  -23.634  51.635 0.0000000000
54543  -41.484  -23.602  51.621 0.0000000000
55403  -42.188  -23.144  51.504 0.0000000000
55402  -41.223  -22.894  51.527 0.0000000000
108805  -41.905  -22.551  51.489 0.0000000000
56222  -42.105  -21.802  51.468 0.0000000000
108799  -41.706  -20.837  51.379 0.0000000000
57882  -43.401  -20.382  51.336 0.0000000000
58782  -45.455  -19.740  51.333 0.0000000000
58781  -44.668  -19.759  51.257 0.0000000000
117021  -45.710  -19.122  51.247 0.0000000000
58784  -47.168  -18.966  51.621 0.0000000000
36888  -13.147  -44.400  66.360 0.0000000000
36897  -13.230  -44.505  65.384 0.0000000000
36091  -14.192  -44.957  63.394 0.0000000000
34262  -11.575  -46.730  65.089 0.0000000000
33364  -10.788  -48.072  64.691 0.0000000000
33334  -10.150  -46.887  66.427 0.0000000000
30573  -11.309  -50.888  63.532 0.0000000000
31411  -11.021  -50.471  63.449 0.0000000000
33362  -9.498  -47.860  65.108 0.0000000000
33361  -9.267  -47.818  65.035 0.0000000000
33346  -9.025  -47.190  65.961 0.0000000000
33360  -8.879  -48.041  64.693 0.0000000000
124224  -8.540  -47.245  64.915 0.0000000000
114534  -8.067  -51.075  62.971 0.0000000000
126405  -11.150  -45.908  67.290 0.0000000000
43073  -38.058  -36.896  58.889 0.0000000000
127948  -38.357  -36.068  60.883 0.0000000000
42988  -29.663  -36.361  66.607 0.0000000000
43874  -29.289  -36.025  65.760 0.0000000000
127073  -30.316  -36.117  66.549 0.0000000000
41240  -36.772  -37.539  62.102 0.0000000000
42171  -37.048  -37.894  59.744 0.0000000000
41152  -32.204  -37.616  69.947 0.0000000000
42056  -29.722  -37.663  68.099 0.0000000000
42976  -29.707  -36.950  67.345 0.0000000000
65072  -44.398  -12.566  48.265 0.0000000000
47171  -35.238  -32.962  58.442 0.0000000000
53660  -35.800  -25.821  52.981 0.0000000000
40278  -19.898  -40.399  63.932 0.0000000000
39383  -19.341  -40.275  64.714 0.0000000000
39382  -18.407  -40.462  65.160 0.0000000000
39361  -17.623  -40.792  65.594 0.0000000000
39400  -16.777  -41.514  63.136 0.0000000000
39417  -17.488  -41.608  62.821 0.0000000000
42099  -38.899  -36.832  64.571 0.0000000000
125411  -39.254  -36.509  64.481 0.0000000000
43014  -39.375  -36.511  65.099 0.0000000000
43005  -39.702  -36.169  65.536 0.0000000000
118594  -40.241  -35.413  66.316 0.0000000000
41154  -35.002  -37.354  68.885 0.0000000000
118325  -34.836  -37.265  68.361 0.0000000000
41155  -36.221  -37.470  68.086 0.0000000000
41159  -38.136  -37.464  67.834 0.0000000000
125662  -38.554  -37.326  67.263 0.0000000000
41178  -38.362  -37.361  66.295 0.0000000000
122959  -37.964  -37.458  64.983 0.0000000000
41188  -38.272  -37.335  65.404 0.0000000000
42086  -38.555  -37.121  65.045 0.0000000000
59679  -44.515  -18.280  50.952 0.0000000000
60602  -45.074  -17.528  50.921 0.0000000000
61590  -45.609  -16.044  51.112 0.0000000000
63289  -48.575  -14.375  51.238 0.0000000000
107461  -48.053  -13.817  51.315 0.0000000000
64154  -47.407  -13.644  51.301 0.0000000000
64165  -46.868  -13.017  51.207 0.0000000000
64164  -46.034  -13.002  51.031 0.0000000000
65927  -47.227  -11.402  50.793 0.0000000000
51726  -36.131  -27.378  60.609 0.0000000000
52619  -36.643  -26.828  59.955 0.0000000000
124763  -36.961  -26.397  59.439 0.0000000000
114811  -38.949  -25.039  58.082 0.0000000000
123107  -38.736  -24.701  56.294 0.0000000000
53608  -38.978  -24.547  55.445 0.0000000000
53609  -39.858  -24.458  55.072 0.0000000000
52661  -41.928  -24.642  55.882 0.0000000000
38498  -24.886  -41.516  67.652 0.0000000000
38515  -24.695  -41.492  66.848 0.0000000000
38535  -24.056  -41.468  65.728 0.0000000000
38568  -23.511  -41.780  63.334 0.0000000000
39405  -22.257  -41.343  63.086 0.0000000000
107416  -52.844  -7.771  44.094 0.0000000000
68421  -52.525  -8.163  42.771 0.0000000000
118845  -53.143  -7.734  43.390 0.0000000000
69274  -53.943  -7.434  43.495 0.0000000000
68417  -53.739  -7.592  42.944 0.0000000000
34232  -8.902  -46.379  67.243 0.0000000000
44726  -37.990  -35.492  58.714 0.0000000000
45510  -37.766  -34.961  58.699 0.0000000000
46279  -37.066  -34.161  58.695 0.0000000000
46265  -37.169  -34.081  59.607 0.0000000000
47138  -36.787  -33.297  61.012 0.0000000000
45481  -39.637  -35.160  63.966 0.0000000000
117060  -39.476  -34.861  63.461 0.0000000000
46233  -39.370  -34.321  63.741 0.0000000000
47106  -39.073  -34.075  63.389 0.0000000000
47994  -38.345  -32.071  64.606 0.0000000000
48919  -38.110  -31.026  64.980 0.0000000000
129276  -37.283  -31.546  63.528 0.0000000000
48038  -36.851  -31.947  62.685 0.0000000000
49917  -36.164  -29.962  63.285 0.0000000000
119081  -39.774  -25.938  64.219 0.0000000000
44685  -29.256  -35.432  63.167 0.0000000000
42083  -34.642  -36.848  65.531 0.0000000000
43013  -34.294  -36.595  64.700 0.0000000000
43021  -34.061  -36.565  63.756 0.0000000000
120570  -35.008  -37.251  61.061 0.0000000000
42139  -34.364  -37.088  61.176 0.0000000000
40259  -26.645  -39.864  67.920 0.0000000000
109689  -27.197  -38.042  66.019 0.0000000000
42082  -26.817  -38.581  65.961 0.0000000000
119797  -25.967  -39.037  64.456 0.0000000000
42105  -25.859  -39.009  63.149 0.0000000000
123525  -48.406  -9.643  49.322 0.0000000000
67573  -49.295  -9.077  48.036 0.0000000000
68395  -50.866  -8.136  48.614 0.0000000000
67582  -50.420  -8.635  46.123 0.0000000000
68403  -51.172  -8.358  46.341 0.0000000000
107654  -51.634  -8.228  45.819 0.0000000000
68407  -51.782  -8.230  45.115 0.0000000000
111867  -53.447  -7.173  47.582 0.0000000000
35205  -13.843  -46.758  63.211 0.0000000000
51752  -34.455  -27.789  58.128 0.0000000000
49972  -33.725  -29.194  57.734 0.0000000000
50896  -33.866  -28.329  57.531 0.0000000000
55411  -38.863  -23.896  48.839 0.0000000000
110383  -40.055  -22.625  51.057 0.0000000000
52718  -41.105  -24.625  53.693 0.0000000000
52743  -41.072  -24.588  53.088 0.0000000000
52766  -41.577  -24.601  52.690 0.0000000000
112914  -42.403  -24.510  52.024 0.0000000000
55392  -45.007  -23.177  51.673 0.0000000000
56223  -43.655  -22.412  51.476 0.0000000000
108797  -43.958  -21.183  51.445 0.0000000000
57883  -44.347  -20.425  51.362 0.0000000000
57885  -45.884  -20.296  51.436 0.0000000000
38489  -15.643  -42.211  67.126 0.0000000000
37708  -13.742  -44.044  64.762 0.0000000000
36929  -14.398  -44.223  63.507 0.0000000000
33379  -11.984  -48.176  63.796 0.0000000000
33378  -11.463  -48.676  63.859 0.0000000000
30572  -10.054  -51.755  63.640 0.0000000000
31410  -10.186  -50.520  63.518 0.0000000000
32356  -8.873  -49.490  64.110 0.0000000000
129704  -37.429  -37.495  69.605 0.0000000000
42052  -39.018  -37.026  68.537 0.0000000000
61580  -48.662  -16.808  51.436 0.0000000000
61592  -47.632  -16.947  51.190 0.0000000000
62472  -49.008  -15.853  51.212 0.0000000000
108553  -49.244  -14.965  51.256 0.0000000000
53547  -39.587  -25.195  59.631 0.0000000000
53563  -40.199  -24.988  58.797 0.0000000000
108519  -41.806  -24.751  57.040 0.0000000000
39388  -24.616  -41.051  64.501 0.0000000000
43937  -38.125  -36.154  58.742 0.0000000000
50839  -37.931  -28.252  64.793 0.0000000000
43011  -27.077  -37.161  64.808 0.0000000000
43882  -26.893  -36.935  63.919 0.0000000000
43883  -27.422  -36.491  64.403 0.0000000000
43884  -27.829  -36.019  63.919 0.0000000000
123038  -28.437  -35.770  64.222 0.0000000000
44677  -29.116  -35.524  64.093 0.0000000000
43905  -30.799  -35.498  62.489 0.0000000000
41196  -36.264  -37.770  64.025 0.0000000000
42109  -35.807  -37.574  63.728 0.0000000000
41224  -35.809  -37.429  62.197 0.0000000000
41239  -36.336  -37.520  61.935 0.0000000000
40256  -27.684  -39.515  69.153 0.0000000000
42069  -28.112  -38.111  67.238 0.0000000000
42999  -27.384  -37.399  65.664 0.0000000000
63309  -43.019  -14.210  49.413 0.0000000000
68382  -50.304  -8.207  51.079 0.0000000000
69242  -50.756  -7.624  50.489 0.0000000000
116174  -52.753  -6.984  48.663 0.0000000000
52658  -34.476  -26.560  55.794 0.0000000000
51782  -33.836  -27.193  55.303 0.0000000000
128092  -44.311  -23.777  52.814 0.0000000000
54521  -45.085  -23.387  52.618 0.0000000000
54534  -45.589  -23.074  52.202 0.0000000000
112022  -45.608  -22.980  51.889 0.0000000000
55393  -46.069  -22.551  51.913 0.0000000000
56211  -46.344  -22.166  51.767 0.0000000000
108891  -46.596  -21.206  51.559 0.0000000000
38508  -17.116  -41.260  67.095 0.0000000000
37734  -15.673  -42.993  63.067 0.0000000000
43042  -38.243  -36.458  61.643 0.0000000000
43029  -38.564  -36.464  62.597 0.0000000000
122278  -38.923  -36.131  62.609 0.0000000000
43022  -39.283  -36.347  64.101 0.0000000000
43899  -39.463  -36.036  63.936 0.0000000000
44687  -39.550  -35.608  63.841 0.0000000000
45477  -39.864  -35.048  64.743 0.0000000000
43856  -40.121  -35.683  66.980 0.0000000000
42979  -32.287  -36.672  67.862 0.0000000000
126606  -31.963  -36.515  67.405 0.0000000000
42070  -33.282  -36.557  67.484 0.0000000000
42061  -34.549  -37.041  67.304 0.0000000000
42072  -35.012  -37.152  66.263 0.0000000000
42085  -35.957  -37.563  65.273 0.0000000000
41144  -37.073  -37.563  69.194 0.0000000000
41156  -36.832  -37.546  68.285 0.0000000000
107996  -36.623  -37.584  66.798 0.0000000000
41184  -36.349  -37.687  64.858 0.0000000000
41210  -36.645  -37.861  63.626 0.0000000000
41199  -37.836  -37.551  64.484 0.0000000000
41211  -37.350  -37.764  63.577 0.0000000000
110376  -32.804  -37.791  70.683 0.0000000000
127570  -41.697  -19.686  51.226 0.0000000000
58777  -40.315  -19.522  50.301 0.0000000000
58778  -41.110  -19.277  50.962 0.0000000000
59676  -41.389  -18.492  50.825 0.0000000000
113459  -42.741  -17.519  50.798 0.0000000000
119594  -42.088  -16.842  50.536 0.0000000000
61579  -47.082  -16.274  51.100 0.0000000000
128520  -46.320  -16.400  51.110 0.0000000000
62470  -46.586  -14.856  51.189 0.0000000000
62469  -45.700  -15.214  51.141 0.0000000000
62485  -44.843  -15.530  50.973 0.0000000000
62484  -44.129  -14.979  50.683 0.0000000000
63297  -43.461  -14.501  50.175 0.0000000000
64170  -43.699  -13.770  49.786 0.0000000000
64171  -43.904  -13.255  49.330 0.0000000000
65063  -44.440  -12.693  49.318 0.0000000000
65057  -45.507  -12.480  50.427 0.0000000000
123264  -45.050  -12.308  49.766 0.0000000000
65073  -44.963  -12.017  48.015 0.0000000000
65942  -45.544  -11.491  47.774 0.0000000000
116247  -46.166  -10.941  48.380 0.0000000000
66754  -47.244  -10.459  49.412 0.0000000000
66747  -47.494  -10.723  50.359 0.0000000000
67563  -49.206  -9.329  50.762 0.0000000000
68376  -49.921  -9.000  51.446 0.0000000000
125901  -50.694  -8.616  51.850 0.0000000000
48968  -35.197  -30.011  60.637 0.0000000000
49946  -34.947  -29.406  59.850 0.0000000000
50880  -34.916  -28.581  59.537 0.0000000000
50888  -34.660  -28.170  58.945 0.0000000000
52621  -38.211  -25.871  59.841 0.0000000000
52631  -37.234  -26.057  59.032 0.0000000000
53560  -37.655  -25.556  58.450 0.0000000000
52646  -36.888  -25.928  58.336 0.0000000000
126272  -35.311  -26.328  57.153 0.0000000000
52659  -35.345  -26.023  56.293 0.0000000000
53605  -35.736  -25.486  55.607 0.0000000000
53624  -36.751  -25.013  54.217 0.0000000000
53628  -40.316  -24.539  54.463 0.0000000000
52694  -40.668  -24.605  54.104 0.0000000000
117115  -41.398  -24.633  54.044 0.0000000000
52719  -41.684  -24.650  53.772 0.0000000000
53646  -42.883  -24.569  53.834 0.0000000000
122816  -41.766  -24.675  56.325 0.0000000000
52663  -43.224  -24.698  56.351 0.0000000000
52680  -42.664  -24.616  55.561 0.0000000000
52697  -42.845  -24.563  54.804 0.0000000000
118144  -43.541  -24.379  54.488 0.0000000000
54492  -45.374  -23.432  54.294 0.0000000000
39366  -24.197  -41.285  64.966 0.0000000000
38553  -23.545  -41.552  64.396 0.0000000000
38534  -23.565  -41.388  65.488 0.0000000000
38533  -22.951  -41.255  65.790 0.0000000000
38532  -22.318  -41.023  66.241 0.0000000000
110652  -21.309  -40.689  64.856 0.0000000000
39404  -21.394  -41.074  62.990 0.0000000000
39384  -20.772  -40.631  63.708 0.0000000000
124409  -54.705  -7.117  43.475 0.0000000000
122435  -35.936  -33.290  58.902 0.0000000000
48084  -35.441  -32.565  59.411 0.0000000000
48976  -35.332  -31.177  60.495 0.0000000000
125694  -38.418  -36.152  61.287 0.0000000000
43924  -38.657  -35.830  61.464 0.0000000000
45492  -39.062  -35.288  62.158 0.0000000000
44711  -38.704  -35.506  61.566 0.0000000000
46254  -38.312  -34.711  61.194 0.0000000000
47105  -38.554  -33.449  63.319 0.0000000000
47121  -38.288  -33.742  62.398 0.0000000000
47139  -37.430  -33.703  61.294 0.0000000000
48054  -36.340  -32.513  61.552 0.0000000000
112181  -36.341  -32.051  62.179 0.0000000000
48053  -35.736  -31.907  61.047 0.0000000000
49924  -35.331  -29.084  60.904 0.0000000000
50857  -36.090  -28.399  62.566 0.0000000000
121014  -35.879  -28.317  61.892 0.0000000000
51711  -36.261  -27.565  61.423 0.0000000000
51672  -37.494  -27.820  64.121 0.0000000000
51687  -37.993  -27.125  63.661 0.0000000000
52553  -39.148  -26.229  63.723 0.0000000000
52591  -38.258  -26.526  61.890 0.0000000000
126208  -38.878  -26.109  61.799 0.0000000000
43001  -32.033  -36.171  66.703 0.0000000000
43876  -32.111  -35.844  65.548 0.0000000000
43012  -33.219  -36.013  65.237 0.0000000000
43897  -31.667  -35.621  63.156 0.0000000000
43906  -31.621  -35.852  62.119 0.0000000000
42108  -35.283  -37.186  63.462 0.0000000000
43028  -33.780  -36.643  62.177 0.0000000000
43027  -33.119  -36.306  62.415 0.0000000000
43907  -32.365  -36.243  61.937 0.0000000000
38499  -25.297  -41.286  68.028 0.0000000000
38516  -25.117  -41.276  67.237 0.0000000000
39368  -25.258  -40.646  65.896 0.0000000000
40262  -26.369  -39.770  67.233 0.0000000000
40261  -25.834  -40.146  66.641 0.0000000000
40269  -24.899  -40.712  65.027 0.0000000000
65952  -46.261  -11.064  46.916 0.0000000000
66774  -46.853  -10.758  46.637 0.0000000000
66783  -47.656  -10.384  45.495 0.0000000000
66784  -48.309  -9.882  45.161 0.0000000000
129445  -50.392  -8.509  48.397 0.0000000000
68398  -50.102  -8.739  47.823 0.0000000000
66785  -49.003  -9.526  44.872 0.0000000000
66789  -49.094  -9.655  44.022 0.0000000000
67594  -49.795  -9.386  43.742 0.0000000000
67587  -50.210  -8.805  45.249 0.0000000000
68412  -52.341  -7.997  44.518 0.0000000000
68413  -53.009  -7.675  44.732 0.0000000000
120274  -54.009  -7.276  45.430 0.0000000000
35204  -13.054  -46.915  63.482 0.0000000000
34285  -12.627  -47.830  63.446 0.0000000000
48982  -34.052  -30.567  58.314 0.0000000000
51781  -33.472  -27.949  55.717 0.0000000000
128169  -40.715  -24.536  52.841 0.0000000000
52764  -40.127  -24.429  52.451 0.0000000000
53671  -39.488  -24.299  51.708 0.0000000000
53683  -39.950  -24.042  51.550 0.0000000000
54542  -40.276  -23.639  51.478 0.0000000000
53674  -43.067  -24.407  52.163 0.0000000000
54530  -42.870  -24.178  51.801 0.0000000000
53685  -42.068  -24.216  51.780 0.0000000000
112476  -40.746  -20.651  51.142 0.0000000000
57880  -41.092  -20.017  51.156 0.0000000000
127471  -43.010  -19.719  51.241 0.0000000000
122998  -47.130  -21.109  51.679 0.0000000000
36039  -12.620  -44.881  66.823 0.0000000000
36072  -13.031  -45.457  64.312 0.0000000000
36912  -13.353  -44.766  64.477 0.0000000000
37733  -14.969  -43.692  63.207 0.0000000000
120878  -11.518  -46.137  66.019 0.0000000000
34248  -10.980  -46.222  66.757 0.0000000000
34261  -11.037  -47.248  65.151 0.0000000000
34247  -10.588  -46.746  66.192 0.0000000000
33333  -10.063  -46.677  66.879 0.0000000000
117152  -9.674  -46.875  66.608 0.0000000000
124772  -11.593  -49.887  63.446 0.0000000000
32358  -10.536  -49.028  64.236 0.0000000000
33345  -8.719  -46.913  65.881 0.0000000000
29712  -8.831  -52.612  63.757 0.0000000000
32354  -8.483  -49.022  63.807 0.0000000000
41140  -32.372  -37.829  70.492 0.0000000000
41175  -36.919  -37.653  66.070 0.0000000000
42110  -38.013  -37.279  63.415 0.0000000000
43868  -39.984  -35.793  65.994 0.0000000000
44679  -39.926  -35.492  64.941 0.0000000000
44718  -38.246  -35.630  60.323 0.0000000000
55404  -43.619  -22.984  51.478 0.0000000000
107837  -44.129  -21.961  51.492 0.0000000000
113244  -37.143  -37.868  63.954 0.0000000000
116996  -44.970  -13.437  50.607 0.0000000000
117114  -40.762  -24.591  53.431 0.0000000000
125530  -38.182  -37.305  63.848 0.0000000000
128748  -27.633  -38.679  67.331 0.0000000000
