#!ascii label  , from subject sub-v1s0x0050647_ses-1 vox2ras=TkReg
1556
28636  -20.149  -53.664  -0.011 0.5000000000
27764  -19.614  -54.306  0.196 0.4000000060
27753  -19.490  -54.715  1.175 0.6000000238
29529  -19.958  -52.984  0.542 0.6000000238
29530  -21.085  -53.090  -0.035 0.6000000238
30432  -21.752  -52.330  0.004 0.6000000238
29512  -19.715  -53.068  1.464 0.6999999881
28605  -19.860  -54.493  2.129 0.6999999881
30416  -19.826  -52.350  1.129 0.6999999881
30431  -20.552  -52.316  0.414 0.6999999881
31277  -21.164  -51.604  0.408 0.6999999881
109000  -23.105  -50.893  0.485 0.5000000000
31265  -21.815  -50.809  0.445 0.6999999881
126461  -22.717  -52.397  -0.078 0.5000000000
21666  -24.426  -61.888  7.851 0.5000000000
114786  -19.703  -53.696  1.943 0.6999999881
30405  -19.810  -52.467  1.957 0.6999999881
31276  -20.183  -51.746  0.873 0.6999999881
31264  -20.416  -50.970  1.092 0.6999999881
31263  -19.833  -51.700  1.619 0.6999999881
31248  -19.958  -50.986  2.156 0.6999999881
32148  -22.579  -50.075  0.683 0.6000000238
27734  -23.412  -55.794  3.684 0.6999999881
28595  -23.563  -54.964  3.989 0.6999999881
28591  -20.313  -53.953  2.627 0.6999999881
28592  -21.252  -54.180  3.271 0.6999999881
22500  -23.864  -61.425  8.187 0.6000000238
21676  -22.093  -62.298  7.857 0.4000000060
30394  -20.227  -52.697  2.586 0.6999999881
32147  -21.248  -50.122  1.115 0.6999999881
33113  -21.349  -48.847  1.971 0.6999999881
33130  -23.243  -49.434  1.028 0.6000000238
27722  -24.787  -55.537  4.511 0.6999999881
27735  -24.153  -55.613  4.037 0.6999999881
28594  -22.790  -55.160  3.670 0.6999999881
28578  -23.810  -54.147  4.219 0.6999999881
28579  -24.342  -54.845  4.327 0.6999999881
23321  -24.767  -60.230  8.280 0.6000000238
118470  -22.862  -54.254  3.931 0.6999999881
29491  -21.517  -53.348  3.523 0.6999999881
29492  -22.403  -53.380  3.940 0.6999999881
29476  -24.105  -53.362  4.485 0.6999999881
23332  -22.447  -60.273  7.720 0.5000000000
22515  -22.959  -61.088  8.001 0.5000000000
111981  -20.344  -50.271  2.591 0.6999999881
31236  -20.225  -51.913  2.583 0.6999999881
119184  -23.625  -52.813  4.396 0.6999999881
22514  -22.450  -61.769  7.836 0.4000000060
32132  -20.388  -50.360  1.785 0.6999999881
116317  -21.054  -51.924  3.294 0.6999999881
29493  -23.290  -53.442  4.194 0.6999999881
112056  -21.553  -61.722  7.296 0.4000000060
31237  -20.664  -51.048  3.101 0.6999999881
30381  -22.617  -51.847  4.092 0.6999999881
30382  -23.477  -52.116  4.416 0.6999999881
32113  -22.098  -50.106  4.051 0.6999999881
31224  -22.389  -50.961  4.069 0.6999999881
33129  -21.998  -49.282  1.218 0.6999999881
31223  -21.471  -50.610  3.664 0.6999999881
34066  -23.841  -48.848  1.618 0.6000000238
34053  -22.171  -48.481  1.619 0.6999999881
34052  -21.451  -48.136  2.406 0.6999999881
35839  -24.364  -46.063  2.629 0.5000000000
117823  -24.167  -46.969  2.377 0.5000000000
34912  -27.021  -47.152  2.951 0.4000000060
34911  -26.097  -47.277  3.090 0.5000000000
29477  -25.342  -54.054  5.064 0.6999999881
118424  -24.813  -59.071  8.703 0.6000000238
30396  -21.868  -52.488  3.752 0.6999999881
129047  -23.512  -60.833  8.232 0.5000000000
30365  -24.329  -52.452  4.733 0.6999999881
32123  -20.665  -49.651  2.805 0.6999999881
33128  -20.823  -49.589  2.027 0.6999999881
127669  -21.354  -49.896  3.678 0.6999999881
116478  -23.304  -45.817  2.590 0.6999999881
34065  -23.125  -48.188  1.563 0.6999999881
35838  -23.342  -46.639  2.303 0.6999999881
34924  -22.368  -47.751  1.942 0.6999999881
115209  -24.063  -45.228  2.643 0.6999999881
27671  -27.040  -56.027  7.874 0.6999999881
28529  -27.176  -55.264  7.448 0.6999999881
28547  -27.225  -54.349  7.192 0.8000000119
29443  -26.973  -53.483  6.700 0.8000000119
26830  -26.675  -56.730  8.270 0.6000000238
27656  -26.929  -55.945  8.769 0.6000000238
27672  -27.321  -55.361  8.248 0.6000000238
118811  -26.646  -54.208  6.299 0.8000000119
26817  -26.392  -56.637  8.942 0.6000000238
26816  -25.931  -56.392  9.371 0.6000000238
29461  -25.661  -53.303  5.418 0.6999999881
125717  -25.486  -58.673  8.505 0.6000000238
25966  -25.792  -57.173  9.083 0.6000000238
25037  -23.879  -58.834  8.625 0.6000000238
25038  -24.671  -58.351  8.941 0.6000000238
29460  -24.889  -53.279  4.909 0.6999999881
23333  -23.181  -60.308  8.183 0.5000000000
114326  -23.098  -58.972  8.225 0.6000000238
30366  -25.230  -52.479  5.271 0.6999999881
120985  -24.042  -51.581  4.710 0.6999999881
33112  -20.883  -48.884  2.758 0.6999999881
123062  -20.821  -50.134  3.225 0.6999999881
31225  -23.272  -51.300  4.413 0.6999999881
35837  -22.358  -46.363  2.675 0.8000000119
107526  -20.986  -49.402  3.354 0.6999999881
32114  -23.092  -50.388  4.487 0.6999999881
36726  -22.523  -45.454  2.907 0.8000000119
128273  -21.302  -47.691  2.898 0.6999999881
33099  -21.198  -48.640  3.523 0.6999999881
117623  -25.661  -45.838  2.951 0.5000000000
35841  -26.414  -46.477  3.030 0.5000000000
36728  -26.677  -45.675  2.837 0.5000000000
35842  -27.159  -46.364  2.620 0.4000000060
27643  -27.301  -55.132  8.944 0.6000000238
126617  -27.458  -54.792  7.871 0.6999999881
28530  -27.622  -54.130  8.116 0.8000000119
125204  -26.475  -56.036  9.240 0.6000000238
30350  -27.231  -52.848  7.014 0.8000000119
30349  -26.732  -52.678  6.404 0.8000000119
31190  -26.454  -51.843  6.186 0.8000000119
26815  -25.315  -56.685  9.372 0.6000000238
25980  -24.479  -57.506  9.157 0.6000000238
30367  -26.067  -52.556  5.745 0.8000000119
24164  -22.757  -59.557  7.975 0.6000000238
25979  -23.727  -57.861  8.805 0.6000000238
31209  -25.670  -51.723  5.644 0.6999999881
119666  -24.579  -50.611  5.228 0.6999999881
114144  -25.301  -51.022  5.582 0.6999999881
23331  -21.838  -60.209  7.071 0.5000000000
24163  -22.129  -59.528  7.370 0.5000000000
127195  -24.338  -51.163  4.963 0.6999999881
32115  -23.894  -50.883  4.745 0.6999999881
123926  -21.895  -45.055  3.297 0.8000000119
34908  -21.787  -47.284  2.677 0.8000000119
34044  -21.167  -48.087  3.145 0.6999999881
33072  -21.621  -48.389  4.175 0.6999999881
33088  -22.576  -49.524  4.449 0.6999999881
27642  -26.754  -55.396  9.306 0.6999999881
29396  -27.336  -53.782  9.465 0.6999999881
28512  -27.547  -54.393  8.944 0.6999999881
29416  -27.684  -53.619  8.787 0.8000000119
29432  -27.685  -53.350  8.124 0.8000000119
108441  -27.625  -53.033  9.341 0.8000000119
31176  -27.687  -51.677  7.752 0.8000000119
27641  -26.032  -55.621  9.554 0.6000000238
31191  -27.206  -52.001  6.912 0.8000000119
27640  -25.131  -55.885  9.493 0.6000000238
124057  -26.798  -51.266  6.599 0.6999999881
25051  -23.022  -58.191  8.263 0.6000000238
32078  -26.084  -50.920  6.094 0.8000000119
25050  -22.365  -58.691  7.698 0.6000000238
33050  -26.116  -49.842  6.291 0.8000000119
111040  -21.248  -60.009  6.553 0.4000000060
33074  -23.480  -49.635  4.741 0.6999999881
32098  -23.894  -50.255  4.818 0.6999999881
125753  -24.838  -49.880  5.481 0.6999999881
23339  -20.068  -60.951  5.885 0.4000000060
118164  -24.245  -49.767  5.105 0.6999999881
35836  -21.433  -46.492  3.345 0.8000000119
34899  -21.279  -47.264  3.475 0.8000000119
33073  -23.004  -48.868  4.706 0.6999999881
124133  -22.207  -48.823  4.434 0.6999999881
36727  -23.250  -45.103  2.720 0.8000000119
37510  -24.838  -44.627  2.656 0.5000000000
120035  -27.245  -44.197  2.345 0.5000000000
37511  -25.953  -44.954  2.834 0.5000000000
36729  -27.345  -45.561  2.269 0.4000000060
29383  -27.195  -52.991  10.006 0.6000000238
30322  -27.766  -52.874  8.594 0.8000000119
108599  -27.860  -52.127  8.493 0.8000000119
28498  -26.287  -54.813  9.702 0.6999999881
110196  -27.358  -51.094  7.159 0.8000000119
27655  -24.211  -55.693  9.106 0.6000000238
32060  -27.879  -50.859  7.860 0.8000000119
123782  -23.745  -56.202  8.875 0.6000000238
32080  -27.533  -50.267  7.318 0.8000000119
32079  -26.841  -50.507  6.689 0.8000000119
25989  -22.287  -57.665  7.741 0.6000000238
25990  -22.933  -57.154  8.222 0.6000000238
33076  -25.341  -49.496  5.797 0.8999999762
34000  -26.508  -48.973  6.527 0.8000000119
33075  -24.650  -49.219  5.447 0.8000000119
34022  -25.191  -48.712  5.767 0.8000000119
24171  -21.752  -58.902  6.989 0.5000000000
35795  -23.839  -46.713  5.489 0.8000000119
109046  -23.908  -49.007  5.010 0.6999999881
24170  -21.190  -59.199  6.535 0.4000000060
36706  -20.935  -45.800  3.886 0.8000000119
35823  -21.094  -46.464  3.941 0.8000000119
34018  -21.595  -47.643  4.282 0.8000000119
34020  -23.458  -48.182  4.999 0.6999999881
37508  -22.619  -44.559  3.049 0.8000000119
34872  -21.309  -46.915  4.177 0.8000000119
34019  -22.357  -48.036  4.627 0.6999999881
35813  -21.130  -45.947  4.350 0.8000000119
38326  -23.087  -43.696  3.048 0.8000000119
36690  -20.920  -45.142  4.233 0.8000000119
38328  -24.619  -43.900  2.673 0.6000000238
122453  -26.548  -44.351  2.618 0.5000000000
29382  -26.521  -53.035  10.242 0.6000000238
115634  -27.843  -52.446  9.123 0.6999999881
116377  -25.636  -54.205  9.832 0.6000000238
31146  -28.095  -51.102  9.601 0.6999999881
32048  -28.248  -50.649  8.575 0.6999999881
28496  -24.638  -55.012  9.309 0.6000000238
30279  -26.042  -52.465  10.314 0.6000000238
116462  -24.973  -53.715  9.502 0.6000000238
26840  -23.112  -56.263  8.277 0.6000000238
32061  -28.161  -50.089  8.023 0.6999999881
33051  -27.030  -49.652  6.818 0.8000000119
26000  -21.804  -57.315  7.242 0.3000000119
33999  -25.941  -48.192  6.176 0.8000000119
34876  -24.974  -47.880  5.704 0.8000000119
34851  -25.545  -47.160  5.988 0.8000000119
36672  -23.315  -45.947  5.478 0.8000000119
34873  -21.899  -47.108  4.618 0.8000000119
34874  -22.912  -47.232  5.120 0.8000000119
113373  -21.600  -45.856  4.879 0.8000000119
36670  -21.233  -45.206  4.744 0.8000000119
38327  -23.935  -43.447  2.721 0.6999999881
39174  -26.010  -42.968  2.604 0.6000000238
38330  -28.142  -43.172  2.001 0.3000000119
30280  -26.836  -52.387  10.380 0.6000000238
30281  -27.348  -52.202  10.166 0.6999999881
32014  -28.051  -50.671  10.092 0.6999999881
32029  -28.395  -50.445  9.399 0.6999999881
29431  -22.141  -53.244  7.925 0.5000000000
129341  -24.978  -54.421  9.497 0.6000000238
29394  -25.679  -53.270  10.018 0.6000000238
119183  -28.477  -50.022  8.728 0.6999999881
27670  -22.938  -55.440  7.941 0.5000000000
28511  -23.977  -54.898  8.725 0.5000000000
33024  -28.445  -49.275  8.451 0.6999999881
26838  -21.977  -55.986  7.233 0.3000000119
127940  -22.655  -56.530  7.985 0.5000000000
124864  -28.046  -48.676  7.888 0.8000000119
34833  -27.853  -47.782  7.624 0.8000000119
119171  -27.542  -48.587  7.364 0.8000000119
35771  -26.268  -46.520  6.400 0.8999999762
34852  -26.466  -47.396  6.498 0.8000000119
126989  -27.157  -47.422  6.915 0.8000000119
25059  -21.779  -58.079  7.162 0.4000000060
36673  -24.265  -45.960  5.605 0.8999999762
112158  -24.660  -47.182  5.630 0.8999999762
38325  -22.187  -43.755  3.473 0.8000000119
38324  -21.598  -43.921  3.861 0.8000000119
35793  -22.150  -46.458  4.939 0.8000000119
39172  -23.957  -42.642  2.803 0.6999999881
39173  -24.870  -43.047  2.611 0.6000000238
39175  -26.984  -42.803  2.599 0.6000000238
120124  -26.692  -43.637  2.545 0.6000000238
31132  -26.356  -51.737  10.469 0.6000000238
32013  -27.452  -50.885  10.454 0.6000000238
32991  -28.402  -49.843  10.082 0.6999999881
30297  -25.258  -52.405  9.792 0.6000000238
33951  -28.782  -48.930  10.032 0.8000000119
121161  -23.683  -54.242  8.447 0.6000000238
116912  -24.927  -52.992  9.511 0.6000000238
33007  -28.651  -49.568  9.358 0.6999999881
110460  -28.570  -48.340  8.500 0.8000000119
27669  -22.278  -55.348  7.484 0.4000000060
26855  -22.202  -56.729  7.629 0.4000000060
34832  -27.472  -46.856  7.192 0.8000000119
122992  -23.834  -45.298  5.596 0.8999999762
35770  -25.533  -46.380  5.997 0.8000000119
126031  -26.889  -46.897  6.733 0.8000000119
127328  -24.607  -45.386  5.762 0.8000000119
37475  -21.246  -44.521  4.498 0.8000000119
37463  -22.395  -44.552  5.337 0.8000000119
35794  -22.877  -46.451  5.312 0.6999999881
38306  -22.078  -43.194  3.943 0.8000000119
123679  -22.829  -45.262  5.438 0.8000000119
36671  -21.918  -45.234  5.181 0.8000000119
116265  -23.383  -43.022  3.041 0.8000000119
38284  -22.057  -43.193  4.482 0.8000000119
112837  -25.356  -42.178  2.629 0.6999999881
40077  -25.723  -41.388  2.693 0.6999999881
107947  -26.721  -40.240  3.062 0.6000000238
124250  -27.455  -40.445  3.160 0.6000000238
109753  -28.122  -40.228  3.272 0.6000000238
31145  -25.590  -51.740  10.123 0.6000000238
32989  -27.331  -49.417  10.838 0.8000000119
109261  -28.180  -49.247  10.529 0.6999999881
31162  -22.423  -51.269  8.548 0.5000000000
30296  -24.428  -52.325  9.162 0.5000000000
114809  -28.829  -48.739  9.262 0.8000000119
114843  -22.970  -52.981  8.230 0.5000000000
30321  -24.359  -53.226  9.015 0.5000000000
33952  -29.021  -48.251  9.745 0.8000000119
33968  -29.000  -47.944  9.238 0.8000000119
34818  -28.688  -47.477  8.539 0.8000000119
35738  -28.779  -46.085  8.400 0.8000000119
35751  -27.649  -46.078  7.299 0.8000000119
35752  -28.253  -46.678  7.928 0.8000000119
36655  -26.557  -45.712  6.570 0.8000000119
37466  -25.256  -45.193  6.082 0.8000000119
36656  -27.191  -45.656  6.884 0.8000000119
38268  -21.727  -43.900  4.759 0.8000000119
37464  -23.409  -44.557  5.567 0.8000000119
38270  -22.934  -43.724  5.388 0.8999999762
38307  -22.682  -42.999  3.465 0.8000000119
39137  -22.550  -42.461  4.241 0.8000000119
115561  -24.532  -42.207  2.695 0.6999999881
40075  -23.853  -41.836  2.937 0.6999999881
118421  -26.540  -41.412  2.779 0.6999999881
40950  -24.249  -40.465  2.913 0.6999999881
40951  -25.248  -40.609  2.764 0.6999999881
41869  -25.849  -40.026  2.942 0.6999999881
129455  -26.424  -39.655  3.172 0.6999999881
33929  -26.675  -48.684  10.897 0.8000000119
32011  -26.100  -50.321  10.575 0.6000000238
32988  -26.375  -49.518  10.738 0.6000000238
33930  -27.636  -48.591  10.874 0.8000000119
33947  -21.897  -48.336  9.195 0.6000000238
33003  -22.924  -49.193  9.287 0.5000000000
120423  -25.244  -51.102  9.901 0.6000000238
33006  -25.481  -49.630  10.297 0.6000000238
33931  -28.459  -48.414  10.508 0.8000000119
34817  -20.696  -47.456  8.876 0.6000000238
34797  -21.509  -47.576  9.203 0.6000000238
33948  -22.729  -48.432  9.427 0.6000000238
126024  -23.536  -49.385  9.428 0.5000000000
32027  -24.556  -50.695  9.523 0.5000000000
37434  -21.063  -44.606  8.991 0.5000000000
35720  -21.110  -45.999  9.053 0.5000000000
35721  -21.777  -46.276  9.409 0.6000000238
34798  -22.392  -47.543  9.545 0.6000000238
31163  -23.255  -51.324  8.799 0.5000000000
33004  -23.954  -49.925  9.434 0.5000000000
34782  -29.235  -47.429  9.918 0.8000000119
34819  -29.105  -47.276  9.221 0.8000000119
37435  -21.590  -44.746  9.268 0.5000000000
31143  -24.093  -51.420  9.104 0.5000000000
36634  -19.868  -44.743  8.372 0.4000000060
30320  -23.685  -52.680  8.658 0.5000000000
36637  -29.304  -46.005  9.110 0.6999999881
37446  -27.707  -44.461  7.138 0.8000000119
36644  -28.306  -45.713  7.813 0.8000000119
37455  -24.902  -43.805  6.123 0.8000000119
117609  -26.050  -45.061  6.413 0.8000000119
36643  -27.703  -45.280  7.234 0.8000000119
116997  -26.954  -44.915  6.731 0.8000000119
37458  -27.044  -43.995  6.753 0.8000000119
40055  -22.992  -41.658  4.125 0.8999999762
40035  -22.921  -41.825  4.448 0.8999999762
38258  -22.951  -42.811  5.251 0.8000000119
37465  -24.513  -44.642  5.862 0.8000000119
38269  -22.299  -43.326  5.014 1.0000000000
38259  -23.694  -43.060  5.542 0.8000000119
40949  -23.737  -41.038  3.055 0.8000000119
34778  -25.927  -47.857  10.732 0.8000000119
34779  -27.011  -47.899  11.018 0.8000000119
126754  -27.352  -47.267  10.974 0.8000000119
35722  -22.410  -46.623  9.709 0.6000000238
123757  -24.831  -48.987  10.072 0.6000000238
33928  -25.698  -48.788  10.483 0.6000000238
34780  -27.947  -47.799  10.885 0.8000000119
35709  -28.157  -46.913  10.842 0.8000000119
36625  -21.699  -45.488  9.343 0.5000000000
123358  -21.853  -46.967  9.436 0.6000000238
34799  -23.374  -47.830  9.849 0.6000000238
34781  -28.730  -47.608  10.467 0.8000000119
35710  -29.037  -46.808  10.447 0.8000000119
118495  -29.409  -46.392  10.055 0.6999999881
111767  -22.240  -44.934  9.618 0.5000000000
34777  -24.269  -47.584  10.241 0.6000000238
33005  -24.686  -49.800  9.832 0.6000000238
124935  -20.599  -44.103  8.799 0.4000000060
37436  -22.031  -44.167  9.538 0.4000000060
36626  -22.364  -45.770  9.716 0.4000000060
127031  -29.439  -46.217  9.645 0.6999999881
38232  -21.737  -43.443  9.505 0.4000000060
38233  -22.414  -43.521  9.896 0.4000000060
113519  -23.852  -45.388  10.434 0.4000000060
36636  -29.053  -45.279  8.419 0.6999999881
118863  -23.104  -43.644  10.372 0.5000000000
37447  -28.389  -44.860  7.691 0.6999999881
39098  -22.071  -42.876  9.831 0.3000000119
37422  -23.430  -44.478  10.399 0.5000000000
37456  -25.436  -44.459  6.282 0.8000000119
37457  -26.269  -44.283  6.544 0.8000000119
110708  -28.330  -44.140  7.503 0.8000000119
38251  -27.753  -43.586  7.081 0.8000000119
40915  -23.059  -41.102  4.438 0.8000000119
39128  -22.702  -42.486  4.743 1.0000000000
121420  -23.561  -42.325  5.406 0.8000000119
124111  -24.186  -42.524  5.658 0.8000000119
38260  -24.527  -43.106  5.878 0.8000000119
116770  -25.271  -43.057  6.269 0.8000000119
119968  -25.924  -43.054  6.504 0.8000000119
40018  -25.406  -41.597  6.292 0.8000000119
40056  -23.299  -41.515  3.561 0.8000000119
40015  -23.381  -41.055  5.232 0.8000000119
39123  -24.873  -42.272  5.989 0.8000000119
40929  -23.427  -40.311  3.425 0.8999999762
124622  -24.412  -39.224  3.047 0.6999999881
41868  -24.858  -39.843  2.895 0.6999999881
41856  -25.529  -39.268  3.134 0.6999999881
41857  -26.628  -39.152  3.390 0.6999999881
112032  -28.126  -39.579  3.333 0.6000000238
41858  -27.620  -39.133  3.463 0.6999999881
43670  -26.180  -37.860  4.214 0.6999999881
42787  -28.558  -39.136  3.300 0.6000000238
42782  -28.049  -38.620  3.677 0.6000000238
110314  -26.517  -47.164  10.968 0.8000000119
35723  -22.979  -47.030  9.928 0.5000000000
109730  -25.087  -47.318  10.498 0.8000000119
35707  -25.735  -47.045  10.789 0.8000000119
36611  -27.811  -46.037  10.949 0.8000000119
34776  -23.673  -46.943  10.202 0.6000000238
112020  -23.948  -46.240  10.332 0.5000000000
109235  -28.672  -46.195  10.711 0.6999999881
35705  -23.153  -46.167  10.087 0.5000000000
35706  -24.460  -46.762  10.412 0.6999999881
128903  -29.172  -46.147  10.410 0.6999999881
36613  -29.388  -45.539  10.258 0.6999999881
36627  -29.558  -45.732  9.770 0.6999999881
115273  -29.539  -45.187  9.230 0.6999999881
37441  -29.806  -44.356  9.198 0.6999999881
39090  -23.512  -43.042  10.911 0.5000000000
38253  -29.328  -43.352  7.954 0.6999999881
39973  -22.675  -41.719  10.594 0.4000000060
39974  -23.275  -42.197  11.069 0.4000000060
38263  -27.047  -43.288  6.780 0.8000000119
38262  -26.433  -43.486  6.608 0.8000000119
40019  -26.218  -41.810  6.622 0.8000000119
124702  -27.543  -40.831  7.058 0.6999999881
40016  -23.849  -41.129  5.524 0.8000000119
39124  -25.706  -42.412  6.431 0.8000000119
117911  -22.844  -39.817  3.991 0.8999999762
40928  -23.141  -40.781  3.935 0.8999999762
40916  -22.996  -40.296  4.362 0.8999999762
40907  -23.207  -40.713  4.870 0.8000000119
116844  -23.485  -40.517  5.360 0.8000000119
40899  -24.184  -40.564  5.759 0.8000000119
41854  -22.856  -39.372  3.616 0.8999999762
41855  -23.842  -39.660  3.148 0.8999999762
40954  -28.793  -40.759  3.224 0.4000000060
42779  -24.557  -38.601  3.221 0.8000000119
43669  -24.863  -37.812  3.793 0.6999999881
42781  -26.956  -38.615  3.792 0.6999999881
44478  -29.908  -37.023  4.181 0.5000000000
113076  -26.111  -46.346  10.942 0.6999999881
36594  -25.644  -44.895  11.104 0.6999999881
36596  -27.545  -45.226  11.037 0.6999999881
37421  -22.707  -44.312  9.947 0.4000000060
37405  -24.918  -44.390  11.140 0.6000000238
36595  -26.615  -44.999  11.126 0.6999999881
129103  -29.021  -45.707  10.613 0.6999999881
37425  -29.482  -44.586  10.361 0.6999999881
37437  -29.706  -44.925  9.905 0.6999999881
38204  -24.219  -43.340  11.372 0.5000000000
38234  -30.101  -43.519  9.520 0.6999999881
114152  -23.681  -41.871  11.693 0.4000000060
38243  -29.810  -43.538  8.658 0.6999999881
39959  -23.205  -41.256  11.314 0.3000000119
39960  -24.346  -41.999  12.092 0.5000000000
39115  -27.079  -42.042  6.826 0.6999999881
122159  -28.113  -42.981  7.169 0.6999999881
39107  -29.854  -42.663  8.193 0.6999999881
40849  -23.894  -41.251  12.081 0.4000000060
39126  -27.403  -42.807  6.893 0.6999999881
39117  -28.908  -42.666  7.449 0.6999999881
39116  -27.967  -42.306  7.024 0.6999999881
40006  -26.791  -41.121  6.801 0.6999999881
40898  -23.516  -39.832  5.603 0.8000000119
40017  -24.609  -41.345  5.878 0.8000000119
110428  -25.038  -40.770  6.186 0.8000000119
110221  -24.582  -40.006  6.149 0.8000000119
126535  -22.467  -39.620  4.292 0.8000000119
43667  -22.289  -38.131  3.219 0.8000000119
42777  -21.989  -38.715  3.491 0.8000000119
41849  -22.020  -39.213  3.884 0.8999999762
42778  -23.270  -38.800  3.263 0.8999999762
43668  -23.366  -37.987  3.184 0.8000000119
43656  -25.312  -37.070  4.349 0.8000000119
43672  -28.527  -37.957  4.062 0.6999999881
43673  -29.489  -37.794  3.843 0.6000000238
43657  -26.685  -37.128  4.550 0.6999999881
46007  -25.924  -35.031  3.889 0.6999999881
36610  -26.873  -45.790  11.034 0.6999999881
38206  -25.892  -43.535  11.665 0.6000000238
37407  -26.283  -44.262  11.350 0.6000000238
38207  -26.731  -43.666  11.474 0.6999999881
37408  -27.310  -44.315  11.225 0.6999999881
36597  -28.256  -44.735  10.976 0.6999999881
114782  -28.417  -45.501  10.849 0.6999999881
38224  -24.426  -43.945  11.141 0.5000000000
37406  -25.541  -44.151  11.376 0.6000000238
37409  -28.171  -44.014  11.111 0.6999999881
37424  -28.941  -44.260  10.824 0.6999999881
36612  -29.004  -45.073  10.681 0.6999999881
109226  -24.806  -42.845  11.937 0.5000000000
38205  -25.004  -43.661  11.568 0.5000000000
39072  -26.605  -42.929  11.699 0.6000000238
114936  -29.908  -44.084  10.040 0.6999999881
39951  -24.763  -41.255  12.338 0.4000000060
39961  -25.290  -42.027  12.215 0.6000000238
39099  -30.292  -42.711  9.797 0.6999999881
40008  -29.541  -41.893  7.596 0.6999999881
38235  -30.175  -42.961  9.020 0.6999999881
41773  -24.749  -39.616  12.496 0.3000000119
124693  -28.323  -40.971  7.225 0.6999999881
40900  -25.443  -40.213  6.480 0.8000000119
41835  -25.797  -39.735  6.728 0.8000000119
40901  -26.225  -40.324  6.729 0.6999999881
40891  -27.037  -40.276  6.979 0.6999999881
42749  -25.732  -39.081  6.945 0.8000000119
42769  -21.443  -38.775  3.843 0.8000000119
41843  -22.547  -39.427  4.872 0.8000000119
41832  -23.060  -38.985  5.577 0.8000000119
41833  -24.205  -39.232  6.150 0.8000000119
43654  -22.134  -37.402  3.217 0.8000000119
44452  -21.731  -37.024  5.176 0.8000000119
43616  -22.991  -36.960  6.353 0.8000000119
44434  -23.486  -36.211  6.755 0.8000000119
45213  -22.961  -35.611  6.424 0.8000000119
43659  -29.017  -37.228  4.435 0.6000000238
43658  -27.921  -37.223  4.525 0.6999999881
44462  -24.291  -36.292  4.078 0.8000000119
46008  -27.077  -34.776  4.009 0.6000000238
45247  -27.758  -35.616  4.540 0.6000000238
39071  -25.729  -42.765  11.968 0.6000000238
38209  -28.659  -43.427  10.997 0.6999999881
39073  -27.308  -42.339  11.573 0.6000000238
39091  -29.221  -42.728  10.834 0.6999999881
38225  -29.551  -43.620  10.533 0.6999999881
39092  -29.929  -42.764  10.390 0.6999999881
40841  -25.182  -40.492  12.460 0.4000000060
39952  -25.710  -41.200  12.294 0.4000000060
39963  -27.171  -41.569  11.761 0.5000000000
39975  -28.799  -41.876  11.010 0.6999999881
38226  -30.037  -43.356  10.119 0.6999999881
39962  -26.370  -41.972  12.015 0.5000000000
40850  -26.671  -40.914  12.111 0.5000000000
111860  -30.443  -41.939  9.651 0.6999999881
39100  -30.370  -42.256  8.940 0.6999999881
41774  -25.461  -39.188  12.531 0.3000000119
111267  -25.667  -39.848  12.487 0.4000000060
112225  -27.701  -41.514  7.006 0.6999999881
39995  -30.605  -41.328  8.959 0.6999999881
114901  -29.972  -41.241  7.633 0.6999999881
40895  -30.449  -40.914  7.992 0.6999999881
40893  -28.878  -40.320  7.345 0.6999999881
40894  -29.919  -40.420  7.520 0.6999999881
41834  -25.116  -39.497  6.558 0.8000000119
41825  -27.382  -39.510  7.243 0.6999999881
41827  -30.296  -39.428  7.656 0.6999999881
41826  -28.367  -39.548  7.374 0.6999999881
119258  -29.347  -38.288  7.513 0.6999999881
42759  -21.855  -38.862  4.657 0.8000000119
42747  -23.919  -38.428  6.278 0.8000000119
41824  -26.476  -39.587  6.991 0.6999999881
117660  -28.467  -38.103  7.488 0.6999999881
43621  -29.030  -37.628  7.527 0.6999999881
119775  -24.669  -38.047  6.712 0.8000000119
109733  -24.896  -38.734  6.653 0.8000000119
42748  -25.548  -38.159  7.108 0.8000000119
118728  -27.458  -37.906  7.475 0.8000000119
127556  -28.529  -36.575  7.564 0.6999999881
43644  -21.389  -38.007  4.267 0.8000000119
43633  -23.885  -37.600  6.584 0.8000000119
43618  -25.111  -36.814  7.292 0.8000000119
44436  -26.631  -36.199  7.491 0.8000000119
43653  -21.521  -37.862  3.560 0.8000000119
110083  -21.146  -37.018  3.929 0.8000000119
43617  -24.152  -36.834  6.929 0.8000000119
45216  -26.088  -35.525  7.297 0.8000000119
44461  -22.276  -36.265  3.410 0.8000000119
111108  -21.430  -36.045  4.700 0.8000000119
45214  -23.913  -35.616  6.858 0.8000000119
45215  -24.989  -35.594  7.128 0.8000000119
45986  -23.655  -34.283  6.219 0.8000000119
45244  -23.451  -35.475  3.304 0.8000000119
44466  -30.184  -36.186  4.297 0.5000000000
44465  -28.420  -36.478  4.652 0.6000000238
46005  -23.122  -34.557  2.996 0.8000000119
119250  -29.416  -36.455  4.513 0.6000000238
46010  -29.373  -35.135  4.369 0.6000000238
46009  -28.347  -34.938  4.238 0.6000000238
38208  -27.583  -43.322  11.367 0.6999999881
39965  -28.430  -41.049  11.240 0.6999999881
39976  -29.287  -41.201  10.878 0.6999999881
116112  -29.682  -42.007  10.660 0.6999999881
39964  -27.601  -40.928  11.672 0.5000000000
40853  -28.937  -40.441  11.164 0.6999999881
41775  -26.182  -39.257  12.478 0.4000000060
40843  -26.477  -40.011  12.339 0.4000000060
41776  -27.007  -39.350  12.330 0.5000000000
39982  -30.243  -42.031  10.216 0.6999999881
42696  -25.785  -38.547  12.529 0.3000000119
42697  -26.633  -38.568  12.468 0.3000000119
41798  -30.823  -39.881  10.118 0.6999999881
40885  -30.787  -40.392  8.611 0.6999999881
110921  -24.937  -38.667  12.529 0.3000000119
115689  -26.633  -37.079  12.426 0.3000000119
123308  -26.376  -36.444  12.457 0.3000000119
42736  -30.839  -38.710  8.073 0.6999999881
42741  -26.677  -38.681  7.296 0.8000000119
115781  -27.862  -38.769  7.413 0.6999999881
109538  -29.638  -38.934  7.486 0.6999999881
43620  -28.240  -37.185  7.537 0.6999999881
44438  -29.262  -36.884  7.601 0.6999999881
43632  -22.596  -38.008  5.667 0.8000000119
43634  -24.847  -37.451  7.004 0.8000000119
117480  -26.403  -37.681  7.418 0.6999999881
44437  -27.804  -36.239  7.550 0.8000000119
117895  -25.561  -36.192  7.395 0.8000000119
45972  -26.638  -34.870  7.051 0.8000000119
45235  -21.303  -35.040  4.371 0.8000000119
44460  -21.592  -36.137  3.951 0.8000000119
108335  -21.939  -35.159  5.596 0.8000000119
45970  -24.359  -34.978  6.715 0.8000000119
45987  -24.904  -34.303  6.398 0.8000000119
45989  -27.202  -34.255  6.686 0.8000000119
45243  -21.899  -34.956  3.523 0.8000000119
122109  -21.463  -34.073  4.077 0.8000000119
45985  -22.424  -34.288  5.727 0.8000000119
46860  -24.186  -33.645  5.784 0.8000000119
46862  -26.756  -33.680  6.089 0.8000000119
46006  -24.651  -34.820  3.235 0.8000000119
114230  -27.904  -41.710  11.369 0.6000000238
41785  -27.835  -39.423  12.022 0.5000000000
127315  -28.746  -39.952  11.382 0.6999999881
41797  -30.177  -39.885  10.703 0.6999999881
118924  -29.333  -39.743  11.159 0.6999999881
40864  -29.727  -40.532  10.793 0.6999999881
42718  -30.551  -39.211  10.562 0.6999999881
44394  -25.726  -36.901  12.505 0.3000000119
43571  -27.073  -37.830  12.416 0.3000000119
124558  -29.914  -39.259  11.006 0.6999999881
45172  -27.912  -35.555  11.988 0.3000000119
41799  -31.179  -39.092  9.896 0.6999999881
126350  -26.435  -33.437  11.923 0.3000000119
46782  -26.955  -34.119  12.096 0.3000000119
45923  -27.285  -34.897  12.142 0.3000000119
45924  -28.140  -34.728  11.911 0.3000000119
47670  -26.001  -32.600  11.434 0.3000000119
42742  -30.162  -38.496  7.630 0.6999999881
43622  -29.828  -37.703  7.608 0.6999999881
45218  -28.192  -35.362  7.495 0.8000000119
45973  -27.656  -34.768  7.194 0.8000000119
111247  -21.532  -34.361  4.937 0.8000000119
45997  -21.884  -33.623  4.860 0.8000000119
46859  -22.988  -33.632  5.517 0.8000000119
46872  -24.555  -33.021  5.178 0.8000000119
46861  -25.516  -33.610  5.795 0.8000000119
46873  -26.379  -33.060  5.448 0.8000000119
46871  -23.486  -33.098  5.067 0.8000000119
128935  -23.967  -34.230  2.845 0.8000000119
46016  -24.852  -34.041  2.773 0.6999999881
122434  -25.979  -34.270  3.228 0.6000000238
41786  -28.606  -39.452  11.598 0.6000000238
112238  -29.298  -38.710  11.436 0.6000000238
43573  -28.197  -36.987  12.020 0.4000000060
116254  -29.297  -37.705  11.624 0.6000000238
126406  -30.163  -38.719  10.979 0.6999999881
44402  -29.384  -36.106  11.650 0.4000000060
42719  -30.848  -38.381  10.510 0.6999999881
42720  -31.365  -38.294  9.703 0.6999999881
41805  -31.301  -38.802  8.915 0.6999999881
46809  -28.307  -33.798  11.865 0.3000000119
114027  -30.360  -35.929  11.294 0.4000000060
43585  -30.839  -37.480  10.743 0.6000000238
44421  -31.516  -36.825  9.405 0.6999999881
42737  -31.145  -38.022  8.506 0.6999999881
115236  -30.603  -37.877  7.932 0.6999999881
44431  -31.358  -36.641  8.697 0.6999999881
43623  -30.311  -37.029  7.775 0.6999999881
44439  -29.966  -36.033  7.695 0.6999999881
43619  -27.105  -37.009  7.518 0.8000000119
45217  -27.166  -35.468  7.389 0.8000000119
45988  -26.118  -34.310  6.513 0.8000000119
45990  -28.147  -34.145  6.875 0.8000000119
46874  -27.366  -33.064  5.718 0.8000000119
46014  -22.863  -33.292  3.297 0.8000000119
47740  -23.037  -32.879  4.278 0.8000000119
120711  -24.860  -32.446  4.509 0.8000000119
125937  -25.475  -32.907  5.170 0.8000000119
47741  -23.876  -32.612  4.444 0.8000000119
46017  -27.004  -34.071  3.313 0.6000000238
126142  -24.068  -33.723  2.730 0.8000000119
46891  -26.536  -33.706  2.815 0.6000000238
46889  -24.697  -33.374  2.534 0.6999999881
121000  -25.985  -32.414  2.093 0.6999999881
42706  -28.319  -38.696  11.925 0.6000000238
42708  -30.108  -38.003  11.160 0.6000000238
45178  -28.762  -35.390  11.813 0.3000000119
45933  -29.021  -34.517  11.812 0.3000000119
45179  -29.706  -35.210  11.630 0.3000000119
43596  -31.450  -37.575  9.561 0.6999999881
48573  -28.202  -32.098  11.275 0.3000000119
47673  -28.629  -32.906  11.626 0.3000000119
45189  -31.628  -35.413  10.011 0.4000000060
48602  -27.735  -31.462  10.854 0.3000000119
45209  -31.481  -35.352  8.581 0.6000000238
45220  -30.216  -35.064  7.782 0.6000000238
45964  -31.065  -34.868  8.113 0.6000000238
45219  -29.218  -35.216  7.604 0.8000000119
45976  -30.578  -34.385  7.774 0.6000000238
45974  -28.602  -34.620  7.349 0.8000000119
45975  -29.635  -34.337  7.484 0.6999999881
45991  -28.913  -34.024  7.094 0.6999999881
46849  -29.571  -33.576  7.028 0.6999999881
46850  -30.526  -33.619  7.513 0.6999999881
114604  -27.756  -33.630  6.305 0.8000000119
46863  -28.724  -33.473  6.535 0.8000000119
124697  -29.572  -32.896  6.425 0.6999999881
124709  -28.222  -33.017  5.948 0.8000000119
47745  -29.230  -32.393  5.813 0.6999999881
48636  -29.996  -32.183  6.002 0.6999999881
46881  -22.154  -33.235  3.943 0.8000000119
47759  -23.187  -32.930  3.528 0.8000000119
119712  -27.949  -32.432  5.329 0.8000000119
47752  -23.574  -32.577  3.824 0.8000000119
47742  -25.968  -32.439  4.766 0.8000000119
47743  -26.977  -32.486  5.114 0.8000000119
46004  -22.177  -33.870  3.325 0.8000000119
46900  -23.635  -32.767  3.213 0.8000000119
48645  -25.390  -31.775  3.879 0.8000000119
48656  -26.391  -31.160  3.808 0.8000000119
46888  -23.742  -33.128  2.953 0.8000000119
46901  -23.897  -32.442  3.036 0.8000000119
47770  -24.573  -31.882  2.732 0.6999999881
126398  -27.473  -33.495  2.932 0.6000000238
114568  -27.528  -32.723  2.378 0.6000000238
46902  -24.530  -32.590  2.649 0.8000000119
47771  -25.296  -32.124  2.345 0.6999999881
48669  -26.008  -31.572  1.884 0.6999999881
44410  -30.998  -36.595  10.830 0.5000000000
44411  -31.365  -37.101  10.180 0.5000000000
45180  -30.704  -34.962  11.264 0.4000000060
45188  -31.199  -35.709  10.765 0.5000000000
119249  -29.678  -32.885  11.488 0.3000000119
45199  -31.638  -35.931  9.181 0.6000000238
48604  -29.620  -31.294  11.026 0.3000000119
47674  -30.505  -33.002  11.312 0.3000000119
45953  -31.840  -34.916  9.266 0.6000000238
49557  -28.104  -30.777  10.523 0.3000000119
47695  -31.233  -32.843  10.928 0.3000000119
49558  -29.008  -30.639  10.608 0.3000000119
45977  -31.397  -34.047  8.154 0.6000000238
120786  -27.932  -29.541  9.644 0.3000000119
46864  -30.190  -33.103  6.962 0.6999999881
122163  -27.435  -32.009  4.800 0.8000000119
114087  -28.751  -32.021  5.304 0.6999999881
48649  -29.535  -31.723  5.453 0.6999999881
48647  -28.120  -31.695  4.808 0.6999999881
48657  -27.338  -31.399  4.366 0.8000000119
117983  -28.093  -30.923  4.368 0.6999999881
47753  -24.207  -32.105  3.685 0.8000000119
49611  -25.520  -30.928  3.073 0.6999999881
49613  -27.244  -30.672  3.882 0.6000000238
47774  -29.674  -32.132  3.097 0.6000000238
48663  -25.107  -31.391  2.812 0.6999999881
121829  -26.891  -31.636  1.615 0.6999999881
47772  -26.751  -32.234  1.986 0.6999999881
48668  -25.303  -31.433  2.362 0.6999999881
53275  -26.108  -27.374  1.556 0.5000000000
52360  -26.798  -27.415  1.222 0.5000000000
118294  -32.000  -34.135  8.895 0.6000000238
45965  -31.623  -34.677  8.585 0.6000000238
120127  -32.035  -33.381  8.600 0.6000000238
47711  -32.107  -32.605  8.340 0.6000000238
47721  -30.893  -32.800  7.279 0.6999999881
47722  -31.670  -32.367  7.629 0.6999999881
47734  -30.410  -32.519  6.634 0.6999999881
51395  -26.530  -28.476  8.569 0.3000000119
47735  -31.158  -32.098  6.926 0.6999999881
48637  -30.671  -31.911  6.321 0.6999999881
48648  -28.981  -31.205  4.834 0.6999999881
49605  -29.812  -31.106  5.120 0.6000000238
47761  -24.266  -31.949  3.088 0.6999999881
113081  -24.751  -31.633  3.233 0.6999999881
49612  -26.382  -30.321  3.320 0.6999999881
49620  -25.595  -30.451  2.400 0.6999999881
48670  -27.700  -31.890  1.973 0.6000000238
48671  -28.813  -31.509  2.285 0.5000000000
48684  -25.826  -30.593  1.761 0.6999999881
49638  -25.753  -29.791  1.680 0.6999999881
122329  -26.478  -30.014  1.405 0.6999999881
50632  -26.695  -29.133  1.333 0.6000000238
46829  -32.156  -33.393  9.459 0.5000000000
47703  -32.262  -32.165  9.466 0.4000000060
46830  -32.321  -32.751  9.034 0.5000000000
47712  -32.406  -32.016  8.771 0.5000000000
47723  -32.256  -31.853  8.044 0.6000000238
48622  -31.916  -31.637  7.278 0.6000000238
51396  -27.476  -28.484  8.758 0.3000000119
48638  -31.385  -31.320  6.425 0.6999999881
48650  -30.436  -31.388  5.693 0.6000000238
49607  -31.143  -30.658  5.682 0.6000000238
49606  -30.398  -30.619  5.141 0.6000000238
119063  -27.969  -30.195  3.930 0.6000000238
49604  -29.654  -30.484  4.666 0.6000000238
50603  -27.187  -29.908  3.554 0.6000000238
50604  -28.538  -29.654  3.817 0.6000000238
50615  -25.913  -29.994  2.600 0.6999999881
50602  -26.475  -29.491  3.003 0.6000000238
49625  -25.531  -29.890  1.999 0.6999999881
49639  -27.387  -30.505  1.351 0.6999999881
48687  -28.066  -31.370  1.783 0.6000000238
108059  -29.106  -30.155  1.694 0.5000000000
126761  -27.921  -30.205  1.363 0.6000000238
49626  -28.336  -30.725  1.630 0.6000000238
50635  -29.324  -29.416  1.532 0.5000000000
51481  -25.717  -28.734  1.640 0.6000000238
50633  -27.535  -29.638  1.303 0.5000000000
49648  -25.958  -29.252  1.512 0.5000000000
51473  -27.439  -28.705  1.233 0.5000000000
51474  -28.429  -28.873  1.262 0.5000000000
52361  -27.589  -27.416  0.993 0.5000000000
123700  -27.192  -26.939  1.044 0.5000000000
48613  -32.471  -31.388  9.098 0.4000000060
49578  -32.638  -30.623  8.718 0.4000000060
50551  -30.809  -29.302  9.741 0.4000000060
48623  -32.500  -31.155  7.718 0.6000000238
52272  -27.041  -27.845  8.227 0.3000000119
121057  -27.812  -27.855  8.327 0.3000000119
121664  -29.035  -27.920  8.709 0.3000000119
53197  -27.889  -26.361  7.668 0.3000000119
110381  -30.404  -29.100  4.300 0.5000000000
50591  -30.957  -30.108  5.164 0.6000000238
51444  -28.905  -28.969  3.611 0.6000000238
125563  -27.834  -29.613  3.625 0.6000000238
50605  -29.490  -29.595  4.152 0.6000000238
51442  -27.290  -29.191  3.302 0.6000000238
122936  -28.377  -28.507  3.338 0.6000000238
108647  -25.622  -29.668  2.125 0.6999999881
51456  -26.615  -28.589  2.747 0.6000000238
51471  -25.571  -28.553  1.868 0.6999999881
51482  -26.139  -28.612  1.431 0.5000000000
51472  -26.756  -28.494  1.290 0.5000000000
53286  -26.522  -26.760  1.371 0.5000000000
120787  -32.035  -30.211  9.586 0.4000000060
48617  -32.562  -31.261  8.438 0.4000000060
50553  -32.521  -29.991  9.077 0.4000000060
123076  -32.422  -28.933  8.773 0.4000000060
49583  -32.828  -30.557  8.069 0.4000000060
127893  -32.702  -30.570  7.455 0.4000000060
48639  -32.260  -30.931  6.978 0.5000000000
52273  -28.514  -27.453  8.290 0.3000000119
53180  -29.048  -26.796  8.095 0.3000000119
52274  -29.420  -27.380  8.487 0.4000000060
49595  -31.976  -30.488  6.256 0.4000000060
53198  -28.670  -26.225  7.752 0.3000000119
52275  -30.342  -27.422  8.615 0.4000000060
50607  -31.208  -29.369  4.879 0.5000000000
50606  -30.368  -29.901  4.676 0.5000000000
51445  -29.741  -28.666  3.773 0.5000000000
51446  -30.566  -28.328  3.972 0.5000000000
51457  -27.614  -28.499  3.143 0.6000000238
52338  -28.159  -27.789  3.018 0.6000000238
52335  -25.745  -27.680  2.078 0.6000000238
125783  -26.697  -27.224  2.497 0.6000000238
52350  -25.634  -27.840  1.911 0.5000000000
52359  -25.801  -28.065  1.660 0.5000000000
125940  -25.750  -27.399  1.860 0.5000000000
54221  -26.437  -25.951  1.535 0.5000000000
120510  -27.162  -26.311  1.031 0.5000000000
50552  -31.813  -29.532  9.447 0.4000000060
50563  -32.950  -29.760  8.295 0.4000000060
50568  -33.135  -29.177  7.585 0.4000000060
50567  -33.009  -29.964  7.570 0.4000000060
120356  -32.819  -28.355  8.171 0.4000000060
50578  -33.023  -29.442  6.929 0.4000000060
50593  -32.818  -28.879  6.259 0.4000000060
51447  -31.789  -28.546  4.830 0.4000000060
50577  -32.449  -29.706  6.207 0.5000000000
116129  -27.666  -24.985  7.427 0.3000000119
123613  -31.351  -28.031  4.244 0.4000000060
52339  -29.954  -27.712  3.524 0.5000000000
52323  -30.815  -27.674  3.816 0.4000000060
113357  -29.035  -27.328  3.096 0.6000000238
51458  -29.043  -28.173  3.382 0.5000000000
52340  -30.645  -26.981  3.586 0.5000000000
118682  -27.472  -27.107  2.676 0.6000000238
122106  -28.284  -26.997  2.812 0.5000000000
53266  -25.725  -27.110  1.972 0.5000000000
53252  -26.044  -26.933  2.178 0.6000000238
53253  -26.732  -26.544  2.425 0.6000000238
53254  -27.719  -26.232  2.612 0.6000000238
124797  -26.172  -26.173  2.159 0.6000000238
53276  -25.970  -26.642  1.848 0.5000000000
55079  -26.457  -25.037  1.669 0.5000000000
117205  -27.982  -25.098  0.585 0.5000000000
53267  -25.910  -26.318  1.958 0.5000000000
57452  -26.666  -22.063  7.572 0.3000000119
121096  -27.600  -22.403  7.561 0.4000000060
122497  -28.478  -22.316  7.507 0.4000000060
57453  -27.259  -21.470  7.552 0.4000000060
54193  -26.683  -25.720  2.337 0.5000000000
55054  -29.312  -24.193  2.988 0.5000000000
109859  -30.213  -25.069  3.180 0.5000000000
55051  -26.577  -24.844  2.219 0.5000000000
55053  -28.302  -24.671  2.716 0.5000000000
54212  -26.113  -25.661  1.953 0.5000000000
55064  -26.278  -24.674  1.977 0.6000000238
107899  -27.912  -24.308  0.632 0.5000000000
55080  -26.616  -24.151  1.749 0.5000000000
55927  -27.279  -23.722  1.162 0.6000000238
111777  -28.483  -22.710  0.574 0.4000000060
57454  -28.152  -21.638  7.528 0.4000000060
116334  -30.159  -22.662  7.422 0.4000000060
124512  -27.451  -25.200  2.532 0.5000000000
55884  -27.256  -23.402  2.481 0.5000000000
55065  -26.642  -24.019  2.141 0.5000000000
55901  -26.912  -23.248  2.075 0.5000000000
117369  -26.549  -23.879  1.984 0.5000000000
56743  -28.119  -21.826  0.650 0.4000000060
55913  -26.942  -23.169  1.801 0.5000000000
114236  -27.584  -22.626  1.076 0.5000000000
57455  -29.618  -21.166  7.386 0.4000000060
59259  -27.569  -19.969  7.458 0.4000000060
55052  -27.278  -24.272  2.491 0.5000000000
55886  -29.829  -23.387  3.338 0.4000000060
56719  -27.074  -22.362  2.075 0.4000000060
56730  -27.224  -22.057  1.729 0.4000000060
57561  -27.564  -21.462  1.184 0.5000000000
57562  -27.923  -20.845  0.727 0.3000000119
116154  -28.550  -21.993  3.296 0.4000000060
58484  -27.908  -19.971  0.781 0.4000000060
58483  -27.572  -20.472  1.266 0.4000000060
57535  -27.210  -21.047  2.134 0.4000000060
59338  -30.603  -19.421  0.476 0.4000000060
57547  -27.284  -21.187  1.729 0.4000000060
59353  -28.027  -19.273  0.774 0.4000000060
59316  -28.095  -19.791  2.656 0.4000000060
59354  -28.476  -18.856  0.379 0.4000000060
114555  -28.976  -19.469  0.265 0.4000000060
59339  -30.356  -18.475  -0.074 0.4000000060
60187  -31.457  -18.932  0.640 0.4000000060
59325  -27.731  -19.668  1.998 0.4000000060
59337  -27.870  -19.354  1.249 0.3000000119
60177  -28.169  -18.973  1.593 0.4000000060
60167  -28.638  -18.730  2.206 0.4000000060
60185  -28.359  -18.661  0.795 0.3000000119
60197  -28.764  -18.173  0.226 0.4000000060
59355  -29.358  -18.804  0.068 0.4000000060
60199  -31.271  -18.139  -0.056 0.4000000060
61150  -29.186  -17.696  0.194 0.4000000060
110992  -30.366  -17.616  -0.378 0.5000000000
60178  -28.603  -18.283  1.380 0.4000000060
60186  -28.837  -17.955  0.591 0.4000000060
29490  -20.643  -53.342  2.967 0.6999999881
116323  -26.051  -54.108  5.590 0.6999999881
24150  -23.540  -59.633  8.395 0.6000000238
121090  -27.509  -54.780  8.443 0.6999999881
29395  -26.602  -53.861  9.932 0.6000000238
30298  -27.641  -52.346  9.726 0.6999999881
34853  -26.982  -48.182  6.809 0.8000000119
28527  -21.929  -54.611  7.262 0.4000000060
37488  -21.119  -44.426  3.991 0.8000000119
32047  -22.806  -50.567  8.843 0.5000000000
35739  -28.951  -46.717  8.766 0.8000000119
33932  -28.917  -48.143  10.131 0.8000000119
33927  -24.979  -48.157  10.313 0.6000000238
36607  -22.947  -45.171  10.048 0.5000000000
36608  -24.597  -45.971  10.565 0.6000000238
45971  -25.527  -34.941  6.915 0.8000000119
44430  -30.840  -36.426  8.112 0.6999999881
45208  -30.848  -35.623  8.077 0.6000000238
42707  -28.707  -38.097  11.849 0.6000000238
128892  -32.216  -32.773  9.506 0.4000000060
54222  -27.117  -25.479  1.057 0.5000000000
56702  -27.292  -22.524  2.452 0.4000000060
27744  -19.986  -55.400  2.084 0.6999999881
32149  -23.778  -50.280  1.104 0.5000000000
22516  -24.928  -61.775  7.523 0.5000000000
125241  -22.909  -48.792  1.204 0.6999999881
28580  -25.056  -54.798  4.748 0.6999999881
33087  -21.654  -49.260  4.013 0.6999999881
31238  -21.676  -51.490  3.698 0.6999999881
34909  -23.370  -47.441  1.963 0.6999999881
35840  -25.301  -46.665  2.860 0.5000000000
114443  -24.963  -45.330  2.734 0.5000000000
25023  -25.298  -57.826  9.004 0.6000000238
31208  -24.782  -51.576  5.174 0.6999999881
114364  -22.622  -47.107  2.216 0.6999999881
25981  -25.773  -57.817  8.656 0.6000000238
29462  -26.397  -53.379  5.966 0.8000000119
37512  -26.970  -44.924  2.557 0.4000000060
29444  -27.423  -53.465  7.477 0.8000000119
26829  -24.482  -56.604  9.265 0.6000000238
26828  -23.660  -56.947  8.900 0.6000000238
36725  -21.668  -45.717  3.314 0.8000000119
28499  -27.057  -54.603  9.426 0.6999999881
110679  -25.813  -49.043  6.126 0.8000000119
117661  -25.669  -43.945  2.633 0.5000000000
30299  -28.005  -51.742  9.262 0.6999999881
27654  -23.536  -55.539  8.513 0.6000000238
33052  -27.729  -49.360  7.528 0.8000000119
34021  -24.378  -48.434  5.394 0.8000000119
31165  -28.213  -51.072  9.081 0.6999999881
29415  -24.339  -54.144  8.981 0.6000000238
36653  -21.639  -44.559  5.042 0.8000000119
111686  -26.343  -42.110  2.663 0.6000000238
39176  -27.834  -42.673  2.558 0.4000000060
107267  -22.150  -53.967  7.617 0.3000000119
28510  -23.324  -54.782  8.177 0.5000000000
26839  -22.512  -56.060  7.768 0.5000000000
27668  -21.701  -55.297  6.983 0.4000000060
36674  -25.083  -45.866  5.812 0.8999999762
39159  -22.770  -42.346  3.847 0.8000000119
118127  -26.658  -50.996  10.609 0.6000000238
112437  -25.848  -51.061  10.375 0.6000000238
32990  -27.824  -50.083  10.513 0.6000000238
31144  -24.877  -51.609  9.553 0.5000000000
28528  -22.614  -54.678  7.734 0.4000000060
29413  -22.975  -53.899  8.027 0.5000000000
29414  -23.687  -53.521  8.517 0.5000000000
41871  -28.973  -39.884  3.206 0.4000000060
30319  -22.893  -52.097  8.488 0.5000000000
30295  -23.680  -51.965  8.801 0.5000000000
33002  -22.276  -48.972  9.130 0.5000000000
33949  -23.480  -48.744  9.588 0.6000000238
33023  -23.195  -49.904  9.175 0.5000000000
32046  -22.006  -50.533  8.585 0.5000000000
34796  -21.245  -46.810  9.115 0.6000000238
32026  -23.647  -50.636  9.120 0.5000000000
33950  -24.104  -49.200  9.679 0.6000000238
121697  -21.353  -44.071  9.202 0.4000000060
37448  -29.178  -44.253  8.155 0.6999999881
39121  -23.129  -42.140  5.120 0.8999999762
34800  -24.148  -48.435  9.973 0.6000000238
127799  -29.452  -44.777  8.730 0.6999999881
39089  -22.734  -42.712  10.351 0.4000000060
38223  -23.802  -43.831  10.840 0.5000000000
40026  -23.155  -41.525  4.863 0.8000000119
43671  -27.401  -37.949  4.226 0.6999999881
35708  -27.132  -46.585  10.998 0.6999999881
113452  -25.211  -46.533  10.670 0.6999999881
118067  -26.108  -45.552  11.010 0.6999999881
39070  -23.916  -42.581  11.586 0.5000000000
36593  -24.752  -45.157  10.821 0.6000000238
37423  -24.186  -44.532  10.804 0.5000000000
40007  -28.638  -41.756  7.237 0.6999999881
40009  -30.227  -41.744  8.124 0.6999999881
40840  -24.288  -40.484  12.346 0.3000000119
43655  -23.701  -37.054  3.686 0.8000000119
44463  -25.905  -36.317  4.560 0.6000000238
44464  -27.237  -36.392  4.690 0.6000000238
45246  -26.531  -35.595  4.442 0.6000000238
45245  -25.147  -35.585  4.109 0.8000000119
128711  -25.350  -43.218  11.840 0.6000000238
39074  -28.250  -42.566  11.199 0.6999999881
40842  -25.951  -40.499  12.372 0.4000000060
110229  -29.254  -41.111  7.407 0.6999999881
120368  -21.478  -37.018  3.492 0.8000000119
40851  -27.308  -40.147  12.049 0.5000000000
39983  -30.507  -41.315  9.952 0.6999999881
112421  -25.286  -37.827  12.524 0.3000000119
107325  -30.551  -40.164  7.917 0.6999999881
109283  -29.359  -39.590  7.432 0.6999999881
123940  -25.595  -37.397  7.299 0.8000000119
115873  -26.066  -36.878  7.459 0.8000000119
39977  -30.060  -41.302  10.501 0.6999999881
40865  -30.408  -40.598  10.320 0.6999999881
40873  -30.773  -40.561  9.573 0.6999999881
113631  -26.194  -37.788  12.507 0.3000000119
42698  -27.488  -38.624  12.278 0.4000000060
41804  -31.099  -39.748  9.233 0.6999999881
41816  -30.895  -39.554  8.333 0.6999999881
45169  -25.890  -35.852  12.510 0.3000000119
43612  -31.014  -37.242  8.276 0.6999999881
44401  -28.478  -36.216  11.887 0.3000000119
46783  -27.622  -34.196  11.994 0.3000000119
46890  -25.691  -33.604  2.570 0.6999999881
43583  -29.013  -36.918  11.806 0.6000000238
43584  -30.018  -36.967  11.337 0.6000000238
43595  -31.272  -37.778  10.188 0.6999999881
42726  -31.423  -38.030  9.069 0.6999999881
43603  -31.390  -37.400  8.878 0.6999999881
118392  -31.314  -36.002  8.490 0.6000000238
47744  -28.869  -32.870  6.091 0.8000000119
46904  -26.500  -33.066  2.349 0.6000000238
45934  -29.930  -34.348  11.597 0.3000000119
120326  -31.481  -36.271  10.075 0.5000000000
48574  -29.179  -32.083  11.350 0.3000000119
45944  -31.729  -34.592  10.171 0.5000000000
46851  -31.518  -33.165  7.866 0.6000000238
129173  -28.609  -32.554  5.699 0.6999999881
48685  -26.641  -30.975  1.480 0.6999999881
46811  -30.172  -33.600  11.466 0.3000000119
50530  -28.444  -30.081  10.111 0.3000000119
50531  -29.371  -29.939  10.184 0.3000000119
128310  -25.631  -31.085  2.041 0.6999999881
115005  -25.546  -30.782  2.283 0.6999999881
49614  -28.801  -30.356  4.282 0.6000000238
50614  -25.887  -29.066  2.298 0.6000000238
52336  -26.281  -27.746  2.415 0.6000000238
52362  -28.379  -27.273  0.884 0.4000000060
49575  -32.378  -30.747  9.374 0.4000000060
51382  -30.242  -28.615  9.352 0.4000000060
51397  -28.365  -28.211  8.709 0.3000000119
52287  -27.626  -27.176  7.903 0.3000000119
52288  -28.352  -26.822  7.897 0.3000000119
50592  -31.644  -29.922  5.592 0.5000000000
51465  -25.596  -28.402  2.021 0.5000000000
116755  -32.654  -30.208  6.880 0.4000000060
53199  -29.503  -26.150  7.892 0.4000000060
125187  -31.071  -28.689  4.419 0.5000000000
51418  -33.173  -28.093  6.339 0.4000000060
53256  -29.766  -26.749  3.201 0.5000000000
54192  -26.134  -25.523  2.031 0.6000000238
117035  -29.228  -22.540  7.480 0.4000000060
56637  -29.002  -21.775  7.465 0.4000000060
59336  -27.558  -19.992  1.599 0.4000000060
58447  -27.676  -20.223  2.494 0.4000000060
60200  -31.973  -17.790  -0.101 0.3000000119
23413  -21.158  -60.213  2.202 0.5000000000
24235  -20.114  -59.189  1.751 0.5000000000
22562  -22.995  -61.488  3.390 0.4000000060
22581  -22.733  -60.788  2.993 0.5000000000
23394  -21.885  -60.714  2.557 0.5000000000
111652  -21.807  -59.888  2.377 0.5000000000
24220  -22.317  -59.170  2.268 0.6000000238
25110  -21.606  -58.437  2.036 0.6000000238
127153  -23.350  -60.845  3.364 0.5000000000
22563  -23.691  -61.324  3.796 0.5000000000
23396  -23.350  -60.131  3.068 0.5000000000
24221  -23.050  -59.488  2.700 0.5000000000
22564  -24.361  -61.075  4.225 0.5000000000
123863  -23.195  -58.056  2.834 0.6000000238
26040  -22.831  -57.419  2.864 0.6000000238
25111  -22.480  -58.153  2.391 0.6000000238
118820  -22.156  -57.407  2.535 0.6000000238
26903  -21.406  -56.280  2.754 0.6000000238
26904  -22.210  -56.663  2.924 0.6000000238
26902  -20.659  -56.247  2.359 0.6000000238
23364  -24.633  -60.261  4.200 0.5000000000
24207  -23.764  -59.307  3.114 0.5000000000
25099  -23.763  -58.401  3.152 0.6000000238
23365  -24.910  -60.827  4.780 0.5000000000
128726  -25.344  -61.317  5.942 0.5000000000
23349  -25.296  -60.671  5.471 0.5000000000
26892  -23.215  -56.690  3.343 0.6000000238
27746  -21.803  -55.823  3.113 0.6000000238
117013  -20.363  -55.056  2.490 0.6000000238
24208  -24.304  -59.684  3.661 0.5000000000
109340  -24.155  -57.968  3.604 0.5000000000
24195  -25.055  -60.032  4.948 0.5000000000
120187  -25.218  -59.119  5.224 0.5000000000
24194  -24.825  -59.417  4.302 0.5000000000
26030  -24.655  -57.854  4.249 0.5000000000
129299  -23.770  -57.002  3.532 0.6000000238
23342  -25.532  -60.607  6.261 0.5000000000
107549  -25.475  -59.921  5.773 0.5000000000
108348  -25.476  -61.242  6.712 0.5000000000
128283  -25.626  -60.583  6.940 0.5000000000
27733  -22.608  -55.916  3.359 0.6000000238
28606  -20.676  -54.739  2.833 0.6000000238
28607  -21.483  -55.074  3.226 0.6000000238
26031  -25.088  -57.262  4.930 0.5000000000
26882  -25.082  -56.318  4.831 0.6000000238
24178  -25.591  -59.220  6.127 0.5000000000
26042  -24.159  -57.287  3.770 0.6000000238
119617  -24.557  -56.167  4.270 0.6000000238
22502  -25.331  -61.002  7.459 0.5000000000
22501  -24.726  -61.045  8.024 0.5000000000
28593  -22.107  -54.677  3.563 0.6000000238
115223  -22.030  -53.982  3.705 0.6000000238
26001  -25.893  -57.847  6.500 0.5000000000
25070  -25.559  -58.450  5.921 0.5000000000
26870  -25.497  -56.756  5.493 0.5000000000
120996  -25.532  -56.081  5.387 0.6000000238
121065  -25.800  -59.429  7.440 0.5000000000
23334  -25.592  -60.121  7.474 0.5000000000
25052  -25.986  -58.858  7.908 0.6000000238
26857  -26.321  -56.474  6.630 0.6000000238
26856  -25.871  -57.029  6.216 0.5000000000
26871  -25.898  -56.265  5.932 0.5000000000
27709  -25.853  -55.552  5.624 0.6000000238
25053  -26.134  -58.258  7.661 0.6000000238
25061  -26.139  -57.937  7.196 0.6000000238
27723  -25.345  -55.516  5.050 0.6000000238
24152  -25.125  -59.588  8.357 0.5000000000
25039  -26.045  -58.114  8.222 0.6000000238
23320  -24.026  -60.477  8.406 0.4000000060
25991  -26.404  -57.519  7.795 0.6000000238
26841  -26.645  -56.670  7.424 0.6000000238
27691  -26.785  -55.885  7.020 0.6000000238
27710  -26.341  -55.696  6.267 0.5000000000
28563  -26.279  -54.908  5.892 0.6000000238
28562  -25.660  -54.819  5.312 0.6000000238
28546  -26.782  -55.056  6.654 0.6999999881
120506  -27.054  -40.971  2.962 0.5000000000
40852  -28.198  -40.198  11.601 0.5000000000
118175  -28.822  -36.037  7.596 0.6000000238
123328  -28.233  -33.018  2.931 0.5000000000
61152  -31.240  -17.440  -0.586 0.4000000060
61153  -32.188  -17.186  -0.570 0.3000000119
61154  -33.323  -17.116  -0.182 0.3000000119
63034  -34.781  -16.208  -0.394 0.3000000119
21736  -21.721  -62.657  3.289 0.4000000060
22580  -21.573  -61.573  2.535 0.5000000000
22594  -21.094  -61.008  2.190 0.5000000000
25124  -20.587  -58.443  1.816 0.5000000000
21738  -23.354  -62.124  3.913 0.4000000060
26052  -21.377  -57.020  2.432 0.6000000238
26051  -20.413  -56.933  1.994 0.5000000000
22547  -24.678  -61.580  4.843 0.5000000000
21708  -24.706  -62.652  5.964 0.5000000000
22534  -24.959  -61.905  5.576 0.5000000000
21695  -25.171  -62.034  6.475 0.3000000119
21678  -24.527  -62.562  7.433 0.4000000060
22499  -23.226  -61.894  8.043 0.4000000060
40079  -28.205  -42.045  2.853 0.4000000060
40953  -28.033  -41.171  3.129 0.4000000060
46018  -27.918  -34.155  3.721 0.5000000000
115719  -28.611  -33.567  3.550 0.5000000000
47773  -28.504  -32.381  2.628 0.5000000000
115091  -31.983  -34.158  9.640 0.4000000060
61162  -32.774  -16.677  -0.837 0.3000000119
110807  -35.344  -15.611  -0.563 0.3000000119
21737  -22.506  -62.264  3.448 0.4000000060
26893  -24.019  -56.482  3.798 0.6000000238
24151  -24.409  -59.661  8.521 0.5000000000
23322  -25.224  -60.266  7.977 0.5000000000
24165  -25.589  -59.509  8.018 0.6000000238
46019  -29.027  -34.320  4.107 0.5000000000
22517  -25.292  -61.716  7.123 0.4000000060
24219  -21.182  -59.316  2.038 0.6000000238
21757  -22.288  -61.503  2.936 0.4000000060
23395  -22.525  -60.030  2.665 0.5000000000
126975  -23.866  -59.901  3.341 0.5000000000
22546  -24.093  -61.900  4.348 0.5000000000
25086  -24.885  -58.657  4.478 0.5000000000
25087  -25.149  -58.153  5.074 0.5000000000
113231  -25.695  -59.820  6.720 0.5000000000
25060  -25.934  -58.756  6.957 0.5000000000
124716  -31.355  -16.895  -0.806 0.4000000060
21721  -23.729  -62.661  4.637 0.4000000060
26063  -19.893  -57.558  1.601 0.4000000060
26901  -19.861  -56.174  1.779 0.4000000060
21722  -24.433  -62.352  5.096 0.4000000060
31161  -21.617  -51.188  8.354 0.4000000060
30318  -21.977  -51.912  8.298 0.3000000119
123720  -22.297  -52.560  8.196 0.4000000060
116956  -21.607  -49.945  8.588 0.4000000060
33966  -20.156  -48.159  8.549 0.4000000060
33967  -21.023  -48.299  8.914 0.4000000060
33021  -21.515  -49.158  8.787 0.4000000060
34815  -18.946  -46.967  7.962 0.3000000119
34816  -19.848  -47.256  8.497 0.3000000119
35736  -19.668  -46.332  8.397 0.4000000060
36635  -20.357  -45.616  8.657 0.4000000060
125183  -20.619  -44.865  8.742 0.4000000060
43572  -27.430  -37.084  12.257 0.3000000119
119713  -31.401  -35.011  10.681 0.3000000119
45935  -30.639  -34.164  11.319 0.3000000119
45943  -31.298  -34.333  10.928 0.3000000119
46822  -31.719  -33.664  10.401 0.3000000119
54194  -28.539  -25.588  2.699 0.4000000060
48606  -31.503  -31.329  10.307 0.3000000119
50533  -31.308  -30.031  9.919 0.3000000119
53255  -28.857  -26.473  2.818 0.4000000060
51398  -29.802  -28.000  8.871 0.3000000119
54196  -30.467  -26.093  3.345 0.4000000060
54195  -29.539  -25.850  2.967 0.4000000060
122436  -28.111  -23.753  2.798 0.4000000060
109315  -27.683  -21.836  2.894 0.3000000119
51400  -31.651  -28.215  8.905 0.3000000119
51399  -30.766  -28.062  8.988 0.3000000119
51383  -31.324  -28.725  9.307 0.3000000119
51410  -33.144  -28.331  7.525 0.3000000119
52276  -31.343  -27.542  8.667 0.3000000119
52277  -32.251  -27.925  8.497 0.3000000119
52289  -32.793  -27.635  7.883 0.3000000119
52290  -33.227  -27.448  7.197 0.3000000119
51419  -33.379  -27.969  6.949 0.3000000119
53181  -29.923  -26.763  8.265 0.3000000119
53182  -30.931  -26.773  8.436 0.3000000119
51428  -32.095  -29.132  5.521 0.3000000119
54135  -29.964  -25.451  7.729 0.3000000119
52325  -32.259  -27.592  4.728 0.3000000119
54134  -29.048  -25.524  7.624 0.3000000119
117025  -28.969  -24.069  7.502 0.3000000119
52324  -31.464  -27.233  4.007 0.3000000119
53238  -31.344  -26.367  3.760 0.3000000119
54172  -31.189  -25.477  3.568 0.3000000119
58389  -27.855  -20.818  7.531 0.3000000119
58388  -26.935  -20.608  7.489 0.3000000119
55885  -28.872  -23.357  3.093 0.3000000119
57518  -27.524  -20.943  2.649 0.3000000119
53201  -31.499  -26.102  8.122 0.3000000119
53183  -32.043  -26.968  8.240 0.3000000119
51429  -32.581  -28.300  5.524 0.3000000119
53200  -30.449  -26.078  8.098 0.3000000119
53202  -32.848  -26.789  7.589 0.3000000119
53203  -33.297  -26.528  6.837 0.3000000119
52309  -33.360  -26.635  5.972 0.3000000119
52308  -33.041  -27.458  5.668 0.3000000119
53240  -32.885  -26.709  5.095 0.3000000119
54136  -30.991  -25.353  7.933 0.3000000119
54137  -32.135  -25.406  7.672 0.3000000119
54994  -28.549  -24.862  7.461 0.3000000119
54995  -29.468  -24.794  7.536 0.3000000119
54996  -30.434  -24.722  7.644 0.3000000119
53239  -32.143  -26.608  4.340 0.3000000119
54173  -31.994  -25.736  4.065 0.3000000119
55830  -29.516  -23.324  7.491 0.3000000119
55032  -31.098  -24.677  3.509 0.3000000119
121530  -28.739  -21.000  7.494 0.3000000119
58390  -29.361  -20.394  7.321 0.3000000119
55055  -30.493  -24.095  3.375 0.3000000119
119673  -28.469  -20.195  7.429 0.3000000119
56704  -29.162  -22.696  3.327 0.3000000119
58448  -28.057  -20.434  2.989 0.3000000119
57519  -28.201  -21.196  3.206 0.3000000119
54138  -32.902  -25.964  7.345 0.3000000119
53212  -33.363  -25.853  6.229 0.3000000119
118050  -30.923  -23.995  7.606 0.3000000119
54998  -32.405  -24.545  7.273 0.3000000119
54144  -32.924  -25.189  7.084 0.3000000119
119255  -33.198  -25.729  6.794 0.3000000119
53224  -33.183  -25.943  5.472 0.3000000119
117024  -29.940  -24.058  7.527 0.3000000119
55831  -30.481  -23.366  7.475 0.3000000119
113039  -32.672  -25.917  4.725 0.3000000119
123873  -32.237  -23.717  4.353 0.3000000119
54174  -32.523  -25.116  4.512 0.3000000119
117625  -29.876  -21.921  7.410 0.3000000119
55870  -31.586  -23.875  3.846 0.3000000119
58391  -30.282  -20.578  7.159 0.3000000119
55887  -30.752  -23.362  3.580 0.3000000119
58403  -29.088  -19.614  7.184 0.3000000119
58404  -30.007  -19.814  6.971 0.3000000119
129583  -29.478  -22.075  3.515 0.3000000119
58449  -28.869  -20.646  3.372 0.3000000119
54158  -33.273  -25.203  5.748 0.3000000119
55832  -31.864  -23.887  7.369 0.3000000119
55833  -32.578  -23.816  6.867 0.3000000119
55842  -32.975  -23.807  6.263 0.3000000119
54157  -32.971  -25.343  5.115 0.3000000119
55854  -32.882  -23.068  5.785 0.3000000119
55008  -33.224  -24.474  6.031 0.3000000119
113017  -30.835  -22.014  7.307 0.3000000119
56638  -31.163  -22.742  7.327 0.3000000119
56640  -32.118  -23.045  7.083 0.3000000119
57456  -30.526  -21.313  7.277 0.3000000119
58405  -30.985  -20.035  6.774 0.3000000119
55869  -31.366  -22.872  3.951 0.3000000119
56688  -31.134  -21.990  4.073 0.3000000119
56705  -30.305  -22.577  3.606 0.3000000119
57521  -30.178  -21.668  3.726 0.3000000119
57520  -29.184  -21.405  3.494 0.3000000119
123910  -28.600  -20.016  3.139 0.3000000119
122184  -33.033  -23.871  5.655 0.3000000119
55871  -32.694  -23.588  4.936 0.3000000119
117724  -31.323  -21.446  7.105 0.3000000119
56655  -32.535  -22.494  6.420 0.3000000119
55034  -32.365  -24.281  4.400 0.3000000119
57457  -31.196  -20.797  6.987 0.3000000119
58406  -31.809  -20.364  6.493 0.3000000119
56689  -32.007  -22.301  4.475 0.3000000119
112330  -30.130  -18.453  6.597 0.3000000119
59278  -30.733  -19.190  6.640 0.3000000119
127474  -31.430  -18.963  6.420 0.3000000119
59279  -31.724  -19.491  6.361 0.3000000119
57504  -30.910  -21.112  4.141 0.3000000119
58450  -29.895  -20.839  3.695 0.3000000119
109786  -29.466  -20.041  3.437 0.3000000119
59317  -28.823  -19.359  2.904 0.3000000119
57476  -32.386  -21.620  6.271 0.3000000119
56672  -32.654  -22.117  5.683 0.3000000119
56690  -32.595  -22.644  5.000 0.3000000119
58407  -32.272  -20.778  6.112 0.3000000119
57492  -32.470  -21.252  5.617 0.3000000119
57506  -32.419  -21.764  5.029 0.3000000119
60132  -31.103  -18.490  6.454 0.3000000119
59280  -32.266  -19.962  6.027 0.3000000119
57505  -31.843  -21.434  4.548 0.3000000119
60133  -31.939  -18.682  6.158 0.3000000119
60134  -32.220  -19.265  5.922 0.3000000119
58435  -30.715  -20.144  3.910 0.3000000119
59318  -29.971  -19.345  3.341 0.3000000119
120956  -29.140  -17.661  1.218 0.3000000119
61121  -29.392  -18.161  2.219 0.3000000119
61084  -30.613  -17.671  6.437 0.3000000119
58420  -32.369  -20.406  5.550 0.3000000119
58437  -32.295  -20.900  5.023 0.3000000119
61085  -31.557  -18.013  6.236 0.3000000119
61098  -32.151  -17.932  5.832 0.3000000119
59295  -32.324  -19.558  5.442 0.3000000119
59310  -32.232  -20.035  4.901 0.3000000119
58436  -31.718  -20.567  4.500 0.3000000119
124071  -31.715  -19.818  4.297 0.3000000119
60169  -31.497  -18.451  3.532 0.3000000119
59309  -31.165  -19.257  3.762 0.3000000119
61131  -30.748  -17.184  2.032 0.3000000119
61122  -30.556  -17.912  2.714 0.3000000119
128976  -29.362  -18.794  2.792 0.3000000119
61130  -29.893  -17.622  1.825 0.3000000119
61097  -31.598  -17.298  6.169 0.3000000119
62103  -32.284  -17.142  5.620 0.3000000119
60146  -32.365  -18.643  5.445 0.3000000119
112527  -32.504  -18.231  4.729 0.3000000119
60157  -32.198  -19.035  4.514 0.3000000119
60170  -32.362  -18.097  3.993 0.3000000119
61123  -31.680  -17.643  3.151 0.3000000119
110739  -29.749  -17.134  1.124 0.3000000119
61151  -29.816  -17.144  -0.120 0.3000000119
61140  -29.333  -17.366  0.496 0.3000000119
117821  -30.639  -16.992  -0.559 0.3000000119
115575  -31.696  -16.462  6.000 0.3000000119
61099  -32.488  -17.762  5.162 0.3000000119
120679  -32.632  -16.979  4.875 0.3000000119
61109  -32.621  -17.544  4.421 0.3000000119
61124  -32.488  -17.306  3.646 0.3000000119
126991  -30.284  -16.665  1.094 0.3000000119
61159  -30.395  -16.663  -0.381 0.3000000119
27752  -19.425  -55.481  1.177 0.4000000060
33965  -19.306  -47.961  8.090 0.3000000119
33022  -22.331  -49.747  8.902 0.4000000060
122852  -21.092  -45.221  8.983 0.4000000060
35737  -20.488  -46.581  8.777 0.4000000060
42699  -27.987  -37.837  12.144 0.3000000119
51401  -33.045  -28.927  8.093 0.3000000119
55829  -28.439  -23.175  7.525 0.3000000119
52297  -33.355  -27.343  6.524 0.3000000119
33020  -19.722  -48.851  8.082 0.4000000060
116793  -20.550  -49.008  8.486 0.4000000060
35735  -18.907  -45.985  7.922 0.3000000119
121021  -32.334  -26.227  7.849 0.3000000119
55033  -31.829  -24.865  3.912 0.3000000119
54997  -31.473  -24.637  7.633 0.3000000119
58402  -28.216  -19.381  7.320 0.3000000119
54145  -33.233  -25.144  6.438 0.3000000119
55007  -32.976  -24.482  6.665 0.3000000119
125230  -31.331  -23.392  7.405 0.3000000119
113112  -32.681  -23.221  6.502 0.3000000119
55020  -32.940  -24.543  5.190 0.3000000119
56639  -31.875  -22.040  6.957 0.3000000119
60131  -29.320  -18.476  6.716 0.3000000119
57475  -31.919  -21.156  6.675 0.3000000119
60168  -30.288  -18.594  3.126 0.3000000119
61141  -29.914  -16.859  0.450 0.3000000119
61133  -32.650  -16.665  3.267 0.3000000119
33980  -19.019  -48.624  7.518 0.4000000060
38329  -27.493  -43.430  2.345 0.4000000060
23340  -20.742  -60.533  6.173 0.3000000119
23341  -21.381  -60.831  6.776 0.3000000119
110475  -22.105  -60.988  7.413 0.3000000119
114135  -19.541  -45.557  8.283 0.3000000119
32044  -20.546  -50.499  8.071 0.3000000119
33034  -20.094  -49.717  8.104 0.3000000119
119289  -20.911  -49.811  8.410 0.3000000119
32045  -21.260  -50.514  8.369 0.3000000119
33033  -19.380  -49.536  7.479 0.3000000119
21679  -25.033  -62.241  7.129 0.4000000060
23381  -23.951  -60.464  3.645 0.5000000000
25058  -21.244  -58.372  6.597 0.4000000060
25100  -24.432  -58.754  3.705 0.5000000000
25112  -23.142  -58.771  2.661 0.5000000000
25965  -25.104  -57.204  9.277 0.6000000238
25982  -26.210  -57.353  8.538 0.6000000238
26002  -26.272  -57.262  6.955 0.6000000238
26016  -25.505  -57.585  5.686 0.5000000000
26041  -23.612  -57.542  3.270 0.6000000238
26050  -19.675  -56.753  1.518 0.4000000060
26064  -20.980  -57.707  1.992 0.6000000238
26881  -24.602  -56.895  4.298 0.6000000238
27745  -20.898  -55.545  2.775 0.6000000238
28497  -25.428  -55.002  9.629 0.6000000238
28617  -19.587  -53.804  1.007 0.6000000238
29503  -19.908  -53.188  2.289 0.6999999881
30335  -27.603  -52.621  7.737 0.8000000119
30395  -20.888  -52.631  3.178 0.6999999881
30397  -22.893  -52.686  4.149 0.6999999881
31133  -27.143  -51.663  10.461 0.6000000238
31134  -27.734  -51.550  10.040 0.6999999881
31164  -28.034  -51.363  8.492 0.6999999881
31278  -22.548  -51.640  0.104 0.5000000000
32012  -27.003  -50.242  10.807 0.6000000238
32028  -25.307  -50.430  10.086 0.6000000238
32099  -25.385  -50.296  5.740 0.6999999881
34001  -27.183  -48.947  6.956 0.8000000119
34032  -21.376  -47.816  3.773 0.6999999881
34875  -24.048  -47.600  5.385 0.8000000119
35724  -29.303  -46.691  9.485 0.8000000119
35772  -27.017  -46.286  6.809 0.8000000119
35792  -21.498  -46.425  4.579 0.8000000119
35796  -24.836  -46.542  5.699 0.8999999762
36609  -25.391  -45.741  10.839 0.6999999881
36654  -25.809  -45.789  6.203 0.8000000119
37507  -21.650  -44.426  3.540 0.8000000119
37509  -23.759  -44.373  2.696 0.6999999881
38252  -28.612  -43.513  7.523 0.8000000119
38261  -25.689  -43.707  6.429 0.8000000119
38271  -23.999  -43.825  5.752 0.8000000119
38305  -21.514  -43.845  4.222 0.8000000119
39122  -24.112  -41.862  5.606 0.8000000119
39125  -26.538  -42.687  6.666 0.8000000119
39160  -23.294  -42.369  3.289 0.8000000119
40076  -24.637  -41.369  2.730 0.6999999881
40078  -27.327  -41.896  2.806 0.6000000238
40892  -27.906  -40.246  7.260 0.6999999881
40908  -23.112  -39.983  4.850 0.8000000119
40952  -26.200  -40.748  2.825 0.6999999881
41870  -27.309  -39.744  3.280 0.6000000238
42780  -25.813  -38.561  3.580 0.6999999881
42783  -29.160  -38.602  3.406 0.6000000238
44435  -24.515  -36.201  7.191 0.8000000119
44446  -22.336  -36.143  5.947 0.8000000119
45248  -28.875  -35.743  4.555 0.6000000238
45969  -23.171  -34.977  6.386 0.8000000119
46015  -23.242  -33.763  3.013 0.8000000119
46821  -30.998  -33.592  11.158 0.3000000119
46870  -22.515  -33.169  4.752 0.8000000119
46887  -23.449  -32.944  3.206 0.8000000119
46903  -25.436  -32.909  2.300 0.6999999881
47760  -23.797  -32.480  3.330 0.8000000119
48646  -26.604  -31.885  4.461 0.8000000119
48686  -27.489  -31.230  1.534 0.6000000238
49574  -31.799  -30.714  9.951 0.4000000060
50579  -33.272  -28.645  6.964 0.3000000119
50622  -25.495  -29.108  1.978 0.6999999881
50631  -25.548  -29.206  1.809 0.6000000238
50634  -28.433  -29.853  1.420 0.6000000238
51443  -28.108  -29.082  3.475 0.6000000238
51455  -25.936  -28.281  2.286 0.6000000238
51483  -27.165  -28.014  1.161 0.5000000000
51484  -27.989  -28.039  1.062 0.5000000000
52337  -27.136  -27.832  2.750 0.6000000238
53287  -27.842  -26.757  0.764 0.5000000000
55093  -27.113  -24.601  1.124 0.5000000000
56703  -28.023  -22.776  2.973 0.4000000060
58461  -27.396  -20.375  2.147 0.4000000060
58472  -27.339  -20.584  1.804 0.4000000060
59277  -29.662  -19.082  6.800 0.3000000119
59352  -27.740  -19.726  1.105 0.4000000060
60166  -28.201  -19.259  2.271 0.4000000060
60198  -29.462  -17.859  -0.105 0.5000000000
62140  -30.220  -16.628  -0.031 0.3000000119
109381  -22.382  -45.882  5.261 0.8000000119
111792  -28.845  -38.870  7.450 0.6999999881
111911  -27.136  -21.653  2.019 0.4000000060
111953  -22.170  -55.339  3.401 0.6000000238
112528  -23.480  -41.636  5.309 0.8000000119
112565  -25.856  -40.982  6.527 0.6999999881
113630  -29.217  -25.074  2.827 0.4000000060
113732  -32.142  -23.154  4.386 0.3000000119
113824  -27.284  -21.708  2.331 0.4000000060
115899  -24.600  -54.074  4.608 0.6999999881
118431  -21.135  -45.056  3.733 0.8000000119
118984  -22.091  -43.988  5.176 0.8000000119
119006  -26.392  -27.992  1.357 0.5000000000
119864  -21.764  -57.752  2.209 0.6000000238
121533  -26.336  -34.141  12.237 0.3000000119
122982  -21.767  -53.545  7.603 0.5000000000
127547  -25.081  -61.273  5.293 0.5000000000
128285  -21.913  -62.105  2.898 0.4000000060
128988  -21.624  -59.568  6.891 0.4000000060
129136  -23.404  -40.898  3.467 0.8999999762
129602  -28.633  -37.512  11.905 0.6000000238
129862  -21.860  -39.192  4.210 0.8000000119
