#!ascii label  , from subject sub-v1s0x0050647_ses-1 vox2ras=TkReg
1211
31326  7.092  -51.017  70.951 0.0000000000
54247  39.874  -25.812  54.649 0.0000000000
39563  23.870  -42.134  64.708 0.0000000000
39547  32.427  -41.471  66.849 0.0000000000
38731  16.418  -42.814  64.971 0.0000000000
36844  12.009  -45.126  71.999 0.0000000000
60493  48.350  -18.102  49.789 0.0000000000
58593  47.160  -20.817  58.314 0.0000000000
46658  33.252  -32.920  62.010 0.0000000000
66764  50.620  -10.847  42.823 0.0000000000
37832  22.564  -44.043  68.129 0.0000000000
34195  9.103  -47.736  71.943 0.0000000000
129000  48.564  -20.174  54.184 0.0000000000
114415  43.870  -21.260  52.450 0.0000000000
53302  39.599  -27.212  59.209 0.0000000000
55101  43.023  -24.983  60.453 0.0000000000
108699  36.199  -28.781  58.892 0.0000000000
41322  29.725  -39.672  62.232 0.0000000000
38724  28.711  -43.079  64.803 0.0000000000
36910  18.545  -44.723  68.179 0.0000000000
36839  16.304  -45.110  71.998 0.0000000000
116953  14.121  -43.557  67.962 0.0000000000
36033  10.925  -45.845  67.396 0.0000000000
39552  20.332  -42.235  65.944 0.0000000000
127689  52.124  -16.640  50.442 0.0000000000
60443  52.825  -18.476  54.747 0.0000000000
56887  43.599  -23.005  56.686 0.0000000000
114139  34.584  -29.684  63.605 0.0000000000
42989  33.523  -37.239  64.691 0.0000000000
64013  48.828  -14.793  46.011 0.0000000000
64941  53.888  -14.086  45.680 0.0000000000
64976  56.228  -13.034  42.871 0.0000000000
36009  21.637  -45.690  70.074 0.0000000000
33301  8.178  -49.162  71.213 0.0000000000
34170  8.187  -48.035  74.383 0.0000000000
109862  6.897  -50.139  73.978 0.0000000000
58706  44.211  -20.409  50.531 0.0000000000
53264  39.055  -27.004  62.218 0.0000000000
54157  40.959  -26.057  62.653 0.0000000000
27751  2.334  -54.881  71.693 0.0000000000
51541  36.627  -29.321  55.831 0.0000000000
39607  24.583  -41.624  63.017 0.0000000000
39624  27.138  -41.497  62.803 0.0000000000
38725  26.199  -43.246  64.730 0.0000000000
111529  17.316  -43.819  66.660 0.0000000000
37837  16.567  -44.245  68.515 0.0000000000
37879  15.272  -43.421  66.906 0.0000000000
38729  18.827  -42.728  65.204 0.0000000000
37875  19.395  -43.660  66.639 0.0000000000
112455  14.065  -44.758  71.791 0.0000000000
61311  50.480  -17.105  49.755 0.0000000000
61281  52.991  -17.414  52.834 0.0000000000
60465  50.606  -18.767  52.006 0.0000000000
59561  47.828  -20.020  56.546 0.0000000000
59546  50.021  -19.641  57.823 0.0000000000
56042  39.429  -23.667  53.428 0.0000000000
56913  41.567  -22.523  54.384 0.0000000000
55160  41.982  -24.808  55.918 0.0000000000
48605  32.352  -30.861  59.782 0.0000000000
50518  33.232  -29.565  60.661 0.0000000000
48583  33.240  -31.246  62.733 0.0000000000
40424  31.391  -40.402  64.841 0.0000000000
42147  31.671  -38.738  63.410 0.0000000000
41266  32.796  -39.516  65.570 0.0000000000
62257  46.892  -16.765  48.005 0.0000000000
64014  47.346  -14.363  46.232 0.0000000000
62267  48.943  -16.121  47.827 0.0000000000
63109  50.617  -15.682  48.485 0.0000000000
66770  53.762  -11.494  41.062 0.0000000000
65909  52.725  -12.566  42.309 0.0000000000
64948  55.051  -13.443  44.688 0.0000000000
64036  52.292  -14.216  43.876 0.0000000000
37873  23.690  -43.317  67.005 0.0000000000
37871  25.610  -43.830  66.226 0.0000000000
36904  24.653  -44.780  68.556 0.0000000000
35113  10.429  -46.272  72.298 0.0000000000
35932  11.381  -46.189  75.365 0.0000000000
35100  9.354  -46.934  74.585 0.0000000000
60496  45.817  -18.583  49.134 0.0000000000
108139  48.129  -19.565  51.730 0.0000000000
59606  45.855  -20.003  51.007 0.0000000000
58661  45.520  -20.861  53.382 0.0000000000
127711  45.431  -20.755  55.775 0.0000000000
53339  40.349  -26.933  56.731 0.0000000000
54212  42.211  -25.953  57.077 0.0000000000
53300  40.961  -26.390  59.525 0.0000000000
45753  32.249  -34.455  60.459 0.0000000000
41197  34.172  -40.203  67.909 0.0000000000
30418  6.064  -52.089  70.052 0.0000000000
30401  5.726  -51.887  73.694 0.0000000000
29531  4.165  -53.338  72.965 0.0000000000
53354  38.051  -26.936  53.985 0.0000000000
51539  38.247  -28.310  55.738 0.0000000000
52448  37.896  -28.198  58.528 0.0000000000
114120  37.093  -27.966  62.043 0.0000000000
40478  27.517  -40.195  61.680 0.0000000000
39602  29.099  -41.366  63.654 0.0000000000
110032  30.334  -42.552  65.481 0.0000000000
37869  27.650  -44.320  66.084 0.0000000000
37867  29.714  -44.301  66.313 0.0000000000
35991  19.306  -45.593  70.665 0.0000000000
35975  18.557  -45.755  72.220 0.0000000000
36863  17.636  -45.066  70.714 0.0000000000
37806  15.091  -44.174  69.953 0.0000000000
37808  13.262  -44.174  70.293 0.0000000000
120429  13.634  -43.357  66.145 0.0000000000
36929  12.418  -44.143  67.542 0.0000000000
36012  11.322  -45.244  69.376 0.0000000000
35140  10.504  -46.392  69.229 0.0000000000
34264  9.380  -48.086  68.416 0.0000000000
32305  7.939  -49.757  69.096 0.0000000000
40427  22.888  -40.866  63.135 0.0000000000
40429  21.182  -40.784  64.429 0.0000000000
39565  22.171  -41.610  65.469 0.0000000000
37853  21.616  -43.343  67.375 0.0000000000
112117  20.097  -44.847  68.471 0.0000000000
114334  53.891  -19.767  53.489 0.0000000000
59577  50.556  -19.336  54.871 0.0000000000
57761  41.616  -21.897  52.536 0.0000000000
113065  43.302  -21.714  54.900 0.0000000000
57706  44.726  -21.713  57.156 0.0000000000
54198  43.483  -25.371  57.648 0.0000000000
55143  45.253  -24.432  58.087 0.0000000000
51532  33.689  -29.404  57.994 0.0000000000
51485  35.293  -28.684  60.843 0.0000000000
51434  36.791  -28.656  64.339 0.0000000000
44013  32.078  -36.409  61.664 0.0000000000
116755  33.560  -34.776  63.044 0.0000000000
42947  34.905  -37.912  67.277 0.0000000000
118507  34.733  -35.699  65.674 0.0000000000
128664  34.304  -33.263  64.628 0.0000000000
48543  34.412  -31.404  65.830 0.0000000000
122867  35.742  -30.446  67.169 0.0000000000
65886  50.206  -13.455  44.177 0.0000000000
64023  51.061  -15.124  45.768 0.0000000000
127364  52.608  -14.230  48.382 0.0000000000
109898  22.275  -46.772  71.767 0.0000000000
31317  7.457  -50.371  71.369 0.0000000000
32282  7.642  -49.534  72.581 0.0000000000
31309  6.819  -50.797  72.745 0.0000000000
52378  38.425  -27.287  62.886 0.0000000000
53249  39.633  -26.642  63.360 0.0000000000
26823  2.417  -55.478  68.739 0.0000000000
39584  24.205  -41.876  63.806 0.0000000000
39583  25.082  -42.110  63.619 0.0000000000
38748  24.765  -42.481  64.376 0.0000000000
113846  17.241  -43.580  66.059 0.0000000000
37878  16.586  -43.549  66.401 0.0000000000
37896  16.064  -43.110  65.768 0.0000000000
129368  17.959  -41.904  63.739 0.0000000000
110413  18.046  -42.842  64.955 0.0000000000
37893  18.350  -43.328  65.660 0.0000000000
36843  12.897  -44.975  72.457 0.0000000000
36833  12.853  -45.315  73.307 0.0000000000
61305  49.265  -17.971  50.073 0.0000000000
61295  50.848  -17.983  50.949 0.0000000000
127372  49.352  -18.374  50.532 0.0000000000
58602  47.561  -20.266  57.938 0.0000000000
58601  48.452  -20.037  58.256 0.0000000000
55185  39.746  -25.024  54.288 0.0000000000
55184  40.488  -24.477  54.673 0.0000000000
54246  40.408  -25.376  54.959 0.0000000000
47647  32.579  -32.446  60.602 0.0000000000
116318  32.693  -31.477  61.035 0.0000000000
48594  32.782  -30.651  61.387 0.0000000000
47613  33.232  -32.108  62.313 0.0000000000
40408  31.751  -40.790  65.618 0.0000000000
41267  32.083  -39.972  65.220 0.0000000000
40407  32.508  -40.281  65.970 0.0000000000
61327  47.472  -17.299  48.523 0.0000000000
62256  47.635  -16.657  47.993 0.0000000000
62245  49.059  -17.094  49.002 0.0000000000
62244  49.830  -16.760  49.111 0.0000000000
66762  52.488  -11.916  41.985 0.0000000000
65910  51.937  -12.347  42.579 0.0000000000
65897  52.545  -13.117  42.894 0.0000000000
65898  51.229  -12.597  43.197 0.0000000000
37851  23.079  -43.631  67.587 0.0000000000
115964  23.739  -43.839  67.575 0.0000000000
36905  23.804  -44.718  68.665 0.0000000000
35121  9.777  -46.930  71.860 0.0000000000
35114  9.960  -46.712  72.945 0.0000000000
34194  9.450  -47.250  72.646 0.0000000000
33247  7.602  -48.221  75.681 0.0000000000
113409  8.217  -47.521  75.998 0.0000000000
60497  44.832  -18.767  49.118 0.0000000000
60486  46.259  -19.099  49.838 0.0000000000
59630  45.337  -19.335  49.739 0.0000000000
58680  44.011  -20.946  51.685 0.0000000000
58678  45.417  -20.768  52.399 0.0000000000
58662  44.716  -21.027  52.895 0.0000000000
58629  45.700  -20.796  54.965 0.0000000000
58646  44.332  -21.335  54.429 0.0000000000
53316  39.745  -27.214  58.450 0.0000000000
53315  40.482  -26.823  58.197 0.0000000000
53301  40.279  -26.857  59.012 0.0000000000
113209  45.154  -17.285  48.242 0.0000000000
29546  5.106  -53.229  71.904 0.0000000000
28601  4.512  -53.746  71.526 0.0000000000
52496  37.252  -27.453  53.711 0.0000000000
52477  38.274  -28.063  55.040 0.0000000000
51557  37.244  -28.582  54.580 0.0000000000
51542  36.020  -29.472  56.561 0.0000000000
51528  37.403  -28.769  56.985 0.0000000000
51499  36.971  -28.580  58.756 0.0000000000
52423  37.764  -27.903  60.491 0.0000000000
51500  36.578  -28.573  59.524 0.0000000000
41339  25.964  -39.825  61.000 0.0000000000
38765  27.814  -42.278  63.704 0.0000000000
39603  28.325  -41.624  63.367 0.0000000000
39582  28.667  -42.026  63.996 0.0000000000
39580  30.081  -41.517  64.552 0.0000000000
38723  29.448  -43.028  65.188 0.0000000000
36925  25.816  -44.602  67.573 0.0000000000
37870  26.588  -43.981  65.958 0.0000000000
36923  27.633  -44.806  67.075 0.0000000000
36921  29.545  -44.916  67.348 0.0000000000
37848  31.169  -44.126  67.221 0.0000000000
36861  19.218  -45.330  69.622 0.0000000000
36862  18.428  -45.229  70.142 0.0000000000
113664  17.544  -44.858  69.698 0.0000000000
37839  14.845  -43.718  68.409 0.0000000000
36887  15.922  -44.352  69.727 0.0000000000
37821  14.520  -43.878  69.314 0.0000000000
37807  14.209  -44.088  70.159 0.0000000000
37822  13.636  -43.899  69.442 0.0000000000
38734  13.761  -42.885  65.055 0.0000000000
36038  11.510  -44.981  66.412 0.0000000000
36939  12.398  -44.089  66.499 0.0000000000
36912  11.867  -44.677  67.953 0.0000000000
110287  11.786  -44.755  68.923 0.0000000000
36025  11.286  -45.369  68.340 0.0000000000
36013  10.859  -45.729  69.857 0.0000000000
36026  10.755  -46.120  68.328 0.0000000000
32304  8.424  -49.203  68.620 0.0000000000
40469  22.645  -40.195  62.362 0.0000000000
40450  22.134  -40.315  63.124 0.0000000000
39588  19.740  -41.335  64.593 0.0000000000
40410  21.009  -41.110  65.040 0.0000000000
39587  21.647  -41.171  64.988 0.0000000000
39566  21.449  -41.538  65.604 0.0000000000
39550  21.919  -41.926  66.233 0.0000000000
38711  20.655  -42.725  66.568 0.0000000000
36927  18.807  -44.269  67.229 0.0000000000
114251  20.287  -44.319  67.828 0.0000000000
109225  19.274  -44.987  68.733 0.0000000000
36884  19.973  -45.298  69.211 0.0000000000
35976  17.769  -45.675  72.521 0.0000000000
30394  3.756  -51.834  75.453 0.0000000000
114316  4.647  -51.492  75.526 0.0000000000
62225  53.415  -16.621  51.717 0.0000000000
60453  53.133  -18.031  54.191 0.0000000000
60452  53.716  -18.142  53.900 0.0000000000
60442  53.191  -18.524  54.535 0.0000000000
58626  52.871  -19.528  55.535 0.0000000000
59587  48.494  -20.006  53.205 0.0000000000
108230  49.141  -19.741  52.710 0.0000000000
59578  49.586  -19.773  54.491 0.0000000000
59544  51.531  -19.713  57.460 0.0000000000
56901  42.433  -22.642  55.517 0.0000000000
56912  42.216  -22.224  54.859 0.0000000000
56900  42.959  -21.988  55.411 0.0000000000
128729  44.153  -21.572  56.335 0.0000000000
56886  44.328  -22.748  57.119 0.0000000000
54200  42.292  -25.893  58.466 0.0000000000
54199  42.670  -25.787  57.676 0.0000000000
54188  43.502  -25.411  58.593 0.0000000000
51518  32.804  -29.633  58.756 0.0000000000
50511  34.130  -29.353  61.964 0.0000000000
51474  33.891  -29.160  60.766 0.0000000000
51463  34.905  -28.943  62.231 0.0000000000
51462  35.694  -28.652  62.502 0.0000000000
51450  35.564  -29.056  63.598 0.0000000000
41335  29.464  -39.239  61.525 0.0000000000
109397  29.937  -38.668  61.301 0.0000000000
107845  32.443  -37.874  63.707 0.0000000000
42164  31.752  -37.700  62.521 0.0000000000
43983  32.752  -36.659  63.120 0.0000000000
43996  32.999  -35.959  62.889 0.0000000000
43982  33.319  -36.077  63.463 0.0000000000
41218  34.434  -39.434  67.478 0.0000000000
45698  35.178  -34.605  66.822 0.0000000000
45712  34.710  -34.465  65.356 0.0000000000
46631  34.771  -33.725  65.774 0.0000000000
47577  34.199  -31.999  65.286 0.0000000000
116327  34.940  -32.960  66.979 0.0000000000
117533  48.080  -14.601  46.082 0.0000000000
64024  49.283  -14.380  45.298 0.0000000000
64030  50.153  -14.266  44.697 0.0000000000
64011  50.550  -15.199  46.284 0.0000000000
63102  51.179  -15.772  49.141 0.0000000000
63987  51.867  -14.588  48.240 0.0000000000
63100  52.885  -15.167  49.827 0.0000000000
63979  53.309  -14.618  49.439 0.0000000000
65921  55.624  -12.067  41.344 0.0000000000
64940  54.766  -13.586  45.521 0.0000000000
64930  55.102  -13.643  46.490 0.0000000000
64921  54.190  -13.738  47.075 0.0000000000
36881  22.438  -45.310  69.512 0.0000000000
36880  23.462  -45.237  69.418 0.0000000000
36008  22.423  -45.867  70.457 0.0000000000
33286  8.589  -48.497  71.536 0.0000000000
33267  8.373  -48.231  73.441 0.0000000000
33275  7.937  -48.845  72.944 0.0000000000
117994  7.362  -49.145  74.527 0.0000000000
32255  6.550  -49.577  75.876 0.0000000000
58708  42.508  -20.592  50.241 0.0000000000
57778  42.523  -21.437  51.538 0.0000000000
53291  39.346  -27.170  60.477 0.0000000000
120087  39.884  -26.844  60.907 0.0000000000
53263  39.721  -26.699  62.591 0.0000000000
53248  40.193  -26.258  63.880 0.0000000000
28602  3.778  -54.278  71.224 0.0000000000
27758  2.837  -55.195  70.248 0.0000000000
26799  1.659  -55.466  71.309 0.0000000000
50589  36.504  -28.900  54.376 0.0000000000
50544  35.012  -29.626  56.897 0.0000000000
116253  25.971  -40.835  62.075 0.0000000000
39606  25.410  -41.752  62.980 0.0000000000
38767  26.437  -42.425  63.590 0.0000000000
38745  27.480  -42.896  64.235 0.0000000000
36928  17.869  -44.430  67.624 0.0000000000
36911  17.510  -44.625  68.600 0.0000000000
37836  17.069  -44.218  67.833 0.0000000000
113772  16.299  -43.898  67.819 0.0000000000
37858  14.670  -43.511  67.487 0.0000000000
35163  10.546  -46.259  66.602 0.0000000000
119555  10.276  -45.894  65.806 0.0000000000
128410  19.099  -41.564  64.274 0.0000000000
38712  19.589  -42.519  65.576 0.0000000000
111459  19.862  -42.947  66.284 0.0000000000
38713  19.111  -43.195  65.938 0.0000000000
37876  18.595  -43.759  66.389 0.0000000000
36840  15.384  -44.970  72.082 0.0000000000
115604  51.398  -17.298  50.467 0.0000000000
61303  52.379  -17.001  51.100 0.0000000000
61294  51.778  -17.703  51.357 0.0000000000
61282  52.067  -17.880  52.319 0.0000000000
60454  51.744  -18.550  53.811 0.0000000000
59570  48.083  -20.230  55.090 0.0000000000
59569  49.312  -19.744  56.079 0.0000000000
59560  48.696  -19.857  56.746 0.0000000000
59535  49.420  -19.886  58.463 0.0000000000
56923  40.397  -22.511  53.261 0.0000000000
56041  40.083  -23.214  53.750 0.0000000000
125547  41.577  -23.431  55.165 0.0000000000
56010  42.338  -23.961  55.984 0.0000000000
108634  43.990  -24.666  60.082 0.0000000000
119917  32.373  -30.380  58.874 0.0000000000
51503  32.693  -29.784  59.328 0.0000000000
112673  32.740  -29.964  60.555 0.0000000000
49586  33.117  -30.223  61.947 0.0000000000
50503  33.950  -30.041  63.381 0.0000000000
41299  30.718  -39.751  63.338 0.0000000000
41320  31.087  -39.081  63.011 0.0000000000
41298  31.381  -39.394  63.723 0.0000000000
125773  31.963  -38.966  64.100 0.0000000000
42130  33.218  -37.960  64.926 0.0000000000
117502  45.897  -15.511  47.250 0.0000000000
63998  46.182  -14.871  46.872 0.0000000000
63123  46.748  -15.546  47.152 0.0000000000
63122  47.689  -15.518  47.033 0.0000000000
63121  48.612  -15.682  47.144 0.0000000000
63133  49.991  -15.363  46.801 0.0000000000
63110  49.771  -15.939  48.070 0.0000000000
62243  50.578  -16.313  49.165 0.0000000000
67569  52.933  -10.902  41.081 0.0000000000
122478  53.397  -12.261  41.794 0.0000000000
122956  54.221  -12.749  42.082 0.0000000000
64963  55.991  -13.062  43.791 0.0000000000
64966  53.511  -13.654  43.174 0.0000000000
64035  53.360  -14.295  43.997 0.0000000000
64028  52.684  -14.719  44.565 0.0000000000
38727  23.548  -42.462  65.599 0.0000000000
38707  25.030  -43.335  65.744 0.0000000000
128888  24.268  -43.442  66.737 0.0000000000
36926  24.981  -44.389  67.787 0.0000000000
36903  25.516  -44.883  68.449 0.0000000000
115421  11.402  -45.509  72.071 0.0000000000
35956  11.601  -45.684  73.482 0.0000000000
127243  11.033  -45.869  73.416 0.0000000000
35098  10.588  -46.359  75.199 0.0000000000
34182  8.820  -47.560  73.994 0.0000000000
121006  8.975  -47.066  75.927 0.0000000000
60494  47.551  -18.557  49.858 0.0000000000
110324  48.114  -18.655  50.328 0.0000000000
59613  47.509  -19.002  50.544 0.0000000000
109919  47.477  -19.509  51.263 0.0000000000
58676  47.102  -20.424  52.977 0.0000000000
58705  44.988  -20.246  50.793 0.0000000000
58687  46.032  -20.360  51.916 0.0000000000
111798  47.124  -20.575  53.793 0.0000000000
58643  46.617  -20.645  54.548 0.0000000000
58628  46.278  -20.524  55.749 0.0000000000
58604  45.864  -20.787  57.305 0.0000000000
53345  39.894  -26.858  55.452 0.0000000000
53338  41.239  -26.195  56.057 0.0000000000
109497  41.058  -26.506  56.622 0.0000000000
53314  41.517  -26.205  58.651 0.0000000000
54179  42.467  -25.515  59.961 0.0000000000
54181  41.048  -26.130  61.126 0.0000000000
54168  41.628  -25.787  61.400 0.0000000000
55080  42.902  -24.924  61.353 0.0000000000
46684  32.493  -33.548  60.536 0.0000000000
40378  33.540  -40.692  67.452 0.0000000000
63124  45.024  -15.346  47.301 0.0000000000
62258  45.958  -16.874  48.044 0.0000000000
61315  46.805  -17.887  48.809 0.0000000000
68363  50.866  -9.491  42.663 0.0000000000
67557  50.032  -10.203  43.301 0.0000000000
30417  6.640  -51.610  70.504 0.0000000000
30404  6.539  -51.537  72.352 0.0000000000
29529  5.590  -52.708  72.371 0.0000000000
29512  4.588  -52.832  73.485 0.0000000000
29497  2.712  -52.562  74.790 0.0000000000
109648  2.953  -54.005  72.594 0.0000000000
54257  38.557  -25.568  53.620 0.0000000000
53361  37.966  -26.074  53.450 0.0000000000
53353  38.919  -26.736  54.388 0.0000000000
53346  39.267  -27.185  55.037 0.0000000000
52467  38.829  -27.901  56.268 0.0000000000
52456  39.249  -27.584  57.812 0.0000000000
51540  37.465  -28.836  55.995 0.0000000000
52458  38.006  -28.353  57.543 0.0000000000
52447  38.852  -27.692  58.838 0.0000000000
52422  38.684  -27.552  60.481 0.0000000000
52395  38.345  -27.423  61.891 0.0000000000
52379  37.631  -27.781  63.256 0.0000000000
41323  28.940  -39.851  61.887 0.0000000000
120085  27.322  -40.847  62.267 0.0000000000
40466  28.286  -40.496  62.244 0.0000000000
40465  29.221  -40.314  62.582 0.0000000000
40426  29.848  -41.104  64.004 0.0000000000
40409  31.103  -41.001  65.165 0.0000000000
39548  31.705  -41.590  66.215 0.0000000000
37892  25.876  -43.564  65.433 0.0000000000
37890  27.318  -43.812  65.344 0.0000000000
124237  28.079  -43.905  65.461 0.0000000000
36922  28.576  -44.898  67.237 0.0000000000
36937  28.980  -44.657  66.593 0.0000000000
37888  29.356  -43.794  65.635 0.0000000000
38722  30.081  -43.441  65.832 0.0000000000
38705  31.468  -42.779  66.626 0.0000000000
39543  31.920  -42.274  66.937 0.0000000000
35973  20.639  -46.323  71.939 0.0000000000
35974  19.603  -45.979  72.051 0.0000000000
36850  17.740  -45.405  71.637 0.0000000000
36851  16.930  -45.014  71.315 0.0000000000
36886  16.695  -44.540  69.311 0.0000000000
36864  16.630  -44.764  70.334 0.0000000000
127759  15.800  -44.899  71.617 0.0000000000
36853  14.687  -44.712  71.532 0.0000000000
36867  13.937  -44.389  71.065 0.0000000000
36868  12.602  -44.509  70.688 0.0000000000
38714  15.156  -43.066  65.985 0.0000000000
37880  14.473  -43.303  66.616 0.0000000000
37859  13.861  -43.505  67.222 0.0000000000
37881  12.839  -43.665  65.914 0.0000000000
37860  13.023  -43.691  67.069 0.0000000000
37841  13.433  -43.632  67.954 0.0000000000
37823  12.827  -44.046  69.448 0.0000000000
107833  12.065  -44.626  70.228 0.0000000000
36869  11.976  -44.823  71.034 0.0000000000
35993  10.866  -45.751  70.817 0.0000000000
35130  10.372  -46.334  70.275 0.0000000000
35131  9.860  -46.910  70.766 0.0000000000
35148  10.360  -46.784  68.390 0.0000000000
35149  9.902  -47.381  68.622 0.0000000000
34210  8.969  -47.973  70.921 0.0000000000
33300  8.614  -48.719  70.551 0.0000000000
125477  8.222  -49.340  70.490 0.0000000000
31333  7.501  -50.382  69.522 0.0000000000
31342  6.909  -50.900  68.928 0.0000000000
30443  6.368  -51.423  68.741 0.0000000000
40482  23.861  -40.454  61.760 0.0000000000
39608  23.721  -41.343  63.080 0.0000000000
39585  23.179  -41.490  64.054 0.0000000000
40451  21.444  -40.375  63.767 0.0000000000
39586  22.318  -41.324  64.670 0.0000000000
39564  22.961  -41.857  65.086 0.0000000000
38728  22.702  -42.099  65.991 0.0000000000
38695  22.140  -42.934  67.154 0.0000000000
37833  21.752  -43.959  67.973 0.0000000000
37874  20.155  -43.402  66.898 0.0000000000
37834  21.004  -43.887  67.663 0.0000000000
36908  21.022  -44.576  68.353 0.0000000000
36010  20.739  -45.517  69.670 0.0000000000
35990  20.942  -45.927  70.849 0.0000000000
31301  6.110  -51.189  74.067 0.0000000000
32256  5.920  -50.228  75.930 0.0000000000
61280  53.698  -17.347  52.907 0.0000000000
59598  49.665  -19.421  52.373 0.0000000000
59585  50.780  -19.098  53.353 0.0000000000
59576  51.552  -18.879  55.303 0.0000000000
115057  50.298  -19.388  56.412 0.0000000000
59567  51.859  -18.957  56.177 0.0000000000
60429  52.269  -19.141  56.100 0.0000000000
57779  41.566  -21.656  51.584 0.0000000000
57759  42.946  -21.555  52.313 0.0000000000
57745  40.989  -22.013  52.982 0.0000000000
128863  42.139  -21.916  53.567 0.0000000000
57730  43.456  -21.658  54.174 0.0000000000
58631  44.155  -21.354  55.199 0.0000000000
57712  45.064  -20.993  57.017 0.0000000000
57705  45.508  -21.464  57.527 0.0000000000
54224  42.232  -25.489  56.428 0.0000000000
55159  42.712  -24.731  56.394 0.0000000000
55158  43.436  -24.692  56.917 0.0000000000
55115  44.124  -25.048  59.022 0.0000000000
55144  44.703  -24.730  57.856 0.0000000000
56001  44.728  -23.969  57.458 0.0000000000
56000  45.418  -23.672  57.791 0.0000000000
56880  46.045  -23.250  58.065 0.0000000000
50545  34.006  -29.639  57.140 0.0000000000
51531  34.648  -29.284  57.810 0.0000000000
51502  33.180  -29.381  59.380 0.0000000000
120549  34.326  -28.951  59.866 0.0000000000
109482  35.687  -28.790  59.440 0.0000000000
51484  36.224  -28.364  61.155 0.0000000000
52397  37.004  -28.042  62.694 0.0000000000
52363  37.510  -28.050  64.110 0.0000000000
42178  31.196  -38.076  62.008 0.0000000000
44912  32.024  -35.833  60.988 0.0000000000
45736  32.807  -34.950  61.739 0.0000000000
128683  33.573  -34.162  62.787 0.0000000000
41219  33.795  -39.909  67.122 0.0000000000
42093  33.925  -38.531  66.126 0.0000000000
42971  33.819  -37.590  65.348 0.0000000000
128451  34.691  -36.873  66.264 0.0000000000
43949  34.045  -36.867  65.175 0.0000000000
44882  34.134  -35.319  64.370 0.0000000000
45722  33.981  -34.635  63.878 0.0000000000
110945  33.700  -32.933  63.266 0.0000000000
47597  33.808  -32.182  63.938 0.0000000000
48557  33.841  -31.355  64.317 0.0000000000
49558  34.249  -30.593  64.725 0.0000000000
48512  34.957  -31.709  67.331 0.0000000000
49524  35.001  -30.987  67.119 0.0000000000
49556  35.383  -30.000  65.672 0.0000000000
50468  36.322  -29.475  65.679 0.0000000000
66757  49.478  -10.737  43.725 0.0000000000
65899  50.326  -12.629  43.679 0.0000000000
64968  50.992  -13.388  43.734 0.0000000000
125066  52.105  -14.968  44.964 0.0000000000
64009  52.587  -14.584  46.482 0.0000000000
63997  50.832  -15.126  47.174 0.0000000000
63995  52.386  -14.350  47.553 0.0000000000
123507  53.398  -13.946  47.163 0.0000000000
63985  53.844  -13.939  48.573 0.0000000000
35110  21.098  -46.825  72.566 0.0000000000
35972  21.492  -46.530  71.866 0.0000000000
32283  7.290  -50.219  72.245 0.0000000000
31318  6.982  -50.933  71.855 0.0000000000
52362  38.284  -27.449  63.954 0.0000000000
53240  38.918  -27.039  64.248 0.0000000000
37895  16.852  -43.225  65.607 0.0000000000
38730  17.236  -42.855  64.910 0.0000000000
37894  17.599  -43.305  65.540 0.0000000000
35963  12.232  -45.325  72.959 0.0000000000
115373  48.917  -17.625  49.480 0.0000000000
60485  48.802  -18.503  50.458 0.0000000000
58592  48.061  -20.503  58.643 0.0000000000
57697  47.796  -21.333  58.920 0.0000000000
47630  32.920  -32.257  61.528 0.0000000000
40398  32.250  -40.945  66.282 0.0000000000
40397  32.917  -40.675  66.728 0.0000000000
61314  47.552  -18.005  49.205 0.0000000000
61313  48.299  -17.500  49.042 0.0000000000
125460  51.257  -10.974  42.374 0.0000000000
110893  51.200  -11.681  42.719 0.0000000000
66756  50.495  -11.769  43.245 0.0000000000
37831  23.365  -44.165  68.125 0.0000000000
36906  22.929  -44.676  68.725 0.0000000000
121507  9.455  -47.439  71.169 0.0000000000
59631  44.388  -19.380  49.502 0.0000000000
58679  44.643  -20.905  52.022 0.0000000000
123110  44.771  -21.120  53.686 0.0000000000
58663  44.100  -21.423  53.457 0.0000000000
122063  39.967  -26.878  59.928 0.0000000000
29573  5.062  -53.169  69.991 0.0000000000
117872  36.590  -27.077  53.224 0.0000000000
52497  36.611  -27.762  53.548 0.0000000000
52487  36.965  -28.198  54.040 0.0000000000
51530  35.663  -29.211  57.555 0.0000000000
51514  36.338  -28.885  58.159 0.0000000000
38744  28.308  -42.739  64.304 0.0000000000
38743  29.088  -42.494  64.540 0.0000000000
36902  26.395  -44.967  68.289 0.0000000000
36924  26.681  -44.726  67.364 0.0000000000
36901  27.265  -45.053  68.085 0.0000000000
36885  18.412  -44.956  69.152 0.0000000000
37820  15.388  -43.967  69.177 0.0000000000
37840  13.932  -43.696  68.646 0.0000000000
36032  11.464  -45.206  67.236 0.0000000000
36930  11.920  -44.579  66.953 0.0000000000
126245  10.916  -45.749  69.038 0.0000000000
39568  20.007  -41.775  65.299 0.0000000000
40411  20.380  -41.179  64.899 0.0000000000
39567  20.735  -41.625  65.515 0.0000000000
39551  21.125  -42.009  66.197 0.0000000000
36909  19.460  -44.577  67.928 0.0000000000
36838  17.113  -45.348  72.052 0.0000000000
107157  2.954  -51.728  76.054 0.0000000000
30390  3.773  -51.331  76.288 0.0000000000
62236  52.957  -16.308  50.846 0.0000000000
62235  53.855  -16.035  51.151 0.0000000000
59565  53.082  -18.973  55.045 0.0000000000
60433  52.840  -18.790  55.084 0.0000000000
125286  42.546  -23.194  55.990 0.0000000000
56892  43.088  -22.605  56.164 0.0000000000
127633  43.727  -22.351  56.590 0.0000000000
54189  42.720  -25.574  59.030 0.0000000000
55116  43.283  -25.184  59.527 0.0000000000
51534  32.355  -29.846  58.182 0.0000000000
50502  34.469  -29.428  62.885 0.0000000000
50501  34.994  -29.328  63.444 0.0000000000
51451  35.216  -28.964  62.980 0.0000000000
50493  35.139  -29.543  64.134 0.0000000000
41334  30.185  -39.051  61.909 0.0000000000
42990  32.947  -37.584  64.223 0.0000000000
125605  32.731  -37.269  63.624 0.0000000000
43007  33.250  -36.783  63.979 0.0000000000
45697  35.479  -34.720  67.533 0.0000000000
45704  34.909  -34.465  66.108 0.0000000000
46622  34.985  -33.734  66.691 0.0000000000
111256  34.775  -32.969  66.260 0.0000000000
127784  48.476  -14.286  45.605 0.0000000000
119845  50.261  -14.868  45.428 0.0000000000
64012  49.653  -15.016  46.023 0.0000000000
126939  52.444  -15.936  50.153 0.0000000000
63101  51.941  -15.481  49.463 0.0000000000
65907  56.148  -12.610  41.952 0.0000000000
65906  56.425  -12.920  42.076 0.0000000000
64931  54.585  -13.658  46.402 0.0000000000
64920  54.675  -13.761  47.153 0.0000000000
64932  53.906  -13.863  46.556 0.0000000000
33287  8.086  -48.997  72.076 0.0000000000
33274  8.527  -48.352  72.489 0.0000000000
32265  7.296  -49.572  73.942 0.0000000000
113115  6.852  -49.763  74.738 0.0000000000
33258  7.142  -48.946  75.287 0.0000000000
58690  42.938  -21.012  50.893 0.0000000000
58691  42.035  -21.155  50.803 0.0000000000
53280  39.048  -27.184  61.266 0.0000000000
53279  39.768  -26.786  61.771 0.0000000000
27761  3.494  -54.590  68.964 0.0000000000
26811  2.179  -55.626  70.330 0.0000000000
26812  1.418  -56.038  70.385 0.0000000000
39627  25.006  -41.239  62.429 0.0000000000
38747  25.742  -42.672  64.097 0.0000000000
38768  25.784  -42.207  63.423 0.0000000000
38746  26.656  -42.883  64.185 0.0000000000
37855  17.412  -44.054  67.256 0.0000000000
110223  15.820  -43.364  66.443 0.0000000000
37857  16.040  -43.649  67.082 0.0000000000
113360  15.487  -43.682  67.707 0.0000000000
38749  18.517  -42.201  64.357 0.0000000000
39569  19.298  -42.026  64.901 0.0000000000
37877  17.853  -43.724  66.158 0.0000000000
107225  17.981  -44.036  66.881 0.0000000000
36841  14.547  -44.951  72.313 0.0000000000
36831  14.289  -45.220  73.079 0.0000000000
61304  50.534  -17.689  50.329 0.0000000000
110849  50.322  -18.575  51.322 0.0000000000
60474  51.170  -18.319  51.737 0.0000000000
60464  51.327  -18.601  52.700 0.0000000000
129806  47.719  -20.183  55.795 0.0000000000
122313  48.410  -19.972  55.877 0.0000000000
128839  38.969  -23.345  52.947 0.0000000000
56924  39.563  -22.953  53.091 0.0000000000
56022  41.061  -23.910  55.029 0.0000000000
56011  41.713  -24.055  55.491 0.0000000000
56021  42.051  -23.321  55.563 0.0000000000
49607  32.129  -30.749  58.470 0.0000000000
49606  32.405  -30.549  59.315 0.0000000000
50525  32.496  -30.120  59.468 0.0000000000
49601  32.506  -30.273  60.100 0.0000000000
122890  32.960  -30.763  62.178 0.0000000000
49585  33.295  -30.471  62.629 0.0000000000
118139  33.584  -30.232  62.959 0.0000000000
49576  33.553  -30.641  63.243 0.0000000000
41284  30.996  -40.065  64.118 0.0000000000
41282  32.372  -39.221  64.811 0.0000000000
42109  32.993  -38.729  65.202 0.0000000000
42131  32.593  -38.404  64.379 0.0000000000
62270  46.379  -16.194  47.562 0.0000000000
62269  47.250  -16.166  47.543 0.0000000000
62268  48.099  -16.170  47.634 0.0000000000
63120  49.451  -15.675  47.325 0.0000000000
64978  53.465  -13.012  42.456 0.0000000000
64977  54.606  -13.245  42.855 0.0000000000
64967  51.845  -13.461  43.388 0.0000000000
118884  52.684  -13.810  43.413 0.0000000000
38709  23.215  -42.738  66.432 0.0000000000
38708  24.178  -43.023  66.224 0.0000000000
37830  24.158  -44.271  67.979 0.0000000000
107009  24.423  -43.824  67.231 0.0000000000
35978  10.899  -45.800  71.751 0.0000000000
35965  11.050  -45.777  72.695 0.0000000000
35105  10.094  -46.513  74.131 0.0000000000
35099  9.917  -46.624  75.140 0.0000000000
60495  46.774  -18.515  49.363 0.0000000000
112646  46.962  -18.944  50.032 0.0000000000
108130  45.911  -19.570  50.299 0.0000000000
59614  46.675  -19.452  50.635 0.0000000000
59605  46.703  -19.919  51.540 0.0000000000
126791  47.470  -19.936  52.149 0.0000000000
59616  43.862  -19.957  49.883 0.0000000000
108774  44.702  -19.890  50.113 0.0000000000
58677  46.218  -20.612  52.739 0.0000000000
58660  46.424  -20.688  53.582 0.0000000000
58615  46.406  -20.404  56.814 0.0000000000
58616  45.610  -20.674  56.532 0.0000000000
112242  39.997  -27.091  56.128 0.0000000000
53344  40.614  -26.610  55.896 0.0000000000
128713  40.882  -26.545  58.689 0.0000000000
108841  41.192  -26.478  58.002 0.0000000000
54190  41.893  -25.876  59.347 0.0000000000
54180  41.555  -25.931  60.412 0.0000000000
107670  40.480  -26.503  61.412 0.0000000000
54169  41.016  -26.109  61.845 0.0000000000
54156  41.597  -25.714  62.256 0.0000000000
54155  42.248  -25.337  61.820 0.0000000000
55067  42.899  -24.822  62.260 0.0000000000
118734  32.039  -33.865  59.812 0.0000000000
62271  44.600  -16.002  47.625 0.0000000000
119887  45.504  -16.121  47.583 0.0000000000
121272  45.130  -16.631  47.873 0.0000000000
61316  45.982  -17.782  48.568 0.0000000000
128952  46.356  -18.220  48.946 0.0000000000
68356  50.391  -9.294  43.187 0.0000000000
30411  6.166  -52.191  70.990 0.0000000000
30405  6.106  -52.153  71.912 0.0000000000
29545  5.668  -52.763  71.460 0.0000000000
127830  4.550  -53.525  72.306 0.0000000000
29530  4.919  -53.058  72.721 0.0000000000
29513  3.767  -52.990  73.674 0.0000000000
124736  3.454  -52.698  74.287 0.0000000000
27750  3.045  -54.810  71.043 0.0000000000
28603  3.048  -54.394  71.895 0.0000000000
55193  38.585  -24.798  53.325 0.0000000000
54258  37.934  -25.259  53.093 0.0000000000
53362  37.305  -26.606  53.325 0.0000000000
54259  37.268  -25.764  52.954 0.0000000000
126135  38.547  -26.239  53.921 0.0000000000
52485  38.574  -27.495  54.659 0.0000000000
52476  38.807  -27.767  55.411 0.0000000000
52457  38.719  -27.943  57.179 0.0000000000
50574  36.269  -29.449  55.074 0.0000000000
51550  36.985  -28.959  55.155 0.0000000000
51513  37.219  -28.675  57.889 0.0000000000
115672  38.540  -27.948  57.991 0.0000000000
127506  38.155  -27.959  59.141 0.0000000000
52436  38.368  -27.806  59.708 0.0000000000
114981  36.982  -28.128  60.934 0.0000000000
52411  37.577  -27.825  61.487 0.0000000000
52396  37.678  -27.707  62.378 0.0000000000
41337  27.772  -39.616  61.123 0.0000000000
40477  28.229  -39.890  61.646 0.0000000000
39625  26.509  -41.135  62.391 0.0000000000
39623  27.916  -41.209  62.798 0.0000000000
40448  28.708  -40.914  63.031 0.0000000000
40447  29.550  -40.713  63.305 0.0000000000
39562  29.822  -42.151  64.883 0.0000000000
39561  30.603  -41.643  65.152 0.0000000000
39560  31.239  -41.408  65.600 0.0000000000
39549  31.007  -42.042  65.852 0.0000000000
36938  26.927  -44.474  66.615 0.0000000000
37868  28.704  -44.240  65.920 0.0000000000
37866  30.627  -43.836  66.501 0.0000000000
37865  31.286  -43.394  66.800 0.0000000000
38693  31.721  -42.989  67.079 0.0000000000
112469  20.098  -45.890  71.110 0.0000000000
36849  18.536  -45.499  71.206 0.0000000000
36865  15.657  -44.563  70.523 0.0000000000
124453  16.118  -44.828  71.167 0.0000000000
36852  15.406  -44.730  71.269 0.0000000000
36866  14.826  -44.418  70.754 0.0000000000
108248  13.164  -44.459  71.057 0.0000000000
38715  14.331  -43.031  65.811 0.0000000000
37898  12.502  -43.390  65.047 0.0000000000
37882  12.160  -43.944  65.536 0.0000000000
116082  12.860  -43.849  67.999 0.0000000000
112425  13.142  -43.814  68.699 0.0000000000
114943  12.423  -44.197  68.599 0.0000000000
36889  11.752  -44.819  69.685 0.0000000000
36888  12.218  -44.426  69.498 0.0000000000
35992  11.436  -45.144  70.348 0.0000000000
35141  9.931  -47.017  69.662 0.0000000000
112671  10.122  -46.882  66.717 0.0000000000
35156  10.531  -46.568  67.490 0.0000000000
34242  9.465  -47.817  69.392 0.0000000000
34228  8.991  -48.176  70.046 0.0000000000
127090  8.766  -48.663  69.881 0.0000000000
33316  8.437  -49.166  69.707 0.0000000000
32298  7.922  -49.810  70.040 0.0000000000
30430  6.527  -51.525  69.547 0.0000000000
40468  23.398  -40.679  62.352 0.0000000000
38696  21.544  -42.607  66.813 0.0000000000
38710  22.387  -42.523  66.650 0.0000000000
37852  22.323  -43.479  67.555 0.0000000000
36882  21.397  -45.133  69.164 0.0000000000
36883  20.632  -45.093  68.942 0.0000000000
36011  20.025  -45.613  70.132 0.0000000000
113828  19.153  -46.094  72.856 0.0000000000
35955  12.439  -45.591  73.883 0.0000000000
35943  11.900  -45.874  74.594 0.0000000000
30400  6.352  -51.397  73.232 0.0000000000
30396  5.384  -51.594  74.658 0.0000000000
30389  4.718  -50.880  76.312 0.0000000000
31293  5.496  -50.892  75.543 0.0000000000
31288  5.391  -50.427  76.330 0.0000000000
32252  5.794  -49.739  76.748 0.0000000000
125285  4.865  -49.862  77.930 0.0000000000
113341  52.676  -17.258  51.948 0.0000000000
108094  53.423  -17.011  52.425 0.0000000000
60476  48.329  -19.030  51.053 0.0000000000
60475  49.368  -18.736  51.085 0.0000000000
59604  48.984  -19.376  51.863 0.0000000000
108913  50.225  -19.509  53.908 0.0000000000
59586  49.925  -19.532  53.040 0.0000000000
59584  51.148  -18.963  54.330 0.0000000000
59559  49.653  -19.612  56.988 0.0000000000
112817  49.935  -19.571  55.456 0.0000000000
116591  51.271  -19.132  56.734 0.0000000000
59557  51.883  -19.277  56.790 0.0000000000
59556  52.348  -19.528  56.287 0.0000000000
57780  40.592  -21.678  51.418 0.0000000000
58692  40.981  -21.136  50.744 0.0000000000
57760  42.222  -21.744  52.168 0.0000000000
56922  41.230  -22.270  53.682 0.0000000000
57731  42.735  -21.883  54.572 0.0000000000
57732  41.967  -21.991  54.083 0.0000000000
110597  42.640  -21.824  53.784 0.0000000000
110663  43.783  -21.538  54.835 0.0000000000
57722  43.703  -21.656  55.391 0.0000000000
57714  44.134  -21.851  56.711 0.0000000000
57713  44.501  -21.335  56.602 0.0000000000
53337  41.701  -26.084  56.524 0.0000000000
54225  41.603  -25.611  55.925 0.0000000000
55146  42.853  -25.399  56.976 0.0000000000
55130  45.506  -24.567  58.855 0.0000000000
55131  44.802  -24.849  58.525 0.0000000000
122276  44.941  -23.240  57.471 0.0000000000
50546  33.077  -29.693  57.380 0.0000000000
51516  34.260  -29.090  58.628 0.0000000000
51488  33.018  -29.516  59.913 0.0000000000
51473  34.536  -28.948  61.329 0.0000000000
51486  34.428  -28.933  60.498 0.0000000000
117790  35.088  -28.807  60.048 0.0000000000
107037  36.057  -28.564  60.279 0.0000000000
51472  35.502  -28.637  61.691 0.0000000000
51449  36.244  -28.710  63.621 0.0000000000
51461  36.341  -28.421  62.917 0.0000000000
52380  36.924  -28.268  63.488 0.0000000000
42166  30.840  -38.761  62.294 0.0000000000
42165  31.443  -38.429  62.722 0.0000000000
43026  32.173  -36.942  62.401 0.0000000000
43044  31.526  -37.246  61.665 0.0000000000
44901  33.340  -35.525  63.080 0.0000000000
44902  33.038  -35.361  62.416 0.0000000000
45735  33.252  -34.398  62.224 0.0000000000
126675  33.395  -40.278  66.899 0.0000000000
42079  34.564  -38.718  67.168 0.0000000000
42080  33.974  -39.097  66.677 0.0000000000
42092  34.391  -38.301  66.579 0.0000000000
42956  34.129  -37.921  65.967 0.0000000000
42955  34.607  -37.545  66.446 0.0000000000
127826  34.957  -36.135  66.459 0.0000000000
124814  34.533  -36.481  65.706 0.0000000000
43964  34.240  -36.036  64.951 0.0000000000
44881  34.564  -35.196  65.080 0.0000000000
46640  34.541  -33.804  64.968 0.0000000000
45721  34.418  -34.552  64.618 0.0000000000
46641  34.242  -33.880  64.218 0.0000000000
46649  33.840  -33.874  63.376 0.0000000000
119177  33.986  -33.124  64.015 0.0000000000
119244  33.944  -31.853  64.671 0.0000000000
48544  34.063  -31.225  65.040 0.0000000000
127468  33.934  -30.937  64.563 0.0000000000
47548  35.367  -32.403  68.227 0.0000000000
48495  35.189  -31.878  67.928 0.0000000000
128562  35.488  -30.859  67.726 0.0000000000
49542  35.204  -30.516  66.389 0.0000000000
50469  35.898  -29.979  66.428 0.0000000000
50481  35.688  -29.576  64.913 0.0000000000
67558  49.519  -9.996  43.775 0.0000000000
63136  47.015  -14.914  46.685 0.0000000000
64015  46.405  -14.075  46.408 0.0000000000
65887  49.532  -12.713  44.152 0.0000000000
65900  49.635  -11.743  43.759 0.0000000000
109476  51.126  -14.837  44.925 0.0000000000
64022  51.901  -15.026  45.708 0.0000000000
63119  50.294  -15.486  47.633 0.0000000000
63118  51.080  -15.069  47.997 0.0000000000
108505  53.259  -13.916  48.108 0.0000000000
63986  53.245  -14.165  48.849 0.0000000000
63978  54.040  -14.359  49.270 0.0000000000
66780  53.601  -10.779  40.609 0.0000000000
66779  54.363  -11.024  40.314 0.0000000000
64964  55.414  -13.248  43.827 0.0000000000
32291  7.757  -49.683  71.731 0.0000000000
32273  7.135  -50.029  73.189 0.0000000000
123897  39.148  -26.906  62.929 0.0000000000
53250  38.959  -26.961  63.587 0.0000000000
125699  17.662  -42.458  64.199 0.0000000000
36842  13.780  -44.951  72.424 0.0000000000
36832  13.510  -45.240  73.210 0.0000000000
35954  13.201  -45.607  73.988 0.0000000000
112927  49.963  -17.685  50.048 0.0000000000
60484  49.958  -18.185  50.589 0.0000000000
58614  47.223  -20.178  57.137 0.0000000000
59548  48.071  -19.969  57.420 0.0000000000
55192  39.253  -24.448  53.664 0.0000000000
56034  39.926  -24.061  54.038 0.0000000000
55174  41.180  -24.884  55.357 0.0000000000
47648  32.405  -31.491  60.211 0.0000000000
48604  32.532  -30.745  60.555 0.0000000000
112810  32.907  -31.396  61.906 0.0000000000
61326  48.415  -16.789  48.334 0.0000000000
62255  49.341  -16.503  48.482 0.0000000000
61312  49.590  -17.394  49.559 0.0000000000
66763  51.797  -11.468  42.194 0.0000000000
127465  51.877  -12.873  43.030 0.0000000000
35120  10.359  -46.326  71.295 0.0000000000
35106  9.406  -47.078  73.534 0.0000000000
33257  7.700  -48.533  74.820 0.0000000000
34160  8.040  -47.886  75.182 0.0000000000
59615  45.366  -19.828  50.376 0.0000000000
108896  43.741  -20.826  51.033 0.0000000000
58689  44.489  -20.681  51.249 0.0000000000
58644  45.888  -20.790  54.145 0.0000000000
58645  45.166  -20.965  54.311 0.0000000000
58630  44.801  -20.993  55.280 0.0000000000
53329  40.014  -27.106  57.570 0.0000000000
60505  45.071  -18.055  48.668 0.0000000000
29572  5.535  -52.588  69.600 0.0000000000
29559  5.116  -53.297  70.972 0.0000000000
127760  3.781  -53.874  72.266 0.0000000000
52486  37.787  -27.963  54.393 0.0000000000
51549  37.750  -28.570  55.108 0.0000000000
117941  36.828  -29.090  56.537 0.0000000000
51529  36.576  -28.999  57.282 0.0000000000
52437  37.526  -28.199  59.486 0.0000000000
52424  36.932  -28.342  60.239 0.0000000000
41338  26.908  -39.763  61.074 0.0000000000
39604  27.078  -42.069  63.328 0.0000000000
112470  27.659  -41.743  63.196 0.0000000000
39581  29.444  -41.781  64.263 0.0000000000
37849  26.142  -44.307  66.771 0.0000000000
36898  30.481  -45.223  68.097 0.0000000000
37838  15.786  -43.908  68.466 0.0000000000
37819  16.073  -44.186  69.049 0.0000000000
37897  13.142  -43.235  65.346 0.0000000000
36940  11.835  -44.518  65.993 0.0000000000
34243  8.922  -48.547  69.170 0.0000000000
40430  20.605  -40.734  64.380 0.0000000000
37835  19.754  -44.035  67.300 0.0000000000
30398  4.438  -52.015  74.766 0.0000000000
60463  52.483  -17.969  53.428 0.0000000000
61270  53.407  -17.688  53.518 0.0000000000
59575  53.611  -19.009  54.309 0.0000000000
58641  53.239  -19.514  54.865 0.0000000000
119738  53.035  -20.334  55.038 0.0000000000
59599  48.346  -19.811  52.403 0.0000000000
107179  49.325  -19.846  53.569 0.0000000000
59545  50.927  -19.597  57.832 0.0000000000
57762  40.873  -21.902  52.191 0.0000000000
56902  41.815  -22.816  55.057 0.0000000000
111135  43.689  -21.852  56.098 0.0000000000
124317  42.971  -25.674  58.268 0.0000000000
55994  46.001  -24.085  58.465 0.0000000000
50547  32.297  -29.811  57.589 0.0000000000
51533  32.995  -29.641  58.079 0.0000000000
115517  33.464  -29.726  61.575 0.0000000000
50517  33.828  -29.319  61.249 0.0000000000
121556  35.810  -28.738  63.128 0.0000000000
51435  35.969  -29.109  64.253 0.0000000000
122794  32.133  -38.421  63.751 0.0000000000
42146  31.963  -38.106  63.195 0.0000000000
43008  32.299  -37.428  63.096 0.0000000000
43997  32.613  -36.180  62.351 0.0000000000
41196  34.775  -39.748  68.336 0.0000000000
42071  34.975  -38.811  67.997 0.0000000000
44864  34.973  -35.228  66.303 0.0000000000
44871  34.812  -35.020  65.692 0.0000000000
47585  34.111  -32.555  64.652 0.0000000000
47584  34.496  -32.925  65.355 0.0000000000
47576  34.549  -32.177  66.023 0.0000000000
47568  34.827  -32.297  66.790 0.0000000000
121278  47.698  -14.925  46.513 0.0000000000
64952  49.355  -13.572  44.604 0.0000000000
63108  51.469  -15.129  48.744 0.0000000000
63107  52.433  -14.673  49.021 0.0000000000
65922  54.510  -12.193  41.469 0.0000000000
66769  54.886  -11.636  40.730 0.0000000000
65920  56.284  -12.213  41.105 0.0000000000
109845  55.375  -13.435  45.328 0.0000000000
64007  55.448  -13.958  46.395 0.0000000000
36907  22.008  -44.620  68.621 0.0000000000
114049  23.306  -45.884  70.425 0.0000000000
35988  22.782  -46.420  71.161 0.0000000000
32264  7.761  -48.815  73.896 0.0000000000
32272  7.572  -49.371  73.310 0.0000000000
33248  6.990  -48.584  76.217 0.0000000000
32251  6.439  -48.973  76.819 0.0000000000
58707  43.387  -20.529  50.341 0.0000000000
123568  43.345  -21.179  51.644 0.0000000000
52421  39.148  -27.408  59.782 0.0000000000
53278  40.388  -26.443  62.219 0.0000000000
53262  40.302  -26.355  63.031 0.0000000000
28610  4.419  -53.876  70.365 0.0000000000
28611  3.996  -54.131  69.460 0.0000000000
27757  3.594  -54.658  70.111 0.0000000000
27762  2.990  -55.098  69.347 0.0000000000
109301  2.431  -55.205  70.940 0.0000000000
27752  1.745  -54.996  71.938 0.0000000000
27753  1.272  -55.187  72.040 0.0000000000
39626  25.765  -41.316  62.473 0.0000000000
39605  26.298  -41.788  62.998 0.0000000000
38766  27.098  -42.564  63.765 0.0000000000
37908  27.956  -43.407  64.826 0.0000000000
37856  16.792  -43.856  67.191 0.0000000000
107438  11.190  -44.869  65.667 0.0000000000
36039  10.996  -45.549  66.308 0.0000000000
129159  52.574  -18.229  54.274 0.0000000000
115936  48.976  -19.953  55.162 0.0000000000
59547  49.025  -19.817  57.632 0.0000000000
56930  39.773  -22.405  52.548 0.0000000000
56914  40.823  -22.817  54.046 0.0000000000
56033  40.601  -23.594  54.369 0.0000000000
56032  41.239  -23.158  54.679 0.0000000000
56009  43.082  -23.714  56.459 0.0000000000
121899  43.535  -24.649  60.949 0.0000000000
50529  32.428  -30.110  58.902 0.0000000000
51519  32.482  -29.883  58.680 0.0000000000
50524  32.701  -29.840  60.028 0.0000000000
49600  32.670  -30.283  60.745 0.0000000000
50519  32.910  -30.008  61.169 0.0000000000
107107  33.677  -29.908  62.496 0.0000000000
41300  29.996  -40.048  62.961 0.0000000000
41321  30.457  -39.427  62.597 0.0000000000
41283  31.713  -39.677  64.462 0.0000000000
63135  48.346  -15.151  46.556 0.0000000000
63134  49.142  -15.306  46.608 0.0000000000
62254  50.015  -16.218  48.669 0.0000000000
61310  51.433  -16.380  49.794 0.0000000000
66771  52.322  -11.137  41.649 0.0000000000
112833  52.928  -11.578  41.477 0.0000000000
65908  55.199  -12.642  42.093 0.0000000000
65896  55.766  -12.886  42.964 0.0000000000
64965  54.422  -13.792  43.818 0.0000000000
64949  54.223  -14.047  44.739 0.0000000000
64027  53.454  -14.569  44.857 0.0000000000
121368  24.446  -42.769  65.249 0.0000000000
37872  24.791  -43.608  66.513 0.0000000000
37850  25.316  -44.025  67.044 0.0000000000
36878  25.169  -45.287  69.273 0.0000000000
35964  11.658  -45.490  72.625 0.0000000000
35944  10.987  -45.979  74.240 0.0000000000
112190  10.590  -46.180  73.278 0.0000000000
111537  8.926  -47.684  72.993 0.0000000000
34159  8.704  -47.382  75.094 0.0000000000
35090  9.429  -46.879  75.583 0.0000000000
59588  47.838  -20.096  52.859 0.0000000000
58659  47.797  -20.342  53.559 0.0000000000
58688  45.260  -20.553  51.541 0.0000000000
128090  46.714  -20.278  52.259 0.0000000000
58642  47.587  -20.463  54.391 0.0000000000
107423  47.232  -20.412  55.290 0.0000000000
58627  47.079  -20.238  56.247 0.0000000000
58603  46.710  -20.563  57.607 0.0000000000
54237  40.265  -26.204  55.171 0.0000000000
53327  41.522  -26.369  57.225 0.0000000000
53328  40.776  -26.713  57.394 0.0000000000
115239  41.936  -26.159  57.832 0.0000000000
53290  40.667  -26.481  60.563 0.0000000000
54167  42.310  -25.443  60.912 0.0000000000
46685  32.184  -32.992  59.857 0.0000000000
46669  32.861  -33.187  61.305 0.0000000000
39541  32.977  -41.256  67.361 0.0000000000
40357  33.950  -40.981  68.381 0.0000000000
61328  46.630  -17.335  48.383 0.0000000000
67564  50.547  -9.986  42.808 0.0000000000
30410  6.644  -51.616  71.440 0.0000000000
110372  5.960  -52.054  72.814 0.0000000000
29511  5.370  -52.554  73.226 0.0000000000
30397  4.970  -52.265  74.012 0.0000000000
29495  4.164  -52.558  74.191 0.0000000000
29496  3.601  -52.296  74.800 0.0000000000
28591  3.244  -53.542  73.215 0.0000000000
29514  2.949  -52.997  73.954 0.0000000000
55198  38.751  -24.011  53.099 0.0000000000
55186  39.028  -25.118  53.874 0.0000000000
54248  39.195  -25.862  54.205 0.0000000000
53352  39.615  -26.480  54.770 0.0000000000
52475  39.466  -27.471  55.816 0.0000000000
52466  39.551  -27.479  56.785 0.0000000000
51527  38.148  -28.407  56.621 0.0000000000
52410  38.298  -27.600  61.124 0.0000000000
41336  28.618  -39.359  61.149 0.0000000000
40479  26.548  -40.464  61.713 0.0000000000
40446  30.311  -40.443  63.687 0.0000000000
40425  30.620  -40.878  64.506 0.0000000000
38726  25.352  -42.998  64.948 0.0000000000
37891  26.593  -43.638  65.205 0.0000000000
37909  27.026  -43.395  64.700 0.0000000000
128215  28.310  -44.642  66.522 0.0000000000
37889  28.724  -43.632  65.253 0.0000000000
38706  30.901  -42.915  66.173 0.0000000000
115183  31.412  -42.313  66.340 0.0000000000
36854  13.409  -44.723  71.700 0.0000000000
36855  12.658  -44.749  71.487 0.0000000000
38732  15.563  -42.796  65.049 0.0000000000
126813  12.572  -44.320  70.038 0.0000000000
35977  11.414  -45.334  71.341 0.0000000000
129353  10.189  -46.905  68.985 0.0000000000
35157  10.095  -47.200  67.620 0.0000000000
34227  9.457  -47.562  70.332 0.0000000000
116198  7.865  -49.808  70.895 0.0000000000
31325  7.524  -50.421  70.474 0.0000000000
31341  7.436  -50.274  68.546 0.0000000000
31334  7.039  -50.974  70.000 0.0000000000
30431  5.878  -51.945  69.024 0.0000000000
40449  24.212  -41.017  62.391 0.0000000000
40428  22.281  -40.897  63.885 0.0000000000
110748  21.751  -40.938  64.370 0.0000000000
38694  22.813  -43.045  67.108 0.0000000000
37854  20.894  -43.263  67.146 0.0000000000
125795  20.418  -43.806  67.356 0.0000000000
31300  6.671  -50.711  73.615 0.0000000000
31296  6.508  -50.561  74.414 0.0000000000
31297  5.937  -50.915  74.764 0.0000000000
31292  6.266  -50.379  75.228 0.0000000000
61293  54.019  -16.883  52.386 0.0000000000
60466  49.870  -19.016  51.850 0.0000000000
59597  50.367  -19.131  52.527 0.0000000000
60444  52.130  -18.563  54.745 0.0000000000
59568  50.936  -19.097  55.876 0.0000000000
60434  52.437  -18.842  55.491 0.0000000000
59566  52.626  -19.116  55.600 0.0000000000
57744  41.691  -21.987  53.331 0.0000000000
57743  42.372  -21.860  52.975 0.0000000000
57742  43.253  -21.657  53.182 0.0000000000
57721  44.250  -21.340  55.908 0.0000000000
58617  44.884  -20.934  56.248 0.0000000000
57704  46.287  -21.136  57.969 0.0000000000
54236  40.934  -25.866  55.527 0.0000000000
55132  44.209  -25.153  58.123 0.0000000000
55114  44.908  -24.723  59.363 0.0000000000
55145  44.148  -24.707  57.439 0.0000000000
56002  43.925  -23.843  56.971 0.0000000000
56885  45.279  -22.565  57.582 0.0000000000
57699  46.110  -22.126  58.014 0.0000000000
57698  46.942  -21.763  58.449 0.0000000000
50560  34.353  -29.880  56.204 0.0000000000
51515  35.361  -28.962  58.540 0.0000000000
51517  33.415  -29.329  58.724 0.0000000000
51487  33.644  -29.184  60.073 0.0000000000
119482  33.882  -29.069  59.343 0.0000000000
51501  34.765  -28.939  59.316 0.0000000000
128349  36.552  -28.348  60.656 0.0000000000
52412  36.852  -28.103  61.547 0.0000000000
51471  36.383  -28.281  62.081 0.0000000000
42179  30.566  -38.405  61.581 0.0000000000
44920  32.392  -35.074  61.089 0.0000000000
44911  32.507  -35.649  61.699 0.0000000000
45744  32.764  -34.206  61.309 0.0000000000
45743  33.171  -33.660  61.869 0.0000000000
41243  33.278  -39.830  66.390 0.0000000000
41265  33.443  -39.007  65.908 0.0000000000
109392  33.617  -38.306  65.558 0.0000000000
43936  35.351  -36.247  67.357 0.0000000000
112795  34.990  -36.969  66.920 0.0000000000
42970  34.314  -37.217  65.813 0.0000000000
129440  33.764  -36.599  64.585 0.0000000000
43965  33.736  -36.041  64.162 0.0000000000
44891  33.695  -35.406  63.654 0.0000000000
46657  33.504  -33.542  62.576 0.0000000000
113856  33.473  -32.729  62.635 0.0000000000
47612  33.540  -32.093  63.064 0.0000000000
48571  33.611  -31.362  63.569 0.0000000000
49567  33.872  -30.675  64.026 0.0000000000
50494  34.378  -30.054  64.164 0.0000000000
127174  35.269  -32.830  67.927 0.0000000000
48529  34.739  -31.559  66.574 0.0000000000
48511  35.277  -31.326  67.853 0.0000000000
49543  34.735  -30.984  66.326 0.0000000000
49557  34.650  -30.654  65.573 0.0000000000
50482  34.849  -30.027  64.897 0.0000000000
51420  36.354  -29.126  64.888 0.0000000000
51410  37.142  -28.996  66.114 0.0000000000
51419  36.986  -28.846  65.236 0.0000000000
120487  50.038  -11.071  43.356 0.0000000000
64950  51.549  -13.956  43.908 0.0000000000
64951  50.941  -14.101  44.262 0.0000000000
64029  51.766  -14.545  44.357 0.0000000000
64021  52.902  -14.784  45.475 0.0000000000
64008  53.347  -14.280  46.264 0.0000000000
64010  51.549  -14.910  46.679 0.0000000000
63996  51.537  -14.776  47.560 0.0000000000
63994  54.125  -13.762  47.839 0.0000000000
63106  54.674  -14.592  49.087 0.0000000000
29482  3.028  -52.075  75.341 0.0000000000
29558  5.640  -52.718  70.523 0.0000000000
47558  35.052  -32.467  67.557 0.0000000000
59558  50.646  -19.387  57.242 0.0000000000
110127  51.346  -19.390  57.259 0.0000000000
113017  2.524  -55.527  69.583 0.0000000000
114505  4.865  -50.190  77.111 0.0000000000
126745  5.367  -49.656  77.555 0.0000000000
