#!ascii label  , from subject sub-v1s0x0050647_ses-1 vox2ras=TkReg
878
72115  16.132  -5.363  3.546 0.2500000000
71292  16.827  -5.830  2.460 0.2500000000
71270  16.879  -6.646  2.557 0.7500000000
74716  16.014  -2.967  3.041 0.2500000000
73873  15.851  -3.571  3.474 0.1250000000
73872  16.226  -3.839  3.033 0.2500000000
72973  16.206  -4.660  3.251 0.2500000000
72131  16.926  -5.049  2.210 0.7500000000
72132  16.429  -5.248  2.941 0.3750000000
122923  17.379  -6.302  2.016 0.8750000000
71291  18.187  -6.323  1.381 0.8750000000
72987  16.515  -4.489  2.687 0.3750000000
72986  17.079  -4.259  1.974 0.8750000000
72148  19.230  -5.381  0.583 1.0000000000
72150  17.777  -4.790  1.428 1.0000000000
72130  17.504  -5.641  1.733 0.8750000000
124260  18.908  -6.557  0.902 1.0000000000
74734  16.555  -3.077  2.393 0.7500000000
73882  17.273  -3.364  1.683 0.8750000000
112175  17.728  -4.004  1.370 0.8750000000
73883  16.653  -3.818  2.398 0.7500000000
72147  20.000  -4.969  0.226 1.0000000000
73005  18.624  -4.854  0.821 1.0000000000
112449  18.409  -4.178  0.831 1.0000000000
72146  20.690  -5.483  0.413 1.0000000000
71305  19.438  -6.194  0.612 1.0000000000
71306  18.812  -6.013  0.848 1.0000000000
74703  15.604  -2.905  3.726 0.1250000000
74751  17.897  -2.609  1.013 1.0000000000
74733  17.148  -2.349  1.681 0.8750000000
73901  18.139  -3.428  0.917 1.0000000000
119286  20.604  -4.673  0.269 1.0000000000
73003  20.173  -4.160  0.010 1.0000000000
73004  19.296  -4.387  0.324 1.0000000000
73900  18.862  -3.582  0.294 1.0000000000
122339  22.972  -5.751  1.863 1.0000000000
72129  21.537  -5.652  0.800 1.0000000000
78054  16.360  0.968  2.877 0.2500000000
75590  15.912  -2.136  3.241 0.2500000000
120450  16.253  -1.261  2.772 0.3750000000
75589  16.504  -2.021  2.402 0.5000000000
75628  17.777  -1.691  1.056 1.0000000000
75610  17.154  -1.372  1.616 0.6250000000
74764  19.053  -2.375  -0.105 1.0000000000
74750  18.420  -2.030  0.416 1.0000000000
73001  21.692  -4.058  0.951 1.0000000000
106914  20.909  -4.019  0.301 1.0000000000
73910  19.727  -2.766  -0.244 1.0000000000
73881  22.555  -3.871  1.688 1.0000000000
72985  22.056  -5.053  1.293 1.0000000000
72972  23.639  -4.310  2.248 1.0000000000
72984  22.903  -4.830  1.929 1.0000000000
78069  17.486  1.353  1.738 0.5000000000
115832  16.951  0.955  2.287 0.3750000000
77257  17.096  0.451  2.039 0.3750000000
76428  16.637  -0.377  2.370 0.5000000000
77256  17.533  0.632  1.435 0.5000000000
76464  18.223  -0.188  0.541 0.8750000000
75627  18.307  -1.144  0.507 1.0000000000
74763  20.356  -2.346  -0.275 1.0000000000
75644  18.918  -1.549  -0.054 1.0000000000
74731  22.223  -2.449  1.300 1.0000000000
74749  20.969  -2.605  -0.030 1.0000000000
73880  23.308  -3.356  2.130 1.0000000000
72971  24.648  -4.562  2.417 0.8750000000
78053  17.064  1.791  2.266 0.5000000000
115958  17.875  1.277  1.152 0.6250000000
128876  18.189  1.120  0.754 0.6250000000
77272  18.468  0.597  0.405 1.0000000000
77273  17.931  0.623  0.863 0.7500000000
113691  18.914  -0.105  -0.096 1.0000000000
75588  23.144  -1.294  2.145 1.0000000000
75609  22.187  -0.982  1.425 1.0000000000
75625  21.447  -1.464  0.664 1.0000000000
76478  20.353  -1.057  -0.135 1.0000000000
127253  23.310  -2.003  2.215 1.0000000000
74732  21.958  -1.820  1.125 1.0000000000
75586  24.983  -2.344  3.094 0.8750000000
74715  23.977  -2.710  2.548 1.0000000000
73869  25.546  -3.732  2.567 0.8750000000
78068  18.000  2.083  1.397 0.5000000000
78082  18.279  1.674  0.942 0.8750000000
77255  20.650  0.837  0.686 1.0000000000
77270  19.926  0.724  0.180 1.0000000000
76427  22.968  -0.465  2.164 1.0000000000
116308  21.220  0.255  1.080 1.0000000000
76461  20.593  -0.582  0.231 1.0000000000
77238  23.650  0.135  2.860 1.0000000000
75585  25.924  -1.967  3.246 1.0000000000
75587  24.035  -1.749  2.780 1.0000000000
113786  24.538  -0.381  3.309 1.0000000000
112953  25.042  -1.261  3.356 1.0000000000
78052  17.597  2.183  1.786 0.5000000000
78067  18.390  2.276  1.045 0.8750000000
78897  20.861  2.663  1.382 1.0000000000
125222  20.712  1.457  0.909 1.0000000000
78909  19.517  2.124  0.568 1.0000000000
78033  23.594  1.573  3.256 1.0000000000
78049  25.384  1.218  3.742 1.0000000000
78032  24.464  1.356  3.560 1.0000000000
78050  23.068  1.045  2.690 1.0000000000
117241  26.326  -0.186  3.496 1.0000000000
77237  24.746  0.455  3.519 1.0000000000
76425  26.126  -1.001  3.456 0.8750000000
82147  19.275  6.434  1.741 1.0000000000
82149  17.699  6.134  1.848 0.3750000000
81362  19.771  5.454  1.666 0.8750000000
80576  21.051  4.039  1.812 1.0000000000
78867  23.253  2.342  3.302 1.0000000000
78868  22.512  2.411  2.696 1.0000000000
111121  19.657  7.274  2.075 0.8750000000
82135  20.368  6.459  2.094 1.0000000000
81361  20.938  5.518  2.031 1.0000000000
82134  21.377  6.235  2.446 1.0000000000
118365  21.809  3.936  2.229 1.0000000000
79733  23.863  3.067  3.797 1.0000000000
116581  23.295  3.905  3.668 1.0000000000
78865  24.871  2.707  3.892 1.0000000000
122783  19.953  7.919  2.314 0.7500000000
82133  22.107  6.139  3.067 1.0000000000
80553  23.676  4.654  3.962 1.0000000000
80554  22.834  4.615  3.491 1.0000000000
115764  21.064  6.911  2.456 1.0000000000
81351  22.443  5.340  3.253 1.0000000000
86777  21.003  13.127  3.735 0.1250000000
124175  21.447  12.993  3.312 0.2500000000
87470  21.599  13.421  3.689 0.1250000000
119930  22.307  13.097  3.412 0.3750000000
87469  22.343  13.695  3.543 0.2500000000
86783  23.236  13.090  3.448 0.5000000000
87467  24.367  13.818  3.378 0.3750000000
87468  23.249  13.797  3.505 0.2500000000
128449  22.685  14.197  3.593 0.2500000000
88916  22.667  14.583  3.387 0.2500000000
116447  23.601  14.313  3.445 0.2500000000
88915  23.748  14.879  3.190 0.2500000000
88149  24.525  14.441  3.206 0.3750000000
88159  24.545  14.928  2.808 0.3750000000
72103  15.890  -5.398  3.938 0.1250000000
72974  15.919  -4.164  3.539 0.1250000000
71303  21.088  -6.200  0.615 1.0000000000
78081  18.770  1.923  0.695 0.8750000000
119990  22.373  0.984  2.159 1.0000000000
71256  16.037  -6.038  3.898 0.1250000000
126318  17.688  -7.805  2.190 0.7500000000
73858  15.640  -3.760  3.865 0.1250000000
112859  18.350  -7.813  1.660 1.0000000000
72958  15.900  -4.815  3.736 0.1250000000
70442  19.499  -7.053  0.721 1.0000000000
70440  21.020  -6.947  0.694 1.0000000000
71290  21.801  -6.535  1.121 1.0000000000
75573  15.623  -1.414  3.396 0.3750000000
77241  15.766  -0.001  3.242 0.2500000000
76429  16.024  -0.619  3.023 0.2500000000
72114  24.046  -5.431  2.189 0.8750000000
74713  25.774  -2.951  2.953 0.8750000000
72970  25.321  -4.433  2.343 0.8750000000
75606  27.025  -1.944  1.879 0.8750000000
81372  17.626  5.331  1.757 0.1250000000
78900  17.772  2.858  1.558 0.3750000000
79762  18.438  3.619  1.096 0.6250000000
77236  25.952  0.482  3.733 1.0000000000
116867  26.598  -1.496  2.784 0.8750000000
82148  18.404  6.359  1.708 0.5000000000
81371  18.132  5.550  1.570 0.3750000000
120496  18.942  4.872  1.365 0.8750000000
78883  25.079  1.952  3.810 1.0000000000
78882  25.707  2.524  3.729 1.0000000000
79731  25.570  3.284  3.891 1.0000000000
82858  20.486  7.385  2.350 1.0000000000
80552  24.259  3.971  4.087 1.0000000000
83703  20.653  8.193  2.435 0.8750000000
82856  22.148  7.714  3.038 1.0000000000
82128  22.614  6.912  3.493 1.0000000000
81344  24.001  5.378  4.149 1.0000000000
86778  20.787  12.778  4.366 0.1250000000
86791  20.012  12.971  2.777 0.1250000000
86110  21.638  11.869  2.727 0.6250000000
120121  23.078  12.368  3.349 0.6250000000
109895  24.637  12.491  3.392 0.5000000000
86781  25.025  13.097  3.228 0.5000000000
87462  21.884  13.911  4.163 0.2500000000
88150  22.150  14.157  3.724 0.2500000000
87466  25.030  13.887  3.140 0.5000000000
88148  25.144  14.344  2.539 0.5000000000
88917  22.258  14.503  3.705 0.1250000000
88925  22.546  15.039  2.927 0.2500000000
88924  23.998  15.514  2.534 0.2500000000
88167  24.808  15.052  2.034 0.3750000000
89613  24.099  16.368  1.647 0.2500000000
71271  16.376  -6.134  3.231 0.3750000000
70428  17.743  -7.065  1.969 0.7500000000
70427  18.636  -7.126  1.239 1.0000000000
72149  18.355  -5.507  1.114 1.0000000000
71304  20.286  -6.403  0.506 1.0000000000
109450  18.587  -2.849  0.345 1.0000000000
73002  21.266  -4.810  0.577 1.0000000000
73899  19.622  -3.549  -0.070 1.0000000000
123326  19.162  -3.038  -0.056 1.0000000000
72128  22.206  -5.890  1.348 1.0000000000
76446  16.753  -0.940  2.024 0.5000000000
118482  17.730  -0.793  1.085 0.8750000000
75643  19.628  -1.958  -0.322 1.0000000000
126720  22.251  -4.437  1.474 1.0000000000
73897  21.286  -3.240  0.348 1.0000000000
73898  20.471  -3.249  -0.088 1.0000000000
73896  21.951  -3.158  1.022 1.0000000000
73871  24.283  -3.699  2.484 1.0000000000
76445  17.637  -0.026  1.204 0.6250000000
76463  18.737  -0.778  0.045 1.0000000000
77271  19.121  0.657  0.001 1.0000000000
75626  20.877  -1.810  -0.011 1.0000000000
75642  20.180  -1.646  -0.301 1.0000000000
76479  19.499  -1.031  -0.253 1.0000000000
108131  22.558  -3.053  1.613 1.0000000000
74714  24.949  -3.269  2.846 0.8750000000
72983  25.606  -4.868  1.891 0.8750000000
119038  18.640  1.250  0.503 1.0000000000
77269  20.586  0.070  0.454 1.0000000000
76426  23.860  -0.840  2.817 1.0000000000
75608  22.621  -1.826  1.645 1.0000000000
76460  21.235  -0.599  0.800 1.0000000000
76444  21.772  -0.211  1.356 1.0000000000
78064  21.808  1.394  1.826 1.0000000000
78079  20.089  1.454  0.495 1.0000000000
77254  21.928  0.513  1.667 1.0000000000
127790  22.333  -0.165  1.735 1.0000000000
77239  22.713  0.334  2.198 1.0000000000
128389  25.487  -0.331  3.577 1.0000000000
78899  18.205  2.865  1.207 0.6250000000
78910  18.829  2.787  0.768 0.7500000000
78066  20.379  2.103  0.842 1.0000000000
78898  19.856  2.969  0.811 1.0000000000
78065  21.153  1.833  1.364 1.0000000000
79748  21.403  3.271  1.860 1.0000000000
111165  22.127  3.170  2.399 1.0000000000
78896  21.786  2.350  1.965 1.0000000000
119284  25.820  1.874  3.728 1.0000000000
78034  22.931  1.790  2.880 1.0000000000
78051  22.408  1.663  2.363 1.0000000000
81370  18.780  5.631  1.503 0.7500000000
79759  20.525  3.473  1.429 1.0000000000
117474  20.289  4.100  1.533 1.0000000000
80567  20.549  4.724  1.740 1.0000000000
79734  22.753  3.208  3.214 1.0000000000
81360  21.815  5.431  2.524 1.0000000000
80565  22.200  4.554  2.736 1.0000000000
79747  22.293  3.778  2.716 1.0000000000
80566  21.474  4.719  2.100 1.0000000000
79732  24.783  3.415  4.000 1.0000000000
118378  21.752  6.915  2.846 1.0000000000
119488  22.838  6.029  3.648 1.0000000000
82857  21.306  7.606  2.574 1.0000000000
86784  20.780  12.964  3.256 0.1250000000
86785  20.329  12.971  3.278 0.1250000000
86790  20.835  12.751  2.758 0.3750000000
121294  22.002  12.509  3.132 0.5000000000
86782  24.144  13.113  3.463 0.5000000000
112114  16.138  -6.840  3.775 0.2500000000
71249  15.848  -6.657  4.635 0.1250000000
71257  15.921  -6.700  4.302 0.1250000000
70408  16.444  -7.114  3.157 0.6250000000
70407  17.042  -7.472  2.596 0.7500000000
70426  19.113  -7.859  1.066 1.0000000000
79763  17.974  3.435  1.405 0.6250000000
79761  19.116  3.503  0.827 0.8750000000
80580  17.999  4.819  1.505 0.7500000000
80579  18.402  4.423  1.296 0.8750000000
80578  18.983  4.153  1.050 1.0000000000
80577  19.665  4.512  1.420 1.0000000000
83702  21.591  8.539  2.609 1.0000000000
82851  23.067  7.787  3.644 1.0000000000
82127  23.535  6.626  3.951 1.0000000000
86113  19.425  12.673  2.687 0.3750000000
86097  22.747  11.634  3.176 0.7500000000
88932  24.478  15.604  1.625 0.2500000000
88166  25.162  14.435  1.461 0.3750000000
67208  18.955  -11.969  2.381 0.7500000000
109707  20.896  -12.082  1.743 0.7500000000
108753  18.220  -11.852  2.869 0.7500000000
67210  17.756  -11.149  3.009 0.7500000000
67221  20.246  -11.359  1.765 0.7500000000
67222  19.420  -11.488  2.040 0.7500000000
68023  19.488  -10.749  1.840 0.7500000000
68008  18.025  -10.500  2.574 0.7500000000
67220  21.390  -11.241  1.558 0.7500000000
68022  20.464  -10.375  1.589 0.7500000000
68784  17.594  -9.002  2.521 0.7500000000
69587  17.279  -8.250  2.605 0.6250000000
116685  19.598  -9.977  1.649 0.7500000000
68782  19.196  -9.303  1.558 0.8750000000
68783  18.382  -9.194  2.037 0.8750000000
68021  21.496  -10.252  1.481 0.7500000000
68781  20.159  -9.361  1.331 0.7500000000
69606  19.589  -8.580  1.130 0.8750000000
128861  21.514  -9.569  1.435 0.7500000000
114863  21.040  -9.082  1.260 0.7500000000
69605  20.454  -8.504  1.002 0.8750000000
69616  19.938  -7.852  0.775 0.8750000000
69604  22.076  -8.253  1.404 0.7500000000
111252  21.326  -8.345  1.156 0.8750000000
70425  20.793  -7.743  0.812 0.8750000000
71288  23.311  -7.272  1.602 0.8750000000
71289  22.454  -7.127  1.478 0.8750000000
108731  22.771  -6.526  1.624 0.8750000000
71302  25.503  -7.256  -0.226 0.3750000000
71286  25.030  -6.789  0.693 0.6250000000
114274  23.819  -6.573  1.758 0.7500000000
122539  25.778  -6.816  -1.003 0.5000000000
72145  25.499  -6.267  -0.002 0.5000000000
72126  25.251  -5.799  1.337 0.7500000000
72113  25.040  -5.281  2.172 0.7500000000
73030  25.778  -5.316  -1.835 0.1250000000
72144  25.866  -5.235  -0.188 0.3750000000
73000  25.763  -5.171  0.966 0.6250000000
72982  26.105  -4.353  1.618 0.6250000000
72186  27.103  -5.238  -2.398 0.1250000000
72187  26.463  -4.906  -2.304 0.1250000000
73918  26.330  -4.134  -1.341 0.1250000000
73917  26.909  -3.473  -1.508 0.1250000000
74747  27.044  -3.246  0.550 0.6250000000
74729  26.845  -2.894  1.625 0.6250000000
126344  27.662  -3.625  -2.809 0.1250000000
74783  28.404  -2.396  -2.806 0.1250000000
75655  28.105  -2.046  -1.411 0.1250000000
74746  27.447  -2.672  -0.005 0.5000000000
75624  27.331  -2.356  0.930 0.6250000000
75605  27.484  -1.436  1.046 0.7500000000
73051  28.035  -3.961  -3.207 0.1250000000
75641  27.941  -1.975  -0.414 0.5000000000
113673  27.965  -1.012  0.144 0.5000000000
76443  27.150  -0.986  1.957 0.7500000000
83704  19.907  8.652  2.429 0.6250000000
84592  19.907  9.614  2.486 0.5000000000
84591  20.689  9.096  2.425 0.7500000000
77282  27.978  0.644  -0.211 0.6250000000
77253  27.384  0.770  1.818 0.6250000000
77235  26.932  0.588  2.995 0.8750000000
77268  27.784  0.518  0.886 0.6250000000
78062  27.575  1.380  1.128 0.6250000000
78063  27.202  1.421  2.111 0.7500000000
125016  21.397  9.434  2.484 0.7500000000
78048  26.318  1.342  3.534 0.8750000000
109219  25.333  4.123  4.093 0.8750000000
129745  25.441  4.747  4.161 0.8750000000
78895  26.984  2.175  2.290 0.7500000000
79746  26.203  3.148  3.270 0.8750000000
79745  26.516  3.907  2.713 0.8750000000
80563  26.385  4.669  3.099 0.8750000000
123713  26.306  5.288  3.393 0.8750000000
78096  27.724  1.379  -1.749 0.3750000000
78078  27.723  1.346  0.121 0.5000000000
78907  27.491  2.065  0.408 0.5000000000
124432  27.106  2.670  1.608 0.6250000000
78097  27.153  1.931  -2.253 0.2500000000
78925  27.403  1.943  -1.358 0.3750000000
78908  27.251  2.726  0.753 0.5000000000
118004  20.711  10.242  2.375 0.6250000000
119582  21.757  10.106  2.531 0.7500000000
83698  22.529  8.544  3.207 0.8750000000
82120  23.554  5.886  3.963 0.8750000000
82125  25.273  6.152  4.153 0.7500000000
81349  25.992  5.656  3.818 0.8750000000
79758  27.011  3.303  1.228 0.6250000000
123615  26.842  3.947  1.733 0.7500000000
127390  27.169  2.423  -1.034 0.3750000000
109440  26.740  2.935  -1.185 0.5000000000
110621  26.759  4.718  1.187 0.7500000000
78926  26.867  2.427  -1.745 0.2500000000
85391  21.249  11.127  2.446 0.6250000000
84590  22.127  9.290  2.784 0.8750000000
83697  23.408  8.637  3.664 0.8750000000
119401  23.871  8.075  3.917 0.8750000000
84580  24.743  9.458  3.774 0.7500000000
116340  25.462  7.083  3.987 0.8750000000
82146  26.694  6.545  1.869 0.7500000000
79793  25.535  3.513  -2.286 0.2500000000
80592  26.348  4.392  -0.688 0.5000000000
79776  26.718  3.513  -0.573 0.5000000000
78932  26.379  2.365  -2.649 0.2500000000
85392  20.251  11.587  2.372 0.5000000000
85390  22.375  10.783  2.847 0.6250000000
119160  23.181  10.088  3.362 0.7500000000
84581  23.791  9.419  3.688 0.7500000000
85377  24.122  10.350  3.631 0.7500000000
84588  26.262  9.170  2.878 0.7500000000
84579  25.636  9.350  3.492 0.7500000000
85376  25.247  10.275  3.527 0.7500000000
83694  26.000  8.573  3.328 0.7500000000
82855  26.665  7.424  2.089 0.7500000000
83701  26.580  8.156  2.226 0.7500000000
118386  26.353  6.003  0.098 0.5000000000
82162  26.341  6.781  0.291 0.3750000000
120729  26.633  7.132  1.141 0.6250000000
79785  25.579  4.422  -1.696 0.2500000000
81393  25.808  5.209  -0.949 0.3750000000
126743  25.993  5.795  -0.506 0.3750000000
86096  23.822  11.452  3.498 0.6250000000
85378  23.290  10.845  3.387 0.7500000000
86095  25.402  11.224  3.229 0.7500000000
85388  26.258  10.325  2.462 0.7500000000
125703  26.376  9.659  2.408 0.7500000000
126707  26.505  8.660  1.232 0.6250000000
113798  25.446  6.961  -0.959 0.3750000000
82874  26.260  7.668  0.368 0.3750000000
80598  24.744  4.704  -2.286 0.1250000000
81403  24.470  5.520  -2.256 0.1250000000
82171  24.894  6.339  -1.732 0.2500000000
129101  24.634  11.765  3.440 0.6250000000
86108  26.047  11.029  2.585 0.6250000000
118347  25.934  8.280  0.003 0.3750000000
115646  26.414  9.153  0.984 0.3750000000
83709  26.569  8.928  1.938 0.7500000000
120143  24.932  7.202  -1.602 0.2500000000
82881  25.704  7.729  -0.448 0.3750000000
82867  26.587  8.071  1.370 0.6250000000
120493  22.798  5.878  -3.158 0.1250000000
82180  24.192  6.218  -2.338 0.1250000000
117385  24.024  4.851  -2.652 0.1250000000
109539  25.235  12.158  3.157 0.6250000000
86122  26.195  11.434  2.087 0.3750000000
86109  25.775  11.751  2.597 0.3750000000
85400  26.278  10.649  0.986 0.3750000000
84610  25.002  9.604  -1.448 0.2500000000
83723  26.018  9.056  0.043 0.3750000000
84598  26.237  9.856  0.543 0.3750000000
82897  23.881  7.680  -2.490 0.1250000000
82889  25.219  7.833  -1.188 0.3750000000
83731  25.552  8.500  -0.654 0.3750000000
112522  21.934  5.635  -3.717 0.1250000000
120144  24.392  6.999  -2.181 0.1250000000
87483  25.471  13.704  1.758 0.3750000000
125344  25.946  11.866  1.033 0.3750000000
86123  26.019  12.095  1.846 0.3750000000
86134  25.248  11.422  -1.090 0.3750000000
86131  25.620  11.367  -0.264 0.3750000000
86129  25.993  11.310  0.566 0.3750000000
85408  24.739  10.292  -1.752 0.3750000000
84609  25.494  9.411  -0.809 0.3750000000
85401  25.922  10.550  0.013 0.3750000000
83746  22.368  8.292  -3.506 0.1250000000
83736  24.251  8.600  -2.242 0.1250000000
84619  24.511  9.465  -1.987 0.2500000000
82908  21.873  7.240  -3.585 0.1250000000
118361  25.456  12.950  0.233 0.2500000000
86821  25.348  12.193  -0.542 0.2500000000
86810  25.730  12.499  1.072 0.3750000000
116401  24.329  11.888  -2.139 0.1250000000
107420  25.682  12.025  0.332 0.3750000000
129433  24.416  10.705  -2.152 0.1250000000
118156  24.679  11.205  -1.814 0.2500000000
123464  21.952  10.107  -4.124 0.1250000000
85413  24.181  10.195  -2.344 0.1250000000
114576  25.545  13.161  1.140 0.3750000000
86816  25.030  13.139  -0.807 0.2500000000
86829  24.265  12.688  -2.100 0.1250000000
87523  24.105  13.724  -2.154 0.1250000000
86830  23.841  12.186  -2.637 0.1250000000
128527  23.792  12.970  -2.604 0.1250000000
129503  21.350  10.051  -4.625 0.1250000000
86141  22.592  11.945  -3.692 0.1250000000
88209  23.653  14.776  -2.579 0.1250000000
86837  22.512  12.856  -3.796 0.1250000000
87524  23.474  13.677  -2.940 0.1250000000
86146  21.215  11.496  -5.018 0.1250000000
85434  20.991  10.495  -5.121 0.1250000000
76477  28.195  -0.133  -0.529 0.6250000000
112939  26.785  3.056  2.319 0.8750000000
109683  26.830  3.992  0.752 0.5000000000
119994  22.469  9.901  2.967 0.8750000000
84582  22.899  9.309  3.348 0.8750000000
83696  24.320  8.683  3.890 0.8750000000
83695  25.246  8.645  3.830 0.7500000000
82848  26.363  7.805  2.966 0.7500000000
124471  26.101  7.217  3.493 0.7500000000
114874  26.670  4.640  0.238 0.5000000000
81379  26.624  5.420  0.630 0.5000000000
81369  26.687  5.585  1.701 0.7500000000
84630  23.058  9.293  -3.220 0.1250000000
86822  24.800  12.243  -1.453 0.2500000000
86836  23.232  12.695  -3.220 0.1250000000
86145  21.800  11.706  -4.395 0.1250000000
73895  26.545  -3.962  0.096 0.5000000000
73879  26.621  -3.795  1.214 0.6250000000
115244  28.298  -0.138  -1.461 0.3750000000
77290  28.122  0.701  -1.146 0.3750000000
78103  27.574  1.426  -2.781 0.2500000000
81359  26.528  5.374  2.681 0.7500000000
85414  23.494  10.200  -2.921 0.1250000000
78104  26.765  1.897  -3.255 0.1250000000
125031  19.903  -12.975  2.289 0.7500000000
66356  19.195  -12.678  2.517 0.7500000000
66369  20.638  -12.867  1.944 0.7500000000
66370  19.876  -12.209  2.054 0.7500000000
123155  21.713  -12.079  1.574 0.7500000000
68765  16.927  -8.811  3.073 0.6250000000
68764  17.849  -9.778  2.498 0.7500000000
68779  22.240  -9.837  1.498 0.7500000000
69603  22.720  -8.618  1.541 0.6250000000
70423  23.722  -8.026  1.494 0.5000000000
129425  24.779  -7.999  0.793 0.3750000000
107470  24.278  -7.569  1.280 0.5000000000
71318  25.928  -6.475  -1.654 0.1250000000
72175  26.586  -5.865  -2.286 0.1250000000
73028  28.830  -4.613  -2.349 0.1250000000
73049  29.338  -4.044  -4.005 0.1250000000
73932  28.726  -3.587  -3.970 0.1250000000
123323  28.776  -2.828  -4.051 0.1250000000
83705  19.260  8.992  2.580 0.3750000000
109708  29.202  -2.067  -4.374 0.1250000000
75665  28.756  -1.563  -3.097 0.1250000000
76496  28.444  -0.158  -2.428 0.1250000000
77300  28.107  0.724  -2.146 0.2500000000
111513  19.711  10.745  2.486 0.5000000000
78941  25.784  2.185  -3.658 0.1250000000
78934  24.427  2.839  -3.706 0.1250000000
80607  24.074  4.010  -2.996 0.1250000000
80608  23.283  4.536  -3.267 0.1250000000
86111  20.715  12.123  2.451 0.3750000000
80618  22.372  4.166  -4.082 0.1250000000
81415  21.013  5.443  -4.413 0.1250000000
81414  21.665  4.726  -4.284 0.1250000000
83747  21.395  8.489  -4.093 0.1250000000
84645  20.299  8.642  -5.318 0.1250000000
88187  24.756  14.740  -0.333 0.2500000000
88200  24.538  15.011  -1.105 0.1250000000
115248  24.260  16.604  -1.459 0.1250000000
88216  22.326  14.423  -4.098 0.1250000000
86846  21.892  12.644  -4.349 0.1250000000
85446  20.682  10.492  -5.766 0.1250000000
86847  21.261  12.400  -4.996 0.1250000000
76424  26.784  -0.535  2.911 0.7500000000
82136  18.738  7.290  2.005 0.3750000000
81342  25.439  5.284  4.170 0.8750000000
69608  18.028  -8.436  2.093 0.7500000000
69607  18.785  -8.543  1.536 0.8750000000
70441  20.310  -7.214  0.611 0.8750000000
73868  26.236  -3.518  2.206 0.6250000000
78881  26.390  2.253  3.133 0.8750000000
129436  23.250  7.185  3.796 0.8750000000
82850  23.826  7.404  4.004 0.8750000000
87477  25.398  13.447  2.575 0.3750000000
88938  24.513  16.019  0.814 0.1250000000
88173  24.975  14.529  0.519 0.2500000000
67209  18.621  -11.131  2.338 0.7500000000
66357  18.581  -12.403  2.808 0.7500000000
66368  21.496  -12.742  1.708 0.7500000000
68009  17.290  -10.286  3.129 0.7500000000
124512  18.712  -10.106  2.005 0.7500000000
68780  20.915  -9.722  1.419 0.7500000000
115466  21.950  -8.990  1.461 0.7500000000
70424  22.756  -7.871  1.534 0.7500000000
108794  21.715  -7.529  1.200 0.8750000000
70439  25.018  -7.613  0.519 0.2500000000
71287  24.542  -7.005  1.182 0.6250000000
72127  24.652  -6.208  1.684 0.7500000000
72163  25.716  -5.868  -1.286 0.2500000000
73029  26.009  -4.750  -1.893 0.2500000000
107805  26.193  -4.548  -0.312 0.3750000000
72999  26.248  -4.525  0.630 0.6250000000
73040  27.286  -4.328  -2.576 0.1250000000
73039  28.054  -4.635  -2.903 0.1250000000
73925  26.581  -4.154  -2.046 0.1250000000
73894  26.843  -3.515  -0.568 0.5000000000
74773  27.565  -2.888  -1.791 0.1250000000
74784  27.828  -3.019  -2.524 0.1250000000
74793  28.270  -3.159  -3.324 0.1250000000
74772  28.092  -2.432  -2.134 0.1250000000
75623  27.692  -1.900  0.352 0.6250000000
76487  28.371  -1.039  -1.797 0.1250000000
125675  27.672  -0.500  1.044 0.6250000000
78894  27.336  2.081  1.400 0.6250000000
109364  26.669  4.702  2.187 0.7500000000
119603  26.587  6.051  2.471 0.7500000000
79770  27.005  3.391  0.277 0.5000000000
82124  26.036  6.479  3.649 0.7500000000
79784  26.228  3.628  -1.433 0.3750000000
122145  24.741  7.822  4.049 0.7500000000
82155  26.622  6.252  0.940 0.6250000000
82132  26.496  6.786  2.849 0.7500000000
126507  26.751  3.993  -0.026 0.5000000000
80606  24.937  3.989  -2.436 0.1250000000
79792  26.192  2.912  -2.033 0.2500000000
78933  25.384  2.777  -3.053 0.1250000000
128330  24.651  10.995  3.536 0.7500000000
84589  26.052  9.913  3.074 0.7500000000
82163  25.938  6.454  -0.408 0.3750000000
81394  25.173  5.377  -1.655 0.3750000000
85397  26.345  10.807  1.869 0.3750000000
81404  23.530  5.524  -2.748 0.1250000000
84603  25.882  9.790  -0.189 0.3750000000
82890  24.623  7.849  -1.874 0.2500000000
82191  22.408  6.537  -3.320 0.1250000000
81413  22.581  5.056  -3.504 0.1250000000
82181  23.458  6.627  -2.705 0.1250000000
86789  25.569  12.588  2.563 0.3750000000
83732  24.960  8.747  -1.470 0.2500000000
82898  22.945  7.483  -3.072 0.1250000000
83737  23.413  8.461  -2.835 0.1250000000
86798  25.740  12.940  1.868 0.3750000000
85404  25.506  10.724  -0.779 0.3750000000
84631  22.203  9.279  -3.836 0.1250000000
84643  21.389  9.328  -4.398 0.1250000000
84620  23.823  9.373  -2.570 0.1250000000
82192  21.312  6.320  -3.875 0.1250000000
82909  20.797  7.019  -4.078 0.1250000000
87508  25.081  13.830  -0.091 0.2500000000
110411  24.568  13.205  -1.522 0.2500000000
123230  23.380  11.793  -3.113 0.1250000000
85423  22.298  10.962  -3.899 0.1250000000
85422  22.703  10.153  -3.525 0.1250000000
85433  21.594  10.813  -4.513 0.1250000000
87509  24.777  14.007  -0.822 0.1250000000
87516  24.487  14.035  -1.427 0.1250000000
84644  20.787  9.467  -4.908 0.1250000000
118155  23.115  11.031  -3.315 0.1250000000
109607  23.848  16.282  -2.245 0.1250000000
88208  24.217  15.013  -1.835 0.1250000000
65447  19.413  -13.480  2.693 0.7500000000
65446  20.377  -13.644  2.258 0.7500000000
66358  18.010  -12.512  3.250 0.7500000000
117646  18.611  -12.994  3.037 0.7500000000
118388  16.757  -9.527  3.446 0.5000000000
123852  17.247  -9.488  2.932 0.6250000000
119110  22.860  -9.336  1.556 0.6250000000
75676  29.070  -1.311  -4.012 0.1250000000
75685  29.349  -1.106  -4.879 0.1250000000
122823  28.593  -1.005  -2.579 0.1250000000
79794  24.678  3.353  -3.012 0.1250000000
83762  20.010  7.681  -4.966 0.1250000000
83761  20.619  8.542  -4.662 0.1250000000
66345  17.391  -12.664  3.720 0.7500000000
67211  17.034  -11.165  3.659 0.5000000000
64517  20.372  -14.445  2.564 0.6250000000
107076  21.116  -14.131  2.150 0.6250000000
66355  22.059  -13.281  1.844 0.3750000000
65445  21.262  -13.466  1.905 0.6250000000
127062  23.283  -12.500  2.026 0.2500000000
66367  22.311  -12.534  1.635 0.3750000000
70422  24.510  -8.299  1.093 0.3750000000
85393  19.346  11.924  2.553 0.2500000000
129549  19.878  -13.996  2.570 0.6250000000
67219  22.402  -11.742  1.500 0.5000000000
68778  23.148  -10.122  1.482 0.5000000000
65444  22.395  -13.767  2.435 0.5000000000
119717  21.743  -13.859  2.042 0.6250000000
127033  23.345  -8.938  1.544 0.5000000000
64505  19.911  -15.061  3.038 0.6250000000
67198  16.735  -11.471  4.001 0.3750000000
64518  19.404  -14.304  3.011 0.6250000000
65449  17.937  -13.197  3.529 0.6250000000
64503  22.168  -14.447  3.065 0.3750000000
64504  21.480  -14.899  2.880 0.5000000000
63624  20.745  -15.118  2.805 0.6250000000
114541  16.757  -10.912  3.838 0.2500000000
65434  22.801  -13.873  3.336 0.3750000000
120108  23.631  -12.164  2.085 0.2500000000
65433  23.105  -13.252  2.852 0.2500000000
69588  16.648  -7.975  3.157 0.3750000000
67218  23.208  -11.442  1.518 0.2500000000
68018  24.060  -10.345  1.447 0.2500000000
69602  24.024  -8.813  1.401 0.2500000000
69601  24.867  -8.886  1.096 0.2500000000
78884  17.289  2.737  2.040 0.2500000000
70438  25.650  -7.841  -0.047 0.2500000000
80568  17.537  4.573  1.769 0.3750000000
126999  17.464  3.654  1.817 0.2500000000
86112  20.005  12.596  2.458 0.2500000000
76410  15.283  -0.788  3.565 0.2500000000
70393  16.261  -7.663  3.703 0.2500000000
111877  17.975  4.083  1.461 0.3750000000
68020  22.483  -10.785  1.474 0.5000000000
114509  17.512  -11.914  3.423 0.5000000000
69615  25.203  -8.280  0.609 0.2500000000
68010  16.685  -10.323  3.743 0.3750000000
65448  18.630  -13.703  3.314 0.6250000000
119329  23.712  -9.553  1.451 0.2500000000
64516  21.105  -14.644  2.467 0.6250000000
64515  21.699  -14.336  2.427 0.5000000000
65443  22.871  -12.937  2.053 0.2500000000
66354  23.427  -12.636  2.513 0.2500000000
67207  23.116  -12.208  1.675 0.3750000000
68019  23.413  -10.815  1.482 0.3750000000
67197  16.989  -12.042  3.942 0.3750000000
63613  21.859  -15.094  3.593 0.3750000000
68007  23.897  -11.168  1.579 0.2500000000
68777  24.498  -9.555  1.360 0.2500000000
76411  14.713  -0.855  4.069 0.1250000000
63617  18.589  -15.216  3.961 0.5000000000
63614  21.155  -15.554  3.253 0.2500000000
62748  20.760  -16.220  3.652 0.3750000000
63615  20.335  -15.713  3.241 0.5000000000
63605  18.221  -15.748  4.526 0.3750000000
64496  17.531  -14.435  4.710 0.5000000000
64507  18.590  -14.409  3.635 0.5000000000
64508  18.008  -14.451  4.194 0.5000000000
65435  17.989  -13.830  3.864 0.3750000000
62725  17.529  -16.519  5.600 0.1250000000
62739  17.843  -16.139  5.043 0.3750000000
65436  17.425  -13.344  4.027 0.2500000000
60986  17.681  -18.296  5.972 0.1250000000
61861  17.964  -16.971  5.165 0.2500000000
129063  18.877  -17.014  4.336 0.3750000000
62735  21.175  -16.522  4.374 0.2500000000
62737  19.543  -17.026  4.118 0.3750000000
62749  19.900  -16.394  3.620 0.5000000000
61853  17.213  -16.875  6.204 0.1250000000
63592  17.055  -15.172  5.931 0.1250000000
64497  17.171  -14.115  5.078 0.1250000000
77299  28.190  0.792  -3.376 0.1250000000
64506  19.166  -14.935  3.423 0.5000000000
63616  19.479  -15.631  3.517 0.5000000000
66346  17.006  -12.775  4.246 0.2500000000
109035  16.712  -12.136  4.406 0.2500000000
63604  21.513  -15.803  3.997 0.2500000000
62750  18.980  -16.273  4.037 0.5000000000
63618  17.967  -15.015  4.478 0.5000000000
62736  20.368  -16.894  4.101 0.3750000000
62738  18.375  -16.598  4.630 0.3750000000
63606  17.685  -15.295  4.909 0.2500000000
115915  17.604  -13.901  4.325 0.1250000000
63591  17.430  -15.663  5.462 0.1250000000
62726  17.176  -16.056  6.052 0.1250000000
65428  17.170  -13.555  4.638 0.1250000000
61842  17.241  -17.698  6.387 0.1250000000
61852  17.612  -17.363  5.767 0.1250000000
126338  18.520  -17.348  4.786 0.3750000000
61859  20.850  -17.248  4.781 0.2500000000
63607  17.313  -14.813  5.278 0.1250000000
60994  18.766  -18.040  4.958 0.2500000000
60993  19.388  -18.090  4.836 0.2500000000
69575  16.397  -8.632  3.685 0.2500000000
60995  18.156  -17.766  5.359 0.1250000000
61860  19.158  -17.588  4.507 0.2500000000
68754  16.179  -8.827  4.210 0.1250000000
82859  19.212  8.089  2.284 0.1250000000
122957  18.838  9.269  2.845 0.1250000000
84594  18.897  10.016  3.124 0.1250000000
113045  18.970  10.981  2.719 0.1250000000
84593  19.295  9.936  2.757 0.1250000000
84583  18.540  9.888  3.484 0.1250000000
120726  18.516  8.523  2.561 0.1250000000
85379  18.577  11.111  2.997 0.1250000000
86100  18.902  12.053  2.827 0.1250000000
85370  18.929  10.663  4.111 0.1250000000
82137  17.862  7.004  2.047 0.1250000000
82860  18.107  7.786  2.385 0.1250000000
67999  16.314  -9.812  4.296 0.1250000000
82861  17.276  7.521  2.651 0.1250000000
83706  17.636  8.334  2.871 0.1250000000
123206  17.376  8.713  3.398 0.1250000000
84584  17.765  9.216  3.812 0.1250000000
85362  18.481  10.409  5.089 0.1250000000
85369  19.054  10.920  4.835 0.1250000000
86092  19.351  11.418  3.934 0.1250000000
70394  16.056  -7.433  4.193 0.1250000000
67998  16.453  -10.389  4.130 0.1250000000
67986  16.468  -10.730  4.456 0.1250000000
69576  16.156  -8.098  4.076 0.1250000000
68753  16.384  -9.593  3.938 0.1250000000
121393  16.106  -8.475  4.367 0.1250000000
68744  16.204  -9.276  4.358 0.1250000000
83699  18.206  9.098  3.130 0.1250000000
112053  18.760  10.562  3.526 0.1250000000
84574  18.291  9.866  4.307 0.1250000000
86093  18.798  11.517  3.239 0.1250000000
84575  17.332  9.314  4.589 0.1250000000
86088  19.551  11.486  5.189 0.1250000000
64495  22.615  -14.523  4.027 0.1250000000
65427  23.229  -13.854  4.111 0.1250000000
126459  23.318  -13.405  3.572 0.1250000000
66344  23.697  -12.781  3.380 0.1250000000
66353  23.942  -12.184  2.786 0.1250000000
67206  23.633  -11.730  1.754 0.1250000000
68762  25.434  -9.695  2.031 0.1250000000
68763  24.819  -10.060  1.635 0.1250000000
69586  25.760  -9.087  1.613 0.1250000000
69599  26.088  -8.545  1.127 0.1250000000
69600  25.471  -8.729  0.993 0.1250000000
69614  25.817  -8.233  0.415 0.1250000000
60992  19.979  -17.671  4.575 0.1250000000
62724  21.576  -16.734  5.189 0.1250000000
63590  22.642  -15.625  5.228 0.1250000000
107307  23.211  -14.295  4.652 0.1250000000
122953  22.937  -14.891  4.926 0.1250000000
65426  23.757  -13.276  4.161 0.1250000000
66343  24.211  -12.243  3.496 0.1250000000
67196  24.483  -11.718  3.122 0.1250000000
67997  24.791  -11.067  2.730 0.1250000000
67996  25.397  -10.643  3.317 0.1250000000
69585  26.404  -8.644  2.132 0.1250000000
70437  26.129  -7.845  -0.201 0.1250000000
70436  26.772  -7.498  0.153 0.1250000000
70421  26.388  -8.014  0.617 0.1250000000
118748  25.946  -7.424  -0.676 0.1250000000
63603  22.206  -15.290  4.467 0.1250000000
68776  25.159  -9.390  1.346 0.1250000000
62734  21.853  -15.999  4.850 0.1250000000
60982  20.588  -17.934  5.311 0.1250000000
66337  24.280  -12.645  4.141 0.1250000000
67205  24.169  -11.578  2.185 0.1250000000
68006  24.502  -10.792  1.889 0.1250000000
68005  25.117  -10.372  2.385 0.1250000000
70406  26.723  -8.010  1.711 0.1250000000
61851  21.331  -17.435  5.593 0.1250000000
61850  22.036  -16.960  5.933 0.1250000000
65417  24.353  -13.235  4.830 0.1250000000
70420  27.102  -7.443  1.244 0.1250000000
72176  25.955  -5.878  -2.096 0.1250000000
72188  25.978  -5.284  -2.158 0.1250000000
72969  25.807  -4.193  2.188 0.6250000000
73019  25.907  -4.848  -1.186 0.2500000000
73050  28.580  -4.137  -3.434 0.1250000000
73870  24.990  -3.962  2.612 0.8750000000
73909  26.303  -4.185  -0.712 0.1250000000
73924  27.177  -3.533  -2.273 0.1250000000
74730  22.962  -2.540  1.915 1.0000000000
74748  21.534  -2.367  0.564 1.0000000000
74762  27.546  -2.833  -0.919 0.1250000000
74792  28.758  -2.282  -3.639 0.1250000000
74801  29.289  -2.765  -4.586 0.1250000000
75607  26.446  -2.476  2.550 0.8750000000
75654  28.403  -1.758  -2.277 0.1250000000
76459  28.034  -0.079  0.278 0.6250000000
76462  19.836  -0.165  -0.134 1.0000000000
77224  23.855  0.881  3.260 1.0000000000
77240  16.495  0.221  2.628 0.2500000000
78047  26.820  1.561  2.872 0.8750000000
78080  19.318  1.371  0.342 1.0000000000
78089  27.807  1.376  -0.821 0.3750000000
78866  24.174  2.148  3.629 1.0000000000
78916  27.490  1.999  -0.519 0.5000000000
78917  27.172  2.739  -0.295 0.5000000000
79760  19.699  3.788  1.142 1.0000000000
80542  24.710  4.806  4.214 1.0000000000
80551  26.022  4.806  3.933 0.8750000000
80564  26.112  3.968  3.620 0.8750000000
81343  24.757  5.543  4.253 0.8750000000
81348  26.382  5.941  3.188 0.8750000000
81350  23.187  5.312  3.776 1.0000000000
81386  26.379  5.262  -0.236 0.3750000000
82119  24.277  6.083  4.182 0.8750000000
82126  24.531  6.871  4.165 1.0000000000
82170  25.520  6.024  -1.025 0.2500000000
82849  25.739  7.876  3.716 0.7500000000
83714  26.317  8.481  0.654 0.3750000000
83748  20.578  7.723  -4.365 0.1250000000
84596  26.431  9.919  1.598 0.7500000000
85389  25.868  10.565  3.049 0.6250000000
85394  18.867  11.653  2.779 0.1250000000
85407  25.130  10.758  -1.355 0.2500000000
86128  26.195  11.371  1.405 0.3750000000
86137  23.976  11.147  -2.600 0.1250000000
86857  20.701  12.933  -5.676 0.1250000000
87495  25.310  13.761  0.815 0.3750000000
87528  22.776  13.585  -3.592 0.1250000000
88174  24.791  15.151  1.116 0.3750000000
88215  23.031  14.583  -3.387 0.1250000000
114963  27.347  -0.033  1.976 0.7500000000
116844  17.180  -0.116  1.785 0.6250000000
117655  23.967  12.365  3.499 0.5000000000
118736  25.297  10.145  -1.171 0.3750000000
118780  28.250  -1.068  -0.870 0.1250000000
118964  20.910  -1.122  0.285 1.0000000000
120030  25.956  7.128  -0.259 0.3750000000
120200  19.935  -5.690  0.428 1.0000000000
120625  25.638  10.117  -0.610 0.3750000000
121247  18.401  5.045  1.439 0.7500000000
122443  23.324  -8.431  1.546 0.5000000000
122617  20.895  12.110  -5.460 0.1250000000
122806  21.358  7.757  -3.867 0.1250000000
123626  26.342  -5.495  -2.284 0.1250000000
124374  24.726  13.566  -1.157 0.2500000000
124413  21.246  1.041  1.274 1.0000000000
124842  17.282  -0.608  1.549 0.8750000000
124863  22.631  4.000  3.191 1.0000000000
125606  26.412  8.532  2.701 0.7500000000
127272  18.647  7.931  2.290 0.1250000000
