#!ascii label  , from subject sub-v1s0x0050664_ses-1 vox2ras=TkReg
999
74007  17.773  -2.397  -1.186 0.2500000000
74022  18.302  -2.147  -1.749 0.2500000000
74021  18.858  -2.598  -1.915 0.7500000000
75648  16.300  -0.116  -0.883 0.2500000000
75647  16.804  -0.523  -1.361 0.1250000000
76482  16.369  0.334  -1.596 0.3750000000
134168  16.985  -1.307  -1.218 0.2500000000
74838  17.377  -1.827  -1.203 0.2500000000
118382  18.747  -1.870  -2.365 0.7500000000
74852  17.863  -1.574  -1.750 0.3750000000
74020  19.512  -2.903  -2.292 0.8750000000
73236  20.069  -3.259  -2.560 0.8750000000
121698  16.902  -0.032  -1.979 0.3750000000
75646  17.406  -0.798  -1.789 0.3750000000
75661  17.976  -0.628  -2.550 0.8750000000
74050  19.986  -1.986  -4.146 1.0000000000
74863  18.852  -1.088  -3.211 1.0000000000
74035  20.020  -2.455  -3.145 1.0000000000
74036  19.307  -2.070  -2.745 0.8750000000
117086  21.005  -2.632  -4.094 1.0000000000
76483  15.564  0.741  -1.221 0.2500000000
75662  17.594  0.309  -2.829 0.7500000000
76502  16.852  0.264  -4.341 0.8750000000
76489  17.817  -0.079  -3.555 0.8750000000
74875  19.428  -1.228  -4.361 1.0000000000
74876  18.826  -0.697  -4.100 1.0000000000
75675  18.227  -0.374  -3.875 1.0000000000
74063  21.152  -1.799  -5.068 1.0000000000
74049  20.515  -2.144  -4.702 1.0000000000
74048  21.438  -2.393  -4.674 1.0000000000
76475  15.624  0.338  -0.495 0.1250000000
76490  16.656  0.725  -2.366 0.6250000000
77278  17.126  1.126  -3.248 0.8750000000
75676  17.322  -0.196  -4.438 1.0000000000
124992  20.995  -0.980  -5.093 1.0000000000
118423  20.227  -0.934  -5.113 1.0000000000
74893  18.649  -0.682  -4.592 1.0000000000
75704  17.969  -0.303  -5.168 1.0000000000
122677  21.814  -1.148  -5.042 1.0000000000
74891  20.272  -1.607  -5.065 1.0000000000
75698  24.111  -0.734  -5.076 1.0000000000
74890  22.153  -2.041  -5.042 1.0000000000
115858  14.813  3.954  -0.225 0.2500000000
77264  14.911  1.205  -0.790 0.2500000000
77270  15.030  1.960  -1.392 0.3750000000
76491  15.900  1.245  -1.899 0.5000000000
77288  15.646  2.325  -3.428 1.0000000000
77280  15.589  2.369  -2.245 0.6250000000
77287  16.023  1.281  -4.175 1.0000000000
76534  18.852  0.926  -5.191 1.0000000000
76536  16.888  0.372  -5.210 1.0000000000
75701  21.489  -0.308  -5.081 1.0000000000
75702  20.677  -0.263  -5.113 1.0000000000
77321  19.913  1.291  -5.199 1.0000000000
121709  21.969  0.384  -5.160 1.0000000000
75699  23.215  -0.360  -5.113 1.0000000000
76528  24.090  0.736  -5.081 1.0000000000
123783  23.881  0.054  -5.142 1.0000000000
79972  14.245  4.306  -2.121 0.5000000000
125425  14.427  3.436  -1.006 0.3750000000
79053  13.371  3.517  -1.809 0.3750000000
78140  13.959  3.027  -1.480 0.5000000000
133326  14.052  3.900  -2.536 0.5000000000
78174  15.683  2.790  -3.966 0.8750000000
77301  15.645  2.087  -4.164 1.0000000000
78156  16.296  2.877  -4.166 1.0000000000
78193  17.516  1.989  -5.148 1.0000000000
77319  22.145  1.783  -4.933 1.0000000000
125984  24.082  2.062  -5.308 1.0000000000
77317  23.558  1.435  -5.205 1.0000000000
76527  24.803  0.814  -4.807 0.8750000000
138501  14.997  4.054  -0.979 0.5000000000
79973  13.335  4.187  -2.025 0.5000000000
79072  16.192  3.682  -2.464 0.6250000000
79083  17.095  3.274  -3.091 1.0000000000
79073  15.281  3.366  -2.903 0.7500000000
79098  18.904  2.962  -4.008 1.0000000000
131331  23.029  3.605  -5.470 1.0000000000
78189  21.934  3.130  -4.923 1.0000000000
78190  21.234  2.514  -4.739 1.0000000000
78191  20.152  2.286  -4.721 1.0000000000
78187  23.166  2.986  -5.365 1.0000000000
135163  22.982  2.434  -5.212 1.0000000000
135973  21.842  2.293  -4.830 1.0000000000
78186  24.072  2.850  -5.434 0.8750000000
122494  23.473  2.282  -5.291 1.0000000000
122383  24.691  2.263  -5.189 0.8750000000
79971  16.034  4.176  -1.764 0.5000000000
79986  16.946  4.660  -2.251 0.8750000000
80001  19.598  4.540  -3.822 1.0000000000
79097  19.172  3.826  -3.980 1.0000000000
125173  22.893  4.264  -5.516 1.0000000000
80016  21.266  4.630  -4.849 1.0000000000
127553  19.870  3.206  -4.225 1.0000000000
80872  23.653  5.665  -5.520 1.0000000000
79108  24.933  3.810  -5.215 1.0000000000
79109  24.329  3.695  -5.416 1.0000000000
80027  23.181  5.165  -5.543 1.0000000000
80025  24.563  4.407  -5.337 1.0000000000
80821  15.827  4.554  -1.108 0.5000000000
80832  16.918  5.071  -1.910 0.8750000000
138933  17.670  4.962  -2.494 1.0000000000
81679  21.223  6.318  -4.463 1.0000000000
80018  20.340  5.022  -4.093 1.0000000000
115459  19.602  5.080  -3.588 1.0000000000
82497  23.500  7.769  -5.225 1.0000000000
81689  22.811  6.567  -5.510 1.0000000000
82495  24.736  7.167  -4.483 1.0000000000
121893  24.069  7.157  -5.230 1.0000000000
80874  22.471  5.717  -5.441 1.0000000000
80860  24.922  5.694  -4.653 1.0000000000
81688  23.723  6.380  -5.479 1.0000000000
119989  25.382  5.089  -4.622 0.8750000000
83339  20.256  9.054  -2.825 1.0000000000
82453  19.636  7.752  -2.229 0.3750000000
82462  20.184  8.338  -3.124 0.8750000000
118145  20.699  7.366  -3.943 1.0000000000
83361  23.597  8.609  -4.822 1.0000000000
83362  22.841  8.268  -5.197 1.0000000000
84169  20.205  9.753  -2.496 0.8750000000
84180  20.529  9.740  -3.000 1.0000000000
83350  20.536  9.059  -3.719 1.0000000000
84179  21.018  9.864  -3.753 1.0000000000
82477  21.198  7.937  -4.435 1.0000000000
84200  23.354  9.403  -4.741 1.0000000000
84199  24.004  9.185  -4.499 1.0000000000
84959  20.361  10.289  -2.460 0.7500000000
84971  21.459  10.489  -3.884 1.0000000000
84191  21.619  9.990  -4.447 1.0000000000
84979  23.096  10.207  -4.714 1.0000000000
84201  22.595  9.465  -4.861 1.0000000000
85745  21.695  11.236  -3.576 1.0000000000
85743  23.223  11.139  -4.512 1.0000000000
88891  21.140  14.924  0.330 0.1250000000
123725  20.756  15.044  0.954 0.1250000000
88115  21.935  15.053  -0.534 0.2500000000
88903  22.202  15.553  -0.542 0.1250000000
132419  21.872  16.012  -1.915 0.3750000000
90321  22.340  17.081  -1.736 0.2500000000
89595  22.063  16.567  -2.476 0.5000000000
90322  22.137  16.959  -2.557 0.2500000000
91135  21.067  18.395  -3.209 0.3750000000
89585  22.494  16.121  -0.994 0.2500000000
91134  21.704  18.285  -2.690 0.2500000000
91125  22.273  18.107  -2.043 0.2500000000
117814  21.400  20.346  -3.092 0.2500000000
91940  20.745  19.595  -3.547 0.2500000000
92641  20.911  20.362  -3.795 0.2500000000
92642  20.496  19.873  -4.287 0.3750000000
91928  21.253  19.183  -2.935 0.2500000000
92658  20.422  20.240  -5.035 0.3750000000
93291  20.325  21.220  -4.870 0.2500000000
74008  17.370  -2.527  -0.657 0.1250000000
75638  16.667  -1.101  -0.670 0.1250000000
74889  23.152  -1.917  -5.089 1.0000000000
79985  17.345  4.282  -2.681 0.8750000000
80875  21.823  5.821  -5.185 1.0000000000
73212  17.962  -3.504  -0.444 0.1250000000
73225  19.012  -3.357  -1.498 0.6250000000
72425  20.128  -3.810  -2.179 0.7500000000
75639  16.407  -0.521  -0.132 0.1250000000
72424  20.706  -4.154  -2.543 1.0000000000
74839  17.008  -1.959  -0.647 0.1250000000
73250  21.040  -3.132  -3.573 1.0000000000
74062  22.832  -2.721  -5.013 1.0000000000
74060  24.128  -2.337  -5.057 1.0000000000
77265  14.656  1.931  -0.378 0.3750000000
123196  14.023  2.959  -0.618 0.2500000000
78111  14.331  2.620  -0.148 0.2500000000
75685  25.166  0.117  -4.573 0.8750000000
78168  25.365  2.514  -4.681 0.8750000000
77299  25.098  1.581  -4.817 0.8750000000
80013  25.834  3.994  -4.410 0.8750000000
82438  19.310  7.903  -0.734 0.1250000000
82439  18.576  7.582  -0.576 0.1250000000
80811  16.391  5.341  -0.619 0.3750000000
81645  18.041  5.857  -2.017 0.6250000000
81675  24.501  6.417  -4.932 1.0000000000
135202  20.074  8.371  -2.558 0.5000000000
118148  19.197  7.245  -2.044 0.3750000000
82464  19.007  6.833  -2.197 0.8750000000
83348  24.441  8.615  -4.342 1.0000000000
84188  24.669  9.351  -4.158 1.0000000000
84958  20.975  10.553  -3.047 1.0000000000
84189  23.990  9.853  -4.455 1.0000000000
85729  20.600  10.996  -2.259 0.8750000000
86505  22.002  12.076  -3.451 1.0000000000
85744  22.552  11.621  -4.137 1.0000000000
88881  20.234  15.147  1.445 0.1250000000
119968  20.417  14.138  0.233 0.1250000000
88124  22.058  14.476  -0.913 0.6250000000
90336  21.633  17.349  -3.573 0.5000000000
91151  20.889  18.140  -4.515 0.5000000000
90310  22.551  17.200  -0.679 0.2500000000
91918  22.141  19.065  -2.295 0.2500000000
91941  20.455  18.940  -4.206 0.5000000000
91951  20.598  19.292  -5.074 0.5000000000
132885  22.002  19.879  -2.549 0.1250000000
93280  21.253  21.130  -3.692 0.2500000000
93292  19.921  21.759  -5.460 0.2500000000
92679  19.892  20.540  -6.502 0.3750000000
93966  18.992  22.087  -6.632 0.2500000000
124672  17.782  -2.893  -0.677 0.1250000000
74006  18.272  -2.949  -1.160 0.3750000000
73224  19.676  -3.464  -1.964 0.7500000000
132810  20.461  -3.627  -2.680 1.0000000000
73235  20.500  -3.142  -3.114 1.0000000000
74862  19.532  -1.498  -3.601 1.0000000000
73263  22.212  -2.821  -4.702 1.0000000000
77279  16.386  1.707  -2.836 0.8750000000
130964  17.364  -0.146  -5.169 1.0000000000
75700  22.304  -0.356  -5.084 1.0000000000
75703  19.744  -0.401  -5.132 1.0000000000
131936  18.485  0.060  -5.193 1.0000000000
122495  23.449  -1.115  -5.079 1.0000000000
74888  23.958  -1.585  -5.016 1.0000000000
77271  14.587  2.212  -0.933 0.3750000000
78139  14.513  2.956  -1.920 0.5000000000
77300  16.224  1.412  -4.656 1.0000000000
77323  18.114  1.425  -5.170 1.0000000000
121710  22.664  0.262  -5.157 1.0000000000
121708  21.162  0.449  -5.174 1.0000000000
76533  20.308  0.470  -5.185 1.0000000000
76532  20.848  1.186  -5.271 1.0000000000
76531  21.678  1.130  -5.313 1.0000000000
77316  24.409  1.495  -5.099 1.0000000000
78147  14.828  3.209  -2.658 0.6250000000
79065  14.505  4.049  -2.546 0.6250000000
78172  16.884  2.413  -4.685 1.0000000000
119811  18.199  3.317  -3.560 1.0000000000
130810  20.736  1.807  -5.156 1.0000000000
77322  19.099  1.758  -5.082 1.0000000000
78192  19.137  2.431  -4.404 1.0000000000
77318  22.864  1.897  -5.068 1.0000000000
78185  24.858  3.098  -5.236 0.8750000000
76514  25.446  0.833  -4.507 0.8750000000
116099  17.889  4.081  -3.160 1.0000000000
124480  23.757  4.392  -5.521 1.0000000000
78188  22.468  2.560  -5.091 1.0000000000
78170  20.716  3.102  -4.487 1.0000000000
79112  21.993  4.303  -5.203 1.0000000000
79095  25.364  3.515  -4.795 0.8750000000
122149  20.975  5.202  -4.680 1.0000000000
80002  18.772  4.433  -3.455 1.0000000000
119327  21.489  5.262  -5.072 1.0000000000
115818  20.084  4.240  -4.093 1.0000000000
80028  22.461  4.961  -5.469 1.0000000000
79096  20.689  3.964  -4.431 1.0000000000
80029  21.940  5.184  -5.335 1.0000000000
80861  24.278  5.709  -5.317 1.0000000000
80026  24.052  5.079  -5.508 1.0000000000
135756  16.691  5.102  -1.311 0.6250000000
80830  18.297  5.472  -2.558 0.7500000000
119861  18.929  5.209  -3.104 1.0000000000
80850  20.232  5.679  -3.745 1.0000000000
81661  20.702  6.460  -3.935 1.0000000000
80863  20.854  5.738  -4.287 1.0000000000
82499  21.239  7.020  -4.435 1.0000000000
81677  21.648  7.442  -4.921 1.0000000000
81678  21.654  6.553  -4.954 1.0000000000
82496  24.207  7.882  -4.668 1.0000000000
82513  22.787  7.450  -5.437 1.0000000000
81690  22.129  6.346  -5.327 1.0000000000
82478  20.556  8.202  -3.887 1.0000000000
82463  19.651  7.586  -2.562 0.7500000000
81662  19.884  6.255  -3.428 1.0000000000
131015  21.676  8.154  -4.914 1.0000000000
132867  20.172  6.918  -3.555 1.0000000000
82498  22.153  7.870  -5.226 1.0000000000
127786  21.105  9.333  -4.457 1.0000000000
84202  21.817  9.412  -4.853 1.0000000000
83363  22.169  8.722  -5.046 1.0000000000
83364  21.396  8.728  -4.791 1.0000000000
84190  22.274  9.982  -4.739 1.0000000000
84970  22.263  10.695  -4.389 1.0000000000
88106  20.507  14.773  0.727 0.1250000000
87287  20.057  14.436  0.658 0.1250000000
136905  22.329  15.937  -0.431 0.2500000000
89594  21.991  16.236  -1.929 0.2500000000
133477  21.344  14.707  -0.254 0.3750000000
90330  21.069  17.875  -3.741 0.5000000000
90329  22.033  17.101  -2.926 0.7500000000
93309  19.505  21.306  -6.370 0.2500000000
73200  17.470  -3.718  -0.013 0.1250000000
72411  18.874  -3.912  -0.996 0.6250000000
72410  19.530  -4.024  -1.501 0.7500000000
72439  20.980  -3.733  -3.031 1.0000000000
82455  17.972  6.403  -1.281 0.5000000000
80820  17.373  5.602  -1.680 0.6250000000
81663  19.213  5.898  -2.871 0.8750000000
81644  18.747  6.202  -2.380 0.7500000000
82454  18.493  6.677  -1.698 0.7500000000
81633  18.433  6.373  -1.909 0.8750000000
81643  19.491  6.794  -2.938 1.0000000000
82479  20.085  7.583  -3.378 1.0000000000
85728  21.168  11.426  -2.723 1.0000000000
86504  22.760  12.478  -3.848 1.0000000000
122478  23.414  12.001  -4.319 1.0000000000
116982  20.212  13.535  -0.196 0.3750000000
88123  21.995  14.887  -1.988 0.7500000000
88912  22.072  15.347  -1.552 0.7500000000
134749  21.986  16.215  -2.406 0.7500000000
93321  18.758  21.565  -7.180 0.2500000000
92680  19.305  20.879  -7.170 0.3750000000
69057  22.777  -8.336  -2.409 0.7500000000
69055  24.120  -8.338  -2.699 0.7500000000
69058  22.079  -8.092  -1.996 0.7500000000
69918  21.856  -7.330  -2.270 0.7500000000
69071  23.916  -7.671  -3.128 0.7500000000
69073  23.059  -7.613  -3.006 0.7500000000
69933  21.900  -7.200  -3.650 0.7500000000
70790  21.765  -6.631  -2.464 0.7500000000
69930  24.155  -7.224  -3.411 0.7500000000
69948  22.767  -7.126  -3.914 0.7500000000
69949  21.972  -7.155  -4.107 0.7500000000
71625  21.064  -4.880  -2.372 0.7500000000
71613  20.298  -4.420  -1.884 0.6250000000
70798  22.029  -6.555  -3.549 0.7500000000
71638  22.160  -5.521  -3.271 0.8750000000
69946  24.314  -6.714  -3.699 0.7500000000
69947  23.730  -6.869  -3.684 0.7500000000
71636  23.216  -5.806  -3.885 0.7500000000
135794  22.640  -5.250  -3.657 0.8750000000
129041  22.066  -4.714  -3.474 0.8750000000
71634  24.815  -5.711  -4.115 0.7500000000
70819  23.963  -5.801  -4.225 0.7500000000
71637  23.276  -4.725  -4.174 0.8750000000
72438  21.671  -3.886  -3.635 0.8750000000
72436  24.983  -4.412  -4.545 0.7500000000
125091  23.579  -4.093  -4.655 0.8750000000
73261  23.433  -3.378  -4.932 0.8750000000
73246  25.166  -2.977  -4.569 0.8750000000
126481  24.666  -3.060  -4.949 0.8750000000
74047  25.247  -2.104  -4.369 0.8750000000
74887  24.539  -1.502  -4.895 0.8750000000
75659  27.031  -0.707  -2.713 0.3750000000
127784  26.453  -0.745  -3.377 0.6250000000
128514  25.945  -0.855  -3.766 0.7500000000
75697  24.828  -0.672  -4.700 0.7500000000
75658  27.741  -0.238  -2.230 0.5000000000
75674  26.785  -0.067  -3.293 0.5000000000
76501  26.505  0.644  -3.542 0.7500000000
135630  25.711  0.201  -4.294 0.7500000000
77269  28.534  1.351  -1.738 0.1250000000
77277  27.369  1.286  -2.728 0.3750000000
77285  26.838  1.333  -3.208 0.6250000000
76513  25.981  0.733  -4.100 0.6250000000
77298  25.691  1.556  -4.321 0.6250000000
137006  29.292  2.061  -1.053 0.1250000000
127870  28.847  2.212  -1.469 0.1250000000
78146  27.858  2.608  -2.356 0.1250000000
79071  27.743  3.326  -2.433 0.1250000000
79082  26.615  3.151  -3.443 0.6250000000
79998  26.965  4.069  -3.306 0.6250000000
79094  25.866  3.263  -4.110 0.7500000000
78145  28.305  2.969  -1.836 0.1250000000
79969  28.490  4.395  -1.497 0.1250000000
79984  27.564  4.223  -2.635 0.1250000000
131016  26.651  4.632  -3.632 0.6250000000
80000  26.065  4.734  -4.221 0.7500000000
79063  29.090  3.516  -0.907 0.1250000000
121514  27.510  5.043  -2.495 0.5000000000
80829  27.070  5.822  -2.647 0.5000000000
80848  26.490  5.459  -3.483 0.6250000000
80849  25.720  5.624  -4.122 0.7500000000
85717  20.287  11.542  -1.629 0.5000000000
86491  20.510  11.909  -2.134 0.7500000000
81642  26.598  6.640  -2.826 0.6250000000
82475  25.442  7.200  -3.770 0.6250000000
82461  26.624  7.455  -2.500 0.5000000000
82474  26.103  7.309  -3.119 0.6250000000
83337  26.268  8.126  -2.905 0.6250000000
83346  25.663  8.008  -3.478 0.7500000000
82476  24.962  7.931  -4.091 0.8750000000
84969  23.950  10.682  -4.474 0.8750000000
83338  25.923  8.769  -3.305 0.7500000000
84957  25.695  10.175  -3.375 0.8750000000
84968  24.826  10.218  -4.037 0.8750000000
126241  24.585  10.999  -4.158 0.8750000000
85741  24.861  11.633  -4.010 0.8750000000
82449  26.650  8.347  -2.154 0.3750000000
123503  26.363  8.799  -2.805 0.5000000000
84178  26.129  9.428  -3.073 0.6250000000
127446  26.917  9.081  -1.595 0.2500000000
86483  20.744  12.560  -1.768 0.6250000000
86482  21.233  13.073  -1.764 0.7500000000
86490  21.375  12.374  -2.524 0.8750000000
86489  22.235  12.900  -3.048 0.8750000000
86502  24.336  12.374  -4.137 0.7500000000
85742  24.042  11.490  -4.363 0.8750000000
127610  25.828  10.859  -2.872 0.7500000000
84164  26.662  9.926  -1.813 0.3750000000
84950  26.404  10.764  -2.112 0.5000000000
85727  25.481  11.596  -3.238 0.7500000000
84163  27.140  9.761  -1.083 0.2500000000
87317  20.724  13.277  -1.150 0.6250000000
87331  22.927  13.243  -3.606 0.8750000000
87330  23.642  13.501  -4.086 0.8750000000
88134  22.962  13.987  -3.721 0.7500000000
123508  24.225  13.114  -4.136 0.8750000000
87328  24.965  13.236  -4.055 0.7500000000
85726  26.084  11.553  -2.480 0.5000000000
86481  26.743  12.269  -1.362 0.2500000000
85716  26.575  11.523  -1.693 0.5000000000
84949  26.932  10.690  -1.235 0.2500000000
122259  21.688  13.700  -1.275 0.5000000000
87316  22.182  14.096  -1.891 0.6250000000
88131  22.350  14.640  -2.976 0.7500000000
88140  23.086  14.819  -4.087 0.7500000000
88925  22.487  15.525  -3.710 0.7500000000
118287  23.866  15.050  -4.647 0.7500000000
88930  23.236  15.681  -4.510 0.7500000000
134789  24.343  14.542  -4.467 0.7500000000
134305  24.941  14.324  -4.263 0.7500000000
88138  24.419  15.159  -4.573 0.7500000000
127158  25.895  13.903  -2.997 0.5000000000
88130  25.422  14.503  -3.585 0.3750000000
87322  25.491  13.731  -3.680 0.6250000000
121568  26.596  13.029  -1.723 0.2500000000
87321  26.205  13.135  -2.714 0.3750000000
88919  22.070  15.554  -2.616 0.6250000000
89607  22.582  16.297  -4.287 0.7500000000
89613  23.182  16.480  -4.633 0.7500000000
89612  23.766  16.376  -4.630 0.7500000000
88924  24.336  15.852  -4.552 0.6250000000
88918  25.327  15.298  -3.260 0.3750000000
89605  24.756  15.974  -3.823 0.3750000000
87314  26.940  13.650  -1.047 0.1250000000
88122  26.347  14.899  -1.740 0.1250000000
88926  22.167  16.286  -3.354 0.6250000000
89608  21.927  16.900  -4.002 0.7500000000
89614  22.558  16.887  -4.555 0.6250000000
90341  23.405  16.949  -4.603 0.7500000000
89606  24.142  16.759  -4.299 0.3750000000
88911  25.268  16.121  -2.796 0.2500000000
88923  24.940  15.180  -4.213 0.6250000000
89584  26.823  16.472  -0.789 0.1250000000
88910  26.400  15.810  -1.310 0.1250000000
88909  26.922  15.115  -0.973 0.1250000000
89600  22.055  16.835  -3.074 0.6250000000
90344  21.553  17.608  -4.532 0.6250000000
115162  22.514  17.722  -4.903 0.3750000000
90343  22.213  17.371  -4.751 0.3750000000
131076  23.085  17.734  -4.664 0.3750000000
91133  24.341  18.536  -3.224 0.2500000000
90335  23.592  17.535  -4.460 0.3750000000
90320  25.487  17.943  -1.957 0.1250000000
90327  24.762  17.774  -2.689 0.3750000000
89599  24.684  16.858  -3.259 0.3750000000
89583  27.553  16.586  -0.489 0.1250000000
136126  25.714  16.202  -1.863 0.1250000000
135914  20.790  18.800  -5.732 0.3750000000
91150  21.508  18.011  -5.349 0.3750000000
91958  21.870  18.616  -6.171 0.3750000000
91149  21.961  18.116  -5.878 0.3750000000
92655  22.905  19.641  -5.181 0.3750000000
91950  22.281  18.728  -5.268 0.3750000000
91948  23.436  19.515  -4.498 0.3750000000
91142  23.813  18.318  -4.089 0.3750000000
91143  23.331  18.144  -4.542 0.3750000000
91925  26.247  20.012  -2.253 0.1250000000
91927  24.604  19.287  -2.965 0.2500000000
123272  26.799  18.027  -1.198 0.1250000000
92688  20.532  20.234  -6.897 0.2500000000
91973  21.988  19.528  -6.702 0.2500000000
91967  21.837  19.110  -6.401 0.3750000000
93320  24.671  19.560  -6.686 0.1250000000
92668  23.081  19.234  -6.294 0.3750000000
91957  22.329  18.642  -6.037 0.3750000000
92654  23.861  20.210  -5.130 0.1250000000
92638  26.226  21.010  -4.000 0.1250000000
91938  23.938  19.313  -3.739 0.1250000000
92689  19.623  20.748  -7.197 0.3750000000
92678  20.358  19.849  -6.471 0.3750000000
92687  21.469  19.966  -7.079 0.2500000000
91965  24.032  19.580  -7.161 0.1250000000
92698  23.134  20.658  -7.804 0.1250000000
91964  25.026  19.632  -7.109 0.1250000000
92684  24.028  20.188  -7.587 0.1250000000
93305  25.844  20.389  -6.453 0.1250000000
93981  21.914  22.264  -8.211 0.1250000000
93326  25.735  20.622  -7.216 0.1250000000
93334  23.574  21.709  -8.161 0.1250000000
93287  26.295  21.625  -5.445 0.1250000000
124002  26.706  21.338  -4.781 0.1250000000
72450  22.974  -3.894  -4.472 0.8750000000
74046  25.704  -2.367  -3.826 0.6250000000
136510  26.558  6.078  -3.095 0.6250000000
84187  25.451  9.450  -3.654 0.8750000000
87324  21.806  13.350  -2.217 0.8750000000
87323  22.420  13.708  -2.860 0.8750000000
88139  23.751  14.244  -4.304 0.7500000000
87329  24.395  13.810  -4.261 0.7500000000
86488  25.819  12.297  -2.925 0.5000000000
127183  25.647  13.026  -3.448 0.7500000000
86487  26.362  12.304  -2.146 0.5000000000
92630  25.739  20.423  -3.163 0.1250000000
91972  22.893  19.294  -6.836 0.2500000000
92696  24.820  20.385  -7.613 0.1250000000
122691  26.121  21.189  -5.983 0.1250000000
126042  27.248  2.668  -2.813 0.5000000000
78167  26.047  2.359  -3.906 0.6250000000
81641  27.072  6.747  -2.241 0.3750000000
83327  27.169  8.254  -1.323 0.2500000000
92640  24.152  20.253  -4.258 0.1250000000
121091  27.380  8.966  -0.840 0.1250000000
68183  23.069  -9.185  -2.271 0.7500000000
69043  22.250  -9.004  -1.757 0.7500000000
69904  21.210  -7.900  -1.679 0.7500000000
122231  24.515  -9.077  -2.329 0.7500000000
69056  23.422  -8.387  -2.614 0.7500000000
132596  25.047  -8.438  -2.229 0.7500000000
118177  20.530  -5.303  -1.637 0.6250000000
138760  25.349  -7.130  -2.802 0.6250000000
70797  25.216  -6.112  -3.548 0.7500000000
71623  25.452  -5.197  -3.605 0.6250000000
72422  25.373  -4.425  -3.982 0.6250000000
126392  26.089  -3.030  -3.407 0.5000000000
74018  27.240  -2.294  -2.216 0.3750000000
74033  26.346  -2.243  -3.179 0.5000000000
75645  28.110  -0.935  -1.721 0.1250000000
76481  28.727  0.540  -1.429 0.1250000000
77268  29.131  1.386  -1.097 0.1250000000
77261  29.673  1.958  -0.559 0.1250000000
79049  29.609  3.384  -0.411 0.1250000000
79956  29.322  4.191  -0.478 0.1250000000
79957  28.749  4.688  -0.851 0.1250000000
84951  20.322  10.582  -2.116 0.3750000000
80809  28.598  5.329  -0.598 0.1250000000
80818  28.234  5.225  -1.312 0.1250000000
135510  27.372  6.165  -1.930 0.1250000000
123397  27.445  6.779  -1.546 0.2500000000
82448  27.047  7.508  -1.791 0.2500000000
122879  20.355  12.381  -1.347 0.5000000000
84938  27.410  11.043  -0.429 0.1250000000
86474  27.564  12.332  -0.139 0.1250000000
88114  27.282  14.468  -0.650 0.1250000000
88125  21.194  14.127  -0.598 0.3750000000
122117  27.923  15.969  -0.156 0.1250000000
90308  28.028  17.345  -0.624 0.1250000000
91924  27.266  19.957  -2.196 0.1250000000
92628  28.010  20.320  -2.980 0.1250000000
123682  22.407  16.505  -0.172 0.1250000000
133551  18.925  21.480  -8.180 0.2500000000
93337  20.328  21.385  -7.447 0.1250000000
115621  20.313  22.881  -7.441 0.1250000000
93332  25.162  21.020  -7.758 0.1250000000
93980  22.944  22.539  -8.136 0.1250000000
123563  25.775  20.896  -6.042 0.1250000000
92651  27.684  21.241  -4.690 0.1250000000
93304  26.527  21.874  -5.878 0.1250000000
81660  25.206  6.403  -4.198 0.7500000000
81659  26.020  6.386  -3.482 0.7500000000
123784  23.969  -3.064  -5.050 0.8750000000
72423  21.487  -4.600  -3.000 0.8750000000
73248  22.291  -3.540  -4.255 0.8750000000
121329  25.508  -0.584  -4.251 0.7500000000
83347  25.213  8.697  -3.843 0.8750000000
86503  23.574  12.807  -4.079 0.8750000000
91156  20.840  18.477  -5.244 0.3750000000
93328  17.510  21.721  -8.116 0.1250000000
93339  18.503  21.189  -8.324 0.2500000000
69917  22.528  -7.495  -2.743 0.7500000000
69072  23.497  -7.716  -3.027 0.7500000000
69916  24.677  -7.612  -2.842 0.7500000000
69919  20.942  -7.008  -1.721 0.7500000000
120723  23.018  -7.349  -3.460 0.7500000000
127769  22.650  -6.683  -3.913 0.7500000000
71612  21.514  -5.760  -2.340 0.7500000000
124972  19.756  -4.741  -1.375 0.6250000000
70810  22.351  -6.366  -3.786 0.8750000000
70808  24.188  -6.226  -4.027 0.7500000000
72437  22.469  -4.327  -3.937 0.8750000000
71650  24.247  -5.159  -4.451 0.7500000000
127757  25.077  -4.981  -4.220 0.7500000000
73247  25.266  -3.775  -4.342 0.7500000000
73260  24.186  -3.799  -4.981 0.8750000000
73234  25.714  -3.745  -3.657 0.6250000000
74872  25.569  -1.465  -4.014 0.7500000000
74837  27.669  -1.656  -1.906 0.2500000000
74850  26.612  -1.467  -2.951 0.5000000000
74861  26.115  -1.523  -3.518 0.6250000000
75684  26.195  -0.102  -3.891 0.7500000000
76500  27.061  0.618  -3.011 0.5000000000
76487  28.174  0.558  -1.983 0.2500000000
75657  28.398  -0.178  -1.696 0.1250000000
127873  28.283  2.077  -2.119 0.2500000000
127871  27.174  1.886  -2.935 0.3750000000
78154  26.710  2.143  -3.349 0.6250000000
78137  29.284  2.692  -0.842 0.1250000000
79983  28.205  3.913  -2.047 0.1250000000
79081  27.213  3.491  -2.906 0.5000000000
79968  28.894  4.106  -1.067 0.1250000000
79970  28.010  4.726  -2.046 0.1250000000
80819  27.659  5.505  -1.968 0.1250000000
127497  25.244  10.923  -3.659 0.7500000000
86501  25.211  12.343  -3.707 0.7500000000
127958  26.261  10.069  -2.631 0.5000000000
128316  26.905  12.853  -1.044 0.1250000000
86480  27.132  12.303  -0.726 0.1250000000
85715  27.008  11.595  -0.965 0.2500000000
85707  27.372  11.777  -0.444 0.1250000000
88929  23.856  15.789  -4.735 0.7500000000
88129  25.836  14.670  -2.618 0.3750000000
87315  26.375  13.953  -2.017 0.3750000000
90342  22.892  17.165  -4.751 0.3750000000
88917  25.744  15.476  -2.209 0.3750000000
88121  26.763  14.416  -1.283 0.1250000000
90328  24.250  17.632  -3.812 0.3750000000
89593  25.435  17.021  -2.145 0.2500000000
90309  26.955  17.288  -0.786 0.1250000000
88901  27.174  15.873  -0.608 0.1250000000
89592  26.238  16.735  -1.335 0.1250000000
90319  26.164  17.601  -1.430 0.1250000000
91122  26.121  18.576  -1.548 0.1250000000
91123  25.139  18.759  -2.301 0.1250000000
91155  21.445  18.315  -5.971 0.3750000000
92677  23.767  19.421  -6.594 0.3750000000
91939  23.391  18.859  -4.285 0.3750000000
91915  26.679  19.373  -1.721 0.1250000000
91926  25.334  19.693  -2.555 0.1250000000
92629  26.829  20.514  -3.024 0.1250000000
91937  24.748  20.005  -3.412 0.1250000000
90318  27.597  18.048  -0.989 0.1250000000
91914  27.514  19.304  -1.715 0.1250000000
92700  20.917  20.720  -7.373 0.2500000000
92701  19.866  20.868  -7.438 0.2500000000
92686  22.461  19.939  -7.259 0.2500000000
93289  24.375  20.864  -5.892 0.1250000000
92652  25.634  21.380  -5.110 0.1250000000
92639  25.148  20.770  -4.165 0.1250000000
93336  21.440  21.458  -7.766 0.1250000000
93335  22.500  21.581  -8.052 0.1250000000
92674  25.570  19.766  -7.084 0.1250000000
92637  27.322  20.876  -3.917 0.1250000000
119121  25.093  20.641  -6.179 0.1250000000
136276  21.588  22.768  -8.073 0.1250000000
93982  20.976  22.289  -7.819 0.1250000000
68170  22.700  -9.801  -1.766 0.7500000000
68182  23.846  -9.192  -2.427 0.7500000000
69044  21.421  -8.661  -1.519 0.7500000000
70774  20.211  -6.203  -1.325 0.5000000000
70791  21.113  -6.132  -1.765 0.6250000000
72421  25.826  -4.380  -3.287 0.6250000000
73223  26.706  -2.904  -2.699 0.5000000000
81631  28.249  5.953  -0.702 0.1250000000
80799  28.734  5.830  0.037 0.1250000000
81632  27.769  6.043  -1.363 0.1250000000
127592  27.307  13.002  -0.470 0.1250000000
124067  28.162  19.569  -2.129 0.1250000000
68171  21.544  -9.286  -1.358 0.7500000000
69905  20.537  -7.599  -1.333 0.5000000000
67288  23.984  -10.549  -1.674 0.6250000000
68168  24.384  -9.764  -1.916 0.6250000000
69029  26.078  -8.574  -1.040 0.3750000000
68167  25.080  -9.230  -1.844 0.6250000000
69041  26.427  -7.758  -0.981 0.2500000000
126387  25.788  -8.057  -1.601 0.3750000000
86475  20.155  13.056  -0.800 0.2500000000
87309  20.594  13.794  -0.378 0.2500000000
68169  23.529  -9.880  -2.006 0.6250000000
70773  25.926  -6.876  -2.316 0.5000000000
71611  25.758  -5.720  -2.936 0.5000000000
71610  26.280  -5.417  -2.431 0.3750000000
68156  26.279  -9.195  -0.430 0.5000000000
68157  25.638  -9.221  -1.169 0.6250000000
115559  26.223  -3.691  -2.998 0.5000000000
66410  23.679  -11.182  -1.233 0.6250000000
69046  19.952  -7.638  -0.918 0.3750000000
69030  20.273  -8.916  -0.804 0.3750000000
67289  23.206  -10.507  -1.566 0.6250000000
120611  21.959  -9.758  -1.405 0.6250000000
67252  26.387  -10.421  0.677 0.3750000000
67271  25.144  -10.411  -0.638 0.5000000000
67272  24.379  -10.960  -1.049 0.6250000000
69906  19.470  -7.060  -0.769 0.2500000000
68144  27.494  -9.268  0.799 0.3750000000
69889  27.313  -7.538  -0.449 0.2500000000
69027  27.403  -8.226  -0.047 0.2500000000
69890  26.852  -6.949  -1.076 0.2500000000
71598  26.737  -5.546  -1.786 0.3750000000
72394  27.267  -4.689  -1.586 0.2500000000
72408  26.790  -3.833  -2.327 0.2500000000
73222  27.301  -3.101  -1.991 0.2500000000
78098  14.398  2.538  0.136 0.1250000000
80812  15.627  4.979  -0.294 0.2500000000
74836  28.299  -1.757  -1.452 0.2500000000
81635  17.161  5.724  -1.017 0.2500000000
120408  14.222  3.083  0.033 0.1250000000
77250  14.668  1.735  0.081 0.2500000000
81634  17.871  6.166  -1.458 0.3750000000
70789  25.558  -6.508  -2.921 0.5000000000
69045  20.597  -8.335  -1.156 0.5000000000
69042  25.553  -8.754  -1.620 0.5000000000
69915  25.508  -7.577  -2.250 0.5000000000
74005  27.797  -2.439  -1.640 0.2500000000
124957  20.040  -6.980  -1.142 0.3750000000
72396  19.038  -4.624  -0.831 0.2500000000
70775  19.399  -6.303  -0.750 0.3750000000
72395  26.615  -4.710  -2.217 0.2500000000
139020  24.567  -10.314  -1.329 0.6250000000
67287  25.079  -9.787  -1.266 0.5000000000
69016  27.072  -8.856  0.128 0.2500000000
69878  27.985  -7.804  0.159 0.2500000000
69903  26.199  -7.289  -1.667 0.3750000000
70788  26.163  -6.116  -2.366 0.3750000000
116633  25.582  -9.690  -0.656 0.5000000000
68145  26.702  -9.607  0.391 0.3750000000
67290  22.409  -10.399  -1.364 0.6250000000
67253  25.600  -10.798  0.213 0.3750000000
70771  27.128  -6.080  -1.147 0.2500000000
77228  14.769  1.385  1.412 0.1250000000
66411  22.396  -11.661  -0.793 0.5000000000
66408  24.856  -11.248  -0.286 0.2500000000
66390  24.567  -11.932  0.119 0.3750000000
66409  24.137  -11.681  -0.696 0.5000000000
65553  21.947  -12.220  -0.441 0.3750000000
66413  20.858  -11.141  -0.373 0.5000000000
66428  22.055  -10.893  -0.967 0.5000000000
66412  21.609  -11.420  -0.632 0.5000000000
67291  21.195  -9.858  -1.062 0.3750000000
134327  21.763  -10.294  -1.148 0.5000000000
113808  20.644  -12.936  0.818 0.1250000000
65538  20.788  -12.333  0.300 0.3750000000
68158  20.371  -9.596  -0.724 0.2500000000
130292  20.942  -14.489  0.997 0.1250000000
64635  22.179  -13.082  0.030 0.3750000000
65533  25.043  -12.351  0.764 0.2500000000
65534  23.917  -13.044  0.266 0.3750000000
65535  23.156  -12.791  -0.182 0.5000000000
130392  20.016  -13.260  1.452 0.1250000000
65537  21.620  -12.899  0.142 0.3750000000
66392  19.786  -11.259  0.768 0.1250000000
67254  19.385  -10.500  0.516 0.1250000000
82435  27.510  7.474  -1.062 0.1250000000
68172  20.925  -9.120  -1.096 0.3750000000
66427  22.855  -11.125  -1.161 0.5000000000
117904  23.285  -11.898  -0.730 0.5000000000
66388  26.043  -11.189  0.970 0.2500000000
65552  22.648  -12.304  -0.508 0.5000000000
66389  25.311  -11.569  0.523 0.3750000000
65551  23.904  -12.356  -0.211 0.3750000000
135217  24.414  -12.575  0.343 0.3750000000
65536  22.368  -12.804  -0.196 0.3750000000
66391  20.453  -11.619  0.177 0.2500000000
66414  20.059  -10.851  -0.024 0.1250000000
67274  20.574  -10.356  -0.585 0.1250000000
67273  21.336  -10.631  -0.805 0.5000000000
137264  20.623  -13.711  1.059 0.1250000000
65539  20.132  -12.096  0.804 0.1250000000
114461  19.931  -12.553  1.322 0.1250000000
67275  19.695  -10.095  -0.249 0.1250000000
114430  20.186  -14.099  1.528 0.1250000000
113799  22.025  -13.716  0.333 0.3750000000
65519  24.682  -13.189  0.777 0.2500000000
113798  22.376  -14.419  0.504 0.2500000000
114178  23.332  -13.653  0.327 0.2500000000
71599  19.582  -5.443  -1.053 0.2500000000
113805  21.675  -14.414  0.628 0.1250000000
114653  21.234  -13.734  0.582 0.1250000000
113806  22.682  -13.921  0.327 0.2500000000
113802  23.089  -14.437  0.493 0.1250000000
124808  18.882  -5.490  -0.513 0.1250000000
84168  19.912  9.800  -1.405 0.1250000000
122647  19.826  9.333  -1.846 0.1250000000
84156  20.664  9.706  -0.565 0.1250000000
85710  20.203  12.288  -0.880 0.1250000000
84942  20.179  10.277  -0.770 0.1250000000
84144  20.896  9.819  0.023 0.1250000000
84933  20.417  9.931  0.221 0.1250000000
86468  19.837  13.049  -0.365 0.1250000000
83331  20.340  8.703  -1.556 0.1250000000
121104  20.194  10.360  0.778 0.1250000000
118381  20.822  10.725  1.030 0.1250000000
82452  19.923  8.290  -1.122 0.1250000000
80802  15.414  5.110  0.141 0.1250000000
69031  19.804  -8.303  -0.620 0.1250000000
70776  18.794  -6.169  -0.299 0.1250000000
81627  17.485  6.098  -0.977 0.1250000000
83330  21.718  8.363  -1.321 0.1250000000
130018  20.763  9.047  -1.218 0.1250000000
84154  22.742  9.593  -0.795 0.1250000000
85705  19.050  11.475  1.206 0.1250000000
86469  19.480  13.336  0.092 0.1250000000
73211  18.443  -3.571  -0.911 0.1250000000
72397  18.382  -4.107  -0.551 0.1250000000
70759  18.974  -6.852  -0.397 0.1250000000
81628  16.778  5.748  -0.582 0.1250000000
70761  18.279  -5.645  -0.039 0.1250000000
84167  22.242  8.868  -1.187 0.1250000000
84932  20.675  10.250  0.468 0.1250000000
84940  22.387  10.608  -0.274 0.1250000000
85704  19.541  11.278  0.632 0.1250000000
84153  23.797  9.418  -0.906 0.1250000000
85691  18.936  11.785  1.792 0.1250000000
67251  27.195  -10.074  1.064 0.1250000000
69015  27.797  -8.509  0.505 0.1250000000
69888  28.174  -7.084  -0.151 0.1250000000
70758  27.632  -6.593  -0.618 0.1250000000
70757  28.444  -6.268  -0.268 0.1250000000
71597  27.359  -5.371  -1.246 0.1250000000
71588  29.448  -5.403  -0.075 0.1250000000
72382  28.441  -4.817  -0.705 0.1250000000
133497  27.793  -4.922  -1.056 0.1250000000
127135  29.400  -3.909  -0.354 0.1250000000
123971  27.397  -3.885  -1.745 0.1250000000
73198  29.795  -3.359  -0.100 0.1250000000
73199  29.090  -3.188  -0.590 0.1250000000
74004  28.505  -2.610  -1.096 0.1250000000
113818  25.636  -12.948  1.340 0.1250000000
130956  24.075  -13.661  0.562 0.1250000000
114523  26.504  -12.341  1.556 0.1250000000
130361  27.595  -11.218  1.652 0.1250000000
68130  27.961  -9.709  1.453 0.1250000000
67236  27.743  -10.547  1.538 0.1250000000
68143  28.239  -8.903  1.161 0.1250000000
69013  29.277  -7.959  1.178 0.1250000000
70744  28.886  -6.778  0.169 0.1250000000
71579  29.863  -5.767  0.280 0.1250000000
121675  29.920  -4.198  0.064 0.1250000000
74827  28.899  -1.803  -1.006 0.1250000000
74826  29.415  -1.850  -0.534 0.1250000000
73994  29.612  -2.569  -0.330 0.1250000000
114465  26.897  -10.938  1.358 0.1250000000
73210  27.899  -3.266  -1.401 0.1250000000
69014  28.603  -8.071  0.763 0.1250000000
72393  28.009  -4.148  -1.144 0.1250000000
66370  26.448  -11.613  1.386 0.1250000000
114549  25.106  -13.666  1.276 0.1250000000
69001  28.976  -8.612  1.417 0.1250000000
69877  28.595  -7.414  0.313 0.1250000000
71590  27.927  -5.637  -0.732 0.1250000000
72381  29.293  -4.711  -0.335 0.1250000000
71589  28.815  -5.481  -0.364 0.1250000000
72370  29.965  -5.019  0.125 0.1250000000
120983  28.790  -4.038  -0.678 0.1250000000
73995  29.103  -2.405  -0.708 0.1250000000
73188  30.530  -3.573  0.437 0.1250000000
113809  25.712  -13.848  1.749 0.1250000000
114951  29.312  -9.077  1.879 0.1250000000
74812  29.953  -1.919  -0.082 0.1250000000
64634  22.564  -13.327  0.093 0.3750000000
65554  21.177  -11.985  -0.237 0.3750000000
66371  25.768  -11.954  1.222 0.1250000000
67270  25.902  -9.976  -0.029 0.5000000000
69028  26.758  -8.360  -0.464 0.2500000000
69876  29.261  -7.327  0.680 0.1250000000
69929  24.900  -6.897  -3.436 0.7500000000
69931  23.461  -7.326  -3.427 0.7500000000
69932  22.339  -7.331  -3.869 0.7500000000
70756  29.182  -6.027  0.036 0.1250000000
70772  26.518  -6.488  -1.731 0.3750000000
70807  24.660  -6.349  -3.830 0.7500000000
70809  23.459  -6.462  -3.860 0.7500000000
71622  26.029  -4.953  -2.853 0.3750000000
71624  21.786  -5.452  -2.843 0.8750000000
71635  24.363  -5.629  -4.301 0.7500000000
71649  24.660  -5.066  -4.382 0.7500000000
71651  23.826  -5.219  -4.280 0.7500000000
72409  26.281  -4.305  -2.715 0.2500000000
72448  24.536  -4.462  -4.640 0.7500000000
72449  23.982  -4.599  -4.649 0.8750000000
73209  28.447  -3.446  -0.951 0.1250000000
73249  21.607  -3.047  -4.137 1.0000000000
73259  24.895  -3.795  -4.915 0.7500000000
73262  22.750  -3.272  -4.713 0.8750000000
73980  30.195  -2.688  0.178 0.1250000000
74019  26.780  -2.092  -2.665 0.5000000000
74034  20.500  -2.571  -3.782 1.0000000000
74059  24.799  -2.258  -4.774 0.8750000000
74061  23.473  -2.696  -4.919 0.8750000000
74849  27.138  -1.538  -2.429 0.5000000000
74851  18.323  -1.326  -2.446 0.8750000000
74873  25.075  -1.430  -4.537 0.8750000000
74874  19.854  -1.759  -4.770 1.0000000000
74892  19.428  -1.206  -5.037 1.0000000000
75660  18.356  -0.523  -3.147 0.8750000000
75673  27.253  0.032  -2.764 0.5000000000
75686  17.696  -0.491  -4.716 1.0000000000
75687  17.003  -0.106  -4.668 1.0000000000
76488  27.580  0.591  -2.479 0.5000000000
76503  16.482  0.585  -4.774 1.0000000000
76529  23.334  0.535  -5.187 1.0000000000
76530  22.583  1.074  -5.311 1.0000000000
76535  17.735  0.382  -5.220 1.0000000000
77276  27.937  1.308  -2.261 0.3750000000
77286  26.280  1.449  -3.740 0.6250000000
77320  21.419  1.786  -5.052 1.0000000000
77324  17.195  1.154  -5.195 1.0000000000
77325  16.642  0.993  -5.113 1.0000000000
78130  13.996  2.860  -0.804 0.2500000000
78138  28.774  3.007  -1.241 0.1250000000
78148  13.441  3.700  -2.225 0.5000000000
78155  17.375  2.820  -3.771 1.0000000000
78157  15.503  2.777  -3.429 0.8750000000
78169  21.367  3.629  -4.702 1.0000000000
78171  18.133  2.507  -4.111 1.0000000000
78173  16.175  2.226  -4.491 1.0000000000
78194  16.744  1.796  -5.053 1.0000000000
79064  28.635  3.668  -1.434 0.1250000000
79074  13.481  4.046  -2.306 0.5000000000
79084  15.927  3.153  -3.472 0.7500000000
79110  23.532  3.641  -5.484 1.0000000000
79111  22.573  3.488  -5.310 1.0000000000
79999  26.469  3.992  -3.976 0.6250000000
80003  18.107  4.804  -2.962 1.0000000000
80014  25.296  4.374  -4.855 1.0000000000
80015  24.777  5.051  -5.157 1.0000000000
80017  20.665  4.675  -4.482 1.0000000000
80813  15.170  4.595  0.078 0.2500000000
80831  17.548  5.323  -2.160 0.7500000000
80847  27.083  4.886  -3.060 0.5000000000
80862  21.368  5.814  -4.768 1.0000000000
80873  23.150  5.910  -5.545 1.0000000000
81676  23.410  7.080  -5.489 1.0000000000
82514  22.123  7.051  -5.336 1.0000000000
83349  20.886  8.678  -4.355 1.0000000000
84177  26.511  9.268  -2.363 0.5000000000
84894  19.318  11.245  1.788 0.1250000000
84919  19.918  10.836  1.487 0.1250000000
84941  21.710  10.631  0.027 0.1250000000
85702  22.370  11.414  0.305 0.1250000000
88116  20.821  14.525  0.035 0.3750000000
88900  27.578  15.242  -0.322 0.1250000000
88902  22.219  15.503  -1.245 0.2500000000
89574  22.069  15.761  0.204 0.2500000000
91121  27.162  18.694  -1.372 0.1250000000
91124  22.524  18.018  -1.128 0.2500000000
91144  20.711  18.442  -3.754 0.5000000000
91148  22.751  18.148  -4.828 0.3750000000
91916  25.838  19.371  -1.886 0.1250000000
91929  20.689  18.912  -3.414 0.3750000000
91949  22.781  18.903  -4.617 0.3750000000
91963  25.464  19.820  -7.189 0.1250000000
91966  22.827  19.127  -6.235 0.3750000000
91968  21.146  19.463  -6.564 0.2500000000
91971  25.256  19.939  -7.357 0.1250000000
92653  24.736  20.816  -5.155 0.1250000000
92656  22.553  19.408  -5.754 0.3750000000
92657  20.811  20.774  -4.355 0.2500000000
92667  22.872  19.986  -5.913 0.3750000000
92669  20.384  19.685  -5.856 0.3750000000
92675  25.330  19.675  -6.879 0.1250000000
92676  24.519  19.462  -6.808 0.1250000000
92683  25.728  19.947  -7.233 0.1250000000
92685  23.302  19.866  -7.349 0.1250000000
92690  18.220  20.698  -8.037 0.3750000000
92691  18.046  20.991  -8.338 0.2500000000
92695  25.426  20.379  -7.418 0.1250000000
92697  24.344  21.007  -8.105 0.1250000000
92699  21.991  20.663  -7.571 0.2500000000
92702  19.172  20.407  -8.101 0.2500000000
92703  18.732  20.653  -8.147 0.2500000000
93288  25.378  20.870  -5.835 0.1250000000
93290  23.526  20.394  -5.780 0.1250000000
93306  24.453  20.285  -6.292 0.1250000000
93307  23.544  20.032  -6.255 0.3750000000
93308  20.053  20.785  -5.676 0.3750000000
93319  25.713  19.875  -6.856 0.1250000000
93327  17.634  21.705  -7.831 0.1250000000
93329  16.904  22.639  -8.269 0.1250000000
93338  19.245  21.056  -8.141 0.2500000000
93340  17.831  21.573  -8.530 0.1250000000
93346  17.896  22.242  -8.710 0.1250000000
113803  22.110  -13.262  0.139 0.3750000000
114190  27.123  -11.725  1.631 0.1250000000
116444  25.500  19.812  -6.703 0.1250000000
118234  18.863  -0.424  -5.130 1.0000000000
118260  21.672  15.282  0.030 0.2500000000
119466  23.700  19.389  -6.645 0.3750000000
121359  19.405  0.337  -5.206 1.0000000000
121752  22.677  -1.143  -5.046 1.0000000000
122320  27.329  10.291  -0.617 0.2500000000
122979  21.035  18.964  -6.176 0.3750000000
126224  27.542  -1.013  -2.196 0.2500000000
127070  24.486  0.052  -4.875 1.0000000000
127687  21.623  17.627  -3.063 0.5000000000
127872  27.665  1.978  -2.548 0.3750000000
128557  22.045  17.752  -5.229 0.3750000000
129659  18.917  20.249  -7.965 0.3750000000
131444  24.632  19.890  -7.361 0.1250000000
131855  17.327  22.231  -8.466 0.1250000000
132126  14.546  3.430  -0.071 0.2500000000
132235  20.147  9.108  -2.493 0.2500000000
132335  21.896  18.260  -6.107 0.3750000000
132532  22.347  17.963  -5.222 0.3750000000
132607  19.537  22.056  -6.220 0.2500000000
133395  21.625  11.731  -3.008 1.0000000000
133917  22.048  17.536  -2.521 0.2500000000
135788  14.631  3.476  1.323 0.1250000000
136010  25.593  -3.188  -3.972 0.8750000000
136730  22.902  8.932  -4.965 1.0000000000
137027  23.210  17.288  -4.675 0.7500000000
137057  13.229  3.927  -2.150 0.5000000000
137177  27.011  -4.273  -1.962 0.2500000000
137908  19.591  5.628  -3.344 1.0000000000
137939  21.643  4.890  -5.200 1.0000000000
138276  25.849  13.445  -3.240 0.5000000000
138350  18.394  2.047  -4.959 1.0000000000
