#!ascii label  , from subject sub-v1s0x0050664_ses-1 vox2ras=TkReg
661
69919  20.942  -7.008  -1.721 0.0000000000
78154  26.710  2.143  -3.349 0.0000000000
85743  23.223  11.139  -4.512 0.0000000000
80832  16.918  5.071  -1.910 0.0000000000
117904  23.285  -11.898  -0.730 0.0000000000
69041  26.427  -7.758  -0.981 0.0000000000
73261  23.433  -3.378  -4.932 0.0000000000
76534  18.852  0.926  -5.191 0.0000000000
81675  24.501  6.417  -4.932 0.0000000000
128316  26.905  12.853  -1.044 0.0000000000
88925  22.487  15.525  -3.710 0.0000000000
69043  22.250  -9.004  -1.757 0.0000000000
67287  25.079  -9.787  -1.266 0.0000000000
69072  23.497  -7.716  -3.027 0.0000000000
75661  17.976  -0.628  -2.550 0.0000000000
76491  15.900  1.245  -1.899 0.0000000000
118145  20.699  7.366  -3.943 0.0000000000
122149  20.975  5.202  -4.680 0.0000000000
84199  24.004  9.185  -4.499 0.0000000000
84178  26.129  9.428  -3.073 0.0000000000
85727  25.481  11.596  -3.238 0.0000000000
133477  21.344  14.707  -0.254 0.0000000000
87317  20.724  13.277  -1.150 0.0000000000
90336  21.633  17.349  -3.573 0.0000000000
75697  24.828  -0.672  -4.700 0.0000000000
73223  26.706  -2.904  -2.699 0.0000000000
75645  28.110  -0.935  -1.721 0.0000000000
83350  20.536  9.059  -3.719 0.0000000000
79970  28.010  4.726  -2.046 0.0000000000
72396  19.038  -4.624  -0.831 0.0000000000
71638  22.160  -5.521  -3.271 0.0000000000
73236  20.069  -3.259  -2.560 0.0000000000
74891  20.272  -1.607  -5.065 0.0000000000
77317  23.558  1.435  -5.205 0.0000000000
78156  16.296  2.877  -4.166 0.0000000000
78189  21.934  3.130  -4.923 0.0000000000
80013  25.834  3.994  -4.410 0.0000000000
81641  27.072  6.747  -2.241 0.0000000000
85729  20.600  10.996  -2.259 0.0000000000
87330  23.642  13.501  -4.086 0.0000000000
91958  21.870  18.616  -6.171 0.0000000000
90335  23.592  17.535  -4.460 0.0000000000
88923  24.940  15.180  -4.213 0.0000000000
136126  25.714  16.202  -1.863 0.0000000000
70797  25.216  -6.112  -3.548 0.0000000000
70775  19.399  -6.303  -0.750 0.0000000000
69046  19.952  -7.638  -0.918 0.0000000000
69904  21.210  -7.900  -1.679 0.0000000000
69057  22.777  -8.336  -2.409 0.0000000000
69917  22.528  -7.495  -2.743 0.0000000000
84202  21.817  9.412  -4.853 0.0000000000
82498  22.153  7.870  -5.226 0.0000000000
84189  23.990  9.853  -4.455 0.0000000000
84968  24.826  10.218  -4.037 0.0000000000
85741  24.861  11.633  -4.010 0.0000000000
89594  21.991  16.236  -1.929 0.0000000000
132419  21.872  16.012  -1.915 0.0000000000
91135  21.067  18.395  -3.209 0.0000000000
135630  25.711  0.201  -4.294 0.0000000000
127784  26.453  -0.745  -3.377 0.0000000000
76500  27.061  0.618  -3.011 0.0000000000
82463  19.651  7.586  -2.562 0.0000000000
135202  20.074  8.371  -2.558 0.0000000000
66412  21.609  -11.420  -0.632 0.0000000000
65552  22.648  -12.304  -0.508 0.0000000000
135217  24.414  -12.575  0.343 0.0000000000
66389  25.311  -11.569  0.523 0.0000000000
69029  26.078  -8.574  -1.040 0.0000000000
68145  26.702  -9.607  0.391 0.0000000000
72410  19.530  -4.024  -1.501 0.0000000000
74021  18.858  -2.598  -1.915 0.0000000000
75676  17.322  -0.196  -4.438 0.0000000000
74876  18.826  -0.697  -4.100 0.0000000000
75703  19.744  -0.401  -5.132 0.0000000000
75701  21.489  -0.308  -5.081 0.0000000000
76532  20.848  1.186  -5.271 0.0000000000
133326  14.052  3.900  -2.536 0.0000000000
79072  16.192  3.682  -2.464 0.0000000000
80874  22.471  5.717  -5.441 0.0000000000
80016  21.266  4.630  -4.849 0.0000000000
80027  23.181  5.165  -5.543 0.0000000000
79109  24.329  3.695  -5.416 0.0000000000
119989  25.382  5.089  -4.622 0.0000000000
80848  26.490  5.459  -3.483 0.0000000000
81659  26.020  6.386  -3.482 0.0000000000
85716  26.575  11.523  -1.693 0.0000000000
84163  27.140  9.761  -1.083 0.0000000000
87316  22.182  14.096  -1.891 0.0000000000
86491  20.510  11.909  -2.134 0.0000000000
86490  21.375  12.374  -2.524 0.0000000000
86505  22.002  12.076  -3.451 0.0000000000
88134  22.962  13.987  -3.721 0.0000000000
88924  24.336  15.852  -4.552 0.0000000000
89599  24.684  16.858  -3.259 0.0000000000
88918  25.327  15.298  -3.260 0.0000000000
72437  22.469  -4.327  -3.937 0.0000000000
71636  23.216  -5.806  -3.885 0.0000000000
71650  24.247  -5.159  -4.451 0.0000000000
73210  27.899  -3.266  -1.401 0.0000000000
72394  27.267  -4.689  -1.586 0.0000000000
67291  21.195  -9.858  -1.062 0.0000000000
67290  22.409  -10.399  -1.364 0.0000000000
67272  24.379  -10.960  -1.049 0.0000000000
68169  23.529  -9.880  -2.006 0.0000000000
122231  24.515  -9.077  -2.329 0.0000000000
132596  25.047  -8.438  -2.229 0.0000000000
134168  16.985  -1.307  -1.218 0.0000000000
75662  17.594  0.309  -2.829 0.0000000000
77287  16.023  1.281  -4.175 0.0000000000
81663  19.213  5.898  -2.871 0.0000000000
115459  19.602  5.080  -3.588 0.0000000000
81679  21.223  6.318  -4.463 0.0000000000
82513  22.787  7.450  -5.437 0.0000000000
82496  24.207  7.882  -4.668 0.0000000000
83346  25.663  8.008  -3.478 0.0000000000
84187  25.451  9.450  -3.654 0.0000000000
127610  25.828  10.859  -2.872 0.0000000000
86487  26.362  12.304  -2.146 0.0000000000
86468  19.837  13.049  -0.365 0.0000000000
88125  21.194  14.127  -0.598 0.0000000000
88123  21.995  14.887  -1.988 0.0000000000
88926  22.167  16.286  -3.354 0.0000000000
74060  24.128  -2.337  -5.057 0.0000000000
73247  25.266  -3.775  -4.342 0.0000000000
74046  25.704  -2.367  -3.826 0.0000000000
74018  27.240  -2.294  -2.216 0.0000000000
80820  17.373  5.602  -1.680 0.0000000000
81643  19.491  6.794  -2.938 0.0000000000
82478  20.556  8.202  -3.887 0.0000000000
84191  21.619  9.990  -4.447 0.0000000000
67253  25.600  -10.798  0.213 0.0000000000
79071  27.743  3.326  -2.433 0.0000000000
127873  28.283  2.077  -2.119 0.0000000000
70774  20.211  -6.203  -1.325 0.0000000000
70790  21.765  -6.631  -2.464 0.0000000000
71625  21.064  -4.880  -2.372 0.0000000000
72424  20.706  -4.154  -2.543 0.0000000000
73250  21.040  -3.132  -3.573 0.0000000000
74036  19.307  -2.070  -2.745 0.0000000000
74050  19.986  -1.986  -4.146 0.0000000000
74890  22.153  -2.041  -5.042 0.0000000000
122495  23.449  -1.115  -5.079 0.0000000000
123783  23.881  0.054  -5.142 0.0000000000
77299  25.098  1.581  -4.817 0.0000000000
77288  15.646  2.325  -3.428 0.0000000000
78193  17.516  1.989  -5.148 0.0000000000
79097  19.172  3.826  -3.980 0.0000000000
127553  19.870  3.206  -4.225 0.0000000000
130810  20.736  1.807  -5.156 0.0000000000
135163  22.982  2.434  -5.212 0.0000000000
78185  24.858  3.098  -5.236 0.0000000000
79094  25.866  3.263  -4.110 0.0000000000
79998  26.965  4.069  -3.306 0.0000000000
135510  27.372  6.165  -1.930 0.0000000000
82449  26.650  8.347  -2.154 0.0000000000
84958  20.975  10.553  -3.047 0.0000000000
84971  21.459  10.489  -3.884 0.0000000000
122478  23.414  12.001  -4.319 0.0000000000
91150  21.508  18.011  -5.349 0.0000000000
90343  22.213  17.371  -4.751 0.0000000000
91950  22.281  18.728  -5.268 0.0000000000
89613  23.182  16.480  -4.633 0.0000000000
118287  23.866  15.050  -4.647 0.0000000000
87329  24.395  13.810  -4.261 0.0000000000
86502  24.336  12.374  -4.137 0.0000000000
127183  25.647  13.026  -3.448 0.0000000000
87321  26.205  13.135  -2.714 0.0000000000
88121  26.763  14.416  -1.283 0.0000000000
69949  21.972  -7.155  -4.107 0.0000000000
69930  24.155  -7.224  -3.411 0.0000000000
70773  25.926  -6.876  -2.316 0.0000000000
72421  25.826  -4.380  -3.287 0.0000000000
71598  26.737  -5.546  -1.786 0.0000000000
124957  20.040  -6.980  -1.142 0.0000000000
69906  19.470  -7.060  -0.769 0.0000000000
69905  20.537  -7.599  -1.333 0.0000000000
69045  20.597  -8.335  -1.156 0.0000000000
69058  22.079  -8.092  -1.996 0.0000000000
69918  21.856  -7.330  -2.270 0.0000000000
84979  23.096  10.207  -4.714 0.0000000000
84201  22.595  9.465  -4.861 0.0000000000
84969  23.950  10.682  -4.474 0.0000000000
85742  24.042  11.490  -4.363 0.0000000000
90322  22.137  16.959  -2.557 0.0000000000
76513  25.981  0.733  -4.100 0.0000000000
76501  26.505  0.644  -3.542 0.0000000000
77285  26.838  1.333  -3.208 0.0000000000
66411  22.396  -11.661  -0.793 0.0000000000
65535  23.156  -12.791  -0.182 0.0000000000
65551  23.904  -12.356  -0.211 0.0000000000
66390  24.567  -11.932  0.119 0.0000000000
66409  24.137  -11.681  -0.696 0.0000000000
69016  27.072  -8.856  0.128 0.0000000000
69027  27.403  -8.226  -0.047 0.0000000000
69878  27.985  -7.804  0.159 0.0000000000
73225  19.012  -3.357  -1.498 0.0000000000
74006  18.272  -2.949  -1.160 0.0000000000
130964  17.364  -0.146  -5.169 0.0000000000
75704  17.969  -0.303  -5.168 0.0000000000
131936  18.485  0.060  -5.193 0.0000000000
76533  20.308  0.470  -5.185 0.0000000000
77321  19.913  1.291  -5.199 0.0000000000
79972  14.245  4.306  -2.121 0.0000000000
79986  16.946  4.660  -2.251 0.0000000000
81688  23.723  6.380  -5.479 0.0000000000
80872  23.653  5.665  -5.520 0.0000000000
80861  24.278  5.709  -5.317 0.0000000000
80026  24.052  5.079  -5.508 0.0000000000
80860  24.922  5.694  -4.653 0.0000000000
81660  25.206  6.403  -4.198 0.0000000000
86481  26.743  12.269  -1.362 0.0000000000
85715  27.008  11.595  -0.965 0.0000000000
88131  22.350  14.640  -2.976 0.0000000000
87324  21.806  13.350  -2.217 0.0000000000
87323  22.420  13.708  -2.860 0.0000000000
88140  23.086  14.819  -4.087 0.0000000000
90328  24.250  17.632  -3.812 0.0000000000
90327  24.762  17.774  -2.689 0.0000000000
72450  22.974  -3.894  -4.472 0.0000000000
71637  23.276  -4.725  -4.174 0.0000000000
125091  23.579  -4.093  -4.655 0.0000000000
73199  29.090  -3.188  -0.590 0.0000000000
120983  28.790  -4.038  -0.678 0.0000000000
68171  21.544  -9.286  -1.358 0.0000000000
68172  20.925  -9.120  -1.096 0.0000000000
120611  21.959  -9.758  -1.405 0.0000000000
134327  21.763  -10.294  -1.148 0.0000000000
67289  23.206  -10.507  -1.566 0.0000000000
68170  22.700  -9.801  -1.766 0.0000000000
69056  23.422  -8.387  -2.614 0.0000000000
68182  23.846  -9.192  -2.427 0.0000000000
69055  24.120  -8.338  -2.699 0.0000000000
76483  15.564  0.741  -1.221 0.0000000000
76482  16.369  0.334  -1.596 0.0000000000
76490  16.656  0.725  -2.366 0.0000000000
77278  17.126  1.126  -3.248 0.0000000000
77279  16.386  1.707  -2.836 0.0000000000
81662  19.884  6.255  -3.428 0.0000000000
81661  20.702  6.460  -3.935 0.0000000000
82499  21.239  7.020  -4.435 0.0000000000
83362  22.841  8.268  -5.197 0.0000000000
83361  23.597  8.609  -4.822 0.0000000000
82497  23.500  7.769  -5.225 0.0000000000
83348  24.441  8.615  -4.342 0.0000000000
83347  25.213  8.697  -3.843 0.0000000000
84188  24.669  9.351  -4.158 0.0000000000
127497  25.244  10.923  -3.659 0.0000000000
85726  26.084  11.553  -2.480 0.0000000000
86488  25.819  12.297  -2.925 0.0000000000
88891  21.140  14.924  0.330 0.0000000000
119968  20.417  14.138  0.233 0.0000000000
116982  20.212  13.535  -0.196 0.0000000000
87309  20.594  13.794  -0.378 0.0000000000
90329  22.033  17.101  -2.926 0.0000000000
88912  22.072  15.347  -1.552 0.0000000000
134749  21.986  16.215  -2.406 0.0000000000
88919  22.070  15.554  -2.616 0.0000000000
89600  22.055  16.835  -3.074 0.0000000000
74887  24.539  -1.502  -4.895 0.0000000000
74047  25.247  -2.104  -4.369 0.0000000000
74872  25.569  -1.465  -4.014 0.0000000000
75659  27.031  -0.707  -2.713 0.0000000000
74850  26.612  -1.467  -2.951 0.0000000000
74837  27.669  -1.656  -1.906 0.0000000000
74836  28.299  -1.757  -1.452 0.0000000000
81635  17.161  5.724  -1.017 0.0000000000
81634  17.871  6.166  -1.458 0.0000000000
81644  18.747  6.202  -2.380 0.0000000000
81633  18.433  6.373  -1.909 0.0000000000
82462  20.184  8.338  -3.124 0.0000000000
127786  21.105  9.333  -4.457 0.0000000000
84179  21.018  9.864  -3.753 0.0000000000
139020  24.567  -10.314  -1.329 0.0000000000
67271  25.144  -10.411  -0.638 0.0000000000
67251  27.195  -10.074  1.064 0.0000000000
79983  28.205  3.913  -2.047 0.0000000000
124808  18.882  -5.490  -0.513 0.0000000000
71599  19.582  -5.443  -1.053 0.0000000000
118177  20.530  -5.303  -1.637 0.0000000000
124972  19.756  -4.741  -1.375 0.0000000000
73224  19.676  -3.464  -1.964 0.0000000000
72425  20.128  -3.810  -2.179 0.0000000000
132810  20.461  -3.627  -2.680 0.0000000000
72439  20.980  -3.733  -3.031 0.0000000000
73235  20.500  -3.142  -3.114 0.0000000000
74852  17.863  -1.574  -1.750 0.0000000000
118382  18.747  -1.870  -2.365 0.0000000000
74863  18.852  -1.088  -3.211 0.0000000000
74875  19.428  -1.228  -4.361 0.0000000000
74049  20.515  -2.144  -4.702 0.0000000000
74048  21.438  -2.393  -4.674 0.0000000000
74063  21.152  -1.799  -5.068 0.0000000000
122677  21.814  -1.148  -5.042 0.0000000000
121709  21.969  0.384  -5.160 0.0000000000
121710  22.664  0.262  -5.157 0.0000000000
76528  24.090  0.736  -5.081 0.0000000000
76527  24.803  0.814  -4.807 0.0000000000
77316  24.409  1.495  -5.099 0.0000000000
79073  15.281  3.366  -2.903 0.0000000000
78147  14.828  3.209  -2.658 0.0000000000
78174  15.683  2.790  -3.966 0.0000000000
77301  15.645  2.087  -4.164 0.0000000000
78172  16.884  2.413  -4.685 0.0000000000
80018  20.340  5.022  -4.093 0.0000000000
80002  18.772  4.433  -3.455 0.0000000000
80001  19.598  4.540  -3.822 0.0000000000
79112  21.993  4.303  -5.203 0.0000000000
79096  20.689  3.964  -4.431 0.0000000000
78170  20.716  3.102  -4.487 0.0000000000
78191  20.152  2.286  -4.721 0.0000000000
78190  21.234  2.514  -4.739 0.0000000000
135973  21.842  2.293  -4.830 0.0000000000
78188  22.468  2.560  -5.091 0.0000000000
79108  24.933  3.810  -5.215 0.0000000000
78186  24.072  2.850  -5.434 0.0000000000
79095  25.364  3.515  -4.795 0.0000000000
78168  25.365  2.514  -4.681 0.0000000000
131016  26.651  4.632  -3.632 0.0000000000
136510  26.558  6.078  -3.095 0.0000000000
80829  27.070  5.822  -2.647 0.0000000000
123397  27.445  6.779  -1.546 0.0000000000
83338  25.923  8.769  -3.305 0.0000000000
83337  26.268  8.126  -2.905 0.0000000000
123503  26.363  8.799  -2.805 0.0000000000
122879  20.355  12.381  -1.347 0.0000000000
84951  20.322  10.582  -2.116 0.0000000000
84959  20.361  10.289  -2.460 0.0000000000
84169  20.205  9.753  -2.496 0.0000000000
86504  22.760  12.478  -3.848 0.0000000000
85745  21.695  11.236  -3.576 0.0000000000
85744  22.552  11.621  -4.137 0.0000000000
86503  23.574  12.807  -4.079 0.0000000000
135914  20.790  18.800  -5.732 0.0000000000
91155  21.445  18.315  -5.971 0.0000000000
91149  21.961  18.116  -5.878 0.0000000000
91143  23.331  18.144  -4.542 0.0000000000
131076  23.085  17.734  -4.664 0.0000000000
90342  22.892  17.165  -4.751 0.0000000000
90341  23.405  16.949  -4.603 0.0000000000
88929  23.856  15.789  -4.735 0.0000000000
89612  23.766  16.376  -4.630 0.0000000000
88138  24.419  15.159  -4.573 0.0000000000
134305  24.941  14.324  -4.263 0.0000000000
123508  24.225  13.114  -4.136 0.0000000000
87328  24.965  13.236  -4.055 0.0000000000
87322  25.491  13.731  -3.680 0.0000000000
88917  25.744  15.476  -2.209 0.0000000000
88129  25.836  14.670  -2.618 0.0000000000
88122  26.347  14.899  -1.740 0.0000000000
87315  26.375  13.953  -2.017 0.0000000000
71612  21.514  -5.760  -2.340 0.0000000000
69933  21.900  -7.200  -3.650 0.0000000000
70798  22.029  -6.555  -3.549 0.0000000000
70808  24.188  -6.226  -4.027 0.0000000000
69947  23.730  -6.869  -3.684 0.0000000000
69946  24.314  -6.714  -3.699 0.0000000000
138760  25.349  -7.130  -2.802 0.0000000000
70789  25.558  -6.508  -2.921 0.0000000000
73234  25.714  -3.745  -3.657 0.0000000000
72422  25.373  -4.425  -3.982 0.0000000000
115559  26.223  -3.691  -2.998 0.0000000000
133497  27.793  -4.922  -1.056 0.0000000000
71597  27.359  -5.371  -1.246 0.0000000000
70771  27.128  -6.080  -1.147 0.0000000000
69044  21.421  -8.661  -1.519 0.0000000000
69073  23.059  -7.613  -3.006 0.0000000000
82477  21.198  7.937  -4.435 0.0000000000
131015  21.676  8.154  -4.914 0.0000000000
83363  22.169  8.722  -5.046 0.0000000000
84200  23.354  9.403  -4.741 0.0000000000
126241  24.585  10.999  -4.158 0.0000000000
88903  22.202  15.553  -0.542 0.0000000000
88115  21.935  15.053  -0.534 0.0000000000
89595  22.063  16.567  -2.476 0.0000000000
90330  21.069  17.875  -3.741 0.0000000000
121329  25.508  -0.584  -4.251 0.0000000000
128514  25.945  -0.855  -3.766 0.0000000000
75684  26.195  -0.102  -3.891 0.0000000000
75674  26.785  -0.067  -3.293 0.0000000000
75658  27.741  -0.238  -2.230 0.0000000000
83339  20.256  9.054  -2.825 0.0000000000
66413  20.858  -11.141  -0.373 0.0000000000
65553  21.947  -12.220  -0.441 0.0000000000
65519  24.682  -13.189  0.777 0.0000000000
65533  25.043  -12.351  0.764 0.0000000000
68157  25.638  -9.221  -1.169 0.0000000000
116633  25.582  -9.690  -0.656 0.0000000000
68156  26.279  -9.195  -0.430 0.0000000000
72411  18.874  -3.912  -0.996 0.0000000000
74020  19.512  -2.903  -2.292 0.0000000000
76489  17.817  -0.079  -3.555 0.0000000000
75675  18.227  -0.374  -3.875 0.0000000000
74893  18.649  -0.682  -4.592 0.0000000000
118423  20.227  -0.934  -5.113 0.0000000000
124992  20.995  -0.980  -5.093 0.0000000000
75702  20.677  -0.263  -5.113 0.0000000000
121708  21.162  0.449  -5.174 0.0000000000
76531  21.678  1.130  -5.313 0.0000000000
79065  14.505  4.049  -2.546 0.0000000000
79083  17.095  3.274  -3.091 0.0000000000
80875  21.823  5.821  -5.185 0.0000000000
119327  21.489  5.262  -5.072 0.0000000000
80029  21.940  5.184  -5.335 0.0000000000
80028  22.461  4.961  -5.469 0.0000000000
125173  22.893  4.264  -5.516 0.0000000000
131331  23.029  3.605  -5.470 0.0000000000
124480  23.757  4.392  -5.521 0.0000000000
80025  24.563  4.407  -5.337 0.0000000000
80000  26.065  4.734  -4.221 0.0000000000
80849  25.720  5.624  -4.122 0.0000000000
81642  26.598  6.640  -2.826 0.0000000000
84950  26.404  10.764  -2.112 0.0000000000
84164  26.662  9.926  -1.813 0.0000000000
84949  26.932  10.690  -1.235 0.0000000000
86482  21.233  13.073  -1.764 0.0000000000
86483  20.744  12.560  -1.768 0.0000000000
85728  21.168  11.426  -2.723 0.0000000000
86489  22.235  12.900  -3.048 0.0000000000
87331  22.927  13.243  -3.606 0.0000000000
89606  24.142  16.759  -4.299 0.0000000000
89605  24.756  15.974  -3.823 0.0000000000
88911  25.268  16.121  -2.796 0.0000000000
135794  22.640  -5.250  -3.657 0.0000000000
70810  22.351  -6.366  -3.786 0.0000000000
70819  23.963  -5.801  -4.225 0.0000000000
71634  24.815  -5.711  -4.115 0.0000000000
73222  27.301  -3.101  -1.991 0.0000000000
72408  26.790  -3.833  -2.327 0.0000000000
123971  27.397  -3.885  -1.745 0.0000000000
72393  28.009  -4.148  -1.144 0.0000000000
67274  20.574  -10.356  -0.585 0.0000000000
67273  21.336  -10.631  -0.805 0.0000000000
66428  22.055  -10.893  -0.967 0.0000000000
66427  22.855  -11.125  -1.161 0.0000000000
66410  23.679  -11.182  -1.233 0.0000000000
67288  23.984  -10.549  -1.674 0.0000000000
68168  24.384  -9.764  -1.916 0.0000000000
68183  23.069  -9.185  -2.271 0.0000000000
68167  25.080  -9.230  -1.844 0.0000000000
69042  25.553  -8.754  -1.620 0.0000000000
126387  25.788  -8.057  -1.601 0.0000000000
75646  17.406  -0.798  -1.789 0.0000000000
121698  16.902  -0.032  -1.979 0.0000000000
76502  16.852  0.264  -4.341 0.0000000000
76536  16.888  0.372  -5.210 0.0000000000
80830  18.297  5.472  -2.558 0.0000000000
138933  17.670  4.962  -2.494 0.0000000000
119861  18.929  5.209  -3.104 0.0000000000
80850  20.232  5.679  -3.745 0.0000000000
80863  20.854  5.738  -4.287 0.0000000000
81677  21.648  7.442  -4.921 0.0000000000
81678  21.654  6.553  -4.954 0.0000000000
81690  22.129  6.346  -5.327 0.0000000000
81689  22.811  6.567  -5.510 0.0000000000
121893  24.069  7.157  -5.230 0.0000000000
82495  24.736  7.167  -4.483 0.0000000000
82475  25.442  7.200  -3.770 0.0000000000
82476  24.962  7.931  -4.091 0.0000000000
84957  25.695  10.175  -3.375 0.0000000000
127958  26.261  10.069  -2.631 0.0000000000
121568  26.596  13.029  -1.723 0.0000000000
88124  22.058  14.476  -0.913 0.0000000000
122259  21.688  13.700  -1.275 0.0000000000
123784  23.969  -3.064  -5.050 0.0000000000
73260  24.186  -3.799  -4.981 0.0000000000
126481  24.666  -3.060  -4.949 0.0000000000
73246  25.166  -2.977  -4.569 0.0000000000
126392  26.089  -3.030  -3.407 0.0000000000
74861  26.115  -1.523  -3.518 0.0000000000
74033  26.346  -2.243  -3.179 0.0000000000
74005  27.797  -2.439  -1.640 0.0000000000
135756  16.691  5.102  -1.311 0.0000000000
81645  18.041  5.857  -2.017 0.0000000000
132867  20.172  6.918  -3.555 0.0000000000
82464  19.007  6.833  -2.197 0.0000000000
82479  20.085  7.583  -3.378 0.0000000000
83364  21.396  8.728  -4.791 0.0000000000
84190  22.274  9.982  -4.739 0.0000000000
66408  24.856  -11.248  -0.286 0.0000000000
67252  26.387  -10.421  0.677 0.0000000000
126042  27.248  2.668  -2.813 0.0000000000
127871  27.174  1.886  -2.935 0.0000000000
78146  27.858  2.608  -2.356 0.0000000000
70791  21.113  -6.132  -1.765 0.0000000000
71613  20.298  -4.420  -1.884 0.0000000000
72423  21.487  -4.600  -3.000 0.0000000000
129041  22.066  -4.714  -3.474 0.0000000000
72438  21.671  -3.886  -3.635 0.0000000000
73248  22.291  -3.540  -4.255 0.0000000000
74022  18.302  -2.147  -1.749 0.0000000000
74862  19.532  -1.498  -3.601 0.0000000000
74035  20.020  -2.455  -3.145 0.0000000000
117086  21.005  -2.632  -4.094 0.0000000000
73263  22.212  -2.821  -4.702 0.0000000000
74062  22.832  -2.721  -5.013 0.0000000000
74889  23.152  -1.917  -5.089 0.0000000000
74888  23.958  -1.585  -5.016 0.0000000000
75698  24.111  -0.734  -5.076 0.0000000000
75700  22.304  -0.356  -5.084 0.0000000000
75699  23.215  -0.360  -5.113 0.0000000000
75685  25.166  0.117  -4.573 0.0000000000
76514  25.446  0.833  -4.507 0.0000000000
77298  25.691  1.556  -4.321 0.0000000000
77270  15.030  1.960  -1.392 0.0000000000
77280  15.589  2.369  -2.245 0.0000000000
77300  16.224  1.412  -4.656 0.0000000000
77323  18.114  1.425  -5.170 0.0000000000
79985  17.345  4.282  -2.681 0.0000000000
116099  17.889  4.081  -3.160 0.0000000000
119811  18.199  3.317  -3.560 0.0000000000
115818  20.084  4.240  -4.093 0.0000000000
79098  18.904  2.962  -4.008 0.0000000000
78192  19.137  2.431  -4.404 0.0000000000
77322  19.099  1.758  -5.082 0.0000000000
77319  22.145  1.783  -4.933 0.0000000000
77318  22.864  1.897  -5.068 0.0000000000
78187  23.166  2.986  -5.365 0.0000000000
122494  23.473  2.282  -5.291 0.0000000000
125984  24.082  2.062  -5.308 0.0000000000
122383  24.691  2.263  -5.189 0.0000000000
78167  26.047  2.359  -3.906 0.0000000000
79082  26.615  3.151  -3.443 0.0000000000
79081  27.213  3.491  -2.906 0.0000000000
79984  27.564  4.223  -2.635 0.0000000000
121514  27.510  5.043  -2.495 0.0000000000
80819  27.659  5.505  -1.968 0.0000000000
82474  26.103  7.309  -3.119 0.0000000000
127446  26.917  9.081  -1.595 0.0000000000
82448  27.047  7.508  -1.791 0.0000000000
85717  20.287  11.542  -1.629 0.0000000000
84180  20.529  9.740  -3.000 0.0000000000
84970  22.263  10.695  -4.389 0.0000000000
91941  20.455  18.940  -4.206 0.0000000000
91151  20.889  18.140  -4.515 0.0000000000
91156  20.840  18.477  -5.244 0.0000000000
90344  21.553  17.608  -4.532 0.0000000000
89608  21.927  16.900  -4.002 0.0000000000
89607  22.582  16.297  -4.287 0.0000000000
115162  22.514  17.722  -4.903 0.0000000000
89614  22.558  16.887  -4.555 0.0000000000
88930  23.236  15.681  -4.510 0.0000000000
88139  23.751  14.244  -4.304 0.0000000000
134789  24.343  14.542  -4.467 0.0000000000
86501  25.211  12.343  -3.707 0.0000000000
88130  25.422  14.503  -3.585 0.0000000000
127158  25.895  13.903  -2.997 0.0000000000
87314  26.940  13.650  -1.047 0.0000000000
88910  26.400  15.810  -1.310 0.0000000000
88909  26.922  15.115  -0.973 0.0000000000
120723  23.018  -7.349  -3.460 0.0000000000
127769  22.650  -6.683  -3.913 0.0000000000
69948  22.767  -7.126  -3.914 0.0000000000
69071  23.916  -7.671  -3.128 0.0000000000
69916  24.677  -7.612  -2.842 0.0000000000
69915  25.508  -7.577  -2.250 0.0000000000
69903  26.199  -7.289  -1.667 0.0000000000
72436  24.983  -4.412  -4.545 0.0000000000
127757  25.077  -4.981  -4.220 0.0000000000
71623  25.452  -5.197  -3.605 0.0000000000
72395  26.615  -4.710  -2.217 0.0000000000
71610  26.280  -5.417  -2.431 0.0000000000
71611  25.758  -5.720  -2.936 0.0000000000
70788  26.163  -6.116  -2.366 0.0000000000
69890  26.852  -6.949  -1.076 0.0000000000
69889  27.313  -7.538  -0.449 0.0000000000
77277  27.369  1.286  -2.728 0.0000000000
76487  28.174  0.558  -1.983 0.0000000000
65554  21.177  -11.985  -0.237 0.0000000000
67270  25.902  -9.976  -0.029 0.0000000000
69028  26.758  -8.360  -0.464 0.0000000000
69929  24.900  -6.897  -3.436 0.0000000000
69931  23.461  -7.326  -3.427 0.0000000000
69932  22.339  -7.331  -3.869 0.0000000000
70772  26.518  -6.488  -1.731 0.0000000000
70807  24.660  -6.349  -3.830 0.0000000000
70809  23.459  -6.462  -3.860 0.0000000000
71622  26.029  -4.953  -2.853 0.0000000000
71624  21.786  -5.452  -2.843 0.0000000000
71635  24.363  -5.629  -4.301 0.0000000000
71649  24.660  -5.066  -4.382 0.0000000000
71651  23.826  -5.219  -4.280 0.0000000000
72409  26.281  -4.305  -2.715 0.0000000000
72448  24.536  -4.462  -4.640 0.0000000000
72449  23.982  -4.599  -4.649 0.0000000000
73209  28.447  -3.446  -0.951 0.0000000000
73249  21.607  -3.047  -4.137 0.0000000000
73259  24.895  -3.795  -4.915 0.0000000000
73262  22.750  -3.272  -4.713 0.0000000000
74019  26.780  -2.092  -2.665 0.0000000000
74034  20.500  -2.571  -3.782 0.0000000000
74059  24.799  -2.258  -4.774 0.0000000000
74061  23.473  -2.696  -4.919 0.0000000000
74849  27.138  -1.538  -2.429 0.0000000000
74851  18.323  -1.326  -2.446 0.0000000000
74873  25.075  -1.430  -4.537 0.0000000000
74874  19.854  -1.759  -4.770 0.0000000000
74892  19.428  -1.206  -5.037 0.0000000000
75660  18.356  -0.523  -3.147 0.0000000000
75673  27.253  0.032  -2.764 0.0000000000
75686  17.696  -0.491  -4.716 0.0000000000
75687  17.003  -0.106  -4.668 0.0000000000
76488  27.580  0.591  -2.479 0.0000000000
76503  16.482  0.585  -4.774 0.0000000000
76529  23.334  0.535  -5.187 0.0000000000
76530  22.583  1.074  -5.311 0.0000000000
76535  17.735  0.382  -5.220 0.0000000000
77276  27.937  1.308  -2.261 0.0000000000
77286  26.280  1.449  -3.740 0.0000000000
77320  21.419  1.786  -5.052 0.0000000000
77324  17.195  1.154  -5.195 0.0000000000
77325  16.642  0.993  -5.113 0.0000000000
78148  13.441  3.700  -2.225 0.0000000000
78155  17.375  2.820  -3.771 0.0000000000
78157  15.503  2.777  -3.429 0.0000000000
78169  21.367  3.629  -4.702 0.0000000000
78171  18.133  2.507  -4.111 0.0000000000
78173  16.175  2.226  -4.491 0.0000000000
78194  16.744  1.796  -5.053 0.0000000000
79084  15.927  3.153  -3.472 0.0000000000
79110  23.532  3.641  -5.484 0.0000000000
79111  22.573  3.488  -5.310 0.0000000000
79999  26.469  3.992  -3.976 0.0000000000
80003  18.107  4.804  -2.962 0.0000000000
80014  25.296  4.374  -4.855 0.0000000000
80015  24.777  5.051  -5.157 0.0000000000
80017  20.665  4.675  -4.482 0.0000000000
80831  17.548  5.323  -2.160 0.0000000000
80847  27.083  4.886  -3.060 0.0000000000
80862  21.368  5.814  -4.768 0.0000000000
80873  23.150  5.910  -5.545 0.0000000000
81676  23.410  7.080  -5.489 0.0000000000
82514  22.123  7.051  -5.336 0.0000000000
83349  20.886  8.678  -4.355 0.0000000000
84177  26.511  9.268  -2.363 0.0000000000
88116  20.821  14.525  0.035 0.0000000000
88902  22.219  15.503  -1.245 0.0000000000
91144  20.711  18.442  -3.754 0.0000000000
91148  22.751  18.148  -4.828 0.0000000000
91929  20.689  18.912  -3.414 0.0000000000
91949  22.781  18.903  -4.617 0.0000000000
92656  22.553  19.408  -5.754 0.0000000000
118234  18.863  -0.424  -5.130 0.0000000000
121359  19.405  0.337  -5.206 0.0000000000
121752  22.677  -1.143  -5.046 0.0000000000
122979  21.035  18.964  -6.176 0.0000000000
126224  27.542  -1.013  -2.196 0.0000000000
127070  24.486  0.052  -4.875 0.0000000000
127687  21.623  17.627  -3.063 0.0000000000
127872  27.665  1.978  -2.548 0.0000000000
128557  22.045  17.752  -5.229 0.0000000000
132335  21.896  18.260  -6.107 0.0000000000
132532  22.347  17.963  -5.222 0.0000000000
133395  21.625  11.731  -3.008 0.0000000000
136010  25.593  -3.188  -3.972 0.0000000000
136730  22.902  8.932  -4.965 0.0000000000
137027  23.210  17.288  -4.675 0.0000000000
137177  27.011  -4.273  -1.962 0.0000000000
137908  19.591  5.628  -3.344 0.0000000000
137939  21.643  4.890  -5.200 0.0000000000
138276  25.849  13.445  -3.240 0.0000000000
138350  18.394  2.047  -4.959 0.0000000000
