#!ascii label  , from subject sub-v1s0x0050664_ses-1 vox2ras=TkReg
1684
117673  23.550  -84.163  -6.487 0.6999999881
3283  22.940  -84.741  -6.168 0.8000000119
3272  22.458  -84.737  -5.204 0.8000000119
2776  22.208  -85.425  -5.765 0.6999999881
3294  23.992  -84.715  -7.715 0.6000000238
3282  23.546  -84.770  -7.000 0.6000000238
3305  24.629  -84.286  -8.212 0.6000000238
3731  22.580  -84.051  -4.709 0.8000000119
3255  22.109  -84.645  -4.274 0.6999999881
3242  21.873  -84.343  -3.707 0.6999999881
137205  20.970  -84.920  -3.865 0.6999999881
3293  24.142  -84.227  -7.276 0.6000000238
3271  22.920  -84.025  -5.642 0.6999999881
2760  21.262  -85.663  -4.465 0.6999999881
135547  24.935  -84.507  -9.754 0.6000000238
3311  25.482  -84.065  -10.105 0.6000000238
2799  24.283  -84.939  -10.111 0.6000000238
2829  25.283  -85.395  -12.671 0.6000000238
2819  24.322  -85.473  -12.366 0.6000000238
3714  22.813  -83.270  -3.874 0.8000000119
4202  22.400  -83.106  -2.860 0.8000000119
3689  22.006  -83.108  -2.657 0.6999999881
4203  21.652  -82.339  -2.746 0.6999999881
137290  20.857  -82.563  -3.751 0.6999999881
4214  23.304  -82.678  -4.246 0.8000000119
3700  22.510  -83.328  -3.257 0.6999999881
3703  20.918  -83.617  -3.491 0.6999999881
4228  23.487  -82.671  -5.398 0.6999999881
134303  22.683  -83.636  -4.323 0.8000000119
3243  21.468  -84.285  -3.612 0.6999999881
4245  23.714  -82.728  -6.340 0.6999999881
3777  25.556  -83.380  -9.538 0.6000000238
3768  25.172  -83.483  -8.546 0.6000000238
3324  25.053  -84.872  -11.942 0.6000000238
3319  25.018  -84.646  -10.694 0.6000000238
2828  25.657  -85.638  -12.710 0.6000000238
116457  26.425  -86.241  -10.516 0.6999999881
2372  25.439  -86.587  -12.010 0.6000000238
2348  26.316  -86.522  -8.719 0.5000000000
1948  26.045  -86.689  -9.637 0.6000000238
4186  22.989  -82.109  -2.497 0.8999999762
4188  22.086  -82.499  -2.543 0.8000000119
4705  22.148  -81.723  -2.488 0.6999999881
4730  23.623  -81.953  -3.761 0.6999999881
4215  21.123  -81.934  -3.578 0.6999999881
4755  23.840  -81.917  -5.926 0.8000000119
4743  23.736  -81.983  -4.834 0.8000000119
132219  23.891  -82.174  -6.711 0.8000000119
127194  24.343  -81.783  -8.053 0.6999999881
3745  23.915  -83.535  -6.816 0.6999999881
128601  25.446  -82.692  -9.032 0.8000000119
3780  25.993  -83.286  -10.701 0.6999999881
3318  25.622  -84.212  -11.317 0.6999999881
3327  25.948  -85.089  -12.750 0.6000000238
2363  26.180  -86.240  -11.664 0.6999999881
2356  26.668  -86.087  -9.511 0.6999999881
4729  23.987  -81.074  -3.514 0.8999999762
4704  22.649  -81.796  -2.400 0.8000000119
4717  21.649  -81.399  -2.964 0.6999999881
4742  24.064  -81.266  -5.254 0.8000000119
128260  23.981  -81.381  -4.395 0.8000000119
129323  24.138  -81.168  -6.027 0.6999999881
4764  24.192  -81.320  -7.672 0.6999999881
119385  24.147  -82.030  -7.356 0.8000000119
4773  24.609  -81.843  -8.976 0.8000000119
4283  25.767  -82.765  -9.903 0.8000000119
4295  26.167  -82.839  -11.771 0.6999999881
3322  26.515  -84.389  -12.493 0.8000000119
3783  26.088  -83.871  -11.889 0.6999999881
3786  26.888  -83.697  -12.605 0.8000000119
131785  27.357  -85.220  -10.884 0.6999999881
2817  27.149  -85.245  -11.943 0.6999999881
3326  26.366  -85.101  -12.695 0.6999999881
131903  27.457  -85.222  -10.039 0.6999999881
2808  26.793  -85.722  -11.261 0.6999999881
129661  13.787  -72.825  -2.909 0.6000000238
10252  14.723  -72.489  -2.879 0.6000000238
11059  14.907  -71.413  -5.330 0.6000000238
11918  14.740  -70.759  -5.901 0.6999999881
4702  23.588  -80.974  -2.649 0.8999999762
5191  22.622  -80.965  -2.301 0.6999999881
5233  24.293  -80.628  -6.478 0.6000000238
5247  24.081  -80.594  -8.115 0.6000000238
5246  24.235  -80.669  -7.253 0.6000000238
4765  24.112  -81.232  -8.578 0.6999999881
4796  24.018  -81.516  -10.992 0.6999999881
4774  23.974  -81.197  -9.612 0.6999999881
6761  20.736  -77.599  -1.115 0.6999999881
6773  20.156  -77.134  -2.186 0.6999999881
4296  24.860  -81.924  -10.913 0.8000000119
4284  25.263  -82.227  -9.892 0.8000000119
6749  20.469  -77.190  -0.508 0.6000000238
7374  19.808  -76.925  -1.100 0.6000000238
7384  19.403  -76.631  -2.044 0.6999999881
116405  25.728  -82.536  -10.777 0.6999999881
7375  18.876  -76.305  -1.527 0.5000000000
7385  18.649  -76.195  -2.658 0.6999999881
135599  26.739  -83.007  -12.700 0.8000000119
3782  26.598  -83.348  -12.444 0.8000000119
7362  19.965  -76.811  -0.129 0.5000000000
7363  19.173  -76.398  -0.543 0.5000000000
3316  27.585  -84.557  -11.389 0.6999999881
7351  18.709  -75.946  0.033 0.5000000000
8007  18.523  -75.410  0.649 0.6000000238
8023  17.819  -75.483  -0.183 0.5000000000
8740  16.990  -75.128  -0.735 0.6000000238
8032  16.478  -75.230  -2.030 0.6999999881
8753  14.976  -74.481  -2.234 0.6999999881
8731  16.554  -74.347  -0.455 0.5000000000
8741  16.234  -74.788  -1.306 0.6000000238
8742  15.329  -74.272  -1.541 0.6000000238
10253  14.181  -72.856  -2.330 0.6000000238
8717  17.639  -74.424  0.819 0.6000000238
9469  15.046  -73.409  -1.240 0.6000000238
9470  14.546  -72.980  -1.726 0.6000000238
8718  16.936  -73.986  0.323 0.5000000000
9468  15.749  -73.923  -0.839 0.5000000000
116302  14.747  -72.396  -1.974 0.6000000238
11043  15.184  -71.939  -4.662 0.6000000238
11894  15.513  -71.084  -5.127 0.6999999881
12778  15.738  -69.330  -6.466 0.6000000238
12779  14.929  -69.306  -6.818 0.6999999881
9457  15.497  -73.067  -0.610 0.6000000238
11007  15.294  -71.829  -1.622 0.6000000238
11030  15.902  -71.238  -3.172 0.6000000238
11874  15.758  -71.173  -4.173 0.6999999881
123107  16.703  -69.082  -5.210 0.5000000000
4691  22.939  -80.932  -2.156 0.8999999762
5219  24.357  -80.555  -5.663 0.6000000238
123630  24.290  -80.595  -4.610 0.6999999881
134721  22.367  -79.918  -2.072 0.8000000119
5202  21.446  -80.327  -3.416 0.6999999881
6224  21.723  -78.989  -2.116 0.6999999881
5685  22.775  -79.570  -1.810 0.8000000119
5257  23.790  -80.522  -9.115 0.6999999881
6760  21.449  -77.927  -0.964 0.8000000119
6214  21.398  -78.207  -1.588 0.6000000238
6748  21.109  -77.425  -0.494 0.6999999881
6741  21.397  -77.196  -0.185 0.6000000238
4303  26.103  -82.427  -12.389 0.8000000119
4813  25.626  -81.964  -12.427 0.8000000119
4307  26.998  -82.779  -12.808 0.8000000119
7349  20.790  -76.985  0.088 0.5000000000
3785  27.234  -83.413  -12.515 0.8000000119
7350  19.513  -76.250  0.336 0.5000000000
7993  20.198  -75.068  1.314 0.5000000000
7994  19.314  -75.128  1.285 0.6000000238
122883  19.193  -75.743  0.714 0.6000000238
8716  18.393  -74.794  1.180 0.6000000238
9444  17.373  -73.702  1.143 0.6000000238
14494  17.436  -67.892  -6.130 0.5000000000
9456  16.189  -73.511  -0.131 0.5000000000
13603  17.160  -68.385  -5.610 0.5000000000
12777  16.172  -68.668  -6.518 0.6000000238
10229  15.519  -72.384  -0.610 0.6000000238
11016  15.899  -71.114  -2.096 0.6999999881
11851  16.178  -70.496  -2.724 0.6999999881
11893  16.012  -70.361  -4.629 0.6999999881
10210  16.624  -72.321  0.957 0.6000000238
11873  16.164  -70.362  -3.577 0.6000000238
10986  16.183  -71.667  0.462 0.6999999881
11837  16.261  -70.237  -2.070 0.6000000238
12704  16.459  -69.610  -2.773 0.5000000000
121532  24.254  -80.303  -3.809 0.6999999881
5201  24.025  -80.348  -3.075 0.6999999881
5190  23.538  -80.254  -2.440 0.6999999881
5684  23.142  -79.250  -1.781 0.8000000119
6212  23.158  -78.481  -1.577 0.6999999881
6747  21.823  -77.762  -0.654 0.6999999881
6213  22.571  -78.199  -1.231 0.6999999881
15386  18.603  -66.832  -6.137 0.5000000000
9443  20.111  -73.561  1.591 0.5000000000
8700  19.686  -74.514  1.660 0.6000000238
15404  17.431  -66.919  -6.436 0.5000000000
9428  19.526  -73.713  2.114 0.5000000000
10208  20.040  -72.995  1.227 0.5000000000
8702  18.099  -74.151  1.645 0.6000000238
9445  16.657  -73.179  0.651 0.6000000238
12720  16.500  -69.453  -4.137 0.5000000000
135539  19.884  -73.088  1.981 0.5000000000
9416  18.932  -73.225  2.684 0.6000000238
9431  17.187  -72.946  1.430 0.6000000238
128683  17.625  -72.789  2.073 0.6000000238
135318  24.345  -79.116  -4.111 0.6999999881
6233  24.149  -78.817  -3.388 0.6999999881
6223  23.557  -78.760  -2.028 0.6999999881
11812  16.322  -70.933  0.707 0.5000000000
10209  19.903  -72.261  0.590 0.5000000000
12690  16.514  -69.544  -1.541 0.5000000000
10172  18.717  -72.553  2.809 0.5000000000
10953  17.409  -71.426  2.323 0.5000000000
10969  16.686  -71.394  1.376 0.5000000000
125329  16.137  -70.491  -1.246 0.5000000000
138203  16.741  -69.833  1.107 0.5000000000
12674  16.800  -69.360  0.300 0.5000000000
10951  19.048  -70.809  2.557 0.5000000000
11797  17.061  -70.007  1.945 0.5000000000
12675  16.428  -69.941  -0.484 0.5000000000
118956  19.107  -71.837  2.676 0.5000000000
133481  17.423  -70.606  2.410 0.5000000000
10954  16.996  -70.782  1.900 0.5000000000
10188  19.730  -72.305  1.814 0.5000000000
10173  18.211  -71.808  2.834 0.5000000000
11781  18.379  -70.319  2.899 0.5000000000
126923  17.800  -63.867  -5.744 0.6000000238
17198  17.476  -64.687  -5.905 0.6000000238
17196  19.608  -64.565  -5.644 0.5000000000
18074  17.728  -62.981  -5.425 0.6999999881
18088  17.130  -63.836  -5.357 0.6000000238
124154  15.899  -64.699  -5.303 0.6000000238
18078  14.708  -63.167  -4.456 0.6999999881
18911  18.221  -62.662  -4.936 0.6000000238
18075  16.872  -63.027  -4.894 0.6999999881
18089  16.179  -63.669  -5.040 0.6999999881
17200  14.315  -64.298  -4.983 0.6999999881
18056  15.342  -63.063  -3.855 0.8000000119
18897  19.513  -62.506  -4.151 0.5000000000
121317  19.482  -62.802  -5.135 0.5000000000
18076  16.071  -62.976  -4.399 0.8000000119
18900  16.938  -62.903  -4.171 0.6000000238
18009  14.161  -63.743  -1.981 0.6999999881
18896  20.306  -62.576  -3.893 0.5000000000
18052  20.702  -62.852  -4.323 0.5000000000
18030  15.100  -63.554  -2.937 0.6999999881
119554  13.865  -63.098  -3.658 0.6999999881
18055  16.177  -63.086  -3.636 0.6999999881
18053  18.397  -62.788  -3.662 0.6999999881
18010  13.260  -63.466  -1.815 0.6999999881
17145  15.788  -64.266  -2.298 0.6999999881
18026  19.034  -62.915  -3.184 0.6000000238
123820  16.854  -63.274  -3.420 0.8000000119
17941  13.103  -63.315  4.463 0.6999999881
17957  14.430  -63.421  4.254 0.8000000119
18858  22.149  -62.407  -0.958 0.4000000060
17132  13.917  -63.947  -1.089 0.6999999881
18871  21.100  -62.807  -2.178 0.5000000000
17131  14.663  -64.612  -1.316 0.6999999881
18872  20.295  -62.911  -2.504 0.6000000238
135493  19.583  -63.055  -2.702 0.6000000238
18029  16.455  -63.798  -2.869 0.6999999881
18027  18.247  -63.397  -2.952 0.8000000119
18028  17.402  -63.938  -2.768 0.8000000119
133257  5.821  -57.785  5.390 0.5000000000
21371  6.185  -58.937  4.273 0.5000000000
128242  5.668  -59.520  4.345 0.5000000000
19708  10.918  -61.760  0.728 0.5000000000
19706  12.641  -61.878  1.418 0.6000000238
19724  12.311  -61.733  0.298 0.6000000238
18845  10.075  -62.127  0.826 0.6000000238
19710  6.352  -61.880  1.937 0.6000000238
124765  11.764  -61.960  2.236 0.6999999881
19707  11.705  -61.945  1.020 0.6999999881
18809  12.661  -62.371  4.071 0.6999999881
18810  11.210  -62.841  3.442 0.6999999881
119816  14.971  -64.587  0.477 0.6999999881
17088  15.172  -64.318  1.422 0.6999999881
17068  15.382  -64.032  2.950 0.8000000119
117833  21.433  -62.693  -1.081 0.5000000000
17115  14.415  -64.420  -0.398 0.6999999881
18006  20.559  -63.246  -1.345 0.6000000238
17130  15.421  -64.912  -1.502 0.8000000119
17143  18.220  -64.112  -2.196 0.6999999881
17114  16.141  -65.072  -0.767 0.8000000119
128874  16.220  -64.893  -1.642 0.8000000119
24036  6.512  -56.646  5.330 0.5000000000
23102  6.840  -57.402  4.811 0.6000000238
23101  7.840  -57.546  4.544 0.5000000000
23123  7.420  -58.116  4.239 0.6000000238
21369  6.815  -59.429  3.541 0.6000000238
21370  5.975  -59.765  3.777 0.6000000238
22237  7.561  -59.074  3.267 0.6000000238
20519  6.983  -60.488  2.239 0.5000000000
19746  11.905  -61.190  -0.416 0.5000000000
19747  10.489  -61.334  0.053 0.5000000000
117533  13.303  -61.850  0.320 0.6000000238
20549  9.773  -60.947  -0.352 0.6000000238
19727  8.695  -61.538  0.424 0.6999999881
20532  6.619  -61.188  1.947 0.6000000238
19705  13.605  -61.757  1.546 0.6000000238
19690  12.622  -61.730  2.705 0.6999999881
18822  10.937  -62.252  2.621 0.6999999881
18834  10.937  -62.088  1.585 0.6999999881
134799  9.517  -62.440  1.592 0.8000000119
19728  8.000  -61.612  0.842 0.6999999881
19689  13.908  -61.617  2.535 0.6999999881
19676  13.408  -61.986  3.877 0.6999999881
19660  14.799  -62.000  4.276 0.6999999881
18791  14.461  -62.652  4.483 0.8000000119
17048  15.947  -63.808  3.754 0.8000000119
17956  15.448  -63.316  4.330 0.8000000119
17995  20.952  -63.112  -0.294 0.5000000000
17988  20.036  -63.839  1.137 0.6000000238
121785  15.954  -64.762  1.087 0.8000000119
134443  15.721  -64.399  2.084 0.8000000119
17110  19.690  -63.920  -0.935 0.6000000238
17100  19.699  -64.177  0.223 0.6999999881
116388  16.567  -64.927  0.295 0.8000000119
17111  18.811  -64.390  -0.649 0.6999999881
17112  17.870  -64.754  -0.506 0.6999999881
17128  18.088  -64.510  -1.369 0.8000000119
24034  7.518  -56.057  5.172 0.4000000060
23080  8.259  -57.001  4.842 0.5000000000
23122  8.315  -57.969  3.753 0.4000000060
22228  7.934  -58.528  3.456 0.5000000000
21379  8.117  -59.525  1.977 0.5000000000
19745  12.769  -61.388  -0.463 0.5000000000
21411  10.042  -60.300  -0.376 0.6000000238
123793  9.379  -60.510  -0.233 0.6000000238
21393  7.724  -60.153  1.672 0.6000000238
19723  14.279  -61.865  0.861 0.6000000238
20541  8.302  -61.053  0.275 0.6999999881
20542  7.859  -61.166  0.998 0.6999999881
19704  14.793  -61.758  1.668 0.6000000238
17938  15.825  -63.004  4.688 0.8000000119
17084  19.269  -64.303  1.373 0.6999999881
122486  18.205  -64.653  1.349 0.6999999881
121786  17.134  -64.773  1.426 0.8000000119
17066  17.624  -64.255  3.177 0.8000000119
118231  18.568  -64.574  0.357 0.6999999881
24033  8.705  -56.526  5.199 0.4000000060
24993  9.225  -55.902  5.574 0.4000000060
24994  7.908  -55.173  5.361 0.4000000060
23100  8.858  -57.487  4.221 0.5000000000
23079  9.341  -57.225  4.886 0.4000000060
26003  7.954  -54.201  5.537 0.5000000000
22236  8.198  -58.839  2.564 0.5000000000
22244  9.909  -58.178  1.072 0.5000000000
21392  8.308  -59.795  1.105 0.5000000000
23176  10.763  -57.891  0.764 0.5000000000
21401  8.730  -60.337  0.238 0.6999999881
19687  15.761  -61.897  3.040 0.6000000238
129386  16.966  -63.322  4.043 0.8000000119
17982  19.876  -63.714  1.911 0.6000000238
17065  18.607  -64.074  2.718 0.6000000238
18806  18.166  -63.206  3.284 0.6999999881
18807  17.523  -62.911  3.655 0.6999999881
17086  17.977  -64.556  2.320 0.6999999881
128421  8.804  -52.936  5.987 0.3000000119
23078  10.247  -57.400  4.957 0.4000000060
24032  10.805  -57.395  5.518 0.3000000119
24017  10.407  -56.986  6.012 0.4000000060
24977  10.108  -55.966  6.112 0.4000000060
25983  9.283  -54.641  5.840 0.4000000060
26976  8.450  -53.696  5.770 0.5000000000
23121  8.777  -57.393  2.970 0.4000000060
26960  9.498  -53.387  6.046 0.3000000119
23138  8.502  -57.991  2.685 0.4000000060
22257  10.542  -58.743  0.422 0.5000000000
23137  8.648  -57.077  1.941 0.4000000060
22256  11.291  -58.439  0.167 0.6000000238
24084  9.061  -56.412  2.144 0.4000000060
23175  11.609  -57.677  0.577 0.4000000060
23155  8.993  -57.393  1.638 0.5000000000
19658  16.007  -61.989  4.013 0.6999999881
17046  18.066  -63.708  3.328 0.6999999881
25984  7.957  -53.834  5.751 0.4000000060
25982  10.496  -55.028  6.484 0.4000000060
138860  9.997  -52.670  6.497 0.3000000119
23099  10.221  -57.131  4.390 0.3000000119
24103  9.171  -56.554  1.723 0.4000000060
23152  12.012  -57.090  1.121 0.4000000060
126435  10.229  -56.407  1.441 0.4000000060
24016  11.397  -57.240  6.120 0.3000000119
24976  11.045  -56.594  6.483 0.3000000119
25965  11.513  -54.936  7.184 0.3000000119
133305  10.617  -53.652  6.789 0.3000000119
24031  11.531  -57.269  5.597 0.3000000119
24065  9.709  -56.355  3.362 0.3000000119
128371  10.448  -55.708  1.501 0.3000000119
24083  9.706  -55.732  2.232 0.3000000119
25049  12.106  -55.930  1.681 0.3000000119
24958  12.511  -56.077  7.238 0.3000000119
25964  12.461  -54.839  7.629 0.3000000119
24974  12.888  -56.710  6.603 0.3000000119
129942  13.247  -55.483  7.482 0.3000000119
25027  10.102  -55.355  2.903 0.3000000119
25038  10.974  -54.756  1.814 0.3000000119
25037  11.976  -54.971  1.783 0.3000000119
27895  9.327  -52.526  6.396 0.3000000119
24014  12.955  -56.812  6.075 0.3000000119
24973  13.603  -56.283  6.448 0.3000000119
26031  10.761  -54.176  3.577 0.3000000119
132225  17.820  -75.928  -1.865 0.6000000238
8031  17.013  -75.381  -1.606 0.6999999881
122397  17.030  -75.575  -2.409 0.6999999881
8752  15.750  -74.922  -2.064 0.6999999881
22246  8.687  -59.079  1.769 0.4000000060
22258  9.825  -59.105  0.743 0.6000000238
26950  11.612  -53.762  7.470 0.3000000119
2775  22.815  -85.311  -6.759 0.6999999881
3244  20.866  -84.319  -3.677 0.6999999881
3757  24.565  -83.561  -7.638 0.8000000119
2371  25.918  -86.017  -12.504 0.6000000238
2826  26.745  -85.155  -12.537 0.6999999881
4754  24.131  -81.441  -6.764 0.6000000238
5702  21.677  -79.762  -2.651 0.6999999881
4304  25.385  -82.124  -11.739 0.8000000119
3321  27.183  -84.663  -12.299 0.6999999881
3320  27.496  -84.013  -12.057 0.8000000119
12756  15.906  -69.980  -6.011 0.6999999881
116163  17.575  -75.581  -1.080 0.5000000000
9480  14.675  -73.717  -1.865 0.6000000238
13619  15.448  -68.600  -6.856 0.6000000238
11006  15.723  -71.321  -1.062 0.6999999881
5686  22.227  -78.653  -1.550 0.8000000119
8004  21.437  -76.123  0.374 0.5000000000
120160  20.299  -76.389  0.519 0.6000000238
9430  17.812  -73.444  1.952 0.6000000238
135342  15.717  -65.009  0.061 0.8000000119
2742  26.938  -85.433  -1.987 0.4000000060
3230  27.409  -84.816  -1.783 0.4000000060
1925  27.840  -87.920  -4.078 0.3000000119
1908  26.701  -87.383  -2.626 0.4000000060
2295  26.111  -86.330  -2.102 0.4000000060
3231  26.659  -84.917  -1.561 0.4000000060
3268  29.159  -84.703  -5.451 0.4000000060
2317  29.482  -86.089  -4.777 0.5000000000
2311  29.600  -86.411  -4.176 0.5000000000
126791  28.741  -85.632  -5.261 0.3000000119
2318  28.948  -86.569  -4.686 0.4000000060
122040  28.795  -86.484  -2.788 0.4000000060
2313  28.305  -87.252  -4.531 0.3000000119
1906  28.382  -87.358  -3.025 0.3000000119
125496  27.981  -86.740  -2.685 0.3000000119
1927  27.468  -87.735  -4.831 0.3000000119
3269  28.093  -84.453  -5.456 0.4000000060
3728  28.588  -83.715  -5.652 0.4000000060
3281  29.727  -83.967  -5.875 0.5000000000
3729  27.931  -83.732  -5.718 0.3000000119
120270  28.134  -86.357  -5.276 0.3000000119
1931  26.898  -87.470  -5.582 0.4000000060
121133  27.233  -86.086  -5.782 0.3000000119
2337  26.465  -86.349  -7.862 0.4000000060
1938  26.001  -87.313  -6.828 0.4000000060
134083  25.620  -87.563  -7.272 0.4000000060
3743  28.237  -83.052  -5.980 0.4000000060
4243  28.738  -82.549  -6.597 0.4000000060
3744  27.675  -83.507  -6.198 0.4000000060
3755  28.099  -82.742  -7.657 0.4000000060
4772  28.900  -81.318  -8.635 0.5000000000
3292  27.258  -84.279  -6.590 0.4000000060
3767  27.938  -83.671  -8.253 0.4000000060
2336  26.654  -86.139  -6.749 0.4000000060
132275  26.800  -85.762  -7.876 0.5000000000
126037  27.487  -84.401  -7.812 0.4000000060
2347  26.835  -85.906  -8.674 0.4000000060
2364  25.643  -86.838  -10.762 0.6000000238
1944  25.686  -87.119  -8.765 0.4000000060
4785  29.343  -80.729  -9.530 0.6000000238
4786  28.702  -81.269  -9.783 0.6000000238
3766  28.212  -82.913  -8.718 0.6000000238
4294  28.515  -82.470  -10.416 0.6000000238
3776  28.261  -83.341  -9.867 0.6000000238
3779  28.245  -83.331  -10.935 0.6999999881
3310  27.664  -84.919  -9.470 0.5000000000
3309  27.996  -84.259  -9.721 0.6000000238
3781  27.875  -83.863  -11.358 0.6999999881
5293  28.433  -80.761  -11.651 0.6999999881
5302  28.266  -80.720  -11.983 0.6999999881
5280  28.728  -80.716  -11.087 0.6000000238
4805  28.282  -81.729  -11.543 0.6999999881
4812  26.757  -82.001  -12.710 0.6999999881
125405  25.824  -81.569  -12.566 0.6999999881
4302  28.347  -82.630  -11.351 0.6999999881
122025  27.394  -82.166  -12.478 0.6999999881
4306  27.712  -82.618  -12.104 0.6999999881
5796  27.621  -79.764  -12.470 0.5000000000
5797  26.747  -80.021  -12.461 0.6000000238
4811  27.484  -81.295  -12.289 0.6999999881
5304  26.640  -81.004  -12.509 0.6000000238
138211  25.215  -81.005  -12.434 0.6999999881
5306  24.716  -80.377  -12.272 0.6999999881
4810  27.923  -81.659  -11.986 0.6999999881
125341  24.881  -81.355  -12.252 0.6999999881
4806  23.903  -81.116  -11.628 0.6000000238
5305  25.758  -80.402  -12.449 0.6000000238
5798  25.262  -79.376  -12.332 0.6000000238
4815  24.091  -80.864  -12.038 0.6000000238
5799  24.445  -79.351  -12.194 0.6000000238
5749  24.173  -79.894  -7.594 0.5000000000
3256  20.411  -85.155  -4.192 0.6000000238
2750  20.813  -85.503  -4.219 0.6000000238
5281  23.641  -80.731  -11.187 0.6000000238
133722  23.668  -80.924  -10.761 0.6000000238
5768  23.444  -79.956  -9.806 0.5000000000
5761  23.657  -79.674  -9.121 0.5000000000
4229  20.483  -82.854  -5.298 0.6000000238
4216  20.579  -83.130  -4.008 0.6000000238
3732  20.192  -83.862  -4.830 0.6000000238
133675  23.946  -79.235  -12.041 0.6000000238
5282  23.423  -80.203  -10.577 0.5000000000
5269  23.656  -80.732  -10.082 0.5000000000
5234  20.525  -80.613  -6.074 0.6000000238
5221  20.832  -80.445  -5.302 0.6000000238
121015  20.711  -81.101  -5.736 0.6000000238
130888  20.675  -81.885  -5.671 0.6000000238
4732  20.691  -82.208  -4.499 0.6000000238
126067  21.268  -81.011  -3.844 0.6000000238
4731  20.920  -81.218  -4.778 0.6000000238
6256  24.461  -78.991  -4.872 0.6000000238
5295  23.458  -80.082  -11.110 0.6000000238
5724  20.418  -79.728  -5.517 0.6000000238
6248  20.646  -78.361  -4.531 0.6000000238
5713  21.112  -79.570  -4.285 0.6000000238
6235  20.898  -78.026  -3.743 0.6000000238
6247  21.007  -78.758  -4.089 0.6000000238
6772  20.559  -77.613  -2.938 0.5000000000
6234  21.234  -78.826  -3.076 0.6000000238
6225  21.128  -78.219  -2.630 0.5000000000
5736  20.003  -80.152  -6.383 0.6999999881
5725  19.610  -79.359  -5.933 0.6000000238
5714  20.776  -79.053  -4.791 0.6000000238
6786  20.131  -77.475  -3.725 0.6000000238
127108  20.052  -77.026  -3.116 0.6000000238
7423  16.046  -77.029  -5.897 0.6000000238
6257  20.151  -78.785  -5.207 0.6000000238
6249  19.844  -78.088  -4.898 0.6000000238
6787  19.537  -76.908  -3.705 0.5000000000
6813  19.130  -77.721  -5.159 0.6000000238
114884  17.589  -76.937  -4.851 0.6000000238
7422  16.801  -77.142  -5.348 0.6000000238
7412  15.905  -76.324  -4.781 0.6000000238
6258  19.187  -78.413  -5.621 0.6000000238
7395  19.485  -76.663  -2.897 0.6000000238
6800  18.554  -77.172  -4.959 0.6000000238
7411  18.250  -76.681  -4.238 0.5000000000
8054  17.323  -76.103  -3.551 0.6000000238
131124  16.736  -76.677  -4.703 0.5000000000
8067  15.543  -75.755  -4.180 0.5000000000
8042  17.680  -75.866  -2.912 0.6000000238
8055  16.806  -75.798  -3.148 0.6000000238
8066  16.526  -76.154  -3.969 0.6000000238
8766  15.213  -75.154  -3.535 0.6000000238
132601  14.562  -74.730  -3.539 0.6999999881
9517  13.602  -74.330  -4.468 0.6999999881
128229  12.157  -74.299  -5.041 0.6999999881
8056  15.960  -75.582  -3.380 0.6000000238
119443  14.707  -74.613  -2.913 0.6999999881
10269  13.472  -73.189  -3.455 0.6999999881
9504  13.576  -73.843  -3.551 0.6999999881
10284  12.998  -73.755  -4.343 0.6999999881
130009  13.098  -73.041  -4.056 0.6000000238
9490  13.802  -73.342  -2.768 0.6000000238
117019  24.005  -79.056  -7.890 0.5000000000
5748  24.341  -80.050  -6.913 0.5000000000
6837  23.586  -77.770  -7.243 0.5000000000
128064  23.950  -78.464  -7.399 0.5000000000
6267  24.217  -78.219  -6.704 0.6000000238
7439  22.289  -76.747  -7.356 0.6000000238
6826  23.131  -77.063  -6.951 0.6000000238
6825  23.871  -77.382  -6.482 0.6000000238
122246  24.463  -78.159  -5.178 0.6000000238
6246  24.381  -78.379  -4.313 0.6000000238
7430  22.720  -76.366  -6.615 0.5000000000
138065  23.677  -76.451  -5.691 0.6000000238
6784  24.208  -77.718  -3.652 0.6000000238
8073  23.107  -75.491  -5.068 0.6000000238
7410  23.839  -76.274  -3.934 0.5000000000
7393  24.031  -76.919  -3.527 0.6000000238
6770  23.919  -78.263  -2.691 0.6000000238
8053  22.844  -75.252  -3.855 0.5000000000
6785  23.896  -77.385  -2.772 0.6000000238
7361  21.880  -77.035  -0.210 0.5000000000
8029  22.226  -76.186  -1.009 0.5000000000
6758  23.059  -77.692  -1.397 0.6000000238
7383  23.502  -77.076  -2.026 0.6000000238
2355  27.230  -85.519  -9.392 0.6000000238
120887  28.009  -84.026  -10.601 0.6999999881
5734  24.505  -79.839  -6.231 0.5000000000
7397  18.075  -76.214  -3.545 0.6000000238
8767  14.024  -74.177  -3.089 0.6999999881
5722  24.498  -79.754  -5.292 0.6000000238
6771  23.601  -77.935  -1.968 0.6000000238
7373  22.770  -76.812  -1.362 0.6000000238
1907  27.617  -87.460  -2.814 0.3000000119
1924  28.439  -87.476  -3.672 0.3000000119
2305  28.995  -86.989  -3.306 0.4000000060
2319  27.567  -87.012  -5.384 0.3000000119
2767  27.648  -85.243  -5.566 0.4000000060
2774  26.984  -85.127  -6.120 0.4000000060
4763  28.855  -81.713  -7.830 0.4000000060
3756  27.601  -83.444  -7.126 0.3000000119
4269  28.417  -82.006  -8.166 0.5000000000
4282  28.469  -82.136  -9.242 0.6000000238
2785  26.918  -85.137  -7.186 0.5000000000
133830  28.069  -83.801  -9.137 0.5000000000
2793  27.356  -85.218  -8.512 0.5000000000
4795  28.555  -81.629  -10.830 0.6000000238
133639  27.324  -80.527  -12.403 0.6999999881
6799  19.508  -77.372  -4.484 0.6000000238
10285  12.414  -73.777  -4.259 0.6000000238
7429  23.481  -76.681  -6.226 0.6000000238
8075  21.992  -75.102  -5.769 0.5000000000
6811  24.343  -77.467  -5.307 0.6000000238
7419  24.242  -76.973  -5.018 0.6000000238
7421  23.132  -76.027  -5.788 0.5000000000
7420  23.810  -76.254  -4.989 0.6000000238
8074  22.491  -74.941  -5.095 0.5000000000
7394  23.656  -76.591  -3.012 0.5000000000
8039  22.975  -76.236  -2.472 0.5000000000
355  22.606  -93.669  13.882 0.4000000060
353  24.048  -92.897  13.237 0.4000000060
128598  23.529  -93.316  12.945 0.5000000000
218  20.279  -94.217  14.324 0.5000000000
219  19.443  -94.392  14.512 0.5000000000
88  18.331  -95.073  14.630 0.5000000000
225  21.362  -94.287  13.580 0.5000000000
216  21.811  -93.876  14.083 0.5000000000
511  24.404  -92.300  13.076 0.4000000060
707  24.529  -91.768  12.944 0.4000000060
359  24.650  -92.426  11.887 0.5000000000
2281  27.533  -86.409  -0.099 0.3000000119
1891  28.598  -87.831  -0.418 0.3000000119
2268  26.967  -85.833  0.091 0.3000000119
2705  26.489  -85.286  0.117 0.3000000119
208  20.842  -93.727  14.689 0.4000000060
209  20.003  -93.872  14.627 0.5000000000
115775  19.157  -94.114  14.930 0.5000000000
347  21.560  -93.616  14.717 0.4000000060
346  22.322  -93.498  14.641 0.4000000060
344  23.864  -92.909  14.104 0.3000000119
506  23.645  -92.742  14.893 0.3000000119
124023  25.406  -91.554  10.774 0.4000000060
708  24.349  -91.379  13.661 0.3000000119
923  24.602  -91.302  12.166 0.4000000060
715  24.759  -91.722  12.046 0.5000000000
716  24.496  -91.306  12.842 0.3000000119
1890  29.409  -87.188  -0.363 0.3000000119
2267  27.850  -85.604  -0.103 0.3000000119
133885  27.468  -84.612  -0.473 0.3000000119
133525  26.475  -84.712  -1.152 0.3000000119
335  21.471  -93.284  15.153 0.3000000119
336  20.728  -93.358  15.007 0.4000000060
133720  22.059  -93.322  15.180 0.3000000119
938  24.955  -91.005  10.828 0.4000000060
937  25.734  -91.383  10.154 0.4000000060
931  24.402  -90.892  11.792 0.4000000060
918  24.119  -90.880  13.489 0.3000000119
1888  31.367  -87.198  -0.174 0.4000000060
1889  30.537  -86.977  -0.331 0.4000000060
1876  30.041  -87.989  -0.291 0.4000000060
135725  30.650  -88.456  0.856 0.4000000060
1517  30.520  -88.761  1.659 0.4000000060
1263  30.401  -89.201  2.754 0.5000000000
2721  30.259  -84.876  -0.341 0.3000000119
114841  28.808  -85.673  -0.251 0.3000000119
2723  28.472  -84.963  -0.308 0.3000000119
3203  27.622  -84.332  -0.901 0.3000000119
2741  27.869  -85.665  -2.296 0.3000000119
497  21.378  -92.822  15.579 0.3000000119
136853  23.886  -89.982  9.856 0.3000000119
119705  24.358  -90.369  10.240 0.3000000119
1205  25.702  -90.130  8.390 0.4000000060
956  26.721  -90.840  8.622 0.4000000060
1155  23.661  -90.291  13.990 0.3000000119
1176  23.691  -90.321  11.789 0.3000000119
1169  23.753  -90.427  12.434 0.3000000119
1230  29.668  -89.593  5.634 0.5000000000
1223  29.395  -89.355  6.125 0.5000000000
2702  34.325  -85.821  1.238 0.3000000119
2265  33.123  -86.509  0.408 0.3000000119
2277  33.017  -85.713  -0.029 0.3000000119
1865  32.479  -87.256  0.623 0.3000000119
1874  31.646  -87.559  0.172 0.4000000060
1509  31.717  -88.512  3.203 0.5000000000
1244  30.610  -89.321  3.927 0.5000000000
2266  32.224  -86.720  -0.021 0.3000000119
1526  31.108  -88.109  0.491 0.4000000060
1516  31.263  -88.398  1.441 0.4000000060
1510  31.213  -88.698  2.501 0.5000000000
1243  31.176  -88.936  3.519 0.5000000000
123226  29.791  -84.394  -0.652 0.3000000119
3202  28.228  -84.483  -0.640 0.3000000119
3215  28.707  -84.305  -1.352 0.3000000119
3229  29.154  -84.709  -1.967 0.3000000119
2740  29.515  -85.715  -2.607 0.4000000060
1194  24.487  -90.059  9.364 0.3000000119
1216  25.332  -89.616  7.840 0.4000000060
1156  23.237  -89.670  14.383 0.3000000119
1170  23.254  -89.807  12.230 0.3000000119
1184  23.448  -89.779  10.474 0.3000000119
1204  26.532  -90.100  7.946 0.4000000060
1165  23.276  -89.727  13.551 0.3000000119
1225  28.071  -89.533  7.030 0.4000000060
1224  28.765  -89.784  6.723 0.5000000000
1484  29.056  -88.424  6.002 0.4000000060
1474  28.580  -88.962  6.508 0.5000000000
3189  34.936  -83.999  1.345 0.3000000119
1482  30.456  -88.938  5.230 0.5000000000
2255  33.887  -86.437  1.852 0.3000000119
130011  30.969  -88.488  4.766 0.4000000060
1830  30.199  -88.256  5.117 0.5000000000
2718  34.202  -84.716  0.136 0.3000000119
1864  33.257  -86.945  1.269 0.4000000060
132338  33.404  -87.091  2.402 0.4000000060
1841  31.568  -88.363  4.293 0.5000000000
1491  30.934  -88.902  4.726 0.5000000000
130769  32.133  -85.586  -0.142 0.3000000119
1515  32.070  -88.212  2.352 0.5000000000
3200  30.792  -84.164  -0.596 0.3000000119
3213  30.779  -83.968  -1.444 0.4000000060
3227  31.392  -84.829  -2.294 0.3000000119
3214  29.697  -84.169  -1.384 0.4000000060
3228  30.242  -84.900  -2.191 0.4000000060
2822  21.713  -86.141  -11.852 0.5000000000
2293  29.609  -86.472  -3.025 0.3000000119
1433  22.707  -88.945  13.892 0.3000000119
118601  22.844  -89.215  12.883 0.3000000119
117723  24.800  -88.995  7.319 0.3000000119
1476  26.253  -88.500  6.666 0.3000000119
1475  27.418  -88.547  6.521 0.5000000000
123499  28.640  -87.671  5.625 0.4000000060
1822  27.215  -87.663  5.900 0.3000000119
117474  34.753  -82.962  0.911 0.3000000119
1842  29.699  -87.362  4.789 0.5000000000
2695  34.740  -85.167  1.561 0.3000000119
2227  31.428  -87.815  4.313 0.4000000060
127766  30.595  -87.686  4.600 0.4000000060
2250  33.900  -86.403  2.919 0.4000000060
1851  33.314  -87.086  3.206 0.4000000060
136348  32.944  -87.155  3.653 0.4000000060
1840  32.323  -87.587  3.925 0.4000000060
2719  33.648  -84.790  -0.313 0.3000000119
3198  32.815  -84.250  -0.646 0.3000000119
1857  32.814  -87.630  2.889 0.4000000060
1508  32.280  -88.085  3.460 0.5000000000
3212  31.871  -83.989  -1.402 0.3000000119
3226  32.427  -84.726  -2.400 0.4000000060
2739  30.854  -85.597  -2.879 0.4000000060
128530  22.113  -85.778  -11.226 0.5000000000
128538  30.177  -85.954  -2.838 0.4000000060
2748  31.011  -85.588  -3.521 0.5000000000
2380  22.515  -86.504  -13.172 0.5000000000
123868  22.502  -88.403  13.161 0.3000000119
4246  20.515  -82.728  -6.606 0.5000000000
1843  28.820  -87.115  5.053 0.3000000119
134015  27.762  -87.163  5.281 0.3000000119
3747  19.922  -84.250  -6.144 0.5000000000
4259  20.242  -83.110  -7.462 0.6000000238
4675  33.633  -82.120  0.770 0.3000000119
4153  34.602  -83.144  1.823 0.3000000119
4681  34.031  -82.456  -0.068 0.3000000119
3178  34.817  -84.468  2.415 0.3000000119
129993  34.259  -85.275  3.171 0.3000000119
130967  30.896  -87.104  4.106 0.4000000060
2228  30.040  -86.808  4.069 0.4000000060
2320  21.026  -86.378  -5.369 0.5000000000
5259  19.232  -81.043  -8.626 0.5000000000
124453  33.913  -85.973  3.265 0.3000000119
126348  33.445  -86.128  3.511 0.3000000119
2241  32.830  -86.609  3.702 0.3000000119
129914  31.940  -85.708  3.589 0.3000000119
2777  21.584  -86.093  -5.957 0.5000000000
134837  33.709  -84.284  -1.025 0.3000000119
3211  33.025  -84.225  -1.456 0.3000000119
2787  22.336  -85.660  -7.412 0.5000000000
123167  33.230  -84.531  -2.404 0.3000000119
2801  22.369  -85.385  -9.606 0.5000000000
128973  32.640  -84.895  -3.113 0.4000000060
2811  22.597  -85.389  -10.649 0.6000000238
2746  32.519  -84.868  -3.875 0.4000000060
2747  31.889  -85.252  -3.624 0.5000000000
129262  22.742  -85.595  -11.470 0.5000000000
3254  31.776  -84.819  -4.873 0.4000000060
2758  30.782  -85.611  -4.285 0.3000000119
2303  30.192  -85.983  -3.812 0.4000000060
2379  23.362  -86.441  -13.158 0.6000000238
3753  32.299  -83.471  -7.271 0.3000000119
3740  31.691  -83.911  -6.738 0.4000000060
3267  30.299  -84.873  -5.593 0.4000000060
2759  30.095  -85.856  -4.530 0.3000000119
1964  24.234  -86.338  -12.927 0.6000000238
1966  22.924  -87.014  -13.137 0.5000000000
4266  33.312  -82.380  -8.296 0.3000000119
4254  31.870  -82.924  -7.824 0.5000000000
3741  30.205  -83.316  -6.551 0.4000000060
128746  23.936  -87.438  -12.103 0.6000000238
4767  33.720  -81.902  -8.695 0.3000000119
4267  32.375  -82.450  -8.423 0.5000000000
128295  30.947  -82.521  -7.648 0.4000000060
4242  29.471  -82.591  -6.657 0.4000000060
4769  31.701  -81.695  -8.961 0.4000000060
4268  31.278  -82.096  -8.213 0.5000000000
4256  29.276  -82.000  -7.275 0.4000000060
4762  29.335  -81.469  -7.971 0.5000000000
4775  19.945  -82.194  -8.249 0.6000000238
118882  32.276  -81.808  0.200 0.3000000119
4154  34.066  -82.436  1.469 0.3000000119
4148  33.647  -82.653  2.809 0.3000000119
3646  34.491  -84.029  2.932 0.3000000119
5248  20.089  -81.335  -7.539 0.6000000238
5249  19.555  -80.818  -7.949 0.6000000238
4682  33.162  -82.087  0.050 0.3000000119
138392  33.516  -83.920  3.499 0.3000000119
3166  33.146  -84.422  3.633 0.3000000119
5751  19.102  -80.244  -7.607 0.6000000238
4699  32.512  -82.399  -1.724 0.3000000119
2676  33.697  -85.317  3.469 0.3000000119
2677  32.941  -85.485  3.642 0.3000000119
6293  17.879  -79.573  -8.333 0.6000000238
3210  33.698  -84.235  -1.759 0.3000000119
6842  16.329  -78.072  -7.345 0.6000000238
6841  16.739  -78.549  -7.904 0.6000000238
119507  16.360  -77.922  -8.139 0.6000000238
7452  15.875  -76.594  -8.513 0.5000000000
3265  32.607  -84.106  -5.533 0.4000000060
3279  31.911  -84.327  -6.028 0.4000000060
4783  32.041  -81.256  -9.790 0.4000000060
4770  30.602  -81.295  -8.654 0.5000000000
4684  31.022  -81.582  -0.351 0.3000000119
4677  31.412  -81.531  0.299 0.3000000119
4676  32.785  -81.742  0.933 0.3000000119
4665  33.461  -82.202  2.258 0.3000000119
3647  33.749  -83.458  3.196 0.3000000119
128943  33.051  -83.483  3.633 0.3000000119
3648  32.430  -83.835  3.797 0.3000000119
136406  20.554  -81.540  -6.599 0.5000000000
4683  31.760  -81.857  -0.515 0.3000000119
4167  32.607  -82.215  -0.756 0.3000000119
5737  19.232  -79.919  -6.753 0.5000000000
5750  19.791  -80.470  -7.217 0.6000000238
4688  31.948  -82.170  -1.270 0.3000000119
3167  32.150  -84.676  3.686 0.3000000119
5738  18.281  -79.705  -7.276 0.6000000238
132936  31.660  -82.235  -2.166 0.3000000119
6279  17.373  -79.172  -7.591 0.6000000238
3264  33.215  -83.910  -4.899 0.3000000119
3713  33.507  -84.006  -4.028 0.3000000119
7443  16.007  -77.348  -7.837 0.6000000238
119794  14.979  -74.804  -7.693 0.6000000238
6268  18.659  -79.194  -6.324 0.6000000238
6827  18.172  -78.454  -6.049 0.5000000000
6828  17.248  -78.295  -6.241 0.6000000238
6829  16.559  -78.087  -6.643 0.6000000238
7444  15.487  -76.622  -7.534 0.6000000238
8110  15.333  -75.679  -8.324 0.6000000238
8817  14.596  -74.375  -7.290 0.6000000238
8096  15.058  -75.791  -7.122 0.6000000238
122342  14.431  -73.402  -7.745 0.5000000000
137184  17.914  -77.940  -5.898 0.5000000000
6815  16.653  -77.622  -6.032 0.5000000000
8803  14.870  -75.008  -6.640 0.6000000238
118620  11.627  -73.933  -6.411 0.5000000000
10286  11.557  -73.737  -4.270 0.6000000238
118152  10.553  -74.207  -5.573 0.6000000238
9520  9.871  -73.840  -5.470 0.5000000000
9491  9.984  -73.847  -4.176 0.6000000238
9508  9.225  -73.586  -4.733 0.6000000238
8804  14.459  -74.824  -6.203 0.5000000000
119315  13.928  -74.495  -5.624 0.5000000000
9531  14.108  -74.133  -6.775 0.6000000238
9532  13.268  -74.137  -6.246 0.5000000000
10309  12.747  -73.659  -6.638 0.5000000000
9518  13.002  -74.339  -5.232 0.6000000238
137502  13.624  -72.825  -3.586 0.6000000238
9505  11.621  -74.329  -4.844 0.6000000238
10270  10.502  -73.046  -3.439 0.5000000000
16211  10.324  -65.230  0.509 0.5000000000
8087  15.046  -75.829  -6.062 0.5000000000
8793  14.419  -74.809  -5.024 0.6000000238
14409  10.443  -67.515  0.505 0.5000000000
13511  10.332  -68.310  0.807 0.6000000238
133246  11.098  -65.650  0.713 0.6000000238
117079  11.067  -64.425  0.731 0.6000000238
129121  9.673  -66.601  0.441 0.5000000000
17117  10.852  -63.642  0.123 0.5000000000
126195  9.995  -63.659  -0.434 0.5000000000
12721  10.913  -70.042  -2.744 0.5000000000
11018  9.888  -72.253  -2.631 0.5000000000
17069  14.460  -63.859  2.976 0.6000000238
115075  13.294  -64.738  3.631 0.6999999881
17070  13.780  -64.295  2.949 0.6000000238
16166  13.329  -65.776  3.088 0.6999999881
135455  13.219  -67.355  2.553 0.6000000238
13491  12.700  -68.288  1.690 0.6000000238
16200  13.415  -65.597  2.526 0.6000000238
15289  13.443  -66.757  2.003 0.6000000238
17089  14.085  -63.829  2.150 0.6000000238
17090  13.441  -64.204  2.001 0.6000000238
16201  13.050  -65.504  1.884 0.6000000238
14393  13.219  -67.629  1.792 0.5000000000
13492  11.888  -68.747  1.338 0.6000000238
123034  14.386  -63.937  1.423 0.6000000238
17091  12.653  -64.322  1.446 0.6000000238
15301  11.674  -66.576  0.812 0.5000000000
13509  12.090  -68.107  0.918 0.6000000238
132789  13.072  -63.767  1.355 0.6000000238
16210  11.989  -65.265  1.235 0.6000000238
17989  12.792  -63.503  0.102 0.6000000238
17103  12.456  -63.694  0.869 0.6000000238
17990  12.107  -63.501  0.184 0.6000000238
18011  11.615  -63.313  -1.046 0.5000000000
18036  9.834  -63.735  -2.005 0.5000000000
17147  11.054  -63.691  -2.890 0.5000000000
17168  10.740  -64.502  -3.161 0.5000000000
16255  10.441  -65.573  -3.442 0.5000000000
16167  13.023  -65.851  3.347 0.6000000238
120216  12.596  -66.742  3.080 0.6999999881
17101  14.031  -63.852  0.659 0.5000000000
121345  13.083  -63.509  -0.824 0.6000000238
118961  12.397  -63.333  -1.485 0.6000000238
129119  10.990  -63.386  -1.450 0.5000000000
18033  12.509  -63.352  -2.525 0.6000000238
17167  11.571  -64.186  -3.442 0.5000000000
17166  12.765  -63.755  -4.153 0.6000000238
16254  11.356  -65.239  -3.693 0.6000000238
18844  17.334  -62.071  0.782 0.4000000060
17959  11.641  -63.897  3.736 0.6999999881
17072  9.296  -65.068  2.288 0.5000000000
128489  9.285  -65.946  2.487 0.5000000000
18833  17.653  -62.406  1.972 0.6000000238
19686  16.488  -62.224  3.345 0.5000000000
16186  10.187  -65.347  2.647 0.6000000238
15276  10.087  -66.551  2.742 0.5000000000
18831  19.240  -62.442  2.187 0.5000000000
17958  12.149  -63.145  4.056 0.6000000238
17052  11.085  -64.606  3.073 0.8000000119
125658  13.466  -63.917  4.171 0.6999999881
16168  12.376  -65.831  3.317 0.8000000119
126440  12.157  -67.563  3.111 0.6999999881
18032  13.407  -63.254  -2.947 0.6000000238
18059  12.654  -63.460  -3.462 0.6000000238
16187  8.405  -65.743  2.344 0.5000000000
19703  15.551  -61.875  1.842 0.5000000000
18811  10.404  -62.826  2.781 0.6999999881
15257  8.030  -66.259  2.806 0.5000000000
19701  18.903  -61.716  1.443 0.4000000060
18832  18.331  -62.168  1.574 0.4000000060
19700  19.684  -61.608  1.480 0.4000000060
136958  20.168  -62.018  1.620 0.5000000000
17987  20.459  -63.170  1.357 0.4000000060
17975  8.401  -64.156  1.927 0.5000000000
16171  7.492  -65.372  2.671 0.5000000000
127006  16.547  -61.675  -0.055 0.3000000119
115233  15.196  -61.907  0.831 0.3000000119
17974  9.264  -63.992  2.255 0.6000000238
19719  19.710  -60.646  1.046 0.4000000060
19699  20.386  -61.410  0.918 0.4000000060
126430  20.461  -63.511  0.489 0.4000000060
130963  8.832  -63.422  1.918 0.6000000238
18823  9.580  -62.921  2.194 0.6000000238
18843  20.804  -62.240  0.716 0.4000000060
17983  8.100  -63.431  1.720 0.5000000000
17074  7.375  -64.907  2.175 0.5000000000
21397  16.825  -59.576  0.690 0.3000000119
116101  16.035  -61.423  -0.706 0.3000000119
19742  15.226  -61.617  -0.704 0.3000000119
19743  14.066  -61.767  -0.219 0.4000000060
19718  21.386  -61.276  0.183 0.3000000119
18859  21.292  -62.340  -0.110 0.4000000060
19739  22.233  -61.730  -0.349 0.4000000060
19753  14.826  -61.043  -1.028 0.4000000060
18836  7.808  -62.702  1.454 0.6000000238
17094  6.919  -64.083  2.056 0.4000000060
133768  13.342  -60.880  -0.982 0.4000000060
134159  16.635  -58.716  1.401 0.3000000119
21396  17.012  -59.546  -0.426 0.3000000119
18837  7.103  -62.573  1.556 0.5000000000
20546  12.409  -60.741  -0.865 0.4000000060
20547  11.489  -60.521  -0.715 0.4000000060
21399  10.270  -59.551  -0.107 0.5000000000
21408  12.203  -59.863  -0.946 0.4000000060
21409  11.410  -59.771  -0.764 0.4000000060
25062  15.135  -55.962  0.842 0.3000000119
24118  14.273  -56.535  1.426 0.3000000119
23172  14.148  -57.189  0.549 0.3000000119
24120  12.778  -56.966  0.811 0.3000000119
24100  12.661  -56.512  1.528 0.3000000119
120580  7.187  -55.407  5.593 0.4000000060
25048  14.535  -55.938  1.892 0.3000000119
3168  30.993  -84.921  3.657 0.3000000119
22274  12.562  -58.915  -0.539 0.3000000119
18079  13.977  -63.078  -4.330 0.6000000238
25967  7.755  -53.925  6.165 0.4000000060
18818  19.460  -62.998  2.509 0.5000000000
23174  12.450  -57.527  0.423 0.3000000119
2766  29.765  -85.486  -5.137 0.3000000119
3280  30.905  -84.285  -6.256 0.4000000060
7434  15.420  -76.569  -6.493 0.5000000000
345  23.160  -93.276  14.457 0.4000000060
224  22.090  -94.089  13.237 0.5000000000
210  18.590  -94.604  14.993 0.5000000000
522  25.341  -92.043  10.760 0.5000000000
131534  29.263  -88.161  -0.355 0.4000000060
334  22.814  -93.013  15.278 0.4000000060
930  24.940  -91.430  11.447 0.4000000060
936  26.207  -91.618  9.665 0.4000000060
2279  29.718  -85.909  -0.278 0.4000000060
1528  29.446  -88.622  0.029 0.4000000060
1518  29.957  -88.732  0.796 0.4000000060
337  19.785  -93.545  14.799 0.3000000119
911  23.941  -90.916  14.453 0.3000000119
1183  24.036  -90.388  11.098 0.3000000119
950  25.302  -90.733  9.870 0.4000000060
949  26.150  -90.949  9.342 0.4000000060
2278  30.653  -85.705  -0.249 0.3000000119
2720  31.343  -84.849  -0.251 0.4000000060
1206  24.896  -89.857  8.509 0.4000000060
1215  27.637  -90.042  7.530 0.4000000060
136234  31.290  -88.687  4.348 0.5000000000
2812  21.868  -85.718  -10.490 0.5000000000
3673  29.122  -84.159  -0.896 0.4000000060
1440  22.693  -89.173  11.041 0.3000000119
1466  25.812  -89.122  7.277 0.4000000060
1465  27.002  -89.328  7.188 0.4000000060
1831  29.386  -87.906  5.431 0.5000000000
2690  34.439  -85.575  2.921 0.3000000119
3199  31.771  -84.062  -0.541 0.3000000119
3671  32.129  -83.861  -0.834 0.3000000119
2821  22.423  -85.883  -12.080 0.6000000238
1823  26.589  -87.930  6.206 0.3000000119
2242  31.659  -86.740  3.842 0.3000000119
2795  22.494  -85.552  -8.411 0.5000000000
2738  31.758  -85.338  -2.996 0.4000000060
2229  27.312  -86.349  4.481 0.3000000119
2243  30.509  -86.306  3.603 0.3000000119
3278  32.654  -83.691  -6.400 0.4000000060
123686  32.023  -84.549  -5.338 0.4000000060
2765  30.607  -85.358  -5.000 0.4000000060
4251  33.978  -82.073  -8.083 0.3000000119
4149  33.040  -82.158  2.797 0.3000000119
118319  17.665  -79.019  -6.670 0.6000000238
4142  32.931  -82.602  3.330 0.3000000119
133013  32.272  -83.037  3.868 0.3000000119
4700  30.921  -81.906  -2.860 0.3000000119
8794  11.516  -74.367  -6.068 0.6000000238
116236  12.923  -64.900  3.820 0.6999999881
16169  11.283  -65.671  2.937 0.6999999881
17051  12.105  -64.841  3.606 0.6999999881
17071  10.107  -64.293  2.684 0.6000000238
128456  16.715  -60.782  -0.755 0.3000000119
20545  16.803  -60.084  -0.912 0.3000000119
3313  23.931  -85.093  -9.247 0.5000000000
2794  23.210  -85.204  -8.889 0.5000000000
5301  29.298  -80.147  -12.103 0.6000000238
8077  15.201  -75.808  -5.086 0.4000000060
8778  14.936  -75.053  -4.423 0.5000000000
11047  11.498  -72.715  -3.891 0.5000000000
11044  14.141  -72.196  -4.626 0.5000000000
11045  13.186  -72.292  -4.686 0.5000000000
11046  12.432  -72.325  -4.407 0.5000000000
11032  11.089  -71.857  -3.208 0.5000000000
119640  11.895  -71.452  -4.123 0.5000000000
10268  14.492  -72.464  -3.749 0.5000000000
11875  11.421  -70.644  -3.269 0.4000000060
11060  14.027  -71.404  -5.329 0.5000000000
11895  13.213  -71.540  -5.036 0.5000000000
11897  12.044  -70.357  -4.300 0.5000000000
12738  11.450  -69.660  -3.670 0.5000000000
123049  14.034  -70.609  -5.794 0.6000000238
11920  12.742  -70.115  -5.027 0.5000000000
12737  12.061  -69.487  -4.668 0.5000000000
117726  11.905  -65.917  -4.345 0.5000000000
12758  14.314  -69.887  -6.283 0.6000000238
14476  10.917  -67.437  -4.657 0.5000000000
138763  11.473  -66.467  -4.687 0.5000000000
12760  12.703  -69.304  -5.498 0.6000000238
13582  11.958  -68.508  -5.304 0.6000000238
13583  11.224  -68.220  -4.697 0.5000000000
12757  15.225  -70.049  -6.297 0.6000000238
12780  14.128  -69.079  -6.725 0.6000000238
13605  12.709  -68.442  -6.117 0.6000000238
15390  12.412  -66.737  -5.391 0.6000000238
14510  14.092  -67.772  -6.672 0.6000000238
134177  12.375  -66.206  -4.843 0.5000000000
17185  12.970  -64.474  -4.425 0.5000000000
13622  12.745  -67.842  -6.447 0.6000000238
13606  12.182  -67.720  -5.957 0.6000000238
13472  12.245  -68.966  2.047 0.5000000000
14359  11.735  -68.328  3.257 0.5000000000
14358  12.596  -68.129  2.809 0.5000000000
17184  13.548  -63.766  -4.585 0.6000000238
132901  14.617  -67.254  -6.428 0.6000000238
16289  13.581  -65.140  -4.812 0.6000000238
124247  13.022  -66.734  -5.606 0.6000000238
15389  13.789  -66.280  -5.280 0.6000000238
15407  14.603  -66.576  -5.887 0.6000000238
21423  13.760  -60.176  -1.064 0.3000000119
24995  6.714  -55.999  5.611 0.3000000119
5256  30.054  -80.751  -9.194 0.4000000060
5268  29.433  -80.498  -10.601 0.5000000000
1953  25.061  -87.177  -11.431 0.5000000000
1957  24.601  -86.936  -12.311 0.5000000000
5279  29.430  -80.273  -11.548 0.4000000060
2378  25.126  -86.237  -12.777 0.4000000060
5795  28.502  -79.596  -12.481 0.4000000060
2800  23.291  -85.111  -9.923 0.4000000060
2810  23.565  -85.263  -11.172 0.4000000060
2820  23.270  -85.686  -12.264 0.4000000060
129619  24.765  -85.879  -13.031 0.4000000060
6896  27.347  -77.218  -12.439 0.4000000060
125923  27.205  -78.154  -12.421 0.4000000060
124549  26.151  -79.277  -12.432 0.4000000060
2786  23.294  -85.259  -7.771 0.4000000060
6330  28.075  -77.944  -12.474 0.4000000060
124550  27.019  -79.086  -12.447 0.4000000060
6331  24.916  -78.489  -12.210 0.4000000060
6332  24.208  -78.586  -12.057 0.5000000000
121900  15.526  -66.978  -6.528 0.5000000000
14508  16.133  -67.840  -6.684 0.5000000000
15406  16.054  -66.241  -6.137 0.5000000000
15405  16.652  -66.852  -6.559 0.5000000000
15403  18.015  -66.525  -6.295 0.5000000000
15387  15.555  -65.498  -5.547 0.5000000000
16286  17.860  -65.612  -6.233 0.5000000000
123489  11.149  -67.711  3.281 0.4000000060
15255  9.750  -67.513  3.220 0.4000000060
16300  16.722  -66.098  -6.234 0.5000000000
16288  14.633  -65.585  -5.245 0.5000000000
5303  28.040  -80.379  -12.294 0.5000000000
125386  27.921  -78.883  -12.516 0.4000000060
125922  25.752  -78.403  -12.382 0.4000000060
96  19.861  -94.757  14.002 0.4000000060
138460  19.406  -94.988  13.629 0.4000000060
388  17.902  -92.844  9.167 0.4000000060
226  20.617  -94.510  13.742 0.4000000060
95  20.057  -94.872  13.073 0.4000000060
387  18.639  -92.584  9.550 0.4000000060
233  19.721  -94.847  12.100 0.4000000060
550  20.606  -91.725  8.222 0.4000000060
535  19.305  -92.202  9.079 0.4000000060
136007  21.572  -94.363  13.028 0.5000000000
231  20.998  -94.540  12.859 0.5000000000
124620  21.780  -94.278  12.350 0.4000000060
232  20.422  -94.667  12.264 0.4000000060
386  19.619  -92.595  9.797 0.4000000060
223  22.904  -93.699  13.082 0.5000000000
362  23.214  -93.482  12.266 0.5000000000
132536  22.504  -93.952  12.494 0.5000000000
244  21.042  -94.129  10.932 0.4000000060
239  20.318  -94.464  11.523 0.4000000060
373  22.774  -93.341  10.815 0.4000000060
131590  21.659  -94.170  11.453 0.4000000060
130725  22.951  -91.768  8.803 0.4000000060
532  22.100  -91.572  8.812 0.4000000060
117164  21.702  -92.308  9.564 0.4000000060
375  20.514  -93.514  10.379 0.4000000060
137616  19.809  -93.653  10.598 0.4000000060
533  21.074  -91.673  8.863 0.4000000060
534  20.051  -91.824  9.025 0.4000000060
128751  23.139  -92.681  10.215 0.5000000000
125871  22.265  -93.085  10.181 0.4000000060
374  21.929  -93.788  10.800 0.4000000060
245  20.262  -94.112  10.927 0.4000000060
531  23.705  -92.096  9.443 0.5000000000
384  22.664  -92.166  9.552 0.4000000060
385  21.388  -93.378  10.233 0.4000000060
557  25.605  -91.818  7.772 0.3000000119
569  25.226  -91.796  6.889 0.3000000119
568  26.135  -91.602  7.290 0.4000000060
127394  25.004  -92.047  8.113 0.3000000119
543  26.865  -91.346  8.047 0.4000000060
545  25.933  -92.002  8.751 0.4000000060
793  26.465  -90.878  5.244 0.3000000119
780  27.053  -90.918  6.154 0.4000000060
771  26.637  -91.318  6.784 0.4000000060
759  26.854  -91.328  7.471 0.4000000060
792  27.454  -90.637  5.358 0.4000000060
770  27.367  -90.993  6.903 0.4000000060
769  27.851  -90.657  6.897 0.4000000060
126659  27.654  -90.411  7.448 0.3000000119
547  24.525  -92.131  8.742 0.3000000119
955  26.968  -90.989  8.466 0.3000000119
544  26.499  -91.548  8.745 0.4000000060
987  27.775  -90.423  4.724 0.4000000060
962  27.329  -90.767  7.781 0.3000000119
779  27.988  -90.601  6.246 0.4000000060
969  29.074  -89.999  6.216 0.4000000060
135046  28.517  -90.140  6.749 0.4000000060
546  25.308  -92.223  9.037 0.4000000060
988  26.902  -90.540  4.359 0.4000000060
1203  27.235  -90.635  7.978 0.3000000119
996  29.208  -89.832  4.264 0.4000000060
998  27.700  -90.232  3.978 0.4000000060
1245  30.044  -89.572  4.345 0.4000000060
985  29.773  -89.732  4.981 0.4000000060
979  28.313  -90.405  5.369 0.4000000060
383  23.979  -92.427  10.285 0.4000000060
530  25.741  -92.136  9.664 0.4000000060
739  26.348  -91.628  9.310 0.3000000119
529  26.263  -91.958  9.513 0.4000000060
948  26.507  -91.316  9.039 0.3000000119
1006  28.807  -89.753  3.200 0.4000000060
1254  29.338  -89.491  2.431 0.4000000060
1253  29.761  -89.535  3.494 0.4000000060
1237  30.455  -89.348  4.730 0.4000000060
977  29.445  -89.906  5.610 0.4000000060
131179  23.799  -93.001  11.911 0.4000000060
521  25.802  -91.808  10.292 0.3000000119
361  23.912  -92.957  12.462 0.4000000060
372  23.642  -92.864  10.856 0.4000000060
518  24.847  -92.411  11.329 0.4000000060
371  24.564  -92.481  10.790 0.4000000060
523  25.328  -92.182  10.467 0.4000000060
6333  23.700  -78.687  -11.833 0.4000000060
121037  28.423  -90.200  4.565 0.4000000060
104  19.215  -95.020  12.881 0.4000000060
217  21.084  -94.112  14.277 0.5000000000
238  21.038  -94.415  11.870 0.4000000060
354  23.392  -93.340  13.640 0.4000000060
360  24.369  -92.558  12.458 0.4000000060
365  24.135  -92.781  11.427 0.4000000060
366  23.322  -93.256  11.460 0.4000000060
367  22.463  -93.850  11.610 0.5000000000
514  24.633  -92.174  12.309 0.5000000000
517  24.899  -92.152  11.557 0.5000000000
556  26.316  -91.643  8.023 0.4000000060
722  25.218  -91.799  11.119 0.5000000000
738  26.570  -91.338  8.783 0.3000000119
747  26.911  -91.181  8.237 0.3000000119
758  27.344  -91.055  7.529 0.3000000119
924  24.277  -90.904  12.692 0.3000000119
957  26.214  -90.540  8.714 0.4000000060
961  27.902  -90.448  7.104 0.4000000060
970  28.433  -90.343  6.544 0.4000000060
976  29.902  -89.557  5.237 0.5000000000
978  28.855  -90.295  5.952 0.4000000060
986  29.076  -90.086  5.207 0.4000000060
997  28.374  -89.987  3.808 0.4000000060
1164  23.719  -90.391  13.199 0.3000000119
1177  23.283  -89.788  11.429 0.3000000119
1193  25.517  -90.371  9.075 0.4000000060
1229  30.236  -89.242  5.191 0.5000000000
1236  31.099  -88.990  4.285 0.5000000000
1273  29.161  -89.086  0.680 0.4000000060
1483  29.845  -88.791  5.658 0.5000000000
1485  28.143  -88.005  6.057 0.3000000119
1499  31.632  -88.501  3.956 0.5000000000
1527  30.366  -88.324  0.172 0.4000000060
1570  27.294  -88.329  -3.784 0.3000000119
1852  32.188  -88.048  3.939 0.5000000000
1866  31.869  -87.876  1.087 0.4000000060
1875  30.872  -87.794  -0.078 0.4000000060
1917  27.856  -87.887  -3.376 0.3000000119
1918  27.184  -88.178  -3.118 0.3000000119
1965  23.736  -86.956  -12.803 0.5000000000
2240  33.389  -86.760  3.502 0.4000000060
2249  34.441  -85.766  2.238 0.3000000119
2264  33.729  -86.330  0.957 0.3000000119
2280  28.436  -86.623  -0.266 0.3000000119
2292  30.218  -86.069  -3.210 0.4000000060
2294  27.111  -86.421  -2.360 0.3000000119
2304  29.566  -86.493  -3.537 0.5000000000
2312  29.027  -86.973  -3.942 0.4000000060
2314  20.685  -86.115  -4.657 0.6000000238
2326  26.856  -86.755  -5.907 0.3000000119
2327  26.477  -87.072  -6.369 0.4000000060
2678  31.019  -85.828  3.502 0.3000000119
2689  34.770  -85.094  2.403 0.3000000119
2703  27.674  -84.919  -0.229 0.3000000119
2704  27.175  -85.238  0.010 0.3000000119
2722  29.332  -84.970  -0.337 0.3000000119
2743  26.257  -85.464  -1.728 0.4000000060
2749  21.454  -85.005  -4.068 0.6999999881
2757  31.905  -85.093  -4.281 0.4000000060
2764  31.308  -85.230  -4.677 0.4000000060
2768  21.849  -85.318  -4.731 0.6999999881
2769  21.493  -85.957  -5.063 0.5000000000
2809  24.427  -84.962  -11.290 0.6000000238
2818  26.521  -85.641  -12.214 0.6999999881
2827  26.267  -85.498  -12.607 0.6999999881
2830  22.885  -86.030  -12.876 0.6000000238
2831  22.071  -86.268  -12.662 0.5000000000
3164  34.636  -84.769  2.919 0.3000000119
3165  34.023  -84.451  3.341 0.3000000119
3183  34.905  -84.132  1.935 0.3000000119
3184  34.886  -84.564  1.781 0.3000000119
3191  26.960  -84.862  -0.128 0.3000000119
3192  26.204  -84.873  -0.115 0.3000000119
3201  28.987  -84.568  -0.580 0.3000000119
3204  26.799  -84.568  -0.664 0.3000000119
3209  33.839  -83.989  -1.957 0.3000000119
3216  27.883  -84.402  -1.347 0.3000000119
3217  27.115  -84.536  -1.279 0.3000000119
3253  32.471  -84.556  -4.714 0.4000000060
3266  31.272  -84.835  -5.444 0.4000000060
3270  27.520  -84.312  -5.803 0.3000000119
3303  27.805  -84.436  -8.873 0.5000000000
3304  25.210  -84.133  -9.117 0.6000000238
3306  24.014  -84.976  -8.449 0.5000000000
3312  24.546  -84.696  -9.097 0.6000000238
3317  27.722  -84.705  -10.328 0.6999999881
3323  25.783  -84.682  -12.417 0.6000000238
3325  26.817  -84.555  -12.556 0.6999999881
3657  34.711  -83.872  2.371 0.3000000119
3658  34.269  -83.272  2.625 0.3000000119
3663  34.852  -83.712  1.741 0.3000000119
3672  30.233  -83.959  -0.927 0.4000000060
3674  28.298  -84.164  -1.002 0.3000000119
3680  31.241  -83.817  -0.893 0.3000000119
3690  21.710  -82.942  -2.721 0.6999999881
3701  22.024  -83.684  -3.149 0.6999999881
3702  21.511  -83.556  -3.168 0.6999999881
3715  22.342  -83.882  -3.801 0.8000000119
3716  20.491  -83.913  -3.874 0.6999999881
3730  22.979  -83.349  -4.931 0.8000000119
3742  29.134  -82.980  -6.003 0.4000000060
3746  23.371  -83.381  -5.982 0.6999999881
3752  33.185  -83.185  -7.086 0.4000000060
3754  31.190  -83.314  -7.224 0.4000000060
3784  27.848  -83.353  -11.756 0.6999999881
4159  34.735  -82.938  0.047 0.3000000119
4160  34.319  -82.548  0.603 0.3000000119
4187  22.490  -82.562  -2.647 0.8000000119
4201  23.039  -82.693  -3.054 0.8000000119
4204  21.152  -82.929  -3.187 0.6999999881
4244  28.009  -82.758  -6.710 0.4000000060
4253  32.826  -82.924  -7.775 0.3000000119
4255  30.179  -82.485  -7.141 0.4000000060
4257  28.536  -82.221  -7.322 0.4000000060
4258  24.151  -82.798  -7.126 0.6999999881
4270  24.776  -82.639  -8.002 0.6999999881
4305  24.312  -81.548  -11.576 0.6000000238
4308  26.366  -82.381  -12.606 0.6999999881
4666  32.650  -81.712  2.425 0.3000000119
4670  33.206  -81.867  1.625 0.3000000119
4703  23.103  -81.424  -2.361 0.8999999762
4716  23.431  -81.755  -2.824 0.8999999762
4766  20.371  -82.360  -7.511 0.6000000238
4771  29.661  -81.076  -8.564 0.4000000060
4787  24.347  -81.560  -10.190 0.8000000119
4788  23.839  -81.252  -10.562 0.6999999881
4797  23.839  -81.275  -11.172 0.6999999881
4814  24.313  -81.373  -11.936 0.6999999881
5179  22.822  -80.339  -1.997 0.8000000119
5192  22.096  -80.742  -2.576 0.6999999881
5220  21.102  -80.351  -4.494 0.6000000238
5294  23.711  -80.317  -11.616 0.6000000238
5307  23.974  -79.986  -12.076 0.6000000238
5692  23.930  -79.618  -2.824 0.6999999881
5693  23.476  -79.520  -2.192 0.6999999881
5701  24.228  -79.667  -3.581 0.6999999881
5712  24.402  -79.743  -4.378 0.6000000238
5723  20.927  -79.781  -4.940 0.6000000238
5735  24.330  -79.192  -6.967 0.5000000000
5763  19.063  -80.544  -8.282 0.5000000000
5764  18.517  -80.111  -8.200 0.6000000238
5786  23.397  -79.479  -11.285 0.6000000238
5800  23.661  -79.451  -11.751 0.6000000238
5801  23.305  -78.755  -11.489 0.4000000060
6222  23.828  -79.004  -2.576 0.6999999881
6266  24.575  -78.839  -5.915 0.6000000238
6269  16.830  -78.719  -6.950 0.6000000238
6759  22.377  -77.468  -0.810 0.5000000000
6788  18.981  -76.837  -4.256 0.6000000238
6798  24.358  -77.576  -4.639 0.6000000238
6801  17.640  -77.538  -5.568 0.5000000000
6812  24.078  -76.940  -5.696 0.6000000238
6814  18.454  -77.818  -5.573 0.5000000000
6824  24.387  -77.795  -5.918 0.6000000238
6854  16.300  -77.339  -8.722 0.6000000238
7348  21.391  -76.730  0.161 0.6000000238
7396  18.868  -76.503  -3.573 0.6000000238
7409  24.189  -76.887  -4.296 0.6000000238
7424  15.560  -76.422  -5.597 0.6000000238
7433  15.972  -77.404  -6.794 0.6000000238
8005  20.702  -75.721  0.839 0.6000000238
8006  19.898  -75.807  1.017 0.6000000238
8008  17.875  -75.025  0.527 0.6000000238
8022  18.262  -76.034  -0.847 0.5000000000
8043  16.288  -75.342  -2.658 0.6999999881
8044  15.481  -75.028  -2.803 0.6999999881
8052  23.227  -75.918  -3.482 0.5000000000
8064  23.346  -75.654  -4.323 0.6000000238
8065  22.862  -75.133  -4.537 0.5000000000
8701  18.942  -74.374  1.786 0.6000000238
8730  17.240  -74.790  0.058 0.6000000238
8754  14.294  -73.932  -2.454 0.6999999881
8779  14.081  -74.533  -3.911 0.6999999881
8792  14.942  -75.077  -5.571 0.4000000060
9417  18.244  -72.966  2.558 0.6000000238
9429  18.593  -73.684  2.237 0.6000000238
9481  14.257  -73.298  -2.231 0.6000000238
9492  9.194  -73.642  -4.152 0.6000000238
9506  10.724  -74.271  -4.853 0.6000000238
9507  9.782  -74.103  -4.872 0.6000000238
9519  11.365  -74.412  -5.552 0.6000000238
9533  12.174  -74.417  -5.996 0.6000000238
9534  10.711  -73.913  -6.115 0.5000000000
10189  17.794  -72.292  2.484 0.6000000238
10190  17.194  -72.195  1.783 0.6000000238
10228  15.986  -72.576  0.086 0.6000000238
10242  15.054  -72.535  -1.202 0.6000000238
10287  10.868  -73.663  -4.078 0.5000000000
10308  13.719  -73.456  -7.015 0.5000000000
10952  18.471  -71.139  2.896 0.5000000000
10968  19.667  -71.354  1.831 0.5000000000
10996  15.749  -71.796  -0.344 0.6000000238
10997  15.379  -71.933  -0.947 0.6000000238
11017  15.517  -71.998  -2.685 0.6000000238
11031  15.465  -72.068  -3.683 0.6000000238
11782  17.743  -69.952  2.692 0.5000000000
11798  16.643  -70.518  1.272 0.5000000000
11824  16.095  -70.900  -0.204 0.5000000000
11852  10.617  -71.022  -2.507 0.5000000000
11896  12.693  -71.047  -4.784 0.5000000000
11916  15.810  -70.374  -5.411 0.6999999881
11917  15.357  -70.653  -5.763 0.6999999881
11919  13.372  -70.801  -5.377 0.5000000000
12635  11.611  -69.237  1.735 0.6000000238
12658  16.448  -70.237  0.466 0.5000000000
12736  16.286  -69.761  -5.283 0.5000000000
12759  13.413  -69.198  -6.283 0.6000000238
13446  12.778  -68.323  2.267 0.6000000238
13447  11.953  -68.764  2.705 0.5000000000
13471  13.281  -68.040  2.079 0.6000000238
13493  11.086  -68.999  1.167 0.6000000238
13508  17.215  -68.686  0.628 0.5000000000
13510  11.224  -68.297  0.700 0.6000000238
13564  11.028  -68.860  -3.871 0.5000000000
13604  16.498  -69.171  -6.046 0.6000000238
13620  14.535  -68.519  -6.971 0.6000000238
13621  13.489  -68.350  -6.659 0.6000000238
14379  13.358  -67.524  2.192 0.6000000238
14380  13.177  -67.888  2.443 0.6000000238
14394  12.666  -67.718  1.308 0.5000000000
14407  12.146  -67.406  0.939 0.6000000238
14408  11.368  -67.490  0.589 0.5000000000
14495  16.796  -68.279  -6.297 0.6000000238
14496  11.536  -67.590  -5.311 0.6000000238
14507  17.094  -67.529  -6.406 0.5000000000
14509  15.088  -67.828  -6.927 0.6000000238
14511  13.231  -67.652  -6.505 0.6000000238
14512  12.631  -67.256  -6.081 0.6000000238
15253  13.095  -66.735  2.906 0.6000000238
15254  12.899  -67.457  2.837 0.6999999881
15275  13.306  -66.743  2.505 0.6000000238
15277  8.823  -66.718  2.744 0.4000000060
15290  12.774  -66.806  1.400 0.5000000000
15302  10.608  -66.508  0.478 0.6000000238
15368  11.883  -66.613  -4.992 0.6000000238
15369  11.312  -66.897  -4.879 0.5000000000
15385  19.299  -66.805  -5.795 0.5000000000
15388  15.294  -66.202  -5.896 0.6000000238
15391  11.866  -67.078  -5.652 0.6000000238
15408  13.690  -67.084  -6.054 0.6000000238
16188  7.790  -65.496  2.431 0.5000000000
16253  12.259  -64.722  -3.971 0.6000000238
16272  12.726  -65.463  -4.504 0.5000000000
16287  17.078  -65.475  -6.087 0.5000000000
16290  13.012  -66.155  -4.956 0.6000000238
16299  17.316  -66.277  -6.357 0.5000000000
17047  16.863  -63.839  3.727 0.8000000119
17049  14.915  -63.664  3.701 0.8000000119
17050  13.983  -63.822  3.721 0.6000000238
17064  19.260  -64.081  2.197 0.6999999881
17067  16.522  -64.353  2.950 0.8000000119
17073  8.067  -64.942  2.026 0.5000000000
17085  18.701  -64.391  2.056 0.6999999881
17087  16.516  -64.639  1.995 0.8000000119
17092  11.888  -64.186  1.082 0.6000000238
17093  7.595  -64.207  1.904 0.5000000000
17102  13.249  -63.604  0.789 0.6000000238
17104  11.628  -63.769  0.519 0.6000000238
17105  10.160  -64.084  0.212 0.5000000000
17113  17.043  -64.918  -0.382 0.8000000119
17116  13.589  -63.754  -0.100 0.6999999881
17127  18.947  -64.127  -1.610 0.6999999881
17129  17.100  -64.828  -1.273 0.8000000119
17144  16.757  -64.463  -2.150 0.8000000119
17146  14.943  -64.164  -2.070 0.6999999881
17182  15.472  -63.902  -5.155 0.6999999881
17183  14.852  -63.701  -5.000 0.6999999881
17197  18.364  -64.685  -6.045 0.5000000000
17199  16.677  -64.660  -5.561 0.6000000238
17937  16.514  -62.969  4.433 0.8000000119
17939  14.950  -63.054  4.518 0.8000000119
17940  14.007  -63.222  4.479 0.8000000119
17954  17.518  -63.284  3.697 0.6999999881
17955  16.315  -63.348  4.301 0.8000000119
17960  10.785  -63.655  3.045 0.6999999881
17970  20.056  -63.078  2.163 0.6000000238
17971  19.370  -63.570  2.411 0.6000000238
17972  18.748  -63.437  2.853 0.6000000238
17973  10.020  -63.461  2.662 0.6000000238
17984  7.270  -63.365  1.763 0.5000000000
17996  20.314  -63.648  -0.351 0.5000000000
17997  12.261  -63.378  -0.535 0.6000000238
17998  11.532  -63.465  -0.171 0.6000000238
18007  19.695  -63.481  -1.925 0.6000000238
18008  18.967  -63.558  -2.421 0.6000000238
18012  10.280  -63.520  -1.309 0.5000000000
18013  9.476  -63.602  -1.269 0.5000000000
18031  14.364  -63.410  -2.847 0.6999999881
18034  11.568  -63.385  -2.117 0.5000000000
18035  10.632  -63.559  -2.122 0.5000000000
18054  17.532  -62.988  -3.530 0.8000000119
18057  14.529  -63.071  -3.735 0.8000000119
18058  13.300  -63.254  -4.001 0.6000000238
18060  11.899  -63.534  -3.079 0.5000000000
18073  18.681  -62.838  -5.363 0.5000000000
18077  15.402  -63.351  -4.676 0.6999999881
18087  18.429  -63.557  -5.725 0.6000000238
18789  16.015  -62.539  4.454 0.6999999881
18790  15.283  -62.565  4.534 0.8000000119
18792  13.592  -62.666  4.424 0.6999999881
18808  16.721  -62.599  4.050 0.6999999881
18819  18.804  -63.017  2.786 0.6999999881
18820  18.213  -62.793  2.781 0.6000000238
18821  17.257  -62.545  3.108 0.6000000238
18829  20.324  -62.454  1.598 0.5000000000
18830  19.945  -62.476  2.063 0.5000000000
18835  8.729  -62.693  1.600 0.6000000238
18838  6.590  -62.365  1.784 0.5000000000
18846  9.156  -62.172  0.849 0.8000000119
18847  8.299  -62.180  0.963 0.6000000238
18848  7.671  -62.143  1.238 0.6999999881
18857  22.870  -62.203  -0.765 0.4000000060
18870  21.849  -62.709  -1.841 0.5000000000
18884  20.723  -62.700  -3.133 0.5000000000
18885  19.837  -62.608  -3.417 0.6000000238
18898  18.707  -62.588  -4.284 0.5000000000
18899  17.860  -62.734  -4.264 0.6999999881
18909  19.912  -62.636  -4.611 0.5000000000
18910  19.097  -62.597  -4.812 0.5000000000
18912  17.512  -62.793  -4.797 0.6000000238
19659  15.495  -62.092  4.275 0.6999999881
19661  14.082  -62.188  4.178 0.6999999881
19675  15.205  -61.738  3.755 0.6999999881
19677  12.788  -61.811  3.463 0.6999999881
19678  12.105  -61.848  3.341 0.6999999881
19688  14.806  -61.635  2.663 0.6000000238
19702  16.668  -62.214  2.029 0.5000000000
19709  7.168  -61.720  1.441 0.6000000238
19720  18.675  -61.143  1.119 0.4000000060
19721  18.052  -61.681  0.686 0.4000000060
19722  15.659  -61.824  -0.025 0.3000000119
19725  11.411  -61.500  0.190 0.5000000000
19726  9.517  -61.493  0.187 0.6000000238
19740  17.102  -61.433  -0.046 0.3000000119
19741  16.358  -60.867  -1.184 0.3000000119
19744  13.485  -61.496  -0.546 0.4000000060
19754  14.072  -61.220  -0.813 0.4000000060
20530  8.074  -60.577  0.900 0.6999999881
20531  7.396  -60.864  1.499 0.6999999881
20540  8.985  -61.012  -0.164 0.6000000238
20548  10.629  -60.722  -0.448 0.6000000238
20553  16.648  -60.276  -1.479 0.3000000119
20555  15.298  -60.446  -1.416 0.4000000060
20556  14.335  -60.572  -1.109 0.4000000060
20557  12.964  -60.302  -0.958 0.4000000060
21380  7.476  -59.706  2.655 0.6000000238
21381  6.486  -60.132  3.037 0.6000000238
21391  9.029  -59.478  0.861 0.5000000000
21398  11.008  -59.272  -0.263 0.5000000000
21400  9.471  -59.813  0.027 0.6000000238
21407  13.171  -59.627  -0.817 0.4000000060
21410  10.769  -60.053  -0.642 0.6000000238
22212  6.501  -58.108  4.557 0.6000000238
22213  5.903  -58.227  4.874 0.5000000000
22229  7.074  -58.732  3.955 0.6000000238
22245  9.245  -58.578  1.439 0.5000000000
22254  16.655  -59.100  0.670 0.3000000119
22255  12.057  -58.177  -0.096 0.6000000238
22275  11.742  -59.045  -0.458 0.4000000060
23077  10.965  -57.443  4.969 0.4000000060
23103  6.202  -57.490  5.087 0.5000000000
23120  9.398  -57.057  3.634 0.4000000060
23153  11.055  -57.141  1.112 0.5000000000
23154  10.057  -57.290  1.350 0.5000000000
23156  8.678  -57.984  2.006 0.4000000060
23173  13.316  -57.420  0.346 0.3000000119
23195  12.887  -58.128  -0.107 0.3000000119
24015  12.224  -57.170  6.138 0.3000000119
24018  6.258  -56.333  5.926 0.3000000119
24030  12.182  -57.073  5.642 0.3000000119
24035  6.924  -56.067  5.282 0.4000000060
24049  11.494  -57.163  5.094 0.3000000119
24051  7.194  -56.706  4.981 0.5000000000
24099  13.528  -56.395  1.809 0.3000000119
24101  11.395  -56.339  1.410 0.3000000119
24102  9.652  -55.834  1.728 0.3000000119
24119  13.454  -56.830  1.111 0.3000000119
24975  11.995  -56.901  6.680 0.3000000119
24991  13.528  -56.304  6.010 0.3000000119
25039  10.314  -55.248  1.946 0.3000000119
25050  11.144  -55.371  1.538 0.3000000119
25981  11.551  -56.103  6.945 0.3000000119
26002  8.428  -54.602  5.559 0.4000000060
26032  10.458  -54.993  3.496 0.3000000119
26046  10.522  -54.676  2.650 0.3000000119
26961  8.313  -53.295  6.126 0.4000000060
114817  30.168  -81.686  -7.802 0.4000000060
115219  6.509  -63.128  1.931 0.4000000060
115316  20.981  -76.371  0.525 0.5000000000
115689  15.134  -64.633  -5.183 0.6999999881
115805  16.182  -61.991  0.802 0.3000000119
116156  17.550  -64.806  0.413 0.6999999881
116228  23.806  -85.938  -12.998 0.6000000238
116357  14.274  -61.673  1.901 0.6000000238
116789  16.341  -65.476  -5.797 0.5000000000
116796  23.918  -79.796  -8.423 0.5000000000
117078  34.037  -82.705  2.242 0.3000000119
117092  24.394  -92.676  11.933 0.4000000060
117378  20.862  -62.933  0.470 0.4000000060
118058  17.852  -70.878  2.892 0.5000000000
118102  13.674  -63.801  1.401 0.6000000238
118175  11.478  -66.801  2.976 0.6999999881
118267  14.806  -61.963  -0.047 0.3000000119
118493  31.401  -86.206  -0.178 0.3000000119
118529  24.832  -92.304  9.817 0.4000000060
119252  29.128  -86.605  4.190 0.4000000060
119482  22.783  -78.856  -1.582 0.6999999881
119546  14.245  -63.486  -4.768 0.6999999881
119638  34.900  -83.465  1.248 0.3000000119
119991  27.005  -85.661  -10.238 0.6999999881
120507  19.137  -65.029  -6.046 0.5000000000
120691  19.394  -72.817  2.525 0.5000000000
120799  8.646  -64.847  2.053 0.5000000000
121282  11.554  -68.963  -4.422 0.5000000000
121533  28.207  -90.122  7.148 0.4000000060
121571  10.866  -63.459  -0.616 0.5000000000
121908  12.648  -64.078  4.152 0.6999999881
121985  17.924  -67.289  -6.166 0.5000000000
122112  17.084  -60.287  0.195 0.3000000119
122209  34.714  -84.308  2.745 0.3000000119
122444  13.437  -69.979  -5.704 0.6000000238
122568  20.801  -77.789  -2.017 0.6000000238
122698  25.944  -92.004  10.064 0.3000000119
122779  32.464  -84.691  -0.268 0.3000000119
122935  11.851  -62.330  3.716 0.6999999881
123190  25.913  -86.971  -7.805 0.4000000060
123557  20.331  -84.475  -4.162 0.6000000238
123604  22.294  -76.775  -0.652 0.5000000000
124007  17.424  -76.475  -4.143 0.6000000238
124032  11.178  -61.065  -0.372 0.5000000000
124124  20.222  -80.780  -6.776 0.6999999881
124136  23.091  -80.140  -1.944 0.8000000119
124165  23.210  -80.774  -2.244 0.8999999762
125132  29.963  -89.246  5.559 0.5000000000
125488  33.035  -84.411  -4.210 0.4000000060
126338  10.216  -62.331  2.040 0.6000000238
126353  20.676  -92.423  9.608 0.4000000060
126355  14.216  -61.737  3.514 0.6999999881
126400  20.282  -83.499  -6.052 0.5000000000
126445  28.250  -84.724  -1.885 0.3000000119
126704  12.209  -63.878  -3.667 0.5000000000
126705  14.776  -63.974  2.170 0.6000000238
127490  9.851  -57.094  5.381 0.3000000119
127838  11.453  -62.061  3.209 0.6999999881
127917  17.524  -64.433  -1.949 0.8000000119
128013  32.709  -87.584  1.752 0.4000000060
128094  17.203  -64.579  2.432 0.8000000119
128115  13.335  -61.639  3.094 0.6999999881
128702  21.136  -75.944  0.602 0.5000000000
129013  31.411  -85.424  -4.087 0.3000000119
129320  15.739  -63.474  -3.120 0.6999999881
129643  28.703  -85.397  -2.344 0.4000000060
130051  14.562  -61.619  -0.640 0.3000000119
130724  24.903  -91.981  7.359 0.3000000119
130747  26.255  -86.766  -7.134 0.4000000060
131071  28.777  -80.130  -12.301 0.4000000060
131108  16.614  -61.255  -0.632 0.3000000119
131215  22.647  -75.401  -5.603 0.5000000000
131994  19.074  -94.872  14.298 0.5000000000
132024  21.280  -79.426  -3.511 0.6999999881
132226  25.054  -81.740  -12.093 0.8000000119
132440  20.278  -85.771  -4.433 0.6000000238
132686  10.508  -67.239  2.968 0.5000000000
132738  18.981  -64.249  -5.823 0.5000000000
132750  15.156  -65.010  -0.637 0.6999999881
132795  17.079  -63.000  4.106 0.6999999881
133203  26.176  -91.834  9.768 0.3000000119
133715  21.794  -62.172  -0.355 0.4000000060
134224  20.219  -77.902  -4.295 0.6000000238
134462  13.223  -61.704  2.290 0.6999999881
134682  33.877  -85.637  0.378 0.3000000119
134832  19.117  -62.567  -3.763 0.6000000238
134972  23.363  -89.904  12.886 0.3000000119
135238  27.112  -84.083  -12.446 0.8000000119
135458  32.749  -87.446  3.585 0.4000000060
136545  26.580  -85.889  -2.014 0.4000000060
136825  17.412  -63.689  3.623 0.6999999881
136827  28.890  -80.734  -10.327 0.6000000238
137007  26.480  -78.460  -12.422 0.4000000060
137072  18.234  -72.426  2.742 0.6000000238
137295  25.878  -91.514  6.629 0.3000000119
137488  16.183  -76.768  -5.245 0.6000000238
138052  27.034  -83.163  -12.791 0.8000000119
138143  9.807  -65.800  0.409 0.5000000000
138252  29.083  -86.341  -0.305 0.3000000119
138676  11.098  -74.282  -6.068 0.6000000238
138678  9.676  -57.250  4.468 0.5000000000
138851  31.030  -83.825  -6.782 0.4000000060
