#!ascii label  , from subject sub-v1s0x0050664_ses-1 vox2ras=TkReg
753
61770  23.365  -16.861  2.325 0.1428571492
60861  22.613  -18.062  2.719 0.1428571492
113796  22.581  -15.925  1.066 0.1428571492
60859  23.984  -17.208  3.094 0.1428571492
113794  23.609  -16.069  1.957 0.2857142985
61771  22.593  -17.371  2.041 0.1428571492
61769  24.180  -16.425  2.660 0.1428571492
113795  23.472  -15.099  0.796 0.5714285970
62694  24.440  -15.703  2.225 0.1428571492
63636  26.377  -14.239  2.302 0.2857142985
113801  25.521  -14.636  2.109 0.2857142985
113812  26.688  -13.292  1.872 0.1428571492
64611  27.312  -13.968  2.400 0.2857142985
67236  27.743  -10.547  1.538 0.2857142985
130361  27.595  -11.218  1.652 0.1428571492
66370  26.448  -11.613  1.386 0.2857142985
68143  28.239  -8.903  1.161 0.2857142985
68130  27.961  -9.709  1.453 0.2857142985
69014  28.603  -8.071  0.763 0.2857142985
69015  27.797  -8.509  0.505 0.2857142985
70757  28.444  -6.268  -0.268 0.2857142985
120983  28.790  -4.038  -0.678 0.8571428657
72382  28.441  -4.817  -0.705 0.4285714328
70744  28.886  -6.778  0.169 0.2857142985
74827  28.899  -1.803  -1.006 0.7142857313
73995  29.103  -2.405  -0.708 0.7142857313
73199  29.090  -3.188  -0.590 0.7142857313
72393  28.009  -4.148  -1.144 0.7142857313
75637  29.230  -1.050  -0.749 0.8571428657
74836  28.299  -1.757  -1.452 0.8571428657
74004  28.505  -2.610  -1.096 0.7142857313
73210  27.899  -3.266  -1.401 0.7142857313
128225  29.552  1.090  -0.490 0.4285714328
75644  28.913  -0.328  -1.203 0.7142857313
138023  28.532  -0.637  -1.472 0.8571428657
79049  29.609  3.384  -0.411 0.2857142985
79063  29.090  3.516  -0.907 0.5714285970
77268  29.131  1.386  -1.097 0.8571428657
137006  29.292  2.061  -1.053 0.7142857313
76481  28.727  0.540  -1.429 0.8571428657
79956  29.322  4.191  -0.478 0.1428571492
79034  29.898  3.921  0.079 0.1428571492
127870  28.847  2.212  -1.469 0.5714285970
81615  28.785  6.589  0.502 0.1428571492
80798  29.377  5.447  0.446 0.1428571492
80808  29.071  5.011  -0.200 0.1428571492
79957  28.749  4.688  -0.851 0.4285714328
78145  28.305  2.969  -1.836 0.8571428657
82402  28.603  8.057  0.840 0.1428571492
82401  28.998  7.248  1.057 0.1428571492
82422  28.488  7.345  0.336 0.1428571492
80799  28.734  5.830  0.037 0.1428571492
81631  28.249  5.953  -0.702 0.4285714328
79969  28.490  4.395  -1.497 0.5714285970
79983  28.205  3.913  -2.047 0.7142857313
78146  27.858  2.608  -2.356 0.8571428657
83319  28.138  8.124  0.132 0.1428571492
83314  27.766  8.887  -0.066 0.1428571492
82434  28.029  7.422  -0.379 0.1428571492
81625  27.885  6.718  -0.862 0.5714285970
79970  28.010  4.726  -2.046 0.8571428657
79071  27.743  3.326  -2.433 0.8571428657
84141  27.942  9.633  0.367 0.1428571492
83320  27.614  8.178  -0.554 0.1428571492
82435  27.510  7.474  -1.062 0.8571428657
81632  27.769  6.043  -1.363 0.8571428657
80818  28.234  5.225  -1.312 0.7142857313
135510  27.372  6.165  -1.930 0.8571428657
84938  27.410  11.043  -0.429 0.1428571492
85700  27.710  11.634  0.060 0.1428571492
121091  27.380  8.966  -0.840 0.4285714328
82449  26.650  8.347  -2.154 0.8571428657
82448  27.047  7.508  -1.791 0.8571428657
81641  27.072  6.747  -2.241 0.8571428657
80829  27.070  5.822  -2.647 0.8571428657
84163  27.140  9.761  -1.083 0.4285714328
82461  26.624  7.455  -2.500 0.8571428657
81642  26.598  6.640  -2.826 0.8571428657
85707  27.372  11.777  -0.444 0.1428571492
86480  27.132  12.303  -0.726 0.2857142985
84949  26.932  10.690  -1.235 0.5714285970
127446  26.917  9.081  -1.595 0.8571428657
123503  26.363  8.799  -2.805 0.8571428657
82474  26.103  7.309  -3.119 0.8571428657
128316  26.905  12.853  -1.044 0.2857142985
86481  26.743  12.269  -1.362 0.7142857313
85715  27.008  11.595  -0.965 0.5714285970
85716  26.575  11.523  -1.693 0.8571428657
84178  26.129  9.428  -3.073 0.8571428657
83337  26.268  8.126  -2.905 0.8571428657
85726  26.084  11.553  -2.480 0.8571428657
127958  26.261  10.069  -2.631 0.8571428657
127610  25.828  10.859  -2.872 0.7142857313
84957  25.695  10.175  -3.375 0.7142857313
86487  26.362  12.304  -2.146 0.8571428657
86488  25.819  12.297  -2.925 0.8571428657
85727  25.481  11.596  -3.238 0.8571428657
127183  25.647  13.026  -3.448 0.8571428657
127497  25.244  10.923  -3.659 0.7142857313
88129  25.836  14.670  -2.618 0.7142857313
127158  25.895  13.903  -2.997 0.8571428657
88130  25.422  14.503  -3.585 0.8571428657
87322  25.491  13.731  -3.680 0.8571428657
88923  24.940  15.180  -4.213 0.7142857313
91926  25.334  19.693  -2.555 0.1428571492
88918  25.327  15.298  -3.260 0.8571428657
89605  24.756  15.974  -3.823 0.7142857313
92640  24.152  20.253  -4.258 0.1428571492
90328  24.250  17.632  -3.812 0.5714285970
91142  23.813  18.318  -4.089 0.5714285970
91143  23.331  18.144  -4.542 0.5714285970
91948  23.436  19.515  -4.498 0.1428571492
92674  25.570  19.766  -7.084 0.1428571492
91950  22.281  18.728  -5.268 0.5714285970
92684  24.028  20.188  -7.587 0.1428571492
93334  23.574  21.709  -8.161 0.1428571492
92677  23.767  19.421  -6.594 0.1428571492
93980  22.944  22.539  -8.136 0.1428571492
92655  22.905  19.641  -5.181 0.5714285970
93335  22.500  21.581  -8.052 0.1428571492
115817  22.239  23.240  -8.100 0.1428571492
93982  20.976  22.289  -7.819 0.1428571492
134877  23.225  -18.236  3.189 0.1428571492
59880  22.937  -18.778  3.207 0.1428571492
61768  24.980  -16.037  2.930 0.1428571492
62692  26.099  -15.040  2.696 0.2857142985
63637  24.754  -15.047  1.789 0.2857142985
130219  27.869  -11.768  1.842 0.2857142985
114219  27.376  -12.471  1.835 0.1428571492
69888  28.174  -7.084  -0.151 0.2857142985
72381  29.293  -4.711  -0.335 0.4285714328
71590  27.927  -5.637  -0.732 0.5714285970
75643  29.364  -0.256  -0.657 0.2857142985
123971  27.397  -3.885  -1.745 0.7142857313
77261  29.673  1.958  -0.559 0.1428571492
76487  28.174  0.558  -1.983 0.8571428657
83313  28.316  8.857  0.608 0.1428571492
121514  27.510  5.043  -2.495 0.8571428657
136510  26.558  6.078  -3.095 0.8571428657
121568  26.596  13.029  -1.723 0.8571428657
87321  26.205  13.135  -2.714 0.8571428657
89599  24.684  16.858  -3.259 0.7142857313
91133  24.341  18.536  -3.224 0.2857142985
91964  25.026  19.632  -7.109 0.1428571492
94636  24.093  23.029  -7.315 0.1428571492
59881  22.159  -18.724  2.749 0.1428571492
114783  24.281  -14.741  1.129 0.4285714328
113809  25.712  -13.848  1.749 0.2857142985
115458  24.974  -14.326  1.513 0.4285714328
130437  23.818  -14.301  0.666 0.2857142985
114523  26.504  -12.341  1.556 0.1428571492
136274  29.132  -10.435  2.106 0.2857142985
68129  28.732  -9.407  1.677 0.2857142985
67251  27.195  -10.074  1.064 0.2857142985
68144  27.494  -9.268  0.799 0.2857142985
133497  27.793  -4.922  -1.056 0.7142857313
81614  29.233  6.526  0.923 0.1428571492
83298  28.824  8.812  1.401 0.1428571492
84929  27.643  10.346  0.029 0.1428571492
84150  27.517  9.639  -0.349 0.2857142985
127855  27.810  10.994  0.217 0.1428571492
83327  27.169  8.254  -1.323 0.8571428657
79984  27.564  4.223  -2.635 0.8571428657
79081  27.213  3.491  -2.906 1.0000000000
86474  27.564  12.332  -0.139 0.1428571492
127592  27.307  13.002  -0.470 0.1428571492
87314  26.940  13.650  -1.047 0.2857142985
84187  25.451  9.450  -3.654 0.8571428657
88122  26.347  14.899  -1.740 0.5714285970
88917  25.744  15.476  -2.209 0.5714285970
88911  25.268  16.121  -2.796 0.7142857313
90327  24.762  17.774  -2.689 0.4285714328
89593  25.435  17.021  -2.145 0.2857142985
91927  24.604  19.287  -2.965 0.1428571492
91938  23.938  19.313  -3.739 0.1428571492
92654  23.861  20.210  -5.130 0.1428571492
91973  21.988  19.528  -6.702 0.2857142985
93289  24.375  20.864  -5.892 0.1428571492
92698  23.134  20.658  -7.804 0.1428571492
92686  22.461  19.939  -7.259 0.1428571492
93336  21.440  21.458  -7.766 0.1428571492
92696  24.820  20.385  -7.613 0.1428571492
136276  21.588  22.768  -8.073 0.1428571492
115621  20.313  22.881  -7.441 0.1428571492
94639  21.792  23.901  -8.073 0.1428571492
88121  26.763  14.416  -1.283 0.4285714328
136126  25.714  16.202  -1.863 0.4285714328
61783  22.741  -16.516  1.511 0.1428571492
132348  23.211  -15.773  1.228 0.4285714328
61784  22.007  -16.241  1.112 0.2857142985
62706  23.971  -15.413  1.487 0.5714285970
62693  25.265  -15.364  2.474 0.1428571492
74005  27.797  -2.439  -1.640 0.7142857313
76480  29.232  0.456  -0.846 0.8571428657
75657  28.398  -0.178  -1.696 0.8571428657
78137  29.284  2.692  -0.842 0.5714285970
79968  28.894  4.106  -1.067 0.5714285970
81624  28.375  6.646  -0.182 0.2857142985
124507  29.152  6.073  0.595 0.1428571492
80809  28.598  5.329  -0.598 0.1428571492
80819  27.659  5.505  -1.968 0.8571428657
123397  27.445  6.779  -1.546 0.8571428657
84950  26.404  10.764  -2.112 0.8571428657
84164  26.662  9.926  -1.813 0.8571428657
83338  25.923  8.769  -3.305 0.8571428657
91937  24.748  20.005  -3.412 0.1428571492
91939  23.391  18.859  -4.285 0.5714285970
90335  23.592  17.535  -4.460 0.5714285970
93326  25.735  20.622  -7.216 0.1428571492
92668  23.081  19.234  -6.294 0.4285714328
91965  24.032  19.580  -7.161 0.1428571492
93979  23.919  22.525  -8.101 0.1428571492
93332  25.162  21.020  -7.758 0.1428571492
93320  24.671  19.560  -6.686 0.1428571492
91972  22.893  19.294  -6.836 0.1428571492
93981  21.914  22.264  -8.211 0.1428571492
130709  28.595  -11.628  2.156 0.1428571492
87315  26.375  13.953  -2.017 0.5714285970
114285  24.510  -14.002  0.957 0.4285714328
92687  21.469  19.966  -7.079 0.1428571492
116633  25.582  -9.690  -0.656 0.5714285970
139020  24.567  -10.314  -1.329 0.5714285970
67289  23.206  -10.507  -1.566 0.2857142985
69029  26.078  -8.574  -1.040 0.5714285970
68168  24.384  -9.764  -1.916 0.5714285970
117904  23.285  -11.898  -0.730 0.4285714328
68157  25.638  -9.221  -1.169 0.5714285970
67290  22.409  -10.399  -1.364 0.2857142985
68169  23.529  -9.880  -2.006 0.4285714328
69889  27.313  -7.538  -0.449 0.4285714328
126387  25.788  -8.057  -1.601 0.5714285970
132596  25.047  -8.438  -2.229 0.5714285970
69055  24.120  -8.338  -2.699 0.4285714328
69890  26.852  -6.949  -1.076 0.5714285970
70773  25.926  -6.876  -2.316 0.5714285970
70788  26.163  -6.116  -2.366 0.7142857313
70789  25.558  -6.508  -2.921 0.4285714328
71598  26.737  -5.546  -1.786 0.4285714328
68182  23.846  -9.192  -2.427 0.4285714328
68170  22.700  -9.801  -1.766 0.2857142985
120611  21.959  -9.758  -1.405 0.2857142985
70771  27.128  -6.080  -1.147 0.7142857313
72395  26.615  -4.710  -2.217 0.7142857313
127757  25.077  -4.981  -4.220 0.4285714328
73234  25.714  -3.745  -3.657 0.7142857313
73247  25.266  -3.775  -4.342 0.5714285970
73246  25.166  -2.977  -4.569 0.7142857313
126481  24.666  -3.060  -4.949 0.2857142985
72394  27.267  -4.689  -1.586 0.5714285970
72408  26.790  -3.833  -2.327 0.5714285970
115559  26.223  -3.691  -2.998 0.7142857313
74033  26.346  -2.243  -3.179 0.7142857313
74872  25.569  -1.465  -4.014 0.7142857313
128514  25.945  -0.855  -3.766 0.7142857313
75697  24.828  -0.672  -4.700 0.7142857313
74887  24.539  -1.502  -4.895 0.4285714328
73223  26.706  -2.904  -2.699 0.5714285970
74837  27.669  -1.656  -1.906 0.5714285970
127784  26.453  -0.745  -3.377 0.5714285970
75684  26.195  -0.102  -3.891 0.7142857313
135630  25.711  0.201  -4.294 0.7142857313
77298  25.691  1.556  -4.321 0.7142857313
75685  25.166  0.117  -4.573 0.7142857313
76527  24.803  0.814  -4.807 0.5714285970
122383  24.691  2.263  -5.189 0.5714285970
77269  28.534  1.351  -1.738 0.7142857313
76500  27.061  0.618  -3.011 0.5714285970
75674  26.785  -0.067  -3.293 0.5714285970
77285  26.838  1.333  -3.208 0.7142857313
76501  26.505  0.644  -3.542 0.7142857313
78167  26.047  2.359  -3.906 0.8571428657
123783  23.881  0.054  -5.142 0.4285714328
79094  25.866  3.263  -4.110 0.7142857313
78168  25.365  2.514  -4.681 0.7142857313
78185  24.858  3.098  -5.236 0.5714285970
79095  25.364  3.515  -4.795 0.7142857313
77277  27.369  1.286  -2.728 0.5714285970
76513  25.981  0.733  -4.100 0.7142857313
79082  26.615  3.151  -3.443 0.8571428657
79998  26.965  4.069  -3.306 0.8571428657
80013  25.834  3.994  -4.410 0.7142857313
79108  24.933  3.810  -5.215 0.5714285970
80026  24.052  5.079  -5.508 0.2857142985
131016  26.651  4.632  -3.632 0.7142857313
81675  24.501  6.417  -4.932 0.7142857313
80000  26.065  4.734  -4.221 0.8571428657
119989  25.382  5.089  -4.622 0.8571428657
82475  25.442  7.200  -3.770 0.8571428657
80849  25.720  5.624  -4.122 0.8571428657
80860  24.922  5.694  -4.653 0.5714285970
81660  25.206  6.403  -4.198 0.8571428657
82495  24.736  7.167  -4.483 0.7142857313
80848  26.490  5.459  -3.483 0.8571428657
81659  26.020  6.386  -3.482 0.8571428657
82476  24.962  7.931  -4.091 0.8571428657
83346  25.663  8.008  -3.478 0.8571428657
83347  25.213  8.697  -3.843 0.7142857313
85741  24.861  11.633  -4.010 0.7142857313
86501  25.211  12.343  -3.707 0.5714285970
85742  24.042  11.490  -4.363 0.7142857313
87328  24.965  13.236  -4.055 0.7142857313
87329  24.395  13.810  -4.261 0.7142857313
86502  24.336  12.374  -4.137 0.7142857313
88139  23.751  14.244  -4.304 0.7142857313
118287  23.866  15.050  -4.647 0.7142857313
87331  22.927  13.243  -3.606 0.5714285970
88138  24.419  15.159  -4.573 0.7142857313
88134  22.962  13.987  -3.721 0.5714285970
88929  23.856  15.789  -4.735 0.4285714328
88140  23.086  14.819  -4.087 0.5714285970
88924  24.336  15.852  -4.552 0.5714285970
87323  22.420  13.708  -2.860 0.5714285970
89613  23.182  16.480  -4.633 0.5714285970
88930  23.236  15.681  -4.510 0.5714285970
88925  22.487  15.525  -3.710 0.5714285970
87324  21.806  13.350  -2.217 0.5714285970
86490  21.375  12.374  -2.524 0.4285714328
87316  22.182  14.096  -1.891 0.5714285970
88131  22.350  14.640  -2.976 0.5714285970
89614  22.558  16.887  -4.555 0.5714285970
86482  21.233  13.073  -1.764 0.4285714328
86491  20.510  11.909  -2.134 0.4285714328
88124  22.058  14.476  -0.913 0.4285714328
127135  29.400  -3.909  -0.354 0.2857142985
75658  27.741  -0.238  -2.230 0.5714285970
88912  22.072  15.347  -1.552 0.2857142985
88125  21.194  14.127  -0.598 0.2857142985
67271  25.144  -10.411  -0.638 0.5714285970
66409  24.137  -11.681  -0.696 0.5714285970
69027  27.403  -8.226  -0.047 0.2857142985
69016  27.072  -8.856  0.128 0.4285714328
67272  24.379  -10.960  -1.049 0.5714285970
69878  27.985  -7.804  0.159 0.2857142985
69041  26.427  -7.758  -0.981 0.5714285970
66427  22.855  -11.125  -1.161 0.2857142985
69916  24.677  -7.612  -2.842 0.4285714328
138760  25.349  -7.130  -2.802 0.5714285970
69043  22.250  -9.004  -1.757 0.2857142985
69056  23.422  -8.387  -2.614 0.2857142985
71623  25.452  -5.197  -3.605 0.5714285970
73994  29.612  -2.569  -0.330 0.2857142985
125091  23.579  -4.093  -4.655 0.2857142985
74047  25.247  -2.104  -4.369 0.7142857313
84968  24.826  10.218  -4.037 0.7142857313
126241  24.585  10.999  -4.158 0.7142857313
84189  23.990  9.853  -4.455 0.7142857313
87330  23.642  13.501  -4.086 0.7142857313
89612  23.766  16.376  -4.630 0.5714285970
89606  24.142  16.759  -4.299 0.5714285970
90341  23.405  16.949  -4.603 0.5714285970
88926  22.167  16.286  -3.354 0.2857142985
69930  24.155  -7.224  -3.411 0.4285714328
75645  28.110  -0.935  -1.721 0.7142857313
73222  27.301  -3.101  -1.991 0.5714285970
127873  28.283  2.077  -2.119 0.7142857313
126042  27.248  2.668  -2.813 0.7142857313
127871  27.174  1.886  -2.935 0.7142857313
134305  24.941  14.324  -4.263 0.8571428657
71597  27.359  -5.371  -1.246 0.5714285970
84188  24.669  9.351  -4.158 0.7142857313
74018  27.240  -2.294  -2.216 0.5714285970
68156  26.279  -9.195  -0.430 0.5714285970
67287  25.079  -9.787  -1.266 0.5714285970
67288  23.984  -10.549  -1.674 0.5714285970
66410  23.679  -11.182  -1.233 0.5714285970
68167  25.080  -9.230  -1.844 0.5714285970
69042  25.553  -8.754  -1.620 0.5714285970
122231  24.515  -9.077  -2.329 0.4285714328
65551  23.904  -12.356  -0.211 0.5714285970
68183  23.069  -9.185  -2.271 0.4285714328
69903  26.199  -7.289  -1.667 0.5714285970
69915  25.508  -7.577  -2.250 0.5714285970
69072  23.497  -7.716  -3.027 0.4285714328
71611  25.758  -5.720  -2.936 0.5714285970
70797  25.216  -6.112  -3.548 0.4285714328
71610  26.280  -5.417  -2.431 0.5714285970
72421  25.826  -4.380  -3.287 0.7142857313
72422  25.373  -4.425  -3.982 0.5714285970
72436  24.983  -4.412  -4.545 0.4285714328
71650  24.247  -5.159  -4.451 0.4285714328
71634  24.815  -5.711  -4.115 0.4285714328
126392  26.089  -3.030  -3.407 0.7142857313
73260  24.186  -3.799  -4.981 0.2857142985
74046  25.704  -2.367  -3.826 0.7142857313
74850  26.612  -1.467  -2.951 0.7142857313
74861  26.115  -1.523  -3.518 0.7142857313
121329  25.508  -0.584  -4.251 0.7142857313
75659  27.031  -0.707  -2.713 0.5714285970
76514  25.446  0.833  -4.507 0.7142857313
77299  25.098  1.581  -4.817 0.7142857313
78154  26.710  2.143  -3.349 0.5714285970
125984  24.082  2.062  -5.308 0.2857142985
80025  24.563  4.407  -5.337 0.5714285970
124480  23.757  4.392  -5.521 0.2857142985
123508  24.225  13.114  -4.136 0.7142857313
134789  24.343  14.542  -4.467 0.8571428657
89607  22.582  16.297  -4.287 0.7142857313
88919  22.070  15.554  -2.616 0.5714285970
122259  21.688  13.700  -1.275 0.4285714328
69073  23.059  -7.613  -3.006 0.1428571492
69948  22.767  -7.126  -3.914 0.4285714328
113866  22.181  -15.528  0.833 0.4285714328
69000  29.737  -8.373  1.729 0.1428571492
69001  28.976  -8.612  1.417 0.1428571492
69013  29.277  -7.959  1.178 0.1428571492
71589  28.815  -5.481  -0.364 0.1428571492
71588  29.448  -5.403  -0.075 0.1428571492
69867  29.840  -7.538  1.234 0.1428571492
71578  30.532  -5.380  0.534 0.1428571492
70743  29.573  -6.508  0.468 0.1428571492
70731  29.881  -6.913  0.889 0.1428571492
72370  29.965  -5.019  0.125 0.1428571492
74812  29.953  -1.919  -0.082 0.2857142985
75636  29.688  -0.628  -0.219 0.1428571492
96014  20.765  25.317  -7.615 0.1428571492
83348  24.441  8.615  -4.342 0.4285714328
114515  18.884  25.263  -7.331 0.1428571492
93337  20.328  21.385  -7.447 0.1428571492
84969  23.950  10.682  -4.474 0.5714285970
85743  23.223  11.139  -4.512 0.4285714328
92679  19.892  20.540  -6.502 0.2857142985
91150  21.508  18.011  -5.349 0.2857142985
90343  22.213  17.371  -4.751 0.2857142985
91155  21.445  18.315  -5.971 0.2857142985
127786  21.105  9.333  -4.457 0.1428571492
91151  20.889  18.140  -4.515 0.2857142985
90342  22.892  17.165  -4.751 0.4285714328
84971  21.459  10.489  -3.884 0.4285714328
86504  22.760  12.478  -3.848 0.5714285970
85745  21.695  11.236  -3.576 0.4285714328
84958  20.975  10.553  -3.047 0.2857142985
90329  22.033  17.101  -2.926 0.1428571492
89600  22.055  16.835  -3.074 0.1428571492
90336  21.633  17.349  -3.573 0.1428571492
84959  20.361  10.289  -2.460 0.1428571492
132419  21.872  16.012  -1.915 0.1428571492
89595  22.063  16.567  -2.476 0.1428571492
91135  21.067  18.395  -3.209 0.1428571492
85729  20.600  10.996  -2.259 0.2857142985
133477  21.344  14.707  -0.254 0.2857142985
119968  20.417  14.138  0.233 0.1428571492
90322  22.137  16.959  -2.557 0.1428571492
88115  21.935  15.053  -0.534 0.1428571492
88903  22.202  15.553  -0.542 0.1428571492
89594  21.991  16.236  -1.929 0.1428571492
114559  22.697  -15.028  0.629 0.4285714328
113799  22.025  -13.716  0.333 0.2857142985
114951  29.312  -9.077  1.879 0.1428571492
70742  30.322  -6.245  0.787 0.1428571492
121675  29.920  -4.198  0.064 0.1428571492
84199  24.004  9.185  -4.499 0.2857142985
91958  21.870  18.616  -6.171 0.2857142985
91941  20.455  18.940  -4.206 0.2857142985
135914  20.790  18.800  -5.732 0.2857142985
91940  20.745  19.595  -3.547 0.2857142985
114653  21.234  -13.734  0.582 0.2857142985
114603  28.195  -12.406  2.128 0.1428571492
113815  27.729  -13.166  2.178 0.1428571492
114493  29.347  -9.869  2.073 0.1428571492
128552  29.663  -1.319  -0.255 0.1428571492
73198  29.795  -3.359  -0.100 0.1428571492
84179  21.018  9.864  -3.753 0.2857142985
131076  23.085  17.734  -4.664 0.4285714328
92658  20.422  20.240  -5.035 0.2857142985
92678  20.358  19.849  -6.471 0.2857142985
92680  19.305  20.879  -7.170 0.2857142985
93328  17.510  21.721  -8.116 0.1428571492
93967  17.906  22.894  -7.216 0.1428571492
93983  19.721  22.000  -7.502 0.1428571492
91134  21.704  18.285  -2.690 0.2857142985
92642  20.496  19.873  -4.287 0.2857142985
93984  19.048  22.173  -8.072 0.1428571492
94642  18.730  23.201  -7.673 0.1428571492
92700  20.917  20.720  -7.373 0.1428571492
133551  18.925  21.480  -8.180 0.1428571492
75623  30.087  -0.292  0.206 0.2857142985
91957  22.329  18.642  -6.037 0.4285714328
93309  19.505  21.306  -6.370 0.2857142985
92688  20.532  20.234  -6.897 0.2857142985
92701  19.866  20.868  -7.438 0.1428571492
113802  23.089  -14.437  0.493 0.4285714328
114638  22.847  -15.510  0.830 0.4285714328
74826  29.415  -1.850  -0.534 0.4285714328
91967  21.837  19.110  -6.401 0.2857142985
84979  23.096  10.207  -4.714 0.4285714328
122478  23.414  12.001  -4.319 0.5714285970
115162  22.514  17.722  -4.903 0.2857142985
88123  21.995  14.887  -1.988 0.4285714328
87309  20.594  13.794  -0.378 0.2857142985
134749  21.986  16.215  -2.406 0.2857142985
86503  23.574  12.807  -4.079 0.5714285970
86505  22.002  12.076  -3.451 0.5714285970
89608  21.927  16.900  -4.002 0.2857142985
90344  21.553  17.608  -4.532 0.2857142985
71579  29.863  -5.767  0.280 0.1428571492
69866  30.432  -7.713  1.752 0.1428571492
72369  30.610  -4.548  0.438 0.1428571492
84201  22.595  9.465  -4.861 0.2857142985
91951  20.598  19.292  -5.074 0.2857142985
91156  20.840  18.477  -5.244 0.2857142985
91149  21.961  18.116  -5.878 0.2857142985
84191  21.619  9.990  -4.447 0.2857142985
84970  22.263  10.695  -4.389 0.4285714328
90330  21.069  17.875  -3.741 0.1428571492
85744  22.552  11.621  -4.137 0.5714285970
85728  21.168  11.426  -2.723 0.4285714328
113805  21.675  -14.414  0.628 0.2857142985
73187  31.360  -4.091  0.789 0.1428571492
83362  22.841  8.268  -5.197 0.2857142985
92689  19.623  20.748  -7.197 0.2857142985
93339  18.503  21.189  -8.324 0.2857142985
94643  17.844  23.407  -8.556 0.1428571492
77316  24.409  1.495  -5.099 0.4285714328
79109  24.329  3.695  -5.416 0.2857142985
93280  21.253  21.130  -3.692 0.1428571492
93291  20.325  21.220  -4.870 0.1428571492
93934  21.131  22.133  -3.462 0.1428571492
90310  22.551  17.200  -0.679 0.1428571492
92623  21.915  20.807  -2.223 0.1428571492
91918  22.141  19.065  -2.295 0.1428571492
91917  22.460  18.931  -1.396 0.1428571492
117814  21.400  20.346  -3.092 0.1428571492
92622  22.480  20.023  -1.648 0.1428571492
93921  21.176  22.564  -2.556 0.1428571492
91928  21.253  19.183  -2.935 0.1428571492
132885  22.002  19.879  -2.549 0.1428571492
117121  22.836  20.599  -0.590 0.1428571492
93266  21.842  21.902  -1.966 0.1428571492
78186  24.072  2.850  -5.434 0.2857142985
133985  22.699  18.763  -0.681 0.1428571492
93265  22.341  21.213  -1.307 0.1428571492
93935  20.877  22.692  -4.050 0.1428571492
92641  20.911  20.362  -3.795 0.1428571492
93292  19.921  21.759  -5.460 0.1428571492
93281  20.988  21.671  -4.271 0.1428571492
93940  20.842  22.116  -4.887 0.1428571492
91910  22.820  19.592  -0.699 0.1428571492
91903  22.995  19.029  -0.026 0.1428571492
70758  27.632  -6.593  -0.618 0.4285714328
66390  24.567  -11.932  0.119 0.4285714328
65533  25.043  -12.351  0.764 0.2857142985
66408  24.856  -11.248  -0.286 0.2857142985
66389  25.311  -11.569  0.523 0.1428571492
67253  25.600  -10.798  0.213 0.2857142985
65519  24.682  -13.189  0.777 0.2857142985
86489  22.235  12.900  -3.048 0.4285714328
68145  26.702  -9.607  0.391 0.2857142985
135217  24.414  -12.575  0.343 0.4285714328
114465  26.897  -10.938  1.358 0.1428571492
66388  26.043  -11.189  0.970 0.1428571492
113818  25.636  -12.948  1.340 0.1428571492
67252  26.387  -10.421  0.677 0.2857142985
114178  23.332  -13.653  0.327 0.2857142985
113806  22.682  -13.921  0.327 0.2857142985
65534  23.917  -13.044  0.266 0.2857142985
65535  23.156  -12.791  -0.182 0.2857142985
69946  24.314  -6.714  -3.699 0.2857142985
70808  24.188  -6.226  -4.027 0.2857142985
70819  23.963  -5.801  -4.225 0.2857142985
74060  24.128  -2.337  -5.057 0.1428571492
74888  23.958  -1.585  -5.016 0.1428571492
75698  24.111  -0.734  -5.076 0.2857142985
76528  24.090  0.736  -5.081 0.1428571492
131331  23.029  3.605  -5.470 0.1428571492
80027  23.181  5.165  -5.543 0.1428571492
81688  23.723  6.380  -5.479 0.1428571492
80872  23.653  5.665  -5.520 0.1428571492
121893  24.069  7.157  -5.230 0.1428571492
81689  22.811  6.567  -5.510 0.1428571492
83363  22.169  8.722  -5.046 0.1428571492
83364  21.396  8.728  -4.791 0.1428571492
84202  21.817  9.412  -4.853 0.1428571492
86483  20.744  12.560  -1.768 0.1428571492
84951  20.322  10.582  -2.116 0.1428571492
87317  20.724  13.277  -1.150 0.1428571492
122879  20.355  12.381  -1.347 0.1428571492
113804  22.093  -14.912  0.682 0.2857142985
130956  24.075  -13.661  0.562 0.1428571492
82496  24.207  7.882  -4.668 0.2857142985
82513  22.787  7.450  -5.437 0.1428571492
84190  22.274  9.982  -4.739 0.1428571492
114542  21.547  -15.068  0.874 0.2857142985
69071  23.916  -7.671  -3.128 0.2857142985
69947  23.730  -6.869  -3.684 0.2857142985
71636  23.216  -5.806  -3.885 0.2857142985
122495  23.449  -1.115  -5.079 0.1428571492
77317  23.558  1.435  -5.205 0.1428571492
77318  22.864  1.897  -5.068 0.1428571492
122494  23.473  2.282  -5.291 0.1428571492
78189  21.934  3.130  -4.923 0.1428571492
125173  22.893  4.264  -5.516 0.1428571492
80028  22.461  4.961  -5.469 0.1428571492
80029  21.940  5.184  -5.335 0.1428571492
83361  23.597  8.609  -4.822 0.1428571492
82477  21.198  7.937  -4.435 0.1428571492
85717  20.287  11.542  -1.629 0.1428571492
127769  22.650  -6.683  -3.913 0.2857142985
75699  23.215  -0.360  -5.113 0.1428571492
80861  24.278  5.709  -5.317 0.1428571492
120723  23.018  -7.349  -3.460 0.1428571492
82497  23.500  7.769  -5.225 0.1428571492
84200  23.354  9.403  -4.741 0.1428571492
64635  22.179  -13.082  0.030 0.2857142985
135794  22.640  -5.250  -3.657 0.1428571492
80874  22.471  5.717  -5.441 0.1428571492
79112  21.993  4.303  -5.203 0.1428571492
114308  20.968  -15.223  1.181 0.1428571492
130292  20.942  -14.489  0.997 0.1428571492
130548  20.379  -14.942  1.499 0.1428571492
137264  20.623  -13.711  1.059 0.1428571492
65552  22.648  -12.304  -0.508 0.1428571492
76460  29.772  0.300  -0.209 0.1428571492
76459  30.363  0.398  0.437 0.1428571492
88909  26.922  15.115  -0.973 0.1428571492
61785  21.329  -16.307  1.405 0.1428571492
113808  20.644  -12.936  0.818 0.1428571492
65536  22.368  -12.804  -0.196 0.1428571492
65537  21.620  -12.899  0.142 0.1428571492
66428  22.055  -10.893  -0.967 0.1428571492
88910  26.400  15.810  -1.310 0.1428571492
134327  21.763  -10.294  -1.148 0.1428571492
113797  21.443  -15.710  1.142 0.1428571492
77242  30.145  1.330  0.104 0.1428571492
66411  22.396  -11.661  -0.793 0.1428571492
69057  22.777  -8.336  -2.409 0.1428571492
113798  22.376  -14.419  0.504 0.1428571492
114430  20.186  -14.099  1.528 0.1428571492
62683  25.801  -15.768  3.136 0.1428571492
64634  22.564  -13.327  0.093 0.2857142985
66371  25.768  -11.954  1.222 0.1428571492
67235  28.586  -10.284  1.839 0.2857142985
67270  25.902  -9.976  -0.029 0.5714285970
69028  26.758  -8.360  -0.464 0.2857142985
69929  24.900  -6.897  -3.436 0.2857142985
69931  23.461  -7.326  -3.427 0.2857142985
69932  22.339  -7.331  -3.869 0.1428571492
70730  30.405  -6.972  1.272 0.1428571492
70756  29.182  -6.027  0.036 0.2857142985
70772  26.518  -6.488  -1.731 0.7142857313
70807  24.660  -6.349  -3.830 0.2857142985
70809  23.459  -6.462  -3.860 0.2857142985
71622  26.029  -4.953  -2.853 0.5714285970
71635  24.363  -5.629  -4.301 0.4285714328
71649  24.660  -5.066  -4.382 0.4285714328
71651  23.826  -5.219  -4.280 0.2857142985
72409  26.281  -4.305  -2.715 0.7142857313
72448  24.536  -4.462  -4.640 0.4285714328
73209  28.447  -3.446  -0.951 0.7142857313
73259  24.895  -3.795  -4.915 0.5714285970
73980  30.195  -2.688  0.178 0.2857142985
74019  26.780  -2.092  -2.665 0.7142857313
74059  24.799  -2.258  -4.774 0.7142857313
74849  27.138  -1.538  -2.429 0.7142857313
74873  25.075  -1.430  -4.537 0.4285714328
74889  23.152  -1.917  -5.089 0.1428571492
75673  27.253  0.032  -2.764 0.5714285970
76488  27.580  0.591  -2.479 0.5714285970
76529  23.334  0.535  -5.187 0.1428571492
77276  27.937  1.308  -2.261 0.5714285970
77286  26.280  1.449  -3.740 0.5714285970
78138  28.774  3.007  -1.241 0.5714285970
79064  28.635  3.668  -1.434 0.5714285970
79110  23.532  3.641  -5.484 0.2857142985
79111  22.573  3.488  -5.310 0.1428571492
79999  26.469  3.992  -3.976 0.7142857313
80014  25.296  4.374  -4.855 0.5714285970
80015  24.777  5.051  -5.157 0.2857142985
80847  27.083  4.886  -3.060 0.8571428657
80873  23.150  5.910  -5.545 0.1428571492
81676  23.410  7.080  -5.489 0.1428571492
84177  26.511  9.268  -2.363 0.8571428657
84180  20.529  9.740  -3.000 0.1428571492
88902  22.219  15.503  -1.245 0.1428571492
89585  22.494  16.121  -0.994 0.1428571492
90320  25.487  17.943  -1.957 0.2857142985
91124  22.524  18.018  -1.128 0.1428571492
91144  20.711  18.442  -3.754 0.1428571492
91148  22.751  18.148  -4.828 0.4285714328
91929  20.689  18.912  -3.414 0.1428571492
91949  22.781  18.903  -4.617 0.5714285970
91963  25.464  19.820  -7.189 0.1428571492
91966  22.827  19.127  -6.235 0.4285714328
91968  21.146  19.463  -6.564 0.2857142985
91971  25.256  19.939  -7.357 0.1428571492
92656  22.553  19.408  -5.754 0.5714285970
92657  20.811  20.774  -4.355 0.1428571492
92667  22.872  19.986  -5.913 0.1428571492
92669  20.384  19.685  -5.856 0.2857142985
92675  25.330  19.675  -6.879 0.1428571492
92676  24.519  19.462  -6.808 0.1428571492
92683  25.728  19.947  -7.233 0.1428571492
92685  23.302  19.866  -7.349 0.1428571492
92690  18.220  20.698  -8.037 0.2857142985
92691  18.046  20.991  -8.338 0.2857142985
92695  25.426  20.379  -7.418 0.1428571492
92697  24.344  21.007  -8.105 0.1428571492
92699  21.991  20.663  -7.571 0.1428571492
92702  19.172  20.407  -8.101 0.1428571492
92703  18.732  20.653  -8.147 0.2857142985
93290  23.526  20.394  -5.780 0.1428571492
93306  24.453  20.285  -6.292 0.1428571492
93307  23.544  20.032  -6.255 0.1428571492
93308  20.053  20.785  -5.676 0.2857142985
93319  25.713  19.875  -6.856 0.1428571492
93327  17.634  21.705  -7.831 0.1428571492
93329  16.904  22.639  -8.269 0.1428571492
93333  24.523  21.726  -8.097 0.1428571492
93338  19.245  21.056  -8.141 0.1428571492
93340  17.831  21.573  -8.530 0.1428571492
93345  18.392  21.870  -8.395 0.1428571492
93346  17.896  22.242  -8.710 0.1428571492
93347  17.861  22.947  -8.672 0.1428571492
93968  16.676  23.866  -7.877 0.1428571492
93973  24.811  22.702  -7.068 0.1428571492
93974  16.878  22.715  -7.837 0.1428571492
93978  24.654  22.434  -7.737 0.1428571492
93987  18.264  22.662  -8.384 0.1428571492
94641  19.425  22.964  -7.377 0.1428571492
96015  19.171  24.471  -7.394 0.1428571492
113803  22.110  -13.262  0.139 0.2857142985
114190  27.123  -11.725  1.631 0.2857142985
114496  17.360  23.951  -8.578 0.1428571492
116444  25.500  19.812  -6.703 0.1428571492
117147  21.435  21.460  -2.787 0.1428571492
117158  16.834  23.402  -8.302 0.1428571492
118260  21.672  15.282  0.030 0.1428571492
119121  25.093  20.641  -6.179 0.1428571492
119466  23.700  19.389  -6.645 0.1428571492
121752  22.677  -1.143  -5.046 0.1428571492
122320  27.329  10.291  -0.617 0.4285714328
122979  21.035  18.964  -6.176 0.2857142985
124485  28.676  -1.091  -1.278 0.8571428657
126224  27.542  -1.013  -2.196 0.5714285970
127070  24.486  0.052  -4.875 0.4285714328
127687  21.623  17.627  -3.063 0.1428571492
127872  27.665  1.978  -2.548 0.7142857313
128557  22.045  17.752  -5.229 0.2857142985
129659  18.917  20.249  -7.965 0.2857142985
131193  17.069  23.015  -8.722 0.1428571492
131444  24.632  19.890  -7.361 0.1428571492
131520  19.737  25.364  -7.255 0.1428571492
131855  17.327  22.231  -8.466 0.1428571492
132082  28.928  -10.904  2.115 0.2857142985
132335  21.896  18.260  -6.107 0.2857142985
132532  22.347  17.963  -5.222 0.2857142985
132607  19.537  22.056  -6.220 0.1428571492
133395  21.625  11.731  -3.008 0.4285714328
133917  22.048  17.536  -2.521 0.2857142985
136010  25.593  -3.188  -3.972 0.7142857313
136730  22.902  8.932  -4.965 0.1428571492
137027  23.210  17.288  -4.675 0.5714285970
137177  27.011  -4.273  -1.962 0.5714285970
138276  25.849  13.445  -3.240 0.8571428657
