#!ascii label  , from subject sub-v1s0x0050666_ses-1 vox2ras=TkReg
1054
46644  -20.984  -49.484  72.151 0.0000000000
67131  -46.848  -30.678  67.344 0.0000000000
69514  -51.041  -28.343  60.564 0.0000000000
71792  -51.994  -25.571  57.475 0.0000000000
140398  -46.772  -33.568  69.918 0.0000000000
68413  -52.666  -30.104  56.862 0.0000000000
80166  -51.174  -18.121  52.243 0.0000000000
83276  -57.973  -15.837  50.771 0.0000000000
163251  -49.600  -32.694  65.180 0.0000000000
164906  -52.053  -31.874  62.576 0.0000000000
70651  -48.809  -28.087  64.168 0.0000000000
52492  -22.419  -44.853  77.277 0.0000000000
55325  -24.698  -41.142  76.258 0.0000000000
56351  -29.208  -40.948  75.956 0.0000000000
57464  -34.544  -39.756  73.444 0.0000000000
59483  -39.645  -37.950  72.883 0.0000000000
61640  -47.197  -36.050  72.813 0.0000000000
63878  -47.385  -34.062  69.337 0.0000000000
62930  -54.210  -32.885  58.924 0.0000000000
84260  -59.754  -14.957  49.019 0.0000000000
66063  -49.066  -31.074  66.684 0.0000000000
68307  -50.084  -29.836  65.447 0.0000000000
69450  -48.301  -29.146  66.034 0.0000000000
158523  -20.820  -43.435  74.742 0.0000000000
54388  -22.915  -42.662  76.623 0.0000000000
60600  -39.899  -37.091  70.416 0.0000000000
60526  -42.970  -37.143  73.278 0.0000000000
61639  -44.881  -35.400  71.903 0.0000000000
66044  -46.047  -31.850  68.457 0.0000000000
140220  -49.620  -31.413  68.577 0.0000000000
64967  -47.480  -31.870  68.243 0.0000000000
151215  -48.735  -33.003  66.858 0.0000000000
68328  -52.764  -29.210  62.656 0.0000000000
63981  -53.589  -33.022  61.128 0.0000000000
68346  -53.807  -29.752  60.734 0.0000000000
70777  -52.309  -28.161  56.841 0.0000000000
153020  -55.513  -29.016  56.673 0.0000000000
71806  -55.386  -26.466  56.636 0.0000000000
73759  -54.270  -24.843  57.134 0.0000000000
82203  -55.296  -16.516  55.609 0.0000000000
79107  -52.460  -19.339  55.842 0.0000000000
140160  -43.802  -34.440  70.084 0.0000000000
71814  -49.954  -26.320  55.669 0.0000000000
146946  -54.535  -16.435  51.533 0.0000000000
81158  -58.085  -17.991  53.240 0.0000000000
81223  -60.696  -18.148  47.596 0.0000000000
63952  -48.560  -33.059  63.171 0.0000000000
64996  -50.156  -31.393  64.224 0.0000000000
68313  -51.242  -29.624  64.320 0.0000000000
167492  -23.472  -48.612  75.049 0.0000000000
54435  -26.432  -42.281  74.967 0.0000000000
56334  -26.722  -41.117  76.311 0.0000000000
53454  -28.956  -42.903  75.455 0.0000000000
157246  -31.906  -42.575  74.377 0.0000000000
161250  -34.273  -42.109  74.128 0.0000000000
162286  -37.062  -41.284  73.156 0.0000000000
58513  -36.902  -38.751  72.978 0.0000000000
55371  -42.119  -40.046  72.650 0.0000000000
64939  -48.244  -32.674  71.386 0.0000000000
61691  -50.668  -35.254  69.139 0.0000000000
61687  -46.712  -35.671  69.080 0.0000000000
61698  -48.611  -35.653  66.885 0.0000000000
150457  -49.003  -34.805  65.291 0.0000000000
68363  -54.873  -30.699  58.870 0.0000000000
76897  -50.565  -21.437  55.586 0.0000000000
74746  -52.397  -23.476  58.017 0.0000000000
46620  -21.152  -49.833  74.175 0.0000000000
67133  -47.894  -30.414  67.391 0.0000000000
68288  -48.148  -29.806  66.821 0.0000000000
68298  -47.719  -29.753  66.419 0.0000000000
60620  -40.612  -36.919  69.706 0.0000000000
60582  -41.780  -36.331  71.653 0.0000000000
61673  -42.043  -36.165  69.912 0.0000000000
67120  -46.752  -31.275  68.125 0.0000000000
66045  -46.699  -32.127  68.806 0.0000000000
66053  -47.666  -31.011  67.934 0.0000000000
157128  -48.014  -31.548  67.761 0.0000000000
68337  -53.517  -29.520  61.353 0.0000000000
69516  -53.272  -29.316  60.738 0.0000000000
71793  -52.666  -26.210  57.631 0.0000000000
70762  -53.978  -27.304  57.572 0.0000000000
71783  -54.186  -25.834  58.047 0.0000000000
72756  -54.666  -25.465  57.216 0.0000000000
73726  -53.945  -25.006  57.962 0.0000000000
79110  -56.521  -18.600  54.826 0.0000000000
79102  -55.521  -18.540  56.513 0.0000000000
77998  -55.813  -19.565  55.288 0.0000000000
149114  -54.358  -16.817  50.254 0.0000000000
83274  -56.167  -16.339  51.376 0.0000000000
83238  -56.199  -16.115  53.542 0.0000000000
81170  -58.120  -16.641  52.286 0.0000000000
156004  -58.899  -18.101  51.951 0.0000000000
82257  -58.985  -16.318  51.194 0.0000000000
82295  -60.216  -16.445  48.744 0.0000000000
63935  -49.234  -32.497  64.212 0.0000000000
64987  -49.872  -31.937  65.026 0.0000000000
69463  -49.536  -28.724  65.142 0.0000000000
68312  -50.691  -29.366  64.856 0.0000000000
69473  -50.275  -28.700  64.599 0.0000000000
70672  -51.176  -28.149  63.029 0.0000000000
70670  -49.618  -28.019  63.445 0.0000000000
50608  -24.079  -46.792  75.315 0.0000000000
51512  -23.432  -45.096  77.033 0.0000000000
55324  -23.892  -41.549  76.191 0.0000000000
56374  -28.509  -40.601  74.752 0.0000000000
56350  -28.314  -40.818  75.714 0.0000000000
54394  -27.767  -41.856  76.316 0.0000000000
54417  -29.349  -42.274  75.894 0.0000000000
53474  -30.220  -43.118  74.720 0.0000000000
55331  -30.685  -41.683  75.945 0.0000000000
57432  -34.407  -40.668  74.777 0.0000000000
141539  -35.816  -41.541  73.616 0.0000000000
57447  -35.445  -39.906  74.300 0.0000000000
59519  -37.844  -37.994  71.137 0.0000000000
58538  -36.750  -38.659  71.412 0.0000000000
163559  -38.284  -38.144  72.747 0.0000000000
58482  -38.234  -39.069  73.928 0.0000000000
168675  -39.698  -39.188  73.617 0.0000000000
55369  -40.763  -40.500  72.560 0.0000000000
57439  -41.475  -39.166  73.264 0.0000000000
165365  -44.937  -36.354  72.880 0.0000000000
160195  -44.948  -37.741  74.156 0.0000000000
58516  -45.209  -36.329  72.189 0.0000000000
60567  -47.858  -36.081  72.128 0.0000000000
140483  -47.077  -32.935  72.086 0.0000000000
159709  -47.458  -32.268  71.163 0.0000000000
140216  -48.584  -32.783  69.448 0.0000000000
140820  -50.256  -32.768  68.969 0.0000000000
63880  -48.431  -33.751  69.869 0.0000000000
155702  -47.922  -35.001  70.564 0.0000000000
165210  -47.238  -34.545  69.353 0.0000000000
165255  -47.904  -34.231  67.925 0.0000000000
151211  -49.354  -33.220  66.048 0.0000000000
62830  -49.221  -34.118  65.777 0.0000000000
63918  -49.441  -33.372  65.442 0.0000000000
62841  -49.230  -34.073  64.985 0.0000000000
51510  -21.428  -45.015  76.104 0.0000000000
50590  -23.151  -46.333  77.377 0.0000000000
48557  -23.448  -48.361  76.730 0.0000000000
65013  -51.652  -32.248  62.310 0.0000000000
63966  -52.041  -32.926  61.892 0.0000000000
63989  -54.021  -33.121  59.910 0.0000000000
67240  -52.466  -30.554  57.502 0.0000000000
68379  -53.878  -30.266  58.901 0.0000000000
67241  -54.099  -30.358  57.928 0.0000000000
68441  -56.348  -28.869  55.284 0.0000000000
67243  -56.107  -30.306  56.265 0.0000000000
77977  -53.301  -20.346  57.855 0.0000000000
77995  -51.585  -20.318  55.703 0.0000000000
76890  -51.738  -21.358  57.115 0.0000000000
75835  -51.602  -22.256  57.509 0.0000000000
151654  -53.123  -22.077  58.328 0.0000000000
75827  -53.364  -22.556  57.885 0.0000000000
82284  -57.470  -16.408  49.651 0.0000000000
84252  -59.244  -15.066  49.930 0.0000000000
83292  -58.847  -15.034  48.910 0.0000000000
84267  -59.617  -14.121  48.376 0.0000000000
66071  -49.587  -31.605  66.025 0.0000000000
66072  -49.915  -31.473  65.457 0.0000000000
67147  -49.182  -30.185  66.530 0.0000000000
68299  -48.886  -29.536  66.341 0.0000000000
69462  -48.581  -28.655  65.314 0.0000000000
53437  -21.258  -44.130  76.182 0.0000000000
53430  -22.831  -43.886  77.010 0.0000000000
56345  -23.904  -40.980  75.630 0.0000000000
60580  -40.083  -37.133  71.969 0.0000000000
60524  -41.590  -37.680  72.845 0.0000000000
61624  -42.032  -36.818  72.470 0.0000000000
146280  -44.134  -35.808  72.377 0.0000000000
161405  -45.989  -34.644  73.239 0.0000000000
64953  -46.780  -32.901  69.515 0.0000000000
67094  -47.745  -31.293  70.441 0.0000000000
150870  -47.326  -33.196  69.476 0.0000000000
64960  -47.226  -32.491  68.964 0.0000000000
63888  -47.468  -33.266  68.786 0.0000000000
63897  -47.832  -33.410  68.025 0.0000000000
64968  -48.068  -32.519  67.702 0.0000000000
64975  -48.598  -31.881  67.156 0.0000000000
148943  -20.522  -44.102  74.627 0.0000000000
66091  -52.673  -30.908  62.745 0.0000000000
65015  -53.132  -32.143  62.090 0.0000000000
66092  -53.231  -31.311  62.283 0.0000000000
164092  -54.218  -30.870  61.202 0.0000000000
66107  -55.074  -31.656  60.001 0.0000000000
69576  -52.583  -29.271  56.642 0.0000000000
144278  -54.167  -29.747  57.277 0.0000000000
140950  -54.437  -28.122  57.257 0.0000000000
70765  -55.534  -27.539  56.870 0.0000000000
158467  -53.394  -17.029  54.403 0.0000000000
80147  -51.834  -18.624  54.226 0.0000000000
80140  -53.520  -17.978  56.155 0.0000000000
80117  -54.242  -18.940  57.596 0.0000000000
67130  -46.241  -31.127  66.947 0.0000000000
66051  -45.865  -31.778  67.334 0.0000000000
69529  -51.626  -29.142  59.940 0.0000000000
68412  -51.918  -29.961  56.455 0.0000000000
155442  -50.894  -28.209  56.250 0.0000000000
71805  -51.246  -26.809  56.725 0.0000000000
72755  -51.165  -25.813  56.790 0.0000000000
82254  -53.139  -16.895  51.775 0.0000000000
82233  -54.919  -15.943  53.909 0.0000000000
82226  -56.742  -16.763  54.422 0.0000000000
79120  -57.909  -19.491  53.654 0.0000000000
82285  -59.849  -16.635  49.573 0.0000000000
80198  -60.217  -18.804  48.733 0.0000000000
141639  -49.312  -32.498  62.371 0.0000000000
65012  -50.782  -31.961  62.583 0.0000000000
65004  -51.290  -31.683  62.846 0.0000000000
156397  -50.296  -30.687  65.203 0.0000000000
67166  -51.177  -30.172  64.206 0.0000000000
66084  -51.527  -30.531  63.641 0.0000000000
163241  -52.296  -29.542  63.171 0.0000000000
70690  -51.728  -28.076  62.508 0.0000000000
68304  -47.196  -29.641  65.353 0.0000000000
69470  -47.302  -28.950  63.987 0.0000000000
70687  -48.463  -27.878  62.490 0.0000000000
47558  -22.184  -49.320  73.449 0.0000000000
48571  -23.075  -48.295  73.623 0.0000000000
158195  -27.407  -43.322  73.495 0.0000000000
56389  -24.043  -40.914  73.655 0.0000000000
56346  -24.692  -40.825  75.857 0.0000000000
56333  -25.862  -40.949  76.464 0.0000000000
53471  -27.762  -43.139  74.496 0.0000000000
53496  -32.163  -42.643  72.953 0.0000000000
53511  -33.999  -42.218  72.756 0.0000000000
57486  -34.532  -39.678  71.478 0.0000000000
58525  -35.360  -39.337  71.957 0.0000000000
58511  -35.262  -39.362  72.941 0.0000000000
57435  -36.984  -39.672  74.186 0.0000000000
55367  -38.135  -40.861  72.920 0.0000000000
58487  -43.226  -38.934  74.465 0.0000000000
140164  -43.672  -34.733  70.778 0.0000000000
63862  -46.961  -33.995  72.271 0.0000000000
62770  -48.630  -33.879  72.099 0.0000000000
67097  -49.769  -32.228  70.288 0.0000000000
64948  -50.412  -33.120  70.365 0.0000000000
61652  -49.453  -34.717  71.255 0.0000000000
60606  -48.765  -36.127  70.869 0.0000000000
61660  -46.417  -35.046  70.550 0.0000000000
60674  -48.771  -36.361  65.548 0.0000000000
63898  -48.448  -33.919  67.184 0.0000000000
61706  -49.033  -35.010  65.620 0.0000000000
60687  -48.873  -36.026  65.149 0.0000000000
167373  -48.651  -34.922  64.291 0.0000000000
47544  -22.624  -49.587  75.164 0.0000000000
152583  -53.177  -29.875  59.583 0.0000000000
67208  -54.693  -30.636  59.782 0.0000000000
66114  -55.282  -31.448  59.335 0.0000000000
68381  -55.054  -30.417  57.607 0.0000000000
66138  -55.934  -31.438  57.340 0.0000000000
64045  -54.829  -32.754  57.092 0.0000000000
71803  -50.381  -25.624  56.098 0.0000000000
72754  -50.824  -24.915  56.614 0.0000000000
79116  -50.849  -19.569  54.041 0.0000000000
76907  -50.224  -21.088  54.803 0.0000000000
74782  -50.062  -22.984  56.051 0.0000000000
74758  -51.004  -23.678  57.078 0.0000000000
73724  -52.838  -24.320  57.948 0.0000000000
73739  -53.494  -24.500  57.681 0.0000000000
46643  -20.233  -49.662  72.541 0.0000000000
68287  -47.500  -30.199  67.143 0.0000000000
151040  -39.550  -37.185  68.664 0.0000000000
60621  -41.335  -36.672  70.069 0.0000000000
146605  -40.384  -36.986  68.845 0.0000000000
67132  -47.320  -30.770  67.771 0.0000000000
70721  -51.822  -28.095  61.311 0.0000000000
69515  -52.593  -28.677  61.038 0.0000000000
153009  -51.959  -28.687  60.653 0.0000000000
71794  -53.664  -26.424  57.910 0.0000000000
72746  -53.562  -25.586  58.056 0.0000000000
161816  -54.041  -25.239  58.062 0.0000000000
72745  -52.840  -25.212  57.928 0.0000000000
78011  -57.368  -19.704  53.844 0.0000000000
79118  -56.504  -19.175  54.527 0.0000000000
82273  -57.226  -16.221  50.439 0.0000000000
83275  -57.071  -16.123  51.114 0.0000000000
83250  -56.881  -16.303  52.339 0.0000000000
83262  -57.328  -16.201  51.527 0.0000000000
82245  -58.437  -16.235  51.526 0.0000000000
83263  -58.194  -15.964  51.154 0.0000000000
146497  -49.599  -32.146  64.578 0.0000000000
70640  -48.977  -28.225  64.939 0.0000000000
70652  -49.351  -28.113  64.199 0.0000000000
70653  -50.023  -28.249  64.064 0.0000000000
144360  -49.088  -27.944  63.580 0.0000000000
51502  -23.355  -45.820  77.290 0.0000000000
152914  -23.163  -45.030  77.403 0.0000000000
54390  -24.117  -41.817  76.165 0.0000000000
144949  -29.184  -40.704  75.185 0.0000000000
168682  -28.589  -41.447  76.211 0.0000000000
55330  -29.092  -41.370  76.122 0.0000000000
54396  -29.724  -41.729  76.074 0.0000000000
55342  -30.076  -41.209  75.982 0.0000000000
57463  -33.713  -40.067  73.835 0.0000000000
160726  -33.719  -40.574  74.574 0.0000000000
157378  -34.289  -39.963  74.147 0.0000000000
57433  -35.058  -40.471  74.680 0.0000000000
147116  -34.865  -39.828  74.101 0.0000000000
59500  -38.786  -37.990  72.243 0.0000000000
59499  -37.956  -38.175  72.039 0.0000000000
59482  -38.860  -38.035  72.902 0.0000000000
59463  -38.814  -38.307  73.279 0.0000000000
59464  -39.491  -38.341  73.292 0.0000000000
57438  -40.475  -39.180  73.433 0.0000000000
160229  -40.626  -38.496  73.264 0.0000000000
61629  -46.611  -35.603  73.023 0.0000000000
143747  -45.554  -36.264  73.122 0.0000000000
60547  -46.546  -36.342  72.858 0.0000000000
156971  -46.295  -36.367  72.449 0.0000000000
61641  -47.743  -35.282  72.311 0.0000000000
140532  -47.457  -32.824  71.593 0.0000000000
159708  -47.194  -33.495  70.450 0.0000000000
140213  -47.742  -33.894  70.050 0.0000000000
140215  -48.080  -33.310  70.049 0.0000000000
63879  -48.242  -33.999  69.844 0.0000000000
62817  -47.678  -34.926  68.201 0.0000000000
142004  -47.499  -34.147  68.701 0.0000000000
64986  -49.615  -32.414  65.610 0.0000000000
63919  -49.418  -33.250  65.056 0.0000000000
51511  -21.972  -45.322  76.885 0.0000000000
51501  -22.921  -45.389  77.499 0.0000000000
50591  -23.470  -46.648  77.299 0.0000000000
62920  -54.310  -32.879  59.302 0.0000000000
62919  -53.836  -33.111  59.434 0.0000000000
62929  -53.817  -33.090  58.749 0.0000000000
62945  -53.721  -33.156  58.016 0.0000000000
67225  -53.183  -30.579  58.043 0.0000000000
154695  -53.347  -30.240  57.407 0.0000000000
80165  -50.530  -18.660  52.381 0.0000000000
77978  -53.776  -20.479  58.098 0.0000000000
76891  -52.533  -20.873  57.659 0.0000000000
76882  -52.379  -21.646  58.066 0.0000000000
69451  -48.980  -28.845  65.658 0.0000000000
69461  -48.094  -28.804  65.205 0.0000000000
53448  -20.904  -43.752  75.415 0.0000000000
56344  -23.219  -41.289  75.006 0.0000000000
59540  -38.982  -37.387  69.969 0.0000000000
59541  -39.183  -37.519  70.893 0.0000000000
148371  -39.795  -37.235  71.248 0.0000000000
60563  -40.787  -37.251  72.276 0.0000000000
60581  -41.015  -36.865  71.749 0.0000000000
61637  -42.977  -35.747  71.763 0.0000000000
163578  -42.889  -36.096  72.178 0.0000000000
61638  -43.667  -35.536  72.063 0.0000000000
156233  -44.886  -35.610  72.375 0.0000000000
62757  -45.315  -35.152  72.049 0.0000000000
166236  -46.256  -32.249  68.990 0.0000000000
66046  -47.110  -31.477  68.334 0.0000000000
140829  -47.513  -32.983  69.221 0.0000000000
144925  -47.569  -32.702  68.369 0.0000000000
66062  -48.299  -30.921  67.412 0.0000000000
64976  -49.223  -32.227  66.369 0.0000000000
67181  -52.689  -30.060  62.909 0.0000000000
67182  -53.196  -30.454  62.382 0.0000000000
152448  -53.113  -29.780  62.392 0.0000000000
66093  -53.718  -30.706  61.789 0.0000000000
67191  -54.057  -30.115  61.156 0.0000000000
144280  -54.570  -31.481  60.698 0.0000000000
67197  -54.490  -30.646  60.525 0.0000000000
69558  -53.411  -28.439  57.044 0.0000000000
70748  -54.320  -26.507  57.864 0.0000000000
70763  -54.781  -27.101  57.541 0.0000000000
71796  -55.588  -27.079  56.669 0.0000000000
70795  -55.917  -27.870  55.549 0.0000000000
71816  -55.323  -26.313  55.979 0.0000000000
81156  -54.365  -16.742  55.301 0.0000000000
81155  -53.479  -17.439  55.271 0.0000000000
165609  -54.152  -17.281  56.061 0.0000000000
79088  -54.299  -19.736  57.841 0.0000000000
69575  -51.560  -28.913  56.360 0.0000000000
71815  -50.125  -27.142  55.778 0.0000000000
71804  -50.596  -26.504  56.203 0.0000000000
166188  -54.228  -16.677  50.845 0.0000000000
82255  -53.716  -16.784  51.210 0.0000000000
82268  -52.854  -17.086  50.829 0.0000000000
151786  -53.889  -16.621  51.877 0.0000000000
82243  -53.618  -16.672  52.541 0.0000000000
82244  -54.419  -16.301  52.387 0.0000000000
82235  -57.041  -16.503  53.564 0.0000000000
83231  -56.477  -16.235  54.036 0.0000000000
82227  -57.400  -17.077  53.715 0.0000000000
80150  -57.661  -18.617  53.910 0.0000000000
80151  -58.256  -19.033  53.344 0.0000000000
79132  -58.547  -19.857  52.956 0.0000000000
80158  -58.672  -18.998  52.760 0.0000000000
80178  -59.347  -18.652  50.890 0.0000000000
84253  -59.456  -15.191  49.751 0.0000000000
83279  -59.554  -15.833  50.308 0.0000000000
83284  -59.870  -15.558  49.264 0.0000000000
81222  -60.457  -17.311  48.092 0.0000000000
81209  -60.124  -17.686  48.914 0.0000000000
63951  -48.756  -33.036  62.011 0.0000000000
63934  -48.992  -32.501  63.389 0.0000000000
65003  -50.133  -31.614  63.415 0.0000000000
63953  -49.801  -31.906  62.773 0.0000000000
64997  -50.901  -31.149  63.516 0.0000000000
67157  -49.721  -30.679  65.969 0.0000000000
66078  -50.201  -31.256  64.871 0.0000000000
67165  -50.848  -30.054  64.868 0.0000000000
67175  -51.642  -29.965  63.947 0.0000000000
67176  -52.049  -30.027  63.442 0.0000000000
68320  -51.797  -29.372  63.750 0.0000000000
70688  -50.602  -27.929  62.654 0.0000000000
47559  -22.762  -48.968  73.983 0.0000000000
47574  -22.514  -48.761  73.092 0.0000000000
157661  -23.323  -48.510  74.480 0.0000000000
154153  -23.973  -46.215  75.106 0.0000000000
54380  -22.942  -43.119  76.832 0.0000000000
157002  -23.156  -43.061  76.576 0.0000000000
155842  -25.294  -42.158  74.064 0.0000000000
54446  -26.016  -42.301  74.059 0.0000000000
53492  -26.472  -42.714  73.362 0.0000000000
53470  -26.906  -42.759  74.278 0.0000000000
56390  -24.826  -40.779  73.842 0.0000000000
56369  -24.354  -40.839  74.730 0.0000000000
55327  -26.365  -41.354  76.404 0.0000000000
55328  -27.227  -41.532  76.364 0.0000000000
54416  -28.368  -42.307  75.950 0.0000000000
53453  -28.085  -42.882  75.423 0.0000000000
53494  -28.101  -43.639  73.891 0.0000000000
53472  -28.608  -43.457  74.600 0.0000000000
52521  -29.340  -43.980  73.517 0.0000000000
151974  -31.017  -42.836  74.582 0.0000000000
52512  -30.508  -43.407  73.944 0.0000000000
53475  -31.156  -43.023  73.746 0.0000000000
52524  -31.288  -43.086  73.040 0.0000000000
53495  -31.729  -42.772  73.564 0.0000000000
147829  -33.587  -42.060  74.957 0.0000000000
53459  -33.391  -42.265  74.865 0.0000000000
53477  -33.780  -42.313  74.172 0.0000000000
161498  -33.759  -42.341  73.343 0.0000000000
53498  -34.291  -42.095  73.515 0.0000000000
54448  -36.613  -41.415  73.298 0.0000000000
54456  -36.058  -41.484  72.829 0.0000000000
54464  -37.070  -41.151  72.013 0.0000000000
54457  -37.008  -41.286  72.724 0.0000000000
59498  -37.154  -38.551  72.174 0.0000000000
58537  -35.940  -38.941  71.232 0.0000000000
58526  -36.258  -38.916  72.219 0.0000000000
58512  -36.017  -39.052  73.204 0.0000000000
58495  -36.140  -39.396  73.867 0.0000000000
155699  -36.744  -39.044  73.497 0.0000000000
56380  -39.016  -40.003  73.557 0.0000000000
56379  -38.144  -40.337  73.656 0.0000000000
55356  -38.798  -40.444  73.177 0.0000000000
55382  -38.398  -40.775  72.494 0.0000000000
55370  -41.405  -40.319  72.547 0.0000000000
55385  -41.238  -40.677  72.210 0.0000000000
142039  -41.613  -40.711  71.844 0.0000000000
60525  -42.170  -37.375  72.995 0.0000000000
59467  -42.512  -37.870  73.322 0.0000000000
59468  -42.924  -38.001  73.661 0.0000000000
62776  -43.144  -35.003  70.213 0.0000000000
64938  -47.692  -32.611  71.761 0.0000000000
159815  -46.728  -33.623  72.187 0.0000000000
64935  -47.832  -33.134  72.226 0.0000000000
63863  -47.448  -33.685  72.286 0.0000000000
63869  -48.527  -33.306  71.561 0.0000000000
140221  -49.096  -31.621  69.150 0.0000000000
67107  -50.043  -31.208  69.933 0.0000000000
159785  -50.223  -31.494  69.077 0.0000000000
63900  -50.233  -34.263  68.596 0.0000000000
64955  -50.461  -33.537  69.534 0.0000000000
62797  -51.130  -34.103  69.996 0.0000000000
63874  -50.275  -33.582  70.791 0.0000000000
61665  -51.188  -34.533  69.908 0.0000000000
61663  -50.066  -35.141  70.907 0.0000000000
60608  -50.096  -35.512  70.310 0.0000000000
62805  -46.864  -34.969  69.568 0.0000000000
62786  -47.363  -34.754  70.611 0.0000000000
61674  -46.425  -35.448  69.826 0.0000000000
61697  -47.983  -35.657  67.657 0.0000000000
61705  -49.009  -35.749  66.116 0.0000000000
166821  -48.273  -33.219  67.432 0.0000000000
61711  -48.872  -35.392  65.370 0.0000000000
61712  -48.962  -35.185  65.205 0.0000000000
145586  -48.868  -35.486  64.787 0.0000000000
62851  -48.867  -33.408  64.169 0.0000000000
62866  -48.531  -34.083  63.890 0.0000000000
48564  -23.820  -47.917  76.175 0.0000000000
47552  -23.045  -49.048  74.891 0.0000000000
47551  -22.482  -49.473  74.352 0.0000000000
63967  -52.916  -32.936  61.752 0.0000000000
62895  -52.950  -33.366  61.084 0.0000000000
68360  -52.257  -29.897  59.425 0.0000000000
68380  -54.624  -30.445  58.445 0.0000000000
68362  -54.364  -30.377  59.445 0.0000000000
67209  -55.165  -30.947  59.198 0.0000000000
69560  -54.853  -28.906  57.133 0.0000000000
68394  -54.785  -30.061  57.419 0.0000000000
68395  -55.181  -29.328  57.035 0.0000000000
67261  -56.190  -30.890  56.708 0.0000000000
65087  -55.766  -31.904  56.840 0.0000000000
65072  -55.775  -31.907  57.440 0.0000000000
65086  -55.220  -32.388  56.749 0.0000000000
73757  -50.655  -24.109  56.519 0.0000000000
79117  -52.023  -19.131  54.965 0.0000000000
167730  -51.433  -19.202  54.357 0.0000000000
76898  -51.233  -21.006  56.125 0.0000000000
77994  -50.910  -20.678  55.222 0.0000000000
76906  -49.561  -21.488  54.427 0.0000000000
75853  -49.905  -21.841  55.111 0.0000000000
75842  -49.629  -22.702  55.242 0.0000000000
75843  -50.287  -22.236  55.850 0.0000000000
75825  -51.936  -22.879  58.046 0.0000000000
75824  -51.218  -23.067  57.314 0.0000000000
74759  -51.612  -23.605  57.623 0.0000000000
73738  -51.951  -24.261  57.781 0.0000000000
73725  -53.344  -24.360  57.953 0.0000000000
74747  -52.911  -23.427  57.979 0.0000000000
67146  -48.591  -30.198  67.001 0.0000000000
60619  -39.743  -37.139  69.464 0.0000000000
60601  -40.742  -36.887  70.462 0.0000000000
61658  -42.060  -35.953  70.901 0.0000000000
61649  -42.919  -35.392  71.041 0.0000000000
69489  -52.843  -28.793  62.122 0.0000000000
68329  -53.187  -29.317  62.020 0.0000000000
69500  -53.037  -28.928  61.515 0.0000000000
70761  -52.984  -27.277  57.392 0.0000000000
71784  -54.600  -26.200  57.675 0.0000000000
164808  -55.062  -26.050  57.048 0.0000000000
72737  -54.342  -25.449  57.765 0.0000000000
73740  -54.155  -24.958  57.652 0.0000000000
81128  -55.934  -17.369  55.654 0.0000000000
81144  -55.429  -17.064  56.139 0.0000000000
166106  -55.871  -18.095  55.953 0.0000000000
79109  -55.958  -18.777  55.587 0.0000000000
82271  -55.551  -16.542  50.771 0.0000000000
82256  -55.361  -16.306  51.479 0.0000000000
83248  -55.716  -16.102  52.823 0.0000000000
83249  -56.280  -16.223  52.753 0.0000000000
83240  -57.288  -16.414  52.724 0.0000000000
82236  -57.798  -16.919  53.034 0.0000000000
162144  -58.666  -18.302  52.484 0.0000000000
81171  -58.814  -17.050  51.774 0.0000000000
81183  -59.163  -17.943  51.352 0.0000000000
81184  -59.430  -17.677  50.700 0.0000000000
83293  -60.139  -14.899  48.583 0.0000000000
158756  -60.273  -15.587  48.553 0.0000000000
82296  -60.505  -16.261  47.985 0.0000000000
81235  -61.036  -18.057  46.955 0.0000000000
68306  -49.512  -29.222  65.777 0.0000000000
154753  -50.007  -29.161  65.177 0.0000000000
69474  -51.150  -28.952  64.245 0.0000000000
69480  -51.529  -28.667  63.531 0.0000000000
70654  -50.790  -28.437  63.838 0.0000000000
70671  -50.357  -28.167  63.280 0.0000000000
71753  -49.925  -27.847  62.725 0.0000000000
49601  -23.983  -47.221  76.526 0.0000000000
49611  -24.040  -47.391  75.675 0.0000000000
147643  -24.110  -46.859  76.074 0.0000000000
142901  -23.958  -46.296  75.855 0.0000000000
51521  -23.780  -45.588  75.441 0.0000000000
158399  -25.986  -42.051  75.630 0.0000000000
55329  -28.100  -41.518  76.279 0.0000000000
54395  -28.685  -41.748  76.179 0.0000000000
53473  -29.429  -43.363  74.801 0.0000000000
53455  -29.882  -42.771  75.448 0.0000000000
53456  -30.801  -42.634  75.375 0.0000000000
54419  -31.402  -42.230  75.598 0.0000000000
54422  -34.339  -41.698  74.616 0.0000000000
53478  -34.813  -41.723  73.805 0.0000000000
55345  -34.855  -41.194  74.700 0.0000000000
144900  -35.914  -41.484  74.034 0.0000000000
55353  -36.264  -41.257  74.161 0.0000000000
59518  -37.194  -38.289  70.834 0.0000000000
58549  -36.486  -38.609  70.587 0.0000000000
167325  -37.379  -38.342  71.513 0.0000000000
59480  -37.680  -38.387  72.861 0.0000000000
58514  -37.559  -38.710  73.462 0.0000000000
159258  -39.736  -40.160  73.161 0.0000000000
56381  -41.387  -39.903  72.954 0.0000000000
56363  -42.148  -39.406  73.274 0.0000000000
60544  -44.677  -35.891  72.656 0.0000000000
59469  -44.356  -37.820  74.036 0.0000000000
60528  -44.611  -36.784  73.950 0.0000000000
59486  -44.500  -36.962  72.876 0.0000000000
58540  -46.185  -35.644  71.793 0.0000000000
59524  -46.945  -36.031  71.662 0.0000000000
140487  -44.441  -33.918  70.008 0.0000000000
160274  -44.262  -34.263  70.552 0.0000000000
146053  -45.849  -33.901  70.422 0.0000000000
163720  -47.529  -32.460  71.413 0.0000000000
66028  -48.472  -31.968  71.221 0.0000000000
141170  -48.914  -32.140  69.203 0.0000000000
159629  -50.180  -31.747  68.613 0.0000000000
64961  -49.488  -32.834  68.606 0.0000000000
63890  -49.676  -33.242  68.475 0.0000000000
162925  -49.368  -35.099  69.099 0.0000000000
61689  -49.563  -36.062  69.338 0.0000000000
62795  -48.241  -34.362  70.202 0.0000000000
62794  -47.103  -34.465  69.913 0.0000000000
154972  -47.181  -35.004  68.922 0.0000000000
62818  -48.313  -34.869  67.409 0.0000000000
63907  -48.994  -33.844  66.386 0.0000000000
62840  -49.227  -34.173  65.308 0.0000000000
51520  -21.696  -46.105  75.943 0.0000000000
50589  -22.499  -46.179  76.974 0.0000000000
143248  -23.231  -47.059  77.349 0.0000000000
49592  -23.738  -46.974  77.090 0.0000000000
63988  -53.544  -33.267  60.503 0.0000000000
62909  -53.531  -33.277  60.033 0.0000000000
67224  -52.241  -30.722  58.097 0.0000000000
68378  -52.844  -30.408  58.703 0.0000000000
69563  -55.781  -29.090  56.290 0.0000000000
68397  -55.992  -29.805  56.166 0.0000000000
151685  -52.755  -19.596  56.569 0.0000000000
163497  -51.910  -19.736  55.466 0.0000000000
77988  -52.683  -20.169  57.029 0.0000000000
77987  -51.984  -20.618  56.611 0.0000000000
76889  -50.977  -21.809  56.482 0.0000000000
75826  -52.356  -22.267  58.194 0.0000000000
161658  -52.730  -22.578  58.224 0.0000000000
75814  -53.073  -22.516  58.134 0.0000000000
150543  -57.907  -15.836  50.250 0.0000000000
83277  -58.859  -15.451  50.595 0.0000000000
83283  -58.700  -15.273  49.967 0.0000000000
84258  -59.234  -14.887  49.370 0.0000000000
84259  -59.500  -14.767  49.064 0.0000000000
84266  -59.329  -14.566  48.789 0.0000000000
84268  -59.968  -14.435  48.489 0.0000000000
156611  -49.485  -29.839  66.075 0.0000000000
52497  -21.810  -44.499  76.853 0.0000000000
52493  -22.847  -44.592  77.337 0.0000000000
53438  -21.837  -43.697  76.784 0.0000000000
162349  -22.057  -42.970  76.600 0.0000000000
55323  -23.084  -42.132  76.191 0.0000000000
167094  -23.936  -41.195  76.114 0.0000000000
56331  -24.373  -41.077  76.210 0.0000000000
57475  -33.786  -39.972  72.828 0.0000000000
59539  -37.712  -37.949  70.342 0.0000000000
59520  -38.605  -37.881  71.436 0.0000000000
60562  -40.094  -37.520  72.458 0.0000000000
60523  -41.060  -37.953  72.857 0.0000000000
157156  -41.437  -37.406  72.591 0.0000000000
60542  -42.704  -36.780  72.813 0.0000000000
61636  -42.290  -36.275  72.122 0.0000000000
61625  -42.477  -36.541  72.470 0.0000000000
60543  -43.801  -36.504  72.723 0.0000000000
61628  -45.931  -35.285  73.268 0.0000000000
62768  -47.300  -34.950  72.629 0.0000000000
159924  -47.539  -33.609  69.936 0.0000000000
64945  -47.654  -32.928  69.966 0.0000000000
140564  -47.916  -32.379  69.830 0.0000000000
159751  -48.125  -32.550  69.737 0.0000000000
140214  -47.749  -32.986  69.958 0.0000000000
52503  -20.850  -44.653  75.298 0.0000000000
146891  -52.616  -31.686  62.541 0.0000000000
65014  -52.429  -32.347  62.220 0.0000000000
65022  -53.553  -32.492  61.579 0.0000000000
67190  -53.505  -29.938  61.867 0.0000000000
66100  -53.856  -31.650  61.599 0.0000000000
65023  -54.166  -32.387  61.031 0.0000000000
65031  -54.695  -32.309  60.262 0.0000000000
63990  -54.801  -32.636  59.157 0.0000000000
68393  -53.399  -29.513  56.958 0.0000000000
69559  -54.087  -28.976  57.067 0.0000000000
166916  -55.035  -27.910  57.221 0.0000000000
69561  -55.366  -28.285  56.955 0.0000000000
154722  -56.047  -28.346  55.713 0.0000000000
81160  -52.074  -17.676  52.952 0.0000000000
80156  -51.787  -18.158  53.485 0.0000000000
80157  -52.245  -18.060  54.124 0.0000000000
80148  -52.380  -18.347  54.766 0.0000000000
80139  -52.701  -18.598  55.583 0.0000000000
81125  -54.470  -17.673  56.774 0.0000000000
80129  -54.005  -18.354  57.200 0.0000000000
80128  -53.206  -18.907  56.599 0.0000000000
79100  -53.781  -18.997  57.495 0.0000000000
79087  -53.846  -19.618  57.851 0.0000000000
68297  -47.106  -30.082  66.659 0.0000000000
67145  -46.639  -30.675  66.399 0.0000000000
64952  -45.220  -32.910  69.314 0.0000000000
159997  -45.888  -32.498  69.122 0.0000000000
66052  -46.414  -31.285  67.716 0.0000000000
69528  -50.608  -29.053  59.795 0.0000000000
68359  -51.206  -29.998  59.195 0.0000000000
68377  -51.383  -30.762  58.368 0.0000000000
67260  -51.996  -30.523  56.955 0.0000000000
70776  -51.426  -27.749  56.610 0.0000000000
70760  -52.004  -27.105  57.150 0.0000000000
165820  -51.774  -26.306  57.178 0.0000000000
81182  -52.353  -17.433  51.630 0.0000000000
81168  -51.892  -17.713  52.287 0.0000000000
81169  -52.671  -17.178  52.603 0.0000000000
82232  -54.214  -16.416  54.181 0.0000000000
82223  -55.014  -16.046  54.852 0.0000000000
83237  -55.662  -15.959  53.611 0.0000000000
82234  -55.495  -15.944  54.377 0.0000000000
82204  -55.820  -16.643  55.429 0.0000000000
81145  -56.575  -17.448  54.969 0.0000000000
79119  -57.174  -19.008  54.215 0.0000000000
78024  -57.456  -20.277  53.323 0.0000000000
80159  -58.961  -18.983  52.104 0.0000000000
83265  -59.224  -15.761  50.795 0.0000000000
82258  -59.399  -16.533  50.842 0.0000000000
81199  -59.680  -17.718  49.816 0.0000000000
65005  -51.897  -31.211  62.948 0.0000000000
66079  -50.704  -30.731  64.344 0.0000000000
66085  -52.166  -30.546  63.095 0.0000000000
68321  -52.097  -28.947  63.074 0.0000000000
69488  -52.320  -28.447  62.451 0.0000000000
68305  -47.704  -29.322  65.709 0.0000000000
68311  -47.039  -29.597  64.461 0.0000000000
69460  -47.536  -29.111  64.880 0.0000000000
69471  -47.900  -28.600  64.390 0.0000000000
69472  -48.468  -28.320  64.730 0.0000000000
70650  -48.294  -28.269  63.856 0.0000000000
70669  -48.672  -27.994  63.287 0.0000000000
71752  -49.130  -27.750  62.805 0.0000000000
69513  -50.035  -28.235  60.250 0.0000000000
46645  -21.685  -49.389  72.724 0.0000000000
47573  -22.046  -49.023  72.505 0.0000000000
52494  -23.007  -44.404  77.106 0.0000000000
52498  -23.126  -44.146  76.646 0.0000000000
164930  -23.605  -40.975  74.435 0.0000000000
56332  -25.091  -40.943  76.386 0.0000000000
54414  -26.694  -42.150  75.907 0.0000000000
54415  -27.523  -42.260  75.966 0.0000000000
53452  -27.271  -42.627  75.269 0.0000000000
52511  -29.796  -43.683  74.109 0.0000000000
55332  -31.480  -41.643  75.813 0.0000000000
53457  -31.675  -42.441  75.224 0.0000000000
162661  -32.354  -42.531  73.769 0.0000000000
54447  -35.088  -41.619  73.199 0.0000000000
54455  -35.224  -41.590  72.458 0.0000000000
149170  -33.873  -39.971  71.922 0.0000000000
57476  -34.564  -39.699  72.406 0.0000000000
57465  -35.362  -39.474  73.727 0.0000000000
165799  -36.397  -40.061  74.356 0.0000000000
55354  -37.017  -41.152  73.720 0.0000000000
58481  -37.572  -39.276  73.974 0.0000000000
56359  -37.534  -40.225  74.018 0.0000000000
55366  -37.313  -41.179  73.176 0.0000000000
54458  -37.731  -40.946  72.348 0.0000000000
59454  -41.273  -38.405  73.179 0.0000000000
161458  -42.627  -38.867  73.461 0.0000000000
57450  -42.895  -39.223  73.467 0.0000000000
58500  -44.507  -38.774  74.329 0.0000000000
57451  -43.689  -39.239  74.004 0.0000000000
55372  -42.753  -39.847  72.532 0.0000000000
61659  -42.619  -35.638  70.338 0.0000000000
62766  -44.261  -34.927  71.704 0.0000000000
140162  -45.666  -34.499  70.972 0.0000000000
165052  -45.888  -34.736  71.345 0.0000000000
159845  -45.170  -34.885  71.708 0.0000000000
62759  -46.360  -34.458  73.024 0.0000000000
146031  -47.609  -34.294  72.280 0.0000000000
62769  -47.976  -34.368  72.183 0.0000000000
159840  -48.064  -30.884  70.551 0.0000000000
67096  -49.533  -31.538  70.354 0.0000000000
66034  -49.453  -32.215  70.666 0.0000000000
66041  -50.364  -32.485  69.512 0.0000000000
66036  -50.903  -32.569  70.146 0.0000000000
64946  -49.418  -32.531  70.922 0.0000000000
63870  -49.712  -33.464  71.290 0.0000000000
62779  -49.265  -34.013  71.573 0.0000000000
62778  -48.507  -34.542  71.720 0.0000000000
61651  -48.413  -35.164  71.562 0.0000000000
60585  -48.335  -36.015  71.406 0.0000000000
60605  -47.917  -36.206  71.299 0.0000000000
61675  -48.539  -36.075  70.505 0.0000000000
61661  -47.098  -34.728  70.999 0.0000000000
151212  -48.902  -34.770  66.443 0.0000000000
61719  -48.954  -34.558  64.708 0.0000000000
46621  -22.032  -49.830  74.750 0.0000000000
162432  -21.986  -49.638  74.015 0.0000000000
69530  -52.626  -29.251  60.227 0.0000000000
167428  -53.261  -29.548  60.165 0.0000000000
68361  -53.834  -29.795  60.014 0.0000000000
68347  -54.246  -30.155  60.300 0.0000000000
67198  -55.068  -31.016  60.018 0.0000000000
65042  -55.260  -32.313  58.645 0.0000000000
68382  -55.495  -30.483  57.197 0.0000000000
67226  -55.306  -30.877  58.214 0.0000000000
66126  -55.450  -31.244  58.518 0.0000000000
64013  -55.348  -32.311  58.036 0.0000000000
159281  -54.778  -32.619  57.853 0.0000000000
72744  -51.545  -24.956  57.266 0.0000000000
79128  -51.222  -18.851  53.722 0.0000000000
79127  -50.513  -19.207  53.183 0.0000000000
78018  -50.203  -20.041  53.644 0.0000000000
78006  -51.323  -19.864  54.858 0.0000000000
78005  -50.561  -20.337  54.432 0.0000000000
78004  -49.829  -20.732  54.101 0.0000000000
74781  -49.725  -23.401  55.534 0.0000000000
74770  -50.072  -23.752  56.031 0.0000000000
75834  -50.762  -22.614  56.635 0.0000000000
74771  -50.615  -23.350  56.580 0.0000000000
73737  -51.235  -24.267  57.170 0.0000000000
147426  -52.236  -24.861  57.747 0.0000000000
72736  -53.571  -24.872  58.035 0.0000000000
145045  -53.684  -24.546  57.540 0.0000000000
74748  -53.024  -23.556  57.741 0.0000000000
73758  -53.330  -24.113  56.977 0.0000000000
73770  -53.675  -24.571  56.581 0.0000000000
47545  -23.002  -49.257  75.621 0.0000000000
48558  -23.684  -47.667  76.949 0.0000000000
48563  -23.454  -48.666  75.731 0.0000000000
48568  -23.764  -48.089  75.146 0.0000000000
51513  -23.679  -45.737  76.432 0.0000000000
53429  -22.507  -43.407  76.938 0.0000000000
53497  -33.062  -42.373  73.544 0.0000000000
53512  -34.504  -41.883  72.845 0.0000000000
54397  -31.204  -41.958  75.822 0.0000000000
54418  -30.473  -42.211  75.828 0.0000000000
54421  -32.935  -42.117  75.278 0.0000000000
54423  -35.335  -41.346  74.460 0.0000000000
54436  -34.005  -42.148  74.571 0.0000000000
54437  -35.314  -41.589  74.062 0.0000000000
54438  -36.618  -41.417  73.616 0.0000000000
54449  -37.584  -41.086  72.813 0.0000000000
55346  -35.895  -41.002  74.588 0.0000000000
55347  -36.712  -40.739  74.198 0.0000000000
55355  -37.776  -40.812  73.364 0.0000000000
55358  -40.884  -40.196  72.797 0.0000000000
55359  -41.581  -40.037  72.846 0.0000000000
55368  -39.098  -40.565  72.709 0.0000000000
56336  -28.522  -41.230  76.170 0.0000000000
56356  -34.607  -40.977  74.908 0.0000000000
56357  -35.408  -40.814  74.701 0.0000000000
56358  -36.130  -40.515  74.435 0.0000000000
56360  -38.346  -39.830  73.856 0.0000000000
56362  -39.911  -39.658  73.396 0.0000000000
56378  -37.421  -40.683  73.801 0.0000000000
56382  -42.149  -39.797  73.083 0.0000000000
56383  -44.511  -39.795  74.088 0.0000000000
56394  -42.856  -39.712  72.875 0.0000000000
57434  -35.777  -40.259  74.491 0.0000000000
57436  -37.708  -39.616  74.015 0.0000000000
57437  -38.495  -39.348  73.880 0.0000000000
57440  -43.088  -38.883  74.174 0.0000000000
57441  -43.417  -38.883  74.108 0.0000000000
57446  -34.658  -40.229  74.488 0.0000000000
57448  -36.303  -39.753  74.262 0.0000000000
57449  -40.962  -39.571  73.137 0.0000000000
57452  -44.248  -39.265  74.218 0.0000000000
58484  -40.057  -38.819  73.540 0.0000000000
58485  -40.993  -38.890  73.408 0.0000000000
58486  -41.801  -38.883  73.310 0.0000000000
58488  -43.553  -38.504  74.030 0.0000000000
58496  -37.058  -39.280  73.864 0.0000000000
58497  -37.891  -38.862  73.820 0.0000000000
58499  -39.478  -38.662  73.527 0.0000000000
58501  -44.922  -38.321  74.133 0.0000000000
59455  -42.114  -38.398  73.291 0.0000000000
59456  -42.909  -38.483  73.561 0.0000000000
59465  -40.871  -38.177  73.024 0.0000000000
59466  -41.612  -37.922  73.043 0.0000000000
59470  -45.008  -37.141  74.065 0.0000000000
59481  -38.217  -38.306  73.219 0.0000000000
59484  -40.228  -38.000  72.995 0.0000000000
59485  -44.938  -36.529  73.023 0.0000000000
59501  -39.503  -37.716  72.430 0.0000000000
59504  -47.087  -36.160  72.305 0.0000000000
59505  -47.722  -36.273  71.802 0.0000000000
59521  -39.347  -37.609  71.715 0.0000000000
60527  -44.283  -36.833  73.923 0.0000000000
60540  -40.550  -37.721  72.682 0.0000000000
60541  -42.061  -37.094  72.749 0.0000000000
60545  -45.325  -35.814  73.104 0.0000000000
60546  -45.712  -35.970  73.252 0.0000000000
60564  -41.587  -36.841  72.172 0.0000000000
60566  -47.207  -36.039  72.614 0.0000000000
60584  -47.003  -34.887  71.297 0.0000000000
60586  -49.292  -35.418  71.183 0.0000000000
60602  -41.313  -36.614  70.944 0.0000000000
60607  -49.454  -35.686  70.613 0.0000000000
60624  -49.680  -36.140  69.861 0.0000000000
60625  -50.771  -35.331  69.728 0.0000000000
60642  -51.000  -35.239  68.404 0.0000000000
60655  -50.544  -35.412  68.778 0.0000000000
61626  -43.189  -36.200  72.401 0.0000000000
61627  -45.709  -35.005  73.158 0.0000000000
61648  -42.388  -35.907  71.536 0.0000000000
61653  -50.192  -34.644  70.900 0.0000000000
61662  -48.222  -36.061  70.838 0.0000000000
61664  -50.449  -34.940  70.420 0.0000000000
61676  -48.916  -36.031  69.862 0.0000000000
61677  -50.668  -35.216  70.059 0.0000000000
61678  -51.164  -34.794  69.751 0.0000000000
61679  -51.134  -34.981  69.106 0.0000000000
61690  -50.038  -36.088  69.268 0.0000000000
61692  -51.179  -34.992  68.884 0.0000000000
61699  -50.180  -35.572  68.723 0.0000000000
61700  -50.698  -35.206  68.099 0.0000000000
61707  -51.058  -34.864  68.240 0.0000000000
62758  -45.660  -34.392  73.059 0.0000000000
62760  -46.443  -34.879  73.175 0.0000000000
62767  -47.117  -34.511  72.346 0.0000000000
62777  -46.959  -34.684  70.625 0.0000000000
62780  -49.938  -34.087  71.178 0.0000000000
62787  -47.619  -34.164  70.240 0.0000000000
62788  -50.465  -34.192  70.398 0.0000000000
62793  -46.800  -34.926  69.961 0.0000000000
62796  -48.749  -34.834  69.721 0.0000000000
62798  -51.020  -34.554  69.521 0.0000000000
62806  -48.945  -34.011  69.514 0.0000000000
62807  -49.592  -34.220  68.604 0.0000000000
62808  -50.398  -34.326  68.908 0.0000000000
62819  -49.724  -34.181  68.417 0.0000000000
62820  -50.579  -34.821  68.119 0.0000000000
62821  -50.520  -34.735  68.425 0.0000000000
63857  -46.523  -34.378  72.463 0.0000000000
63864  -48.050  -33.747  72.202 0.0000000000
63881  -51.088  -33.463  69.962 0.0000000000
63882  -50.439  -34.020  69.466 0.0000000000
63889  -48.873  -33.138  69.231 0.0000000000
63891  -50.050  -33.401  69.128 0.0000000000
63892  -50.295  -34.070  69.009 0.0000000000
63899  -50.184  -33.789  68.507 0.0000000000
63982  -54.134  -32.952  60.437 0.0000000000
64011  -54.223  -32.859  58.330 0.0000000000
64012  -54.697  -32.624  58.632 0.0000000000
64934  -47.034  -32.930  72.126 0.0000000000
64940  -48.955  -32.690  71.280 0.0000000000
64941  -49.321  -33.028  71.242 0.0000000000
64947  -50.032  -32.969  71.080 0.0000000000
64954  -50.950  -33.030  69.862 0.0000000000
64962  -50.072  -32.526  68.469 0.0000000000
64963  -50.405  -32.964  69.359 0.0000000000
64969  -50.159  -32.634  68.796 0.0000000000
65032  -55.146  -32.223  59.429 0.0000000000
65043  -55.507  -31.813  58.657 0.0000000000
65057  -55.659  -31.936  58.011 0.0000000000
65071  -55.387  -32.363  57.359 0.0000000000
65085  -54.664  -32.634  56.407 0.0000000000
66027  -47.877  -31.921  71.245 0.0000000000
66029  -48.922  -32.251  71.173 0.0000000000
66033  -49.106  -31.820  70.876 0.0000000000
66035  -49.951  -32.557  70.494 0.0000000000
66040  -50.659  -31.988  70.141 0.0000000000
66127  -55.675  -31.432  57.892 0.0000000000
66151  -56.124  -31.341  56.901 0.0000000000
67083  -48.255  -31.327  70.931 0.0000000000
67095  -48.607  -31.273  70.406 0.0000000000
67108  -50.419  -31.633  69.884 0.0000000000
67109  -50.518  -32.128  69.836 0.0000000000
67227  -55.656  -30.973  57.647 0.0000000000
67242  -55.871  -30.533  56.773 0.0000000000
67262  -56.279  -30.328  56.081 0.0000000000
68241  -47.990  -30.522  70.758 0.0000000000
68256  -48.544  -30.607  70.185 0.0000000000
68257  -49.264  -30.820  70.265 0.0000000000
68269  -48.982  -30.343  70.008 0.0000000000
68270  -49.421  -30.677  69.968 0.0000000000
68440  -56.386  -29.107  54.897 0.0000000000
69421  -49.216  -30.358  69.960 0.0000000000
69481  -51.800  -28.429  62.926 0.0000000000
69562  -55.679  -28.350  56.541 0.0000000000
69577  -55.943  -28.608  56.018 0.0000000000
69578  -56.023  -29.161  56.024 0.0000000000
69591  -56.207  -28.934  55.648 0.0000000000
70641  -49.594  -28.338  64.633 0.0000000000
70764  -55.240  -27.439  57.173 0.0000000000
70778  -55.801  -27.828  56.220 0.0000000000
71785  -54.762  -25.938  57.385 0.0000000000
71795  -55.184  -26.686  57.195 0.0000000000
71824  -55.434  -26.858  55.272 0.0000000000
72757  -55.072  -25.849  56.627 0.0000000000
74760  -53.182  -23.644  57.594 0.0000000000
76875  -52.880  -21.924  58.379 0.0000000000
77996  -52.253  -20.000  56.132 0.0000000000
78009  -55.995  -19.754  54.370 0.0000000000
78017  -49.456  -20.430  53.358 0.0000000000
78025  -57.977  -20.210  53.272 0.0000000000
78037  -58.376  -20.654  52.650 0.0000000000
79089  -54.813  -19.568  57.586 0.0000000000
79099  -53.316  -19.595  57.309 0.0000000000
79133  -58.884  -19.639  52.313 0.0000000000
79143  -59.151  -19.762  51.647 0.0000000000
80141  -56.318  -18.065  55.328 0.0000000000
80142  -56.908  -18.217  54.616 0.0000000000
80149  -52.894  -17.970  55.270 0.0000000000
80155  -51.120  -18.491  52.965 0.0000000000
80167  -59.190  -18.853  51.504 0.0000000000
80214  -61.287  -18.729  46.664 0.0000000000
81126  -55.061  -17.612  56.763 0.0000000000
81127  -55.472  -17.776  56.397 0.0000000000
81143  -54.883  -16.982  56.355 0.0000000000
81154  -52.771  -17.691  54.570 0.0000000000
81157  -57.220  -17.663  54.192 0.0000000000
81161  -52.580  -17.485  53.641 0.0000000000
81162  -53.397  -16.792  53.429 0.0000000000
81163  -58.446  -17.427  52.474 0.0000000000
82205  -56.224  -16.838  55.102 0.0000000000
82224  -55.720  -16.093  55.023 0.0000000000
82225  -56.193  -16.307  54.823 0.0000000000
82270  -54.842  -16.542  50.851 0.0000000000
82274  -59.606  -16.856  50.334 0.0000000000
83230  -56.031  -16.015  54.309 0.0000000000
83239  -56.631  -16.290  53.173 0.0000000000
83247  -55.029  -16.021  53.018 0.0000000000
83251  -57.610  -16.301  51.891 0.0000000000
83259  -55.174  -16.126  52.211 0.0000000000
83260  -55.907  -16.182  52.118 0.0000000000
83261  -56.604  -16.245  51.919 0.0000000000
83264  -58.895  -15.678  50.971 0.0000000000
83278  -59.253  -15.345  50.505 0.0000000000
140153  -50.226  -35.757  69.801 0.0000000000
140217  -48.696  -31.789  69.417 0.0000000000
140218  -49.324  -32.450  68.763 0.0000000000
140219  -49.859  -31.691  68.466 0.0000000000
140222  -50.221  -32.250  68.972 0.0000000000
140223  -50.347  -32.011  69.450 0.0000000000
140456  -50.010  -31.017  68.579 0.0000000000
140497  -41.462  -36.721  69.007 0.0000000000
140584  -50.143  -30.857  69.374 0.0000000000
140635  -46.660  -34.074  71.032 0.0000000000
140714  -48.102  -31.466  69.884 0.0000000000
140747  -48.693  -30.618  69.640 0.0000000000
140774  -50.336  -35.587  69.228 0.0000000000
140792  -49.383  -30.600  69.671 0.0000000000
140925  -54.241  -16.275  53.238 0.0000000000
142052  -43.646  -35.065  71.490 0.0000000000
142639  -38.437  -37.765  70.615 0.0000000000
143593  -34.615  -41.784  74.257 0.0000000000
143904  -40.476  -36.992  71.161 0.0000000000
146611  -51.587  -18.010  52.782 0.0000000000
147323  -22.398  -44.124  77.140 0.0000000000
147893  -40.123  -38.415  73.291 0.0000000000
148339  -36.895  -40.127  74.281 0.0000000000
149676  -42.471  -39.082  73.475 0.0000000000
149864  -54.530  -32.818  59.728 0.0000000000
150334  -53.306  -33.342  59.123 0.0000000000
151627  -50.104  -33.201  68.611 0.0000000000
155019  -59.185  -17.120  51.221 0.0000000000
155109  -49.815  -35.157  68.442 0.0000000000
156046  -50.573  -33.666  70.275 0.0000000000
158851  -49.853  -35.796  68.628 0.0000000000
159428  -47.278  -32.188  70.896 0.0000000000
159592  -44.993  -34.772  71.453 0.0000000000
159607  -47.323  -32.894  72.037 0.0000000000
159614  -44.977  -33.917  70.510 0.0000000000
159703  -46.976  -33.664  70.877 0.0000000000
159707  -45.899  -32.967  69.724 0.0000000000
159768  -45.964  -34.739  72.006 0.0000000000
159851  -48.450  -30.917  70.164 0.0000000000
159865  -44.399  -34.493  71.072 0.0000000000
159939  -47.472  -31.224  70.967 0.0000000000
161505  -43.327  -39.329  73.575 0.0000000000
162235  -48.908  -36.116  70.383 0.0000000000
163020  -48.992  -33.512  71.396 0.0000000000
163025  -46.026  -35.674  71.852 0.0000000000
163217  -42.420  -40.216  72.168 0.0000000000
163601  -35.710  -39.134  72.605 0.0000000000
165137  -55.923  -31.075  57.252 0.0000000000
165549  -35.406  -41.069  74.673 0.0000000000
167139  -22.686  -42.917  76.772 0.0000000000
168017  -41.695  -36.389  70.453 0.0000000000
168313  -56.020  -16.115  53.202 0.0000000000
168410  -57.572  -15.947  50.718 0.0000000000
169903  -41.258  -37.969  72.914 0.0000000000
170068  -22.498  -45.368  77.217 0.0000000000
