#!ascii label  , from subject sub-v1s0x0050666_ses-1 vox2ras=TkReg
548
19485  -27.468  -81.240  -6.066 0.6999999881
20239  -27.212  -80.441  -6.486 0.6000000238
20969  -27.916  -79.555  -6.351 0.6000000238
21742  -29.509  -78.664  -5.553 0.4000000060
20168  -25.346  -80.246  -0.041 0.6999999881
20911  -24.894  -78.727  -0.371 0.6999999881
144504  -25.792  -80.932  -0.223 0.6999999881
20912  -25.397  -79.453  -0.546 0.6000000238
20178  -26.259  -81.295  -0.720 0.6999999881
20917  -25.705  -79.423  -1.355 0.6000000238
20188  -26.412  -81.008  -1.584 0.6000000238
20187  -26.194  -80.151  -1.890 0.6000000238
19427  -26.464  -81.641  -3.120 0.6000000238
20197  -26.001  -80.219  -2.862 0.6000000238
20934  -25.625  -79.514  -3.270 0.5000000000
20213  -25.547  -80.685  -4.669 0.5000000000
163901  -25.181  -79.239  -4.654 0.5000000000
20952  -25.255  -80.126  -6.053 0.6000000238
19484  -26.001  -81.379  -6.398 0.6000000238
20967  -25.406  -80.115  -6.984 0.6000000238
20253  -25.872  -80.173  -7.328 0.6000000238
20983  -26.745  -79.401  -7.437 0.6000000238
155009  -24.365  -78.675  0.131 0.6000000238
22460  -24.758  -77.555  -0.637 0.6000000238
21686  -25.048  -78.171  -0.846 0.6000000238
21697  -25.466  -78.528  -1.669 0.6000000238
142487  -25.424  -77.837  -2.197 0.6000000238
21707  -25.518  -78.624  -2.725 0.6000000238
21717  -25.262  -78.728  -3.838 0.6000000238
21727  -24.907  -78.552  -4.793 0.6000000238
153896  -25.342  -79.991  -5.097 0.6000000238
21740  -24.637  -78.527  -5.696 0.6999999881
20966  -24.826  -79.245  -6.510 0.6000000238
20980  -24.986  -79.250  -7.383 0.6000000238
21756  -27.547  -78.861  -7.085 0.5000000000
156864  -28.266  -78.662  -6.488 0.5000000000
21676  -23.944  -78.185  0.370 0.6000000238
22453  -24.237  -77.500  0.040 0.6000000238
22461  -25.025  -77.087  -1.134 0.6000000238
162176  -25.322  -77.262  -1.784 0.6000000238
156984  -25.385  -77.098  -2.510 0.6000000238
23329  -25.523  -76.294  -2.793 0.6000000238
143509  -25.333  -76.888  -3.406 0.6000000238
22473  -25.395  -77.799  -3.141 0.6000000238
22479  -25.075  -77.646  -4.205 0.6000000238
22488  -24.856  -77.166  -5.046 0.6999999881
20981  -25.603  -79.600  -7.670 0.6000000238
21767  -25.873  -79.126  -8.209 0.6000000238
22510  -28.344  -77.960  -7.113 0.4000000060
23309  -24.030  -76.770  0.431 0.6000000238
23317  -24.583  -76.956  -0.396 0.6000000238
23322  -25.438  -76.515  -1.783 0.6000000238
24196  -26.314  -75.389  -2.558 0.5000000000
144239  -25.883  -75.570  -3.180 0.6000000238
23338  -25.279  -76.508  -4.299 0.6999999881
23361  -24.502  -76.866  -6.791 0.6000000238
22496  -24.534  -77.731  -5.762 0.6000000238
21755  -24.447  -78.301  -6.648 0.6000000238
21765  -24.606  -78.384  -7.626 0.6000000238
21777  -24.893  -78.124  -8.373 0.6000000238
21778  -26.292  -78.361  -8.563 0.6000000238
21779  -27.063  -78.387  -8.331 0.6000000238
22525  -28.250  -77.740  -8.235 0.4000000060
21769  -27.661  -78.310  -7.891 0.5000000000
23308  -23.454  -76.900  1.066 0.5000000000
24159  -24.461  -75.925  0.922 0.6000000238
23310  -24.744  -76.299  0.001 0.6000000238
24174  -25.492  -75.817  -0.397 0.6000000238
167827  -25.510  -76.084  -1.175 0.5000000000
24176  -26.725  -75.319  -0.885 0.5000000000
24185  -26.330  -75.436  -1.752 0.5000000000
154890  -26.836  -75.205  -3.155 0.6000000238
24210  -26.955  -75.090  -3.914 0.6000000238
24209  -26.251  -75.306  -3.895 0.6999999881
24218  -25.532  -75.943  -4.746 0.6999999881
143632  -25.102  -76.388  -5.269 0.6999999881
24241  -25.242  -75.691  -6.784 0.6000000238
23354  -24.692  -76.966  -5.886 0.6999999881
23355  -24.937  -76.289  -6.225 0.6000000238
24240  -24.620  -76.170  -7.247 0.6000000238
22509  -24.386  -77.565  -7.303 0.6000000238
22524  -24.420  -77.359  -8.266 0.6000000238
22551  -24.715  -77.359  -8.879 0.6000000238
22539  -27.198  -77.804  -8.914 0.5000000000
22540  -28.093  -77.556  -8.931 0.4000000060
23296  -23.792  -76.258  1.373 0.6000000238
24160  -25.220  -75.524  0.561 0.6000000238
24161  -26.001  -75.132  0.255 0.5000000000
165832  -26.195  -75.377  -0.433 0.6000000238
25073  -27.709  -74.794  -1.679 0.5000000000
25074  -28.335  -74.353  -1.897 0.5000000000
24197  -27.009  -75.147  -2.231 0.6000000238
25087  -27.888  -74.747  -2.628 0.5000000000
25099  -27.721  -74.794  -3.615 0.5000000000
25105  -27.624  -74.903  -4.474 0.5000000000
24220  -26.798  -75.282  -4.608 0.6000000238
25122  -28.261  -74.485  -5.216 0.5000000000
25121  -27.438  -74.996  -5.363 0.5000000000
24227  -26.548  -75.360  -5.491 0.6000000238
151963  -27.837  -74.448  -6.123 0.4000000060
24226  -25.693  -75.855  -5.654 0.6999999881
25120  -26.954  -74.472  -6.719 0.4000000060
25134  -26.124  -74.348  -7.610 0.5000000000
163723  -24.827  -75.619  -7.640 0.6000000238
25140  -25.384  -74.554  -8.343 0.5000000000
24255  -24.870  -75.248  -8.318 0.6000000238
167629  -25.007  -74.891  -8.861 0.5000000000
23371  -24.370  -76.779  -8.858 0.6000000238
159354  -27.809  -77.151  -9.412 0.5000000000
24262  -24.577  -75.515  -9.001 0.6000000238
23375  -25.297  -76.472  -9.498 0.6000000238
166926  -26.946  -77.303  -9.281 0.6000000238
24146  -24.937  -75.169  1.367 0.5000000000
25058  -27.501  -74.791  -0.732 0.5000000000
25059  -28.205  -74.240  -1.170 0.4000000060
25088  -28.763  -74.061  -2.484 0.4000000060
25100  -28.609  -74.286  -3.318 0.5000000000
25106  -28.452  -74.375  -4.233 0.5000000000
151933  -29.182  -73.603  -3.873 0.5000000000
164426  -27.853  -72.186  -6.288 0.4000000060
26008  -28.471  -73.680  -5.879 0.4000000060
26897  -27.833  -73.042  -6.519 0.4000000060
26896  -27.039  -72.870  -7.342 0.5000000000
26014  -26.778  -73.763  -7.327 0.5000000000
26020  -25.875  -73.923  -8.331 0.5000000000
153535  -26.947  -75.981  -9.818 0.5000000000
159120  -27.025  -76.753  -9.564 0.5000000000
155474  -25.299  -75.762  -9.522 0.6000000238
22553  -26.185  -77.011  -9.456 0.5000000000
25983  -29.456  -73.049  -3.198 0.4000000060
26882  -29.213  -72.045  -4.051 0.5000000000
26881  -29.183  -72.817  -4.492 0.5000000000
28549  -28.230  -71.015  -5.020 0.5000000000
155336  -27.289  -72.062  -6.895 0.4000000060
26021  -26.329  -73.273  -7.943 0.5000000000
142462  -26.835  -74.994  -9.647 0.5000000000
141350  -28.394  -75.390  -9.957 0.3000000119
26900  -26.683  -72.492  -7.889 0.5000000000
26025  -25.611  -74.256  -8.791 0.5000000000
25144  -25.914  -74.459  -9.265 0.5000000000
27724  -28.697  -71.128  -4.105 0.4000000060
27747  -28.186  -71.793  -5.668 0.4000000060
146075  -27.061  -69.072  -6.408 0.4000000060
28548  -27.613  -70.816  -5.775 0.4000000060
27753  -26.988  -71.233  -7.099 0.4000000060
29419  -27.068  -69.754  -6.835 0.4000000060
27756  -26.951  -71.300  -7.685 0.5000000000
153232  -28.370  -73.711  -9.676 0.4000000060
142709  -27.770  -74.564  -9.664 0.4000000060
27759  -26.857  -72.402  -8.358 0.5000000000
26031  -27.392  -73.465  -9.371 0.5000000000
27760  -27.081  -71.612  -8.144 0.5000000000
26909  -27.067  -72.803  -8.933 0.5000000000
163891  -26.647  -73.290  -9.096 0.5000000000
30273  -27.178  -68.444  -6.661 0.4000000060
29426  -27.259  -69.689  -7.321 0.4000000060
26910  -27.926  -72.765  -9.298 0.4000000060
158500  -27.302  -70.671  -7.837 0.5000000000
153883  -27.806  -71.325  -8.442 0.5000000000
30278  -27.583  -68.292  -7.086 0.4000000060
27766  -28.433  -71.989  -9.042 0.4000000060
28567  -29.761  -70.818  -9.063 0.3000000119
29427  -27.866  -69.084  -7.500 0.5000000000
28562  -28.198  -70.506  -8.209 0.5000000000
27765  -27.484  -72.126  -8.700 0.5000000000
31199  -27.440  -67.581  -6.692 0.4000000060
28563  -29.183  -70.294  -8.486 0.3000000119
28564  -30.001  -69.971  -8.858 0.3000000119
30279  -28.399  -68.192  -7.443 0.4000000060
29432  -27.743  -69.929  -7.745 0.5000000000
29433  -28.577  -69.709  -7.986 0.5000000000
161272  -28.414  -65.341  -7.446 0.4000000060
29435  -30.300  -69.215  -8.671 0.3000000119
29436  -30.898  -68.988  -8.997 0.3000000119
32187  -28.291  -66.675  -7.398 0.4000000060
151997  -30.170  -67.875  -8.268 0.4000000060
31201  -28.826  -67.404  -7.520 0.4000000060
30280  -29.380  -68.059  -7.769 0.4000000060
34131  -28.332  -64.629  -7.309 0.5000000000
158861  -30.909  -67.680  -8.717 0.3000000119
32204  -31.715  -66.602  -9.288 0.4000000060
31221  -31.571  -67.412  -9.192 0.4000000060
33178  -28.976  -65.979  -7.717 0.4000000060
31211  -29.647  -67.283  -7.947 0.5000000000
31212  -30.360  -67.093  -8.465 0.4000000060
32188  -29.148  -66.769  -7.685 0.5000000000
32194  -29.799  -66.520  -8.111 0.5000000000
33179  -29.999  -65.678  -8.230 0.5000000000
32195  -30.611  -66.333  -8.535 0.4000000060
151494  -31.651  -65.032  -9.132 0.4000000060
33187  -31.759  -65.782  -9.233 0.4000000060
32205  -32.416  -66.171  -9.787 0.3000000119
152127  -29.041  -64.055  -7.544 0.5000000000
34132  -29.303  -64.942  -7.794 0.5000000000
35137  -32.069  -63.431  -8.894 0.4000000060
35144  -32.661  -63.606  -9.328 0.3000000119
37011  -28.712  -61.891  -6.975 0.5000000000
35136  -31.299  -63.645  -8.574 0.4000000060
150890  -31.169  -64.562  -8.700 0.4000000060
34142  -31.997  -64.235  -9.145 0.4000000060
34150  -32.721  -64.292  -9.561 0.4000000060
35145  -33.240  -63.858  -9.825 0.3000000119
35127  -28.721  -63.366  -7.211 0.5000000000
34141  -30.325  -64.815  -8.335 0.5000000000
164624  -30.644  -64.110  -8.321 0.5000000000
35128  -29.651  -63.355  -7.572 0.5000000000
37020  -32.107  -62.311  -8.303 0.4000000060
36058  -32.570  -62.794  -8.905 0.4000000060
36066  -33.284  -63.076  -9.488 0.3000000119
36048  -29.259  -62.609  -7.205 0.5000000000
36049  -30.296  -62.534  -7.655 0.5000000000
36056  -30.979  -62.887  -8.251 0.5000000000
34133  -29.921  -64.116  -7.930 0.5000000000
37015  -32.956  -61.298  -7.954 0.4000000060
37983  -28.703  -60.418  -6.770 0.5000000000
39007  -30.711  -60.005  -7.144 0.5000000000
37022  -33.518  -61.706  -8.557 0.3000000119
36059  -33.370  -62.377  -9.065 0.3000000119
37984  -29.426  -60.361  -6.854 0.5000000000
37985  -30.095  -60.770  -7.025 0.5000000000
37012  -29.715  -61.755  -7.123 0.5000000000
143274  -26.535  -81.196  -6.444 0.6000000238
21741  -28.728  -79.041  -5.915 0.5000000000
20206  -25.706  -80.433  -3.767 0.6000000238
167083  -25.504  -76.126  -3.534 0.6999999881
160458  -25.554  -78.537  -8.429 0.6000000238
24219  -26.022  -75.543  -4.670 0.6999999881
22538  -26.282  -77.628  -9.063 0.6000000238
24242  -26.172  -75.179  -6.563 0.5000000000
23367  -24.334  -76.590  -8.569 0.6000000238
26009  -28.890  -73.718  -4.891 0.5000000000
26890  -28.718  -72.787  -5.309 0.5000000000
169671  -27.064  -74.965  -6.068 0.4000000060
25143  -25.050  -75.059  -9.273 0.5000000000
23376  -26.138  -76.258  -9.622 0.5000000000
28554  -27.182  -70.561  -6.604 0.4000000060
27752  -26.978  -71.937  -7.589 0.5000000000
28538  -27.799  -70.339  -5.236 0.4000000060
29434  -29.512  -69.473  -8.318 0.4000000060
31213  -31.090  -66.900  -8.848 0.4000000060
33188  -32.409  -65.089  -9.566 0.3000000119
151692  -29.163  -61.075  -6.842 0.5000000000
37013  -30.630  -61.575  -7.391 0.5000000000
13430  -25.965  -87.723  -6.187 0.5000000000
14290  -26.861  -86.960  -7.448 0.5000000000
14274  -26.478  -87.363  -6.800 0.5000000000
16054  -28.605  -85.830  -8.149 0.5000000000
15202  -28.073  -86.116  -8.726 0.5000000000
15201  -27.355  -86.678  -8.178 0.4000000060
14257  -26.105  -87.405  -5.338 0.5000000000
14275  -27.047  -86.799  -6.596 0.6000000238
163219  -26.586  -87.164  -6.043 0.6000000238
156658  -27.921  -86.176  -7.873 0.5000000000
15191  -27.478  -86.564  -7.341 0.5000000000
16882  -30.892  -84.437  -8.223 0.4000000060
14232  -25.511  -87.656  -3.389 0.6999999881
14233  -26.085  -87.204  -3.665 0.6999999881
14243  -26.510  -87.149  -4.452 0.6999999881
15178  -27.600  -86.702  -5.822 0.5000000000
14258  -27.022  -86.961  -5.275 0.6999999881
16055  -29.403  -85.749  -7.353 0.5000000000
15180  -28.902  -86.236  -6.617 0.5000000000
15179  -27.960  -86.501  -6.526 0.5000000000
16883  -31.324  -83.777  -7.654 0.5000000000
16056  -30.223  -85.158  -7.771 0.5000000000
14190  -23.960  -87.663  -1.170 0.5000000000
14213  -24.500  -88.072  -1.889 0.6999999881
14191  -24.846  -87.284  -1.542 0.6999999881
14214  -25.280  -87.524  -2.443 0.6999999881
15111  -25.780  -86.761  -2.121 0.6999999881
15149  -28.721  -86.250  -4.596 0.6999999881
15148  -28.109  -86.489  -4.227 0.6000000238
16042  -30.266  -85.358  -6.753 0.5000000000
16028  -30.050  -85.500  -5.756 0.6000000238
15150  -29.428  -85.972  -5.103 0.6000000238
16869  -30.907  -84.649  -7.191 0.5000000000
17748  -31.420  -82.703  -7.148 0.5000000000
15074  -23.834  -86.357  -0.369 0.5000000000
14174  -24.340  -86.934  -0.793 0.6999999881
15112  -26.494  -86.837  -2.869 0.6999999881
154719  -26.806  -86.152  -2.270 0.6999999881
15093  -25.981  -85.904  -1.601 0.6999999881
15132  -27.741  -86.498  -3.637 0.8000000119
169937  -27.837  -86.083  -3.199 0.6999999881
16018  -29.740  -85.204  -4.891 0.6000000238
16017  -29.117  -85.583  -4.354 0.6999999881
16860  -30.310  -84.629  -5.394 0.6999999881
17739  -31.320  -83.164  -6.154 0.6000000238
17738  -30.900  -83.817  -5.736 0.6000000238
19472  -31.316  -81.562  -5.620 0.6000000238
15948  -22.775  -85.514  -0.119 0.5000000000
15932  -23.702  -85.043  0.266 0.6000000238
15073  -23.067  -86.390  -0.327 0.5000000000
15950  -24.198  -85.626  -0.130 0.6000000238
15951  -24.901  -85.469  -0.427 0.6000000238
15969  -25.417  -85.712  -0.912 0.6999999881
15986  -26.645  -85.191  -1.794 0.6999999881
15970  -26.039  -85.074  -1.191 0.6000000238
165591  -27.509  -85.964  -2.730 0.6999999881
15987  -27.328  -85.331  -2.385 0.6999999881
16002  -28.419  -85.955  -3.743 0.6999999881
16851  -30.298  -83.884  -5.170 0.6999999881
167150  -31.166  -82.262  -5.626 0.6999999881
17729  -30.569  -83.177  -5.269 0.6999999881
16769  -23.193  -84.465  0.461 0.5000000000
16771  -24.891  -83.909  0.204 0.6000000238
16787  -25.508  -84.253  -0.207 0.6000000238
16788  -26.065  -84.364  -0.689 0.6000000238
16833  -27.682  -84.475  -2.649 0.8000000119
17685  -27.337  -83.645  -2.508 0.5000000000
164264  -27.029  -83.697  -1.919 0.6000000238
155133  -28.749  -84.986  -3.680 0.6999999881
17717  -27.866  -83.260  -4.107 0.6999999881
18612  -29.411  -82.583  -5.102 0.6999999881
18611  -28.943  -83.205  -4.750 0.6999999881
20216  -31.237  -80.274  -5.125 0.5000000000
19457  -30.899  -81.197  -5.196 0.6999999881
20944  -30.696  -79.812  -5.054 0.5000000000
17636  -22.675  -83.738  0.490 0.5000000000
17637  -23.430  -83.619  0.603 0.5000000000
155210  -24.308  -82.112  0.757 0.6000000238
17638  -24.309  -83.417  0.517 0.6000000238
161230  -25.071  -83.240  0.394 0.6000000238
17639  -25.733  -83.480  0.019 0.6000000238
19402  -25.853  -81.792  -0.005 0.6000000238
167146  -25.999  -83.938  -0.320 0.6000000238
164905  -26.349  -82.041  -0.615 0.6000000238
17716  -27.066  -82.933  -4.070 0.6000000238
17701  -27.112  -82.932  -3.152 0.5000000000
18565  -26.584  -82.641  -1.018 0.5000000000
18627  -27.604  -82.375  -5.396 0.6000000238
18610  -27.216  -82.694  -4.851 0.6000000238
19470  -28.561  -81.221  -5.659 0.6000000238
19469  -27.784  -81.790  -5.707 0.6000000238
20954  -29.330  -79.670  -5.435 0.5000000000
17628  -22.915  -82.951  0.777 0.5000000000
19386  -23.671  -81.860  0.935 0.6000000238
143864  -25.021  -81.944  0.511 0.6000000238
18585  -26.778  -82.321  -2.799 0.5000000000
20198  -26.328  -80.939  -2.517 0.5000000000
166251  -26.181  -81.874  -5.780 0.4000000060
19441  -26.166  -81.838  -4.613 0.5000000000
164852  -26.199  -81.643  -3.861 0.5000000000
20240  -28.064  -80.475  -5.975 0.6000000238
18551  -21.901  -82.553  0.708 0.5000000000
19369  -23.032  -81.519  1.195 0.6000000238
19370  -23.616  -81.238  1.085 0.6000000238
19387  -24.372  -81.325  0.822 0.6000000238
19468  -25.871  -81.620  -5.912 0.5000000000
19455  -25.788  -81.447  -5.131 0.4000000060
19385  -21.346  -82.032  0.548 0.5000000000
20153  -22.307  -81.123  1.392 0.5000000000
20154  -23.122  -80.814  1.297 0.6000000238
20899  -24.069  -79.912  0.699 0.6000000238
19384  -20.721  -81.478  0.175 0.5000000000
156631  -21.626  -81.037  1.342 0.5000000000
20897  -22.524  -80.230  1.437 0.6000000238
20898  -23.379  -80.000  1.096 0.6000000238
20166  -20.554  -80.757  0.823 0.5000000000
20151  -21.081  -80.529  1.362 0.5000000000
21665  -21.519  -78.956  1.744 0.5000000000
21666  -22.340  -78.729  1.549 0.6000000238
147025  -22.869  -79.320  1.266 0.6000000238
20895  -20.187  -79.146  1.460 0.5000000000
21664  -20.833  -78.550  1.815 0.5000000000
21675  -19.284  -78.782  0.997 0.5000000000
21667  -23.204  -78.418  0.963 0.5000000000
21663  -19.964  -78.245  1.527 0.5000000000
153158  -21.769  -78.229  1.832 0.5000000000
21674  -18.546  -78.359  0.440 0.5000000000
156735  -19.939  -77.351  1.522 0.5000000000
22443  -21.193  -77.679  2.053 0.5000000000
152993  -22.698  -77.930  1.402 0.4000000060
23291  -19.273  -76.806  1.213 0.5000000000
151817  -20.644  -77.066  1.920 0.5000000000
23294  -22.369  -76.723  2.147 0.4000000060
22444  -22.093  -77.483  1.953 0.4000000060
23292  -20.047  -76.488  1.564 0.4000000060
167724  -21.313  -76.186  2.287 0.4000000060
24143  -22.667  -75.974  2.358 0.4000000060
18643  -26.982  -81.853  -5.973 0.6000000238
20224  -28.839  -80.386  -5.648 0.5000000000
21728  -30.114  -79.250  -5.168 0.4000000060
18574  -26.793  -82.440  -1.905 0.6000000238
23295  -23.121  -76.507  1.796 0.4000000060
24145  -24.164  -75.463  1.747 0.4000000060
15131  -27.016  -86.955  -3.577 0.6999999881
16834  -28.179  -84.484  -3.155 0.6999999881
16850  -29.721  -84.292  -4.725 0.6999999881
16849  -29.097  -84.262  -4.117 0.6999999881
17665  -26.778  -83.269  -1.542 0.6000000238
155479  -30.236  -81.915  -5.184 0.6999999881
17702  -27.704  -83.637  -3.274 0.6999999881
17718  -28.660  -83.590  -4.263 0.6999999881
20225  -29.575  -80.605  -5.316 0.6000000238
20214  -30.272  -80.376  -5.156 0.6000000238
13447  -25.978  -88.144  -7.052 0.5000000000
14215  -25.820  -87.185  -2.941 0.6999999881
14242  -25.613  -87.661  -4.440 0.6000000238
14289  -26.504  -87.788  -7.594 0.5000000000
15075  -24.674  -86.135  -0.599 0.6000000238
15092  -25.214  -86.500  -1.216 0.6999999881
15113  -27.325  -86.490  -2.973 0.6999999881
15147  -27.418  -86.813  -4.347 0.6000000238
15163  -27.971  -86.649  -4.955 0.6999999881
15164  -28.659  -86.430  -5.605 0.6000000238
15165  -29.429  -86.080  -5.867 0.6000000238
15192  -28.597  -86.073  -7.426 0.5000000000
15930  -22.721  -84.654  0.238 0.5000000000
15931  -23.092  -85.121  0.291 0.5000000000
15949  -23.410  -85.703  -0.007 0.5000000000
15952  -25.468  -84.972  -0.548 0.6000000238
16029  -30.691  -84.700  -6.206 0.5000000000
16041  -29.667  -85.841  -6.445 0.5000000000
16066  -30.092  -84.853  -8.729 0.4000000060
16770  -23.997  -84.240  0.395 0.6000000238
16786  -24.670  -84.810  -0.015 0.6000000238
16818  -26.641  -84.247  -1.377 0.6000000238
16819  -27.142  -84.421  -2.059 0.6999999881
16870  -31.214  -83.885  -6.632 0.6000000238
17649  -26.362  -83.547  -0.672 0.6000000238
17684  -26.992  -83.015  -2.317 0.5000000000
17703  -28.457  -84.018  -3.655 0.6999999881
17719  -29.282  -83.745  -4.497 0.6999999881
17720  -29.807  -83.379  -4.862 0.6999999881
17728  -28.058  -83.038  -4.815 0.6999999881
17730  -31.151  -82.876  -5.631 0.6999999881
18538  -22.416  -82.376  0.931 0.5000000000
18539  -23.023  -82.207  0.984 0.6000000238
18552  -22.394  -82.966  0.642 0.5000000000
18553  -23.742  -82.709  0.746 0.6000000238
18554  -24.690  -82.695  0.604 0.6000000238
18555  -25.479  -82.653  0.278 0.6000000238
18564  -26.176  -82.694  -0.232 0.6000000238
18596  -26.559  -82.323  -3.840 0.5000000000
18608  -26.152  -81.923  -5.396 0.4000000060
18609  -26.575  -82.326  -4.797 0.6000000238
18613  -30.203  -82.691  -5.071 0.6999999881
18626  -26.631  -82.101  -5.534 0.6000000238
18628  -28.456  -82.716  -5.119 0.6000000238
18629  -28.539  -82.113  -5.423 0.6000000238
18630  -30.819  -82.270  -5.318 0.6999999881
19367  -21.855  -81.801  1.191 0.5000000000
19368  -22.508  -81.809  1.167 0.6000000238
19388  -25.239  -81.089  0.349 0.6000000238
19403  -26.573  -81.835  -1.338 0.5000000000
19414  -26.610  -81.672  -2.232 0.5000000000
19440  -25.845  -81.223  -4.256 0.5000000000
19456  -30.247  -81.030  -5.202 0.6999999881
19471  -29.490  -81.606  -5.306 0.6000000238
20152  -21.182  -81.301  1.060 0.5000000000
20155  -23.867  -80.624  0.971 0.6000000238
20167  -24.640  -80.418  0.569 0.6000000238
20177  -25.998  -80.308  -0.863 0.6999999881
20207  -26.092  -81.016  -3.404 0.6000000238
20215  -30.698  -80.539  -5.140 0.6999999881
20223  -25.534  -80.896  -5.581 0.4000000060
20237  -25.945  -80.759  -6.813 0.6000000238
20238  -26.406  -80.249  -7.018 0.6000000238
20896  -21.046  -79.617  1.609 0.5000000000
20904  -20.384  -80.000  1.261 0.5000000000
20905  -23.806  -79.107  0.688 0.6000000238
20906  -24.684  -79.466  0.185 0.6999999881
20925  -25.776  -79.387  -2.286 0.6000000238
20941  -24.980  -79.287  -5.461 0.6999999881
20942  -25.419  -79.766  -4.191 0.5000000000
20943  -30.006  -79.941  -5.129 0.6000000238
20953  -28.571  -79.827  -5.835 0.5000000000
20968  -27.096  -79.670  -6.793 0.6000000238
20982  -26.106  -79.669  -7.714 0.6000000238
21677  -24.502  -78.096  -0.239 0.6000000238
21696  -25.198  -77.715  -1.352 0.6000000238
21757  -28.909  -78.110  -6.137 0.4000000060
21766  -25.213  -78.918  -8.029 0.6000000238
21768  -26.461  -78.980  -8.074 0.6000000238
21780  -27.670  -78.007  -8.542 0.4000000060
22442  -18.644  -77.104  0.892 0.5000000000
22451  -19.073  -77.778  1.138 0.5000000000
22452  -23.512  -77.547  0.750 0.6000000238
22537  -25.511  -77.898  -8.786 0.6000000238
22552  -25.359  -77.230  -9.279 0.6000000238
23293  -21.457  -76.811  2.213 0.4000000060
23318  -25.113  -76.530  -0.825 0.5000000000
23374  -24.615  -76.634  -9.219 0.6000000238
23377  -27.837  -76.471  -9.793 0.3000000119
24144  -23.423  -75.740  2.112 0.4000000060
24175  -25.958  -75.650  -1.064 0.5000000000
24184  -25.750  -75.860  -1.641 0.6000000238
24186  -27.102  -75.179  -1.442 0.5000000000
24195  -25.809  -75.780  -2.305 0.5000000000
24208  -25.687  -75.714  -4.028 0.6999999881
24254  -24.405  -75.996  -8.342 0.6000000238
24261  -24.308  -76.177  -9.005 0.6000000238
24267  -24.655  -75.869  -9.316 0.6000000238
24268  -25.994  -75.392  -9.572 0.5000000000
24269  -27.753  -75.648  -9.857 0.3000000119
25057  -26.862  -75.013  -0.047 0.5000000000
25982  -29.159  -73.692  -3.067 0.4000000060
25996  -29.396  -72.764  -3.814 0.5000000000
26015  -27.492  -73.791  -6.762 0.4000000060
26026  -26.088  -73.422  -8.512 0.5000000000
26030  -26.095  -73.610  -8.993 0.5000000000
26889  -28.332  -72.723  -5.978 0.4000000060
26904  -26.497  -72.745  -8.202 0.5000000000
26908  -26.476  -73.042  -8.664 0.5000000000
27737  -28.683  -71.906  -4.754 0.5000000000
27746  -27.475  -71.403  -6.387 0.4000000060
27755  -26.782  -72.039  -7.976 0.5000000000
27761  -28.827  -71.127  -8.767 0.4000000060
28559  -27.017  -70.507  -7.297 0.4000000060
30286  -28.960  -68.874  -7.825 0.4000000060
30287  -29.867  -68.672  -8.209 0.4000000060
30288  -30.618  -68.465  -8.645 0.3000000119
31200  -27.919  -67.443  -7.161 0.4000000060
32196  -31.274  -66.239  -8.879 0.4000000060
33170  -27.891  -65.931  -7.339 0.4000000060
33180  -31.013  -65.512  -8.681 0.4000000060
35135  -30.469  -63.429  -8.062 0.5000000000
36057  -31.724  -62.869  -8.488 0.4000000060
37021  -32.786  -62.030  -8.445 0.4000000060
39006  -29.946  -59.839  -7.010 0.5000000000
141616  -25.418  -75.103  -7.548 0.6000000238
143526  -26.712  -73.995  -9.330 0.5000000000
143998  -21.856  -76.120  2.429 0.4000000060
144767  -21.714  -80.380  1.473 0.5000000000
146405  -25.431  -88.515  -6.468 0.5000000000
147056  -30.233  -78.490  -5.302 0.4000000060
147279  -21.935  -79.578  1.606 0.6000000238
149054  -20.766  -76.271  2.065 0.4000000060
149471  -27.275  -68.932  -7.105 0.4000000060
151247  -25.695  -80.904  -6.339 0.5000000000
151323  -31.436  -82.192  -6.162 0.6000000238
151822  -24.331  -76.763  -7.810 0.6000000238
154365  -24.715  -77.921  -5.061 0.6000000238
154530  -26.883  -87.337  -8.049 0.5000000000
154691  -22.913  -77.240  1.484 0.4000000060
156688  -28.161  -86.303  -7.159 0.5000000000
157788  -27.054  -69.138  -6.929 0.4000000060
161330  -27.979  -85.389  -3.057 0.6999999881
161916  -26.283  -81.735  -6.040 0.6000000238
163904  -27.083  -78.780  -7.777 0.6000000238
163946  -24.441  -77.504  -6.462 0.6000000238
165025  -29.318  -84.884  -4.322 0.6999999881
165152  -25.359  -78.802  -0.937 0.6000000238
166235  -24.676  -78.818  -7.060 0.6000000238
167107  -20.517  -77.782  1.811 0.5000000000
167358  -27.036  -86.911  -5.960 0.6000000238
167800  -28.058  -73.831  -6.379 0.4000000060
