#!ascii label  , from subject sub-v1s0x0050666_ses-1 vox2ras=TkReg
991
164909  -43.260  -82.637  -10.924 0.5000000000
18697  -42.179  -82.674  -10.643 0.8000000119
19524  -40.078  -81.207  -8.794 0.8000000119
18686  -41.375  -82.032  -9.664 0.8000000119
19531  -42.556  -81.717  -10.168 0.8000000119
16915  -43.498  -84.226  -10.562 0.5000000000
18698  -43.005  -82.225  -10.794 0.5000000000
19532  -43.189  -81.507  -10.260 0.6000000238
20986  -38.614  -79.481  -8.141 0.6999999881
20264  -39.652  -80.540  -8.545 0.6999999881
19528  -41.929  -80.957  -9.569 0.8000000119
19529  -42.788  -80.727  -9.893 0.6999999881
16909  -43.565  -84.213  -9.648 0.6000000238
17791  -44.085  -83.089  -9.994 0.5000000000
19530  -44.293  -81.718  -9.413 0.6000000238
21770  -36.754  -78.118  -7.315 0.6999999881
147497  -43.442  -82.152  -10.508 0.6000000238
156880  -44.157  -80.968  -9.472 0.6000000238
21771  -37.512  -78.520  -7.828 0.6999999881
20985  -37.767  -79.413  -7.495 0.6999999881
20265  -40.311  -80.262  -9.002 0.6999999881
146254  -43.182  -80.588  -9.878 0.6000000238
20998  -43.623  -79.627  -9.525 0.6000000238
20266  -41.232  -79.975  -9.481 0.8000000119
20270  -42.600  -79.579  -10.006 0.8000000119
20271  -43.124  -79.629  -9.893 0.6999999881
18674  -43.968  -82.907  -8.445 0.4000000060
19525  -44.504  -81.982  -8.661 0.6000000238
22533  -36.217  -77.593  -8.086 0.6999999881
20999  -44.329  -79.434  -8.702 0.6000000238
21781  -37.037  -77.964  -8.484 0.6999999881
21772  -38.135  -78.811  -8.205 0.6999999881
20992  -39.490  -79.573  -8.787 0.6999999881
20993  -40.300  -79.331  -9.489 0.6999999881
151927  -40.947  -79.011  -9.883 0.6000000238
21002  -42.609  -78.754  -10.252 0.6999999881
23394  -42.223  -76.907  -10.260 0.5000000000
20995  -39.487  -78.699  -9.643 0.6000000238
20996  -40.251  -78.480  -9.943 0.6000000238
21796  -41.314  -78.112  -10.416 0.6000000238
22574  -41.468  -77.681  -10.458 0.6000000238
22573  -40.459  -77.789  -10.115 0.6000000238
152964  -41.005  -77.360  -10.227 0.5000000000
19509  -44.309  -81.635  -7.749 0.4000000060
18661  -44.393  -82.190  -8.234 0.5000000000
22546  -34.568  -77.172  -8.658 0.6999999881
20257  -44.828  -80.455  -7.728 0.6000000238
20994  -44.933  -79.660  -7.826 0.6000000238
21786  -37.155  -78.134  -9.770 0.6999999881
21785  -44.167  -78.457  -8.635 0.6000000238
21787  -37.884  -78.239  -9.944 0.6999999881
21784  -43.441  -77.943  -9.337 0.5000000000
23383  -43.264  -77.127  -9.228 0.6000000238
21788  -38.660  -78.273  -9.924 0.6999999881
21794  -39.827  -78.100  -9.983 0.6000000238
23381  -41.933  -76.226  -10.124 0.5000000000
24274  -42.169  -75.919  -9.488 0.5000000000
149209  -39.853  -77.711  -9.963 0.5000000000
152748  -31.370  -76.909  -8.095 0.6000000238
22557  -31.184  -76.605  -9.563 0.6000000238
19508  -43.302  -81.906  -7.479 0.5000000000
19494  -44.023  -81.053  -7.256 0.5000000000
168315  -32.523  -76.933  -9.039 0.6999999881
22545  -33.416  -76.926  -8.405 0.6999999881
20256  -44.641  -80.815  -7.540 0.5000000000
20987  -44.978  -79.685  -7.260 0.5000000000
158832  -44.827  -78.279  -6.514 0.4000000060
22547  -35.512  -77.456  -8.916 0.6999999881
21773  -45.059  -78.989  -7.359 0.5000000000
22561  -35.697  -77.654  -10.104 0.6999999881
22562  -36.511  -77.918  -10.477 0.6999999881
155884  -44.729  -77.436  -7.047 0.5000000000
21791  -37.162  -78.075  -10.546 0.6999999881
22571  -38.148  -77.882  -10.358 0.6000000238
23373  -43.649  -76.982  -8.268 0.5000000000
22572  -39.103  -77.676  -10.084 0.6000000238
24266  -42.382  -76.006  -8.571 0.5000000000
22579  -38.484  -77.429  -10.428 0.5000000000
151590  -39.170  -76.892  -10.236 0.5000000000
24283  -39.835  -75.966  -10.147 0.5000000000
24264  -40.914  -75.268  -9.185 0.5000000000
24272  -40.811  -75.427  -9.650 0.5000000000
161547  -40.428  -74.954  -8.792 0.3000000119
21750  -44.190  -78.139  -5.843 0.3000000119
22556  -30.246  -76.612  -9.504 0.6000000238
22543  -30.805  -76.869  -8.893 0.6000000238
20974  -44.253  -79.620  -6.670 0.4000000060
21751  -44.647  -77.848  -6.046 0.4000000060
22565  -32.808  -76.816  -10.367 0.6000000238
23370  -44.643  -76.912  -6.536 0.5000000000
22559  -33.918  -77.234  -9.691 0.6999999881
149845  -35.105  -77.526  -10.743 0.6999999881
23369  -44.251  -76.750  -7.254 0.5000000000
22577  -36.559  -77.570  -11.155 0.5000000000
23368  -43.259  -76.454  -7.917 0.5000000000
22578  -37.523  -77.407  -10.938 0.5000000000
24258  -41.594  -75.726  -7.996 0.4000000060
166996  -41.047  -75.329  -8.782 0.3000000119
24257  -40.675  -75.397  -7.990 0.4000000060
25150  -39.879  -74.354  -9.066 0.5000000000
25151  -40.376  -74.839  -9.076 0.4000000060
23379  -29.619  -76.441  -9.862 0.6000000238
157580  -30.229  -76.335  -10.030 0.6000000238
23386  -31.421  -76.371  -10.315 0.6000000238
167074  -31.831  -76.230  -10.806 0.6000000238
24279  -32.514  -76.265  -11.093 0.6000000238
24249  -44.402  -76.034  -5.645 0.3000000119
23362  -44.384  -76.383  -6.343 0.4000000060
22566  -33.519  -77.079  -10.533 0.6000000238
24248  -44.023  -75.747  -6.059 0.3000000119
22567  -34.342  -77.352  -10.703 0.6000000238
22568  -35.852  -77.603  -11.154 0.6999999881
24230  -41.349  -75.460  -6.247 0.3000000119
24260  -43.708  -76.217  -6.917 0.3000000119
167380  -35.375  -77.146  -11.651 0.6000000238
24229  -40.265  -75.442  -6.393 0.3000000119
24246  -41.978  -75.785  -6.892 0.3000000119
24290  -35.592  -75.902  -11.621 0.5000000000
168089  -36.004  -77.246  -11.514 0.5000000000
23398  -36.581  -77.023  -11.471 0.5000000000
25136  -38.720  -74.857  -6.816 0.3000000119
24244  -40.065  -75.410  -7.210 0.3000000119
23389  -37.322  -76.406  -10.989 0.5000000000
24281  -38.081  -75.630  -10.462 0.5000000000
25141  -38.992  -74.072  -7.817 0.3000000119
24280  -37.048  -75.439  -10.816 0.5000000000
26037  -39.232  -73.751  -8.580 0.4000000060
26024  -39.116  -73.599  -8.324 0.3000000119
24276  -29.766  -75.806  -10.428 0.5000000000
23384  -29.994  -76.153  -10.285 0.6000000238
142292  -31.114  -75.369  -10.812 0.5000000000
23387  -33.116  -76.655  -10.906 0.6000000238
24287  -32.801  -75.656  -11.427 0.5000000000
25124  -38.614  -74.963  -5.856 0.3000000119
23388  -34.029  -77.004  -11.326 0.6000000238
25123  -37.598  -74.268  -5.693 0.3000000119
24228  -39.396  -75.277  -6.520 0.3000000119
146588  -34.727  -76.990  -11.699 0.6000000238
24291  -36.413  -76.122  -11.325 0.5000000000
26042  -36.309  -74.075  -10.169 0.5000000000
25149  -39.224  -74.029  -9.257 0.4000000060
26027  -37.205  -72.795  -8.714 0.4000000060
25153  -30.267  -75.230  -10.529 0.5000000000
26039  -30.742  -74.315  -10.597 0.5000000000
166083  -31.337  -74.657  -10.872 0.5000000000
24278  -31.206  -76.051  -10.727 0.5000000000
24286  -31.955  -74.939  -11.176 0.5000000000
25998  -37.641  -73.781  -4.431 0.3000000119
25107  -37.311  -74.044  -5.088 0.3000000119
24288  -33.804  -75.721  -11.652 0.6000000238
25162  -34.147  -74.725  -11.781 0.6000000238
24289  -34.754  -75.601  -11.775 0.5000000000
25155  -35.780  -74.385  -11.060 0.5000000000
26903  -38.471  -72.639  -7.978 0.4000000060
26906  -36.614  -72.199  -8.455 0.4000000060
26915  -30.978  -73.205  -10.439 0.5000000000
26916  -31.697  -73.048  -10.710 0.5000000000
26917  -32.288  -72.448  -10.880 0.5000000000
25985  -37.167  -73.330  -3.799 0.4000000060
26867  -35.821  -72.720  -3.747 0.4000000060
25160  -32.869  -74.645  -11.374 0.5000000000
166221  -33.499  -74.377  -11.608 0.5000000000
26883  -35.725  -72.547  -4.579 0.4000000060
26884  -36.197  -73.057  -5.169 0.3000000119
26043  -33.086  -73.741  -11.433 0.4000000060
26016  -36.765  -72.489  -6.068 0.3000000119
26045  -34.602  -73.988  -11.899 0.4000000060
145933  -35.212  -73.695  -11.527 0.4000000060
26905  -35.508  -72.142  -9.310 0.4000000060
27768  -31.193  -71.563  -10.014 0.5000000000
27771  -31.882  -71.760  -10.426 0.5000000000
27772  -32.706  -71.480  -10.894 0.5000000000
26852  -35.252  -72.115  -3.190 0.4000000060
26920  -32.886  -72.952  -11.381 0.5000000000
28574  -33.425  -70.778  -11.162 0.4000000060
166095  -35.013  -71.642  -4.134 0.4000000060
27739  -35.433  -71.636  -4.720 0.4000000060
27773  -33.845  -71.639  -11.767 0.4000000060
154284  -34.229  -72.409  -12.118 0.4000000060
27748  -35.992  -71.057  -5.583 0.4000000060
26922  -34.605  -73.181  -12.087 0.4000000060
26923  -35.157  -72.791  -11.964 0.4000000060
169382  -35.420  -72.480  -11.742 0.4000000060
26033  -35.727  -73.538  -10.334 0.4000000060
142594  -35.491  -72.501  -10.673 0.4000000060
27769  -35.373  -71.659  -9.786 0.4000000060
28566  -34.951  -70.629  -8.347 0.4000000060
27762  -34.804  -70.980  -8.955 0.4000000060
28572  -31.892  -71.020  -10.150 0.4000000060
27711  -34.691  -71.531  -2.701 0.4000000060
27726  -34.753  -71.554  -3.583 0.4000000060
28573  -32.573  -70.530  -10.410 0.5000000000
28577  -34.588  -71.027  -12.216 0.4000000060
29406  -34.987  -69.326  -4.732 0.4000000060
27775  -34.812  -71.828  -12.378 0.4000000060
27776  -35.352  -71.938  -12.292 0.4000000060
27757  -35.720  -70.920  -7.728 0.3000000119
29443  -32.266  -69.264  -9.810 0.4000000060
155718  -32.577  -69.835  -10.150 0.5000000000
156698  -33.118  -70.078  -10.589 0.4000000060
29396  -33.967  -69.267  -3.466 0.4000000060
29449  -34.242  -69.110  -11.357 0.4000000060
29448  -33.893  -70.051  -11.272 0.4000000060
30304  -35.019  -68.523  -11.715 0.4000000060
29452  -34.964  -70.171  -12.189 0.4000000060
167187  -35.841  -70.346  -12.787 0.4000000060
28579  -36.220  -70.708  -12.804 0.4000000060
28575  -36.314  -71.078  -12.326 0.4000000060
29450  -36.675  -70.461  -11.562 0.4000000060
29444  -34.865  -70.103  -8.829 0.4000000060
155173  -35.579  -70.388  -9.850 0.4000000060
29438  -35.224  -69.413  -9.149 0.4000000060
30302  -33.366  -68.309  -10.471 0.4000000060
31234  -34.518  -67.532  -11.136 0.4000000060
29453  -35.493  -69.517  -12.346 0.4000000060
29454  -36.483  -69.914  -12.783 0.4000000060
29437  -34.779  -69.284  -8.251 0.4000000060
157496  -37.500  -68.760  -12.402 0.4000000060
29451  -37.240  -69.911  -12.310 0.4000000060
30309  -37.548  -69.220  -12.282 0.4000000060
29446  -37.352  -69.563  -11.547 0.4000000060
29445  -36.319  -69.634  -10.271 0.4000000060
32212  -34.027  -66.560  -10.768 0.4000000060
32213  -35.066  -66.849  -11.290 0.4000000060
32219  -36.465  -67.304  -11.769 0.4000000060
31240  -35.689  -67.956  -11.755 0.4000000060
31241  -36.835  -68.469  -12.332 0.4000000060
31242  -37.496  -68.083  -12.058 0.4000000060
31236  -38.128  -67.615  -11.460 0.4000000060
31215  -35.589  -67.748  -8.786 0.3000000119
31225  -37.625  -67.991  -10.469 0.4000000060
30298  -35.814  -68.684  -9.451 0.4000000060
33196  -33.706  -65.680  -10.536 0.4000000060
33197  -34.472  -65.848  -11.000 0.4000000060
34160  -34.592  -64.396  -10.746 0.4000000060
33202  -35.516  -66.096  -11.353 0.4000000060
33203  -35.846  -65.346  -11.427 0.4000000060
32221  -37.558  -67.207  -11.781 0.4000000060
32223  -38.698  -66.388  -11.179 0.4000000060
31214  -34.817  -67.842  -7.955 0.4000000060
30291  -34.985  -68.561  -8.539 0.3000000119
31226  -38.330  -67.299  -10.854 0.4000000060
31224  -36.517  -68.122  -9.661 0.5000000000
32198  -36.835  -66.649  -9.076 0.4000000060
32208  -38.373  -66.518  -10.196 0.5000000000
35153  -35.202  -63.786  -10.761 0.4000000060
35154  -35.938  -63.119  -10.875 0.4000000060
34161  -35.396  -64.574  -11.168 0.4000000060
35159  -36.700  -63.640  -11.416 0.4000000060
34165  -36.193  -64.765  -11.425 0.4000000060
32209  -38.769  -66.492  -10.876 0.4000000060
32207  -37.688  -67.064  -9.862 0.5000000000
36072  -34.992  -63.016  -10.393 0.4000000060
36074  -37.006  -62.915  -11.384 0.4000000060
33190  -38.958  -65.922  -10.379 0.4000000060
33183  -38.144  -65.702  -9.553 0.5000000000
163447  -35.293  -61.800  -9.841 0.4000000060
37034  -36.389  -61.314  -10.463 0.4000000060
37035  -37.004  -61.382  -11.015 0.4000000060
34152  -38.856  -65.204  -9.732 0.5000000000
40032  -36.197  -58.930  -9.905 0.4000000060
160652  -35.892  -61.081  -9.839 0.4000000060
38010  -36.120  -60.268  -9.724 0.4000000060
38016  -36.533  -60.507  -10.380 0.4000000060
39039  -37.055  -59.693  -10.769 0.4000000060
39040  -37.964  -59.648  -11.374 0.5000000000
38009  -35.524  -60.398  -9.268 0.4000000060
25157  -37.713  -74.742  -10.143 0.5000000000
26034  -36.585  -73.478  -9.483 0.5000000000
26028  -38.341  -72.839  -8.379 0.4000000060
16926  -43.341  -83.845  -11.122 0.5000000000
19526  -39.713  -82.012  -8.912 0.8000000119
19523  -39.223  -81.339  -8.416 0.8000000119
20255  -38.175  -80.365  -7.689 0.6999999881
16908  -43.094  -84.720  -9.842 0.5000000000
20984  -37.169  -78.895  -7.140 0.6999999881
16907  -42.272  -84.922  -9.503 0.5000000000
22518  -36.009  -77.657  -7.165 0.6999999881
18660  -43.261  -82.772  -7.885 0.4000000060
162749  -42.938  -84.207  -9.086 0.4000000060
22532  -35.327  -77.274  -7.625 0.6999999881
147685  -31.724  -76.875  -8.971 0.6999999881
18659  -42.287  -82.494  -7.462 0.4000000060
19493  -42.780  -81.083  -6.921 0.4000000060
152210  -30.417  -76.984  -8.115 0.6000000238
20962  -43.755  -78.937  -6.158 0.4000000060
23378  -28.720  -76.644  -9.730 0.6000000238
24275  -29.057  -75.633  -10.189 0.5000000000
25152  -29.513  -75.001  -10.276 0.5000000000
26032  -30.007  -73.352  -10.186 0.5000000000
26912  -30.456  -72.291  -9.994 0.4000000060
28569  -31.182  -70.734  -9.668 0.4000000060
163538  -31.953  -68.645  -9.527 0.4000000060
30297  -32.590  -68.491  -9.912 0.4000000060
31223  -32.739  -66.884  -10.110 0.4000000060
32206  -33.207  -66.328  -10.301 0.4000000060
34159  -34.123  -65.025  -10.709 0.4000000060
35152  -34.443  -63.617  -10.362 0.4000000060
151357  -34.373  -62.966  -10.067 0.4000000060
37029  -34.605  -61.794  -9.393 0.4000000060
39020  -35.386  -59.491  -8.913 0.4000000060
18696  -40.979  -82.837  -10.153 0.8000000119
19527  -40.921  -81.076  -9.221 0.8000000119
17774  -44.146  -83.179  -9.308 0.5000000000
20263  -38.987  -80.407  -8.146 0.6999999881
21783  -38.639  -78.719  -9.081 0.6999999881
150349  -44.575  -81.050  -8.618 0.6000000238
21003  -43.199  -79.045  -10.000 0.6999999881
21001  -41.908  -78.645  -10.374 0.6999999881
162135  -44.769  -78.951  -8.019 0.6000000238
22563  -42.750  -77.461  -10.008 0.6000000238
21797  -41.953  -78.122  -10.491 0.6000000238
22549  -43.978  -77.608  -8.537 0.5000000000
22564  -32.138  -76.738  -9.803 0.6000000238
146785  -43.652  -80.371  -6.828 0.5000000000
20975  -44.908  -79.620  -6.971 0.5000000000
23363  -44.619  -76.664  -5.939 0.3000000119
25158  -38.773  -74.733  -9.962 0.5000000000
153738  -31.858  -75.873  -11.099 0.6000000238
25163  -35.516  -75.071  -11.682 0.5000000000
25148  -38.352  -73.936  -9.473 0.5000000000
26913  -35.590  -72.880  -10.076 0.4000000060
26919  -35.428  -73.076  -11.115 0.4000000060
27764  -36.108  -71.571  -8.123 0.4000000060
28571  -35.869  -71.289  -10.775 0.4000000060
28576  -36.811  -70.383  -12.644 0.4000000060
31233  -33.483  -67.314  -10.515 0.4000000060
30305  -37.859  -68.738  -11.497 0.4000000060
168307  -36.763  -60.932  -10.727 0.4000000060
17876  -29.860  -82.844  -16.636 0.4000000060
167776  -30.616  -83.103  -17.014 0.4000000060
17878  -31.932  -82.687  -16.532 0.4000000060
17889  -32.474  -83.412  -17.158 0.4000000060
17867  -31.438  -82.467  -15.932 0.4000000060
18760  -32.524  -82.322  -16.158 0.4000000060
17879  -33.037  -82.834  -16.718 0.4000000060
18761  -33.626  -82.324  -16.434 0.4000000060
17882  -35.166  -83.018  -16.825 0.5000000000
18754  -31.453  -82.498  -15.314 0.4000000060
18755  -32.128  -82.331  -15.640 0.4000000060
154572  -33.517  -82.108  -15.636 0.5000000000
18758  -35.044  -82.074  -16.096 0.5000000000
18748  -36.171  -82.080  -15.078 0.6000000238
18743  -31.208  -82.801  -14.523 0.4000000060
18744  -31.830  -82.503  -14.811 0.4000000060
18730  -33.469  -82.465  -14.629 0.4000000060
18763  -35.360  -82.421  -16.349 0.5000000000
147273  -42.334  -83.771  -8.405 0.3000000119
16887  -41.539  -83.637  -7.956 0.4000000060
20246  -41.912  -80.661  -6.423 0.3000000119
161022  -35.887  -82.662  -16.149 0.5000000000
15229  -41.465  -86.105  -11.194 0.5000000000
16081  -41.781  -85.547  -9.976 0.4000000060
150986  -31.708  -83.198  -11.965 0.4000000060
18747  -35.408  -81.970  -15.436 0.5000000000
18718  -31.428  -83.199  -12.879 0.4000000060
18728  -31.631  -82.920  -13.852 0.4000000060
160811  -36.280  -82.474  -15.338 0.6000000238
17869  -37.619  -83.478  -14.992 0.6000000238
17856  -38.588  -83.265  -14.959 0.6999999881
16099  -42.014  -85.619  -11.405 0.5000000000
16954  -38.317  -83.897  -15.016 0.6999999881
16135  -39.099  -85.591  -14.141 0.6999999881
16108  -41.032  -85.527  -12.605 0.6999999881
143702  -38.932  -83.804  -15.013 0.6999999881
16120  -39.724  -84.899  -13.865 0.6999999881
17838  -34.034  -82.971  -13.579 0.5000000000
18731  -34.688  -82.310  -14.610 0.6000000238
162154  -36.194  -82.175  -14.554 0.6000000238
17841  -37.070  -82.523  -13.749 0.6000000238
17818  -32.571  -83.163  -11.972 0.4000000060
17819  -33.596  -83.209  -12.393 0.5000000000
17839  -35.094  -82.725  -13.667 0.6000000238
18749  -36.848  -82.619  -14.663 0.6000000238
18735  -38.402  -82.957  -14.419 0.6000000238
160483  -39.038  -82.934  -14.719 0.6000000238
20247  -42.720  -80.340  -6.576 0.3000000119
18750  -37.872  -83.096  -14.553 0.6000000238
157005  -39.378  -83.785  -14.484 0.6999999881
16100  -42.309  -85.009  -11.757 0.6000000238
16914  -43.150  -84.822  -10.522 0.5000000000
18694  -33.234  -82.491  -10.530 0.6000000238
17781  -33.992  -82.729  -10.928 0.6000000238
17782  -34.792  -82.787  -11.024 0.6999999881
17821  -35.502  -83.054  -12.674 0.6000000238
17822  -36.461  -83.032  -12.924 0.6000000238
17824  -38.466  -82.951  -13.026 0.6000000238
164713  -32.650  -82.776  -11.008 0.5000000000
17820  -34.549  -83.149  -12.629 0.6000000238
17843  -38.955  -83.012  -13.961 0.6000000238
164158  -39.932  -83.458  -13.563 0.6999999881
17826  -41.361  -84.092  -12.491 0.6999999881
17845  -40.656  -83.986  -13.164 0.6999999881
16925  -43.008  -84.501  -11.311 0.6000000238
16934  -41.906  -84.512  -12.213 0.6999999881
18695  -34.194  -82.418  -10.373 0.6000000238
17767  -35.056  -82.553  -10.209 0.6999999881
17783  -35.652  -82.896  -10.766 0.6999999881
17804  -35.499  -83.051  -11.611 0.6999999881
17806  -37.760  -83.191  -12.024 0.6000000238
17810  -42.260  -83.446  -11.465 0.5000000000
17825  -39.534  -83.131  -13.115 0.6999999881
152913  -40.574  -83.574  -12.656 0.6999999881
17827  -42.090  -83.976  -11.980 0.6000000238
18682  -37.109  -82.725  -9.067 0.6999999881
18684  -39.257  -82.733  -9.372 0.6999999881
17768  -35.875  -82.916  -9.937 0.6999999881
158785  -38.038  -83.348  -10.255 0.6000000238
17786  -38.746  -83.440  -10.452 0.5000000000
17784  -36.483  -83.080  -10.563 0.6999999881
157218  -38.083  -83.429  -11.053 0.6000000238
17808  -39.743  -83.487  -11.857 0.6999999881
17789  -41.423  -83.301  -11.016 0.5000000000
17807  -38.766  -83.365  -11.997 0.6000000238
17809  -40.625  -83.489  -11.472 0.6999999881
149988  -41.473  -83.685  -11.958 0.6000000238
162709  -38.215  -82.002  -8.335 0.6999999881
18673  -38.883  -82.139  -8.669 0.6999999881
19522  -38.412  -81.244  -8.003 0.6999999881
17788  -40.546  -83.257  -10.595 0.6000000238
17772  -40.005  -83.089  -9.968 0.6999999881
16087  -42.015  -85.700  -10.741 0.5000000000
17787  -39.692  -83.428  -10.715 0.6000000238
17877  -30.910  -82.710  -16.485 0.4000000060
18762  -34.663  -82.559  -16.670 0.4000000060
18727  -31.237  -83.091  -13.612 0.4000000060
18745  -32.677  -82.339  -15.214 0.4000000060
17837  -32.945  -83.073  -13.320 0.4000000060
18719  -32.037  -83.109  -13.020 0.4000000060
16121  -40.285  -85.661  -13.109 0.6999999881
16945  -40.585  -84.715  -13.281 0.6999999881
17840  -36.136  -82.442  -13.863 0.6000000238
17823  -37.404  -83.013  -12.949 0.6000000238
17803  -34.218  -83.031  -11.645 0.6999999881
156873  -34.903  -83.057  -11.865 0.6000000238
17805  -36.813  -83.149  -12.081 0.6000000238
17769  -36.749  -83.014  -9.786 0.6999999881
160858  -38.981  -83.525  -11.179 0.6000000238
18683  -38.157  -82.653  -8.988 0.6000000238
18680  -35.322  -82.442  -9.431 0.5000000000
18693  -32.296  -82.483  -10.415 0.4000000060
18678  -33.428  -82.097  -9.819 0.5000000000
18670  -35.618  -82.189  -8.682 0.6000000238
17780  -31.248  -83.131  -10.572 0.4000000060
18666  -31.505  -81.882  -9.076 0.5000000000
18676  -31.877  -82.152  -9.760 0.5000000000
18668  -33.612  -81.782  -8.992 0.5000000000
18669  -34.715  -81.994  -8.892 0.5000000000
157896  -34.649  -81.265  -7.287 0.5000000000
18679  -34.429  -82.174  -9.650 0.5000000000
18671  -36.525  -82.300  -8.530 0.6000000238
18657  -36.869  -81.805  -7.938 0.5000000000
18656  -35.980  -81.818  -7.959 0.5000000000
19504  -36.448  -81.214  -7.328 0.6999999881
19491  -35.819  -80.832  -6.848 0.6000000238
20244  -36.427  -80.357  -6.804 0.6000000238
17759  -31.295  -82.328  -8.801 0.5000000000
18667  -31.722  -81.557  -8.499 0.5000000000
19501  -33.071  -81.196  -7.495 0.5000000000
19489  -33.858  -81.075  -6.995 0.5000000000
19520  -34.165  -81.679  -8.396 0.5000000000
19505  -37.213  -81.278  -7.590 0.6000000238
19490  -35.017  -80.852  -6.739 0.6000000238
20243  -35.582  -80.111  -6.407 0.5000000000
20972  -36.541  -78.909  -6.665 0.6000000238
149744  -31.348  -81.903  -8.067 0.5000000000
18654  -31.735  -81.488  -7.822 0.5000000000
19487  -32.493  -80.863  -6.236 0.5000000000
19488  -32.982  -81.036  -6.831 0.5000000000
153293  -34.264  -80.659  -6.488 0.5000000000
20254  -37.271  -80.492  -7.291 0.6000000238
20970  -34.901  -79.519  -5.952 0.5000000000
20971  -35.715  -79.025  -6.175 0.6000000238
160800  -31.339  -82.803  -8.083 0.5000000000
18653  -31.595  -81.698  -7.175 0.5000000000
19486  -31.745  -81.308  -6.354 0.5000000000
20217  -31.990  -79.966  -5.226 0.5000000000
163690  -31.574  -79.354  -5.032 0.6000000238
20227  -32.309  -80.410  -5.608 0.4000000060
21729  -30.832  -78.899  -5.005 0.4000000060
20945  -32.347  -79.323  -5.136 0.5000000000
20956  -33.583  -79.204  -5.328 0.5000000000
144238  -33.037  -80.348  -5.826 0.4000000060
22497  -29.899  -77.697  -5.782 0.4000000060
162895  -31.511  -77.711  -5.353 0.5000000000
21744  -32.838  -78.253  -5.080 0.5000000000
22511  -29.277  -77.478  -6.662 0.4000000060
21745  -33.643  -78.341  -5.281 0.6000000238
21746  -34.582  -78.151  -5.598 0.6000000238
22502  -34.794  -77.593  -6.064 0.6000000238
22531  -34.370  -76.984  -7.476 0.6000000238
21730  -31.558  -78.450  -5.044 0.5000000000
22512  -30.462  -77.218  -6.340 0.5000000000
22513  -31.482  -77.177  -6.113 0.5000000000
22499  -32.154  -77.445  -5.531 0.5000000000
22526  -28.992  -77.316  -7.662 0.4000000060
22527  -29.877  -77.039  -7.174 0.5000000000
166551  -32.673  -76.919  -6.677 0.6000000238
22500  -32.974  -77.597  -5.441 0.6000000238
22530  -33.664  -76.876  -7.156 0.6000000238
22528  -30.950  -77.016  -7.160 0.5000000000
23377  -27.837  -76.471  -9.793 0.3000000119
22554  -28.576  -77.107  -9.289 0.4000000060
22541  -28.939  -77.229  -8.708 0.4000000060
158889  -29.615  -77.098  -8.172 0.5000000000
22544  -32.315  -76.856  -8.181 0.6000000238
153026  -30.455  -71.278  -9.539 0.3000000119
26911  -29.763  -72.579  -9.799 0.3000000119
25146  -29.266  -73.994  -10.057 0.4000000060
25145  -28.745  -74.732  -9.959 0.4000000060
30289  -31.378  -68.336  -9.114 0.3000000119
33189  -33.077  -65.472  -10.072 0.3000000119
31222  -32.167  -67.085  -9.707 0.3000000119
150889  -33.142  -64.642  -9.970 0.3000000119
151493  -33.552  -64.992  -10.338 0.3000000119
35146  -33.825  -63.356  -9.992 0.3000000119
145566  -34.018  -62.564  -9.601 0.3000000119
22555  -29.322  -76.859  -9.370 0.5000000000
168864  -31.142  -70.028  -9.443 0.3000000119
18672  -37.416  -82.247  -8.440 0.5000000000
157342  -32.613  -81.483  -8.600 0.5000000000
20957  -34.344  -78.992  -5.459 0.5000000000
22501  -33.973  -77.571  -5.738 0.6000000238
15219  -41.258  -85.998  -10.526 0.3000000119
15265  -39.535  -86.065  -13.484 0.6000000238
167055  -40.549  -86.034  -12.624 0.6000000238
16059  -39.051  -84.949  -8.140 0.3000000119
16898  -39.870  -84.843  -8.340 0.3000000119
16070  -40.347  -85.262  -8.991 0.3000000119
16899  -40.686  -84.671  -8.515 0.3000000119
16069  -39.492  -85.417  -8.764 0.3000000119
16071  -41.287  -85.111  -9.208 0.3000000119
16900  -41.700  -84.365  -8.652 0.3000000119
15266  -39.994  -86.495  -12.658 0.6000000238
15246  -40.816  -86.467  -11.593 0.5000000000
16884  -38.690  -84.597  -7.441 0.3000000119
17749  -40.044  -83.817  -7.409 0.3000000119
162058  -40.174  -84.379  -7.973 0.3000000119
18658  -41.366  -82.998  -7.325 0.3000000119
16079  -39.934  -85.826  -9.489 0.3000000119
15218  -40.397  -86.249  -10.258 0.3000000119
14332  -40.091  -87.003  -11.370 0.4000000060
18709  -31.993  -82.847  -11.106 0.4000000060
16871  -37.747  -84.637  -6.502 0.3000000119
16873  -39.112  -84.005  -7.075 0.3000000119
18644  -39.802  -82.717  -6.321 0.3000000119
17741  -40.444  -83.097  -6.905 0.3000000119
16157  -33.759  -84.996  -17.470 0.5000000000
15306  -33.488  -85.776  -17.699 0.5000000000
17888  -31.020  -83.876  -17.410 0.4000000060
157193  -32.017  -84.127  -17.557 0.4000000060
16981  -32.975  -84.338  -17.607 0.4000000060
154056  -33.056  -85.921  -17.858 0.5000000000
15287  -35.074  -85.725  -15.513 0.5000000000
15297  -34.344  -85.567  -16.474 0.5000000000
16983  -34.355  -84.253  -17.352 0.5000000000
16147  -34.552  -84.553  -17.268 0.5000000000
17891  -34.205  -83.701  -17.332 0.4000000060
15276  -36.821  -86.941  -14.680 0.6000000238
16132  -36.585  -85.937  -15.072 0.6000000238
16139  -36.331  -84.910  -15.332 0.5000000000
16137  -35.052  -84.627  -16.615 0.5000000000
17880  -34.123  -82.990  -17.083 0.3000000119
17881  -34.723  -83.362  -17.207 0.4000000060
16973  -34.909  -83.770  -17.256 0.5000000000
14378  -38.051  -87.134  -13.827 0.6000000238
16133  -37.926  -85.464  -15.006 0.6000000238
152047  -36.876  -84.137  -15.174 0.6000000238
16964  -35.556  -83.656  -16.493 0.4000000060
16138  -35.597  -84.692  -15.733 0.5000000000
14365  -38.528  -87.414  -13.303 0.6000000238
15217  -39.521  -86.448  -9.947 0.3000000119
14351  -39.481  -87.694  -11.727 0.4000000060
16134  -38.467  -85.676  -14.625 0.6000000238
16965  -36.137  -83.787  -15.671 0.4000000060
15216  -38.694  -86.642  -9.643 0.3000000119
16068  -38.653  -85.564  -8.528 0.3000000119
15227  -39.920  -86.847  -10.703 0.3000000119
14358  -39.495  -87.351  -12.404 0.5000000000
157034  -38.452  -84.697  -14.956 0.6000000238
15264  -38.664  -86.491  -13.830 0.6000000238
15277  -37.907  -86.533  -14.418 0.6000000238
14331  -39.498  -87.552  -11.038 0.3000000119
14376  -36.681  -87.815  -14.099 0.5000000000
13540  -37.172  -88.186  -13.637 0.5000000000
14364  -37.857  -87.837  -13.477 0.5000000000
13528  -36.957  -88.958  -13.282 0.4000000060
13529  -37.625  -88.616  -13.063 0.5000000000
13539  -36.332  -89.201  -13.483 0.5000000000
144442  -36.008  -88.406  -13.928 0.5000000000
12700  -36.617  -89.708  -12.949 0.4000000060
12691  -36.800  -89.947  -12.289 0.4000000060
13516  -38.323  -88.973  -11.796 0.4000000060
13517  -39.058  -88.092  -12.318 0.5000000000
15275  -35.918  -86.506  -14.936 0.5000000000
14375  -36.045  -87.473  -14.489 0.5000000000
146111  -38.880  -88.422  -11.749 0.4000000060
11894  -23.254  -91.118  -19.042 0.3000000119
11094  -22.970  -91.814  -18.866 0.3000000119
11105  -23.738  -91.352  -19.371 0.3000000119
11107  -25.159  -91.481  -19.718 0.3000000119
147051  -25.992  -91.526  -19.535 0.4000000060
11902  -24.404  -90.854  -19.632 0.3000000119
11908  -26.142  -90.274  -20.027 0.3000000119
163428  -26.010  -91.818  -19.099 0.4000000060
11108  -26.622  -91.292  -19.722 0.4000000060
11903  -26.047  -91.109  -20.063 0.3000000119
12748  -26.316  -89.341  -19.715 0.3000000119
144678  -27.369  -91.571  -18.549 0.4000000060
11085  -28.233  -91.524  -18.202 0.4000000060
11905  -27.693  -90.620  -19.693 0.4000000060
12749  -27.047  -89.979  -19.781 0.4000000060
13577  -27.313  -88.953  -19.520 0.4000000060
12750  -28.119  -89.671  -19.594 0.4000000060
11062  -28.987  -91.231  -16.043 0.3000000119
11087  -29.608  -91.222  -17.592 0.4000000060
11897  -29.647  -90.769  -18.386 0.4000000060
12743  -29.963  -90.022  -18.923 0.4000000060
12752  -29.968  -89.170  -18.934 0.4000000060
13579  -29.429  -88.893  -19.161 0.4000000060
11064  -30.533  -91.510  -15.563 0.3000000119
11088  -30.144  -91.175  -17.017 0.4000000060
11889  -30.864  -89.870  -17.342 0.4000000060
11887  -30.180  -90.708  -17.700 0.4000000060
12737  -30.719  -89.594  -17.955 0.4000000060
13564  -31.822  -88.644  -16.816 0.4000000060
12745  -30.946  -88.849  -18.247 0.4000000060
13575  -31.438  -88.178  -18.124 0.4000000060
13574  -30.580  -88.492  -18.552 0.4000000060
14416  -30.526  -87.699  -18.628 0.4000000060
11871  -31.670  -90.667  -15.603 0.4000000060
12722  -31.694  -89.589  -16.118 0.4000000060
13565  -32.304  -87.862  -16.635 0.4000000060
14410  -32.648  -87.182  -17.535 0.4000000060
147238  -31.211  -87.042  -18.501 0.4000000060
163484  -31.160  -87.800  -18.446 0.4000000060
14415  -29.710  -87.603  -18.775 0.4000000060
168925  -32.132  -89.336  -15.604 0.4000000060
13551  -32.141  -88.714  -15.940 0.4000000060
14404  -33.082  -87.105  -16.564 0.4000000060
15295  -33.227  -86.497  -17.532 0.4000000060
15313  -31.918  -86.382  -18.316 0.4000000060
15305  -32.979  -86.424  -17.812 0.4000000060
13536  -33.167  -88.300  -14.826 0.4000000060
14390  -34.096  -87.135  -15.073 0.4000000060
15286  -34.406  -86.386  -15.545 0.4000000060
12714  -35.604  -89.415  -13.653 0.4000000060
14373  -33.785  -87.813  -14.687 0.4000000060
161013  -35.416  -87.884  -14.341 0.4000000060
11839  -36.109  -90.313  -12.647 0.3000000119
12688  -36.834  -89.975  -11.737 0.3000000119
15296  -33.723  -86.153  -17.094 0.4000000060
13538  -35.111  -88.651  -14.046 0.4000000060
165600  -37.995  -89.198  -11.441 0.3000000119
15274  -35.058  -86.998  -14.882 0.4000000060
11097  -26.832  -91.562  -19.191 0.4000000060
11110  -28.081  -91.102  -19.375 0.4000000060
11907  -29.302  -90.471  -19.065 0.4000000060
12751  -29.237  -89.703  -19.318 0.4000000060
11077  -30.142  -91.376  -16.325 0.4000000060
11076  -29.462  -91.364  -16.727 0.4000000060
145724  -29.934  -91.481  -14.971 0.3000000119
11898  -30.313  -90.153  -18.239 0.4000000060
11051  -31.784  -91.405  -15.026 0.3000000119
11065  -31.171  -91.278  -15.711 0.4000000060
11879  -31.075  -90.397  -16.491 0.4000000060
12731  -31.336  -89.359  -17.057 0.4000000060
11872  -32.178  -89.991  -15.313 0.4000000060
13552  -32.602  -87.966  -15.618 0.4000000060
14418  -32.512  -86.960  -17.961 0.4000000060
15285  -33.770  -86.589  -15.944 0.4000000060
13537  -34.063  -88.774  -14.311 0.4000000060
11059  -25.928  -91.862  -16.066 0.3000000119
168029  -24.479  -94.006  -17.975 0.3000000119
9496  -24.341  -93.315  -18.735 0.3000000119
10276  -25.079  -92.556  -17.889 0.3000000119
11072  -25.791  -91.876  -17.188 0.3000000119
160080  -24.865  -92.522  -18.882 0.3000000119
150899  -25.502  -92.098  -18.503 0.3000000119
161293  -26.359  -91.503  -16.463 0.3000000119
143247  -27.305  -91.486  -17.685 0.3000000119
11075  -28.494  -91.318  -16.644 0.3000000119
11862  -32.334  -90.944  -14.923 0.3000000119
12711  -32.882  -90.179  -14.545 0.3000000119
12712  -33.749  -89.878  -14.024 0.3000000119
12699  -35.149  -90.294  -13.403 0.3000000119
11870  -28.164  -91.001  -15.732 0.3000000119
163040  -33.259  -89.257  -14.519 0.3000000119
11063  -29.755  -91.447  -15.846 0.4000000060
11073  -26.562  -91.474  -17.164 0.3000000119
11074  -27.299  -91.199  -16.480 0.3000000119
11078  -30.618  -91.153  -16.405 0.4000000060
11084  -26.397  -91.654  -18.227 0.3000000119
11086  -28.883  -91.470  -17.488 0.4000000060
11095  -23.350  -91.903  -19.245 0.3000000119
11096  -25.216  -92.035  -19.318 0.4000000060
11098  -27.807  -91.439  -19.011 0.4000000060
11099  -29.076  -91.378  -18.133 0.4000000060
11109  -27.332  -91.216  -19.548 0.4000000060
11852  -35.970  -90.077  -13.281 0.4000000060
11863  -33.432  -90.734  -13.847 0.3000000119
11888  -30.596  -90.628  -17.134 0.4000000060
11896  -28.729  -91.146  -18.840 0.4000000060
11904  -26.833  -90.848  -19.995 0.3000000119
11906  -28.583  -90.503  -19.421 0.4000000060
12692  -37.608  -89.526  -11.928 0.3000000119
12701  -37.306  -89.349  -12.645 0.4000000060
12713  -34.685  -89.626  -13.805 0.3000000119
12723  -32.561  -89.065  -15.133 0.4000000060
12738  -31.174  -89.070  -17.744 0.4000000060
12744  -30.445  -89.386  -18.504 0.4000000060
13521  -38.038  -88.966  -12.404 0.4000000060
13522  -38.403  -88.213  -12.819 0.5000000000
13570  -31.616  -88.448  -17.540 0.4000000060
13571  -31.997  -87.878  -17.345 0.4000000060
13578  -28.713  -88.940  -19.385 0.4000000060
14350  -39.093  -88.131  -11.287 0.3000000119
14352  -40.146  -86.942  -11.980 0.5000000000
14366  -39.222  -86.964  -13.086 0.6000000238
14374  -34.559  -87.839  -14.500 0.4000000060
14377  -37.394  -87.328  -14.115 0.6000000238
14389  -33.339  -87.421  -15.368 0.4000000060
14409  -31.997  -87.581  -17.816 0.4000000060
14417  -31.882  -87.168  -18.211 0.4000000060
14422  -29.915  -88.344  -18.865 0.4000000060
15206  -39.091  -86.019  -9.197 0.3000000119
15226  -39.141  -87.127  -10.379 0.3000000119
15228  -40.744  -86.531  -10.976 0.4000000060
15247  -41.483  -85.888  -11.874 0.6999999881
15256  -40.754  -86.307  -12.205 0.6000000238
15314  -32.580  -86.428  -18.065 0.4000000060
16045  -37.962  -84.866  -7.112 0.3000000119
16080  -40.852  -85.696  -9.731 0.3000000119
16082  -42.573  -85.265  -10.262 0.5000000000
16088  -42.630  -85.279  -11.024 0.5000000000
16109  -41.743  -85.189  -12.223 0.6000000238
16131  -35.847  -85.581  -15.277 0.5000000000
16140  -37.145  -85.225  -15.137 0.6000000238
16146  -33.995  -85.163  -17.382 0.5000000000
16156  -33.234  -85.232  -17.734 0.5000000000
16162  -32.597  -85.779  -18.077 0.5000000000
16885  -39.497  -84.434  -7.714 0.3000000119
16886  -40.808  -84.056  -7.997 0.3000000119
16901  -43.820  -83.608  -9.097 0.6000000238
16933  -41.285  -84.621  -12.706 0.6999999881
16935  -42.424  -84.317  -11.803 0.6000000238
16944  -39.986  -83.871  -13.819 0.6999999881
16955  -39.043  -84.719  -14.603 0.6999999881
16966  -37.734  -84.496  -15.071 0.6999999881
16982  -33.749  -84.416  -17.418 0.5000000000
17740  -39.518  -83.371  -6.677 0.3000000119
17750  -40.834  -83.523  -7.485 0.3000000119
17751  -42.328  -83.188  -7.898 0.4000000060
17758  -31.181  -83.136  -9.340 0.5000000000
17760  -43.165  -83.433  -8.451 0.4000000060
17761  -44.153  -83.136  -8.874 0.5000000000
17766  -31.483  -82.612  -9.668 0.5000000000
17770  -37.639  -83.076  -9.673 0.6000000238
17771  -38.525  -83.158  -9.737 0.6999999881
17773  -43.945  -83.864  -9.894 0.5000000000
17785  -37.331  -83.225  -10.419 0.6000000238
17790  -43.705  -83.539  -10.581 0.5000000000
17802  -33.376  -82.941  -11.341 0.6999999881
17811  -42.790  -83.705  -11.526 0.5000000000
17812  -43.280  -83.190  -11.119 0.5000000000
17842  -37.999  -82.828  -13.821 0.6000000238
17844  -39.373  -83.279  -14.275 0.6000000238
17857  -39.128  -83.114  -14.927 0.6999999881
17868  -36.629  -83.101  -15.336 0.6000000238
17890  -33.477  -83.601  -17.293 0.4000000060
18655  -34.965  -81.695  -8.057 0.5000000000
18675  -44.341  -82.701  -8.774 0.5000000000
18677  -32.605  -82.157  -9.957 0.4000000060
18681  -36.180  -82.707  -9.202 0.6000000238
18685  -40.297  -82.463  -9.497 0.6999999881
18687  -44.288  -82.534  -9.357 0.6000000238
18692  -31.714  -82.700  -10.399 0.4000000060
18699  -43.661  -82.800  -10.614 0.5000000000
18710  -42.885  -82.923  -11.233 0.5000000000
18729  -32.345  -82.692  -14.178 0.4000000060
18732  -35.694  -82.150  -14.595 0.6000000238
18733  -36.629  -82.358  -14.394 0.6000000238
18734  -37.497  -82.711  -14.254 0.6000000238
18736  -38.802  -83.044  -14.799 0.6000000238
18746  -34.394  -82.029  -15.550 0.5000000000
18756  -33.076  -82.093  -15.947 0.4000000060
18757  -34.065  -81.973  -16.150 0.4000000060
18759  -37.029  -82.918  -14.869 0.6000000238
19473  -31.846  -80.911  -5.837 0.5000000000
19492  -41.646  -81.430  -6.646 0.3000000119
19500  -32.148  -81.165  -7.159 0.5000000000
19502  -34.029  -81.437  -7.741 0.5000000000
19503  -35.486  -81.344  -7.340 0.6000000238
19506  -37.778  -81.045  -7.618 0.6000000238
19510  -44.689  -81.402  -8.013 0.5000000000
19518  -32.297  -81.294  -7.980 0.5000000000
19519  -33.328  -81.457  -8.211 0.5000000000
19521  -37.658  -81.631  -7.964 0.6000000238
19533  -43.655  -81.416  -9.962 0.6000000238
19534  -43.983  -82.287  -10.076 0.6000000238
20226  -31.562  -80.684  -5.409 0.5000000000
20228  -33.944  -79.965  -5.778 0.5000000000
20241  -33.447  -80.698  -6.326 0.5000000000
20242  -34.744  -80.238  -6.282 0.5000000000
20245  -36.946  -79.621  -6.918 0.6999999881
20248  -44.558  -80.299  -7.120 0.5000000000
20267  -42.170  -80.051  -9.714 0.8000000119
20268  -43.619  -80.441  -9.678 0.6000000238
20269  -44.238  -80.295  -9.118 0.6000000238
20946  -32.953  -78.916  -5.103 0.5000000000
20955  -32.886  -79.711  -5.435 0.4000000060
20958  -35.018  -78.727  -5.748 0.6000000238
20973  -43.191  -79.700  -6.420 0.4000000060
20997  -41.715  -79.227  -10.055 0.6999999881
21000  -41.124  -78.494  -10.218 0.6000000238
21731  -32.274  -78.692  -5.021 0.5000000000
21743  -30.802  -78.095  -5.292 0.4000000060
21747  -35.356  -78.112  -5.950 0.6000000238
21758  -36.054  -78.175  -6.524 0.6999999881
21759  -44.650  -78.744  -6.486 0.4000000060
21760  -45.065  -78.973  -6.853 0.4000000060
21782  -37.756  -78.405  -8.867 0.6999999881
21789  -39.397  -78.274  -9.873 0.6000000238
21790  -43.591  -78.814  -9.395 0.6999999881
21792  -37.863  -78.099  -10.305 0.6000000238
21793  -38.872  -78.082  -10.000 0.6999999881
21795  -40.640  -78.126  -10.224 0.6000000238
21798  -42.986  -78.354  -9.968 0.6000000238
22489  -32.248  -77.948  -5.081 0.5000000000
22498  -30.820  -77.538  -5.719 0.5000000000
22514  -32.447  -77.091  -6.110 0.6000000238
22515  -33.288  -77.083  -6.343 0.6000000238
22516  -34.194  -77.166  -6.508 0.6000000238
22517  -35.449  -77.616  -6.597 0.6000000238
22519  -44.707  -77.486  -6.336 0.5000000000
22529  -32.016  -76.857  -7.065 0.6000000238
22534  -44.312  -77.348  -7.753 0.5000000000
22542  -29.885  -76.980  -8.871 0.6000000238
22548  -36.374  -77.759  -9.305 0.6999999881
22550  -44.663  -78.136  -7.719 0.6000000238
22558  -33.033  -77.026  -9.676 0.6000000238
22560  -34.840  -77.438  -9.835 0.6999999881
22569  -36.627  -77.901  -10.947 0.5000000000
22570  -37.193  -77.915  -10.741 0.6999999881
22575  -42.081  -77.521  -10.457 0.5000000000
22576  -34.906  -77.295  -11.341 0.6000000238
23372  -42.888  -76.486  -8.937 0.5000000000
23380  -30.734  -76.369  -9.967 0.6000000238
23382  -42.575  -76.609  -9.762 0.6000000238
23385  -30.666  -76.163  -10.351 0.6000000238
23390  -38.338  -76.661  -10.618 0.5000000000
23391  -39.831  -77.045  -9.966 0.5000000000
23392  -40.458  -77.166  -9.976 0.5000000000
23393  -41.625  -77.012  -10.318 0.6000000238
23395  -33.432  -76.374  -11.377 0.6000000238
23396  -34.291  -76.490  -11.685 0.6000000238
23397  -35.062  -76.587  -11.782 0.5000000000
24243  -39.402  -75.010  -7.451 0.3000000119
24245  -40.899  -75.658  -7.103 0.3000000119
24247  -43.117  -75.759  -6.492 0.3000000119
24256  -39.957  -74.988  -8.136 0.4000000060
24259  -42.664  -76.079  -7.482 0.5000000000
24263  -39.708  -74.365  -8.640 0.4000000060
24265  -41.614  -75.525  -9.097 0.3000000119
24270  -29.288  -76.201  -10.160 0.5000000000
24271  -40.282  -75.138  -9.640 0.5000000000
24273  -41.455  -75.640  -9.657 0.5000000000
24277  -30.485  -75.898  -10.596 0.6000000238
24282  -39.066  -75.772  -10.327 0.5000000000
24284  -40.426  -76.176  -10.001 0.5000000000
24285  -41.079  -76.389  -10.067 0.5000000000
25108  -38.055  -74.414  -5.165 0.3000000119
25125  -39.635  -75.165  -5.696 0.3000000119
25135  -38.064  -74.554  -6.258 0.3000000119
25142  -39.494  -74.343  -8.213 0.3000000119
25147  -37.223  -74.069  -9.749 0.5000000000
25154  -32.339  -74.117  -11.225 0.5000000000
25156  -36.700  -74.686  -10.579 0.5000000000
25159  -39.648  -74.857  -9.783 0.5000000000
25161  -33.437  -75.042  -11.564 0.5000000000
25164  -36.188  -75.197  -11.315 0.5000000000
25984  -36.433  -73.202  -3.943 0.4000000060
25986  -38.136  -73.251  -3.728 0.4000000060
25997  -36.727  -73.564  -4.613 0.4000000060
26010  -36.936  -73.586  -5.624 0.3000000119
26029  -38.839  -73.065  -8.242 0.4000000060
26035  -37.874  -73.285  -9.094 0.4000000060
26036  -38.678  -73.360  -8.793 0.4000000060
26038  -29.952  -74.386  -10.362 0.5000000000
26040  -31.592  -73.939  -10.909 0.5000000000
26041  -32.292  -73.346  -11.091 0.5000000000
26044  -33.945  -73.827  -11.871 0.5000000000
26046  -35.034  -74.553  -11.751 0.4000000060
26868  -36.654  -72.814  -3.364 0.4000000060
26891  -36.081  -72.103  -5.376 0.3000000119
26907  -37.810  -72.387  -8.049 0.4000000060
26914  -35.963  -72.857  -9.349 0.4000000060
26918  -33.243  -72.305  -11.542 0.4000000060
26921  -33.664  -73.048  -11.849 0.4000000060
27727  -35.210  -72.140  -3.998 0.4000000060
27738  -34.863  -71.068  -4.272 0.4000000060
27763  -35.049  -71.323  -8.735 0.4000000060
27770  -31.390  -72.367  -10.405 0.5000000000
27774  -35.709  -71.863  -11.734 0.4000000060
27777  -35.791  -71.298  -12.601 0.4000000060
28530  -34.472  -70.519  -3.894 0.4000000060
28541  -35.477  -70.618  -5.038 0.4000000060
28560  -34.785  -69.953  -8.014 0.3000000119
28565  -34.855  -70.521  -8.685 0.4000000060
28570  -34.971  -70.872  -9.359 0.4000000060
28578  -35.562  -70.937  -12.777 0.4000000060
29442  -31.454  -69.281  -9.389 0.3000000119
29447  -33.129  -69.281  -10.454 0.5000000000
29455  -37.138  -69.782  -12.688 0.4000000060
30296  -32.088  -67.921  -9.525 0.3000000119
30299  -36.991  -68.846  -10.478 0.4000000060
30303  -34.134  -68.150  -10.927 0.4000000060
30306  -37.880  -68.370  -11.888 0.4000000060
30307  -36.153  -68.957  -12.515 0.4000000060
30308  -37.054  -69.237  -12.710 0.4000000060
31216  -36.685  -67.373  -9.363 0.4000000060
31232  -32.724  -67.639  -10.015 0.4000000060
31235  -38.114  -68.058  -11.340 0.4000000060
31243  -37.964  -67.748  -11.786 0.4000000060
32214  -38.424  -66.965  -11.176 0.4000000060
32222  -38.215  -67.021  -11.482 0.4000000060
33198  -34.891  -65.167  -11.154 0.4000000060
34151  -33.789  -64.239  -10.348 0.3000000119
35158  -36.028  -64.048  -11.261 0.4000000060
36067  -34.772  -62.416  -9.917 0.4000000060
36073  -35.504  -62.366  -10.319 0.4000000060
37033  -35.862  -61.753  -10.222 0.4000000060
38017  -37.390  -60.559  -11.052 0.4000000060
39029  -35.931  -59.552  -9.466 0.4000000060
39030  -36.437  -59.654  -10.079 0.4000000060
144393  -24.859  -93.207  -17.444 0.3000000119
145518  -38.951  -87.642  -12.784 0.5000000000
145680  -28.067  -91.457  -17.338 0.3000000119
146063  -37.429  -86.189  -14.874 0.6000000238
146925  -32.371  -81.758  -9.259 0.5000000000
147542  -25.257  -90.535  -19.879 0.3000000119
149495  -36.268  -79.631  -6.534 0.6000000238
149897  -44.921  -78.253  -6.904 0.5000000000
151184  -32.806  -90.969  -14.208 0.3000000119
151890  -35.782  -82.066  -15.903 0.5000000000
152269  -44.709  -80.216  -8.349 0.6000000238
152335  -34.826  -68.719  -4.815 0.4000000060
152434  -32.284  -76.502  -10.607 0.6000000238
153034  -28.532  -76.111  -10.045 0.5000000000
153260  -36.407  -62.137  -10.784 0.4000000060
154026  -38.441  -66.272  -11.414 0.4000000060
154668  -34.921  -72.419  -12.259 0.4000000060
156710  -35.207  -61.216  -9.494 0.3000000119
157219  -37.106  -83.204  -11.226 0.6000000238
157542  -34.201  -70.909  -3.168 0.4000000060
158183  -36.257  -83.090  -11.371 0.6999999881
158651  -35.329  -71.416  -12.614 0.4000000060
158942  -39.259  -83.301  -9.966 0.5000000000
160486  -35.792  -76.765  -11.665 0.5000000000
160512  -31.241  -91.655  -14.958 0.3000000119
160513  -30.549  -90.201  -17.682 0.4000000060
160606  -34.852  -77.275  -6.792 0.6000000238
161175  -36.078  -83.145  -12.113 0.6000000238
161268  -41.916  -85.442  -11.833 0.6999999881
161782  -32.902  -76.838  -7.293 0.6000000238
162902  -36.090  -73.090  -4.419 0.4000000060
163461  -42.436  -78.054  -10.291 0.6000000238
163582  -43.973  -82.337  -7.936 0.4000000060
163775  -40.957  -77.845  -10.347 0.6000000238
163844  -22.964  -91.084  -18.575 0.3000000119
163922  -31.461  -83.213  -17.051 0.4000000060
165130  -43.546  -84.429  -10.095 0.6000000238
165567  -44.860  -80.185  -7.306 0.5000000000
165896  -31.879  -70.103  -9.785 0.4000000060
166566  -29.844  -77.285  -6.429 0.4000000060
166717  -38.051  -74.589  -5.725 0.3000000119
166719  -31.066  -88.322  -18.378 0.4000000060
166780  -37.385  -86.769  -14.549 0.6000000238
167073  -39.407  -77.948  -9.983 0.6000000238
167264  -37.966  -86.002  -14.813 0.6000000238
167516  -34.522  -71.056  -3.718 0.4000000060
167592  -38.687  -81.683  -8.342 0.8000000119
167648  -34.033  -70.157  -3.458 0.4000000060
167727  -39.517  -83.131  -13.856 0.6000000238
167906  -28.075  -88.934  -19.491 0.4000000060
168064  -31.380  -81.847  -8.624 0.5000000000
168415  -38.576  -88.583  -12.218 0.4000000060
169033  -34.466  -81.007  -6.860 0.5000000000
169505  -40.471  -81.813  -9.185 0.8000000119
169584  -36.624  -88.504  -13.679 0.5000000000
169760  -40.913  -82.720  -6.888 0.3000000119
