#!ascii label  , from subject sub-v1s0x0050666_ses-1 vox2ras=TkReg
1242
64713  -20.281  -33.340  -1.534 0.4285714328
65800  -21.106  -31.961  -2.183 0.2857142985
65789  -20.694  -32.635  -1.828 0.4285714328
65790  -21.594  -32.371  -1.452 0.4285714328
65791  -22.446  -31.929  -1.373 0.4285714328
166070  -21.348  -31.526  -2.463 0.2857142985
66816  -21.838  -31.533  -2.020 0.4285714328
66817  -22.681  -31.222  -1.836 0.4285714328
67939  -21.964  -30.208  -4.091 0.4285714328
69101  -22.718  -29.759  -3.723 0.4285714328
69115  -22.297  -29.478  -4.483 0.4285714328
70316  -23.272  -28.205  -4.428 0.4285714328
71464  -22.321  -27.619  -5.867 0.5714285970
71449  -22.796  -27.904  -5.135 0.5714285970
71451  -23.858  -26.973  -4.298 0.2857142985
72446  -22.947  -27.060  -5.377 0.7142857313
72435  -23.532  -26.587  -4.842 0.7142857313
73401  -24.203  -25.129  -5.240 0.7142857313
74376  -24.824  -24.726  -4.790 0.4285714328
73391  -23.818  -25.822  -4.973 0.7142857313
74385  -25.188  -23.952  -5.119 0.5714285970
74383  -23.851  -24.862  -6.058 0.5714285970
75413  -24.923  -23.715  -5.909 0.5714285970
75423  -25.232  -23.182  -6.323 0.5714285970
75414  -25.606  -23.207  -5.611 0.5714285970
74391  -24.309  -24.117  -6.300 0.5714285970
166063  -26.173  -22.931  -5.227 0.4285714328
164562  -25.852  -21.862  -6.606 0.5714285970
77561  -26.881  -21.216  -6.239 0.5714285970
76497  -24.729  -22.530  -7.477 0.7142857313
77560  -26.249  -21.402  -6.570 0.7142857313
78699  -26.439  -20.699  -6.850 0.7142857313
78700  -27.307  -20.460  -6.421 0.5714285970
76498  -25.368  -22.170  -7.033 0.5714285970
76506  -23.553  -22.445  -8.495 0.5714285970
161372  -25.197  -20.902  -7.736 0.8571428657
79788  -26.904  -19.911  -6.962 0.7142857313
79789  -27.636  -19.633  -6.599 0.5714285970
78734  -24.646  -20.415  -8.232 0.7142857313
78733  -23.915  -20.753  -8.625 0.5714285970
80776  -27.278  -18.265  -7.498 0.7142857313
80766  -27.820  -18.762  -6.823 0.5714285970
78735  -25.459  -20.034  -7.877 0.7142857313
79802  -26.624  -18.875  -7.702 0.7142857313
152950  -27.743  -17.303  -7.584 0.5714285970
80774  -26.039  -18.763  -8.229 0.7142857313
79818  -25.444  -19.236  -8.245 0.5714285970
80788  -25.434  -18.639  -8.546 0.7142857313
153587  -26.420  -17.348  -8.630 0.7142857313
155471  -27.505  -16.008  -8.317 0.7142857313
82834  -27.871  -16.375  -7.846 0.7142857313
82855  -25.246  -16.752  -9.561 0.7142857313
82843  -26.581  -16.563  -8.822 0.7142857313
142642  -26.990  -16.026  -8.750 0.7142857313
85874  -27.535  -13.878  -8.687 0.7142857313
84860  -27.739  -14.663  -8.395 0.5714285970
151117  -25.626  -16.171  -9.460 0.7142857313
151530  -24.333  -18.063  -9.515 0.5714285970
85886  -27.457  -12.933  -9.000 0.5714285970
86925  -27.870  -12.141  -9.147 0.5714285970
83860  -25.628  -15.471  -9.599 0.8571428657
86923  -26.584  -12.745  -9.652 0.7142857313
84869  -25.634  -14.517  -9.844 0.8571428657
85884  -26.063  -13.602  -9.781 0.7142857313
87898  -25.763  -11.277  -10.742 0.8571428657
87887  -26.873  -11.109  -10.026 0.5714285970
168561  -26.137  -12.162  -10.117 0.8571428657
85904  -25.270  -12.988  -10.996 0.8571428657
84877  -24.996  -14.444  -10.663 0.8571428657
144752  -25.402  -13.662  -10.433 0.8571428657
89930  -24.567  -10.276  -11.244 0.8571428657
89922  -24.677  -9.501  -10.964 0.8571428657
90909  -23.681  -8.302  -11.471 0.8571428657
86934  -25.736  -12.028  -10.791 0.8571428657
168397  -24.054  -9.731  -11.394 0.8571428657
149763  -23.091  -9.753  -12.501 1.0000000000
150934  -23.468  -8.864  -11.854 1.0000000000
88952  -24.535  -11.027  -11.450 0.8571428657
90917  -23.253  -8.399  -12.313 1.0000000000
146067  -22.719  -7.911  -13.855 1.0000000000
92850  -22.392  -7.188  -15.671 0.7142857313
90923  -22.937  -8.508  -13.200 1.0000000000
90922  -22.589  -8.553  -14.137 1.0000000000
91875  -22.750  -7.198  -13.259 1.0000000000
95981  -22.587  -3.160  -13.808 1.0000000000
94910  -21.798  -4.544  -15.492 0.8571428657
98092  -22.640  -1.686  -14.846 0.8571428657
169755  -22.106  -2.889  -15.064 1.0000000000
101190  -23.524  1.559  -15.683 0.8571428657
100121  -23.184  0.681  -15.503 0.8571428657
99119  -22.933  -0.124  -15.311 1.0000000000
103034  -23.687  3.488  -17.036 0.8571428657
103035  -24.473  3.290  -16.556 0.8571428657
168038  -23.721  4.127  -17.270 0.7142857313
102208  -21.480  2.776  -16.629 0.5714285970
103890  -21.845  4.010  -17.137 0.7142857313
104829  -22.837  5.006  -18.032 0.5714285970
162565  -19.911  3.937  -16.111 0.5714285970
103032  -21.231  3.535  -16.746 0.5714285970
103868  -19.524  4.554  -15.788 0.4285714328
104812  -20.364  5.656  -16.763 0.4285714328
104789  -18.903  5.452  -14.280 0.2857142985
104780  -18.834  5.734  -13.211 0.2857142985
145234  -18.960  6.244  -12.252 0.2857142985
66824  -20.852  -31.561  -2.937 0.2857142985
76491  -25.657  -22.543  -6.320 0.5714285970
79803  -27.156  -19.159  -7.162 0.5714285970
87888  -27.427  -11.583  -9.550 0.5714285970
84870  -26.308  -14.277  -9.348 0.7142857313
85885  -26.785  -13.658  -9.163 0.7142857313
86935  -26.191  -11.548  -10.270 0.8571428657
88943  -25.842  -10.518  -10.558 0.8571428657
89923  -25.553  -9.682  -10.564 0.8571428657
90910  -24.429  -8.617  -10.946 0.8571428657
150649  -22.496  -6.174  -14.367 0.8571428657
104759  -19.271  5.875  -10.306 0.1428571492
167311  -21.084  -31.103  -3.282 0.2857142985
67923  -21.420  -30.720  -3.587 0.2857142985
67924  -22.301  -30.446  -3.131 0.4285714328
69102  -23.492  -29.387  -3.434 0.4285714328
69114  -21.515  -29.906  -4.860 0.2857142985
70315  -22.561  -28.684  -4.813 0.4285714328
70331  -22.131  -28.423  -5.584 0.5714285970
72436  -24.150  -26.312  -4.339 0.4285714328
73408  -22.638  -25.985  -6.687 0.2857142985
163152  -23.167  -26.146  -5.653 0.7142857313
162186  -23.649  -25.472  -5.592 0.7142857313
74384  -24.551  -24.407  -5.560 0.4285714328
74390  -23.753  -24.409  -6.698 0.5714285970
76484  -27.314  -22.287  -4.915 0.4285714328
75430  -23.693  -23.560  -7.659 0.7142857313
75431  -24.450  -23.229  -7.321 0.7142857313
160203  -26.053  -22.574  -5.688 0.7142857313
76492  -26.325  -21.923  -6.028 0.5714285970
77554  -27.129  -21.725  -5.596 0.4285714328
168183  -25.818  -20.604  -7.394 0.7142857313
78718  -26.226  -20.029  -7.383 0.7142857313
77584  -23.752  -21.595  -8.563 0.5714285970
77585  -24.426  -21.221  -8.084 0.5714285970
166175  -28.338  -15.986  -7.490 0.5714285970
79816  -24.102  -19.946  -8.737 0.5714285970
81788  -28.379  -17.407  -6.913 0.5714285970
80789  -25.867  -18.109  -8.651 0.7142857313
80775  -26.576  -18.176  -8.162 0.7142857313
83843  -27.996  -15.462  -7.982 0.5714285970
81810  -25.006  -18.179  -9.010 0.8571428657
83861  -26.216  -15.018  -9.242 0.7142857313
165282  -26.525  -10.592  -10.233 0.5714285970
161249  -25.194  -12.326  -11.222 1.0000000000
91868  -23.285  -7.744  -11.989 1.0000000000
88972  -22.532  -9.899  -13.316 1.0000000000
164599  -22.255  -7.946  -15.447 0.8571428657
148629  -22.559  -6.292  -16.321 0.7142857313
93865  -22.291  -5.542  -14.714 1.0000000000
93858  -22.368  -5.558  -13.577 1.0000000000
94903  -22.035  -4.749  -14.779 0.7142857313
94897  -22.234  -4.742  -13.831 1.0000000000
163099  -22.212  -5.681  -16.507 0.7142857313
97062  -22.535  -2.499  -14.457 0.8571428657
99112  -23.270  -0.410  -14.536 1.0000000000
98093  -23.132  -1.175  -14.354 1.0000000000
102210  -23.152  2.718  -16.758 0.7142857313
104797  -19.878  5.127  -16.246 0.7142857313
104813  -21.891  4.759  -17.798 0.7142857313
103009  -19.389  3.706  -15.639 0.4285714328
104791  -19.315  5.998  -14.962 0.2857142985
158128  -19.664  5.934  -15.928 0.4285714328
104828  -21.897  5.556  -18.253 0.4285714328
105742  -20.741  6.527  -17.088 0.4285714328
105718  -19.209  6.404  -13.914 0.2857142985
165825  -23.186  -25.071  -6.923 0.4285714328
74400  -23.370  -24.252  -7.323 0.4285714328
165201  -19.414  5.343  -15.660 0.4285714328
103888  -20.172  4.409  -16.353 0.7142857313
64714  -21.075  -33.111  -1.205 0.4285714328
65799  -20.366  -32.308  -2.637 0.2857142985
64722  -19.902  -32.991  -2.291 0.2857142985
65779  -22.296  -32.567  -0.980 0.4285714328
66825  -22.287  -30.956  -2.412 0.4285714328
69116  -23.073  -29.037  -4.139 0.4285714328
69129  -21.820  -29.161  -5.218 0.4285714328
72445  -22.476  -26.810  -6.182 0.2857142985
71450  -23.383  -27.388  -4.674 0.4285714328
73409  -23.273  -25.484  -6.155 0.5714285970
75422  -24.692  -23.506  -6.644 0.5714285970
161526  -25.140  -22.945  -6.957 0.5714285970
76487  -26.612  -22.395  -5.367 0.4285714328
77572  -25.713  -21.340  -7.124 0.7142857313
78686  -27.707  -21.057  -5.878 0.5714285970
76507  -24.218  -22.046  -7.982 0.7142857313
77571  -24.945  -21.704  -7.566 0.7142857313
75440  -23.294  -23.244  -8.349 0.7142857313
79817  -24.794  -19.638  -8.409 0.5714285970
81787  -27.911  -17.976  -6.994 0.5714285970
82844  -27.178  -16.751  -8.295 0.7142857313
79831  -24.323  -19.302  -8.833 0.7142857313
83852  -26.773  -15.401  -8.941 0.7142857313
81818  -24.767  -17.448  -9.564 0.8571428657
86924  -26.700  -11.870  -9.796 0.8571428657
87909  -25.216  -11.579  -11.211 0.8571428657
88942  -25.231  -10.835  -11.080 0.8571428657
85903  -24.800  -13.678  -11.133 0.8571428657
88951  -23.734  -10.311  -11.738 1.0000000000
90931  -22.281  -8.497  -14.896 1.0000000000
92849  -22.101  -7.048  -16.389 0.8571428657
102188  -23.768  2.234  -16.253 0.8571428657
103033  -22.165  3.182  -16.750 0.7142857313
103904  -23.009  4.175  -17.532 0.7142857313
103889  -20.826  4.237  -16.773 0.5714285970
103031  -20.455  3.761  -16.475 0.5714285970
103000  -18.778  3.732  -14.821 0.4285714328
103867  -19.040  4.337  -15.209 0.4285714328
158454  -20.416  4.850  -16.705 0.4285714328
104779  -18.689  5.334  -12.308 0.2857142985
104796  -18.955  5.080  -15.178 0.2857142985
160951  -18.799  6.326  -11.027 0.1428571492
67938  -21.124  -30.525  -4.428 0.2857142985
93873  -22.350  -5.510  -15.919 1.0000000000
151509  -20.981  4.820  -17.223 0.5714285970
108400  -21.711  9.350  -19.256 0.2857142985
108374  -21.266  9.775  -17.170 0.1428571492
149472  -20.892  7.306  -17.471 0.2857142985
107536  -21.822  8.633  -19.123 0.2857142985
107515  -21.191  8.818  -17.338 0.1428571492
169153  -21.288  9.424  -16.613 0.1428571492
105731  -19.685  6.792  -15.309 0.1428571492
106641  -20.457  7.423  -16.566 0.2857142985
106634  -20.162  7.491  -15.633 0.1428571492
107537  -22.288  8.369  -19.303 0.2857142985
107520  -21.449  8.283  -18.343 0.2857142985
107524  -27.028  8.496  -17.199 0.2857142985
107522  -25.262  8.182  -18.161 0.2857142985
107503  -21.329  8.696  -15.453 0.1428571492
105758  -21.323  6.477  -18.111 0.2857142985
105761  -24.639  6.637  -17.626 0.2857142985
106669  -22.714  7.542  -19.011 0.2857142985
106651  -21.317  7.406  -18.292 0.2857142985
105732  -26.447  6.246  -15.830 0.1428571492
106654  -25.701  7.673  -17.466 0.2857142985
106652  -23.742  7.522  -18.638 0.2857142985
106635  -20.735  8.124  -15.985 0.1428571492
161947  -23.310  6.869  -18.652 0.2857142985
105774  -21.721  6.896  -18.669 0.2857142985
105736  -30.053  5.810  -15.904 0.1428571492
158828  -28.134  6.184  -15.537 0.1428571492
106642  -26.152  7.250  -16.806 0.4285714328
104830  -23.601  5.541  -17.998 0.2857142985
102992  -26.181  3.303  -13.912 0.2857142985
104815  -25.549  4.954  -15.890 0.4285714328
104831  -24.507  5.780  -17.452 0.2857142985
155129  -21.176  5.612  -17.570 0.2857142985
153433  -27.640  3.063  -13.185 0.1428571492
103862  -26.694  4.487  -14.785 0.2857142985
104814  -25.209  5.588  -16.453 0.4285714328
103011  -25.538  3.443  -15.153 0.5714285970
103891  -24.332  4.138  -16.922 0.7142857313
101165  -26.505  1.821  -12.059 0.1428571492
102162  -26.166  2.168  -12.901 0.1428571492
160496  -24.880  3.865  -16.320 0.7142857313
103905  -23.768  4.746  -17.490 0.4285714328
101183  -24.974  2.229  -14.321 0.4285714328
161034  -24.843  0.145  -10.916 0.2857142985
100087  -24.659  0.341  -11.537 0.7142857313
102189  -24.537  2.553  -16.077 0.7142857313
98083  -22.897  -1.772  -14.019 0.8571428657
100103  -24.309  0.646  -13.393 0.8571428657
101182  -24.348  1.570  -14.683 0.5714285970
99078  -25.526  -0.811  -10.554 0.2857142985
100082  -25.406  0.110  -10.717 0.2857142985
100111  -24.073  0.854  -14.298 0.7142857313
100120  -22.406  0.167  -15.991 0.5714285970
100110  -23.499  0.370  -14.802 0.8571428657
98058  -25.724  -1.572  -10.408 0.1428571492
99086  -23.691  -0.926  -11.665 0.7142857313
95946  -25.236  -3.129  -10.157 0.1428571492
87928  -20.485  -11.483  -13.933 0.5714285970
89947  -22.407  -9.210  -14.217 0.8571428657
89958  -22.015  -9.086  -14.820 0.8571428657
89957  -21.484  -9.704  -14.687 0.4285714328
89966  -22.018  -8.365  -15.357 0.5714285970
143916  -22.265  -3.947  -14.109 0.8571428657
94881  -22.590  -4.904  -11.975 0.8571428657
97055  -22.837  -2.393  -13.521 0.8571428657
148896  -25.018  -3.986  -9.899 0.2857142985
168352  -23.174  -2.743  -11.894 0.8571428657
98078  -23.395  -1.607  -12.207 0.8571428657
100102  -23.678  0.142  -13.915 0.8571428657
150657  -26.306  -4.159  -9.333 0.4285714328
97020  -23.684  -2.937  -10.757 0.7142857313
98069  -23.583  -1.724  -11.408 0.7142857313
86962  -19.988  -12.204  -13.549 0.2857142985
88970  -21.784  -10.889  -13.821 0.5714285970
87938  -20.880  -10.939  -14.197 0.5714285970
89948  -22.762  -9.143  -13.342 0.8571428657
92836  -22.556  -6.377  -13.403 0.8571428657
95957  -22.773  -4.105  -12.145 0.8571428657
95970  -22.937  -3.242  -12.389 0.8571428657
93835  -24.192  -5.201  -10.272 0.4285714328
94867  -23.637  -4.643  -10.596 0.8571428657
95958  -23.198  -3.401  -11.437 0.8571428657
93817  -25.763  -5.445  -9.611 0.4285714328
81843  -22.788  -17.317  -11.128 0.7142857313
82903  -21.482  -16.088  -12.395 0.4285714328
81827  -23.604  -17.025  -10.737 0.7142857313
83885  -23.938  -14.995  -11.354 0.8571428657
84898  -22.398  -14.506  -12.774 0.5714285970
85932  -21.229  -13.326  -13.368 0.5714285970
85931  -20.542  -13.465  -13.409 0.4285714328
85902  -24.047  -13.687  -11.811 0.8571428657
86953  -21.943  -13.089  -12.971 0.5714285970
144016  -20.776  -12.109  -13.802 0.5714285970
87908  -24.441  -11.942  -11.560 0.8571428657
87919  -22.561  -11.505  -12.668 0.7142857313
87930  -21.932  -11.556  -13.351 0.5714285970
90900  -25.098  -8.082  -10.690 0.7142857313
91860  -24.257  -7.807  -10.943 0.7142857313
92830  -23.250  -6.933  -11.713 0.7142857313
92820  -22.948  -6.171  -11.870 0.8571428657
92802  -27.257  -6.884  -9.163 0.2857142985
92800  -26.057  -6.313  -10.007 0.4285714328
93836  -25.032  -5.901  -10.096 0.5714285970
79830  -23.693  -19.383  -9.381 0.4285714328
80813  -22.892  -18.620  -10.517 0.4285714328
147468  -22.300  -16.907  -11.594 0.4285714328
83872  -25.110  -15.249  -10.278 0.7142857313
83871  -24.544  -15.073  -10.867 0.7142857313
86942  -23.834  -12.673  -11.849 0.8571428657
162488  -25.911  -9.133  -10.233 0.7142857313
155091  -27.147  -8.100  -9.713 0.2857142985
91853  -26.509  -7.848  -10.150 0.5714285970
146992  -25.264  -8.898  -10.610 0.5714285970
78750  -23.479  -20.306  -9.265 0.4285714328
78763  -22.278  -20.346  -10.374 0.5714285970
80799  -23.635  -18.462  -9.855 0.5714285970
153074  -23.230  -17.848  -10.512 0.5714285970
150144  -24.502  -15.777  -10.481 0.7142857313
88935  -27.646  -10.805  -9.614 0.4285714328
89912  -27.120  -9.582  -9.840 0.4285714328
160292  -27.622  -8.281  -9.090 0.4285714328
90902  -26.655  -8.832  -9.982 0.4285714328
80767  -28.532  -18.254  -6.443 0.4285714328
150866  -28.727  -16.823  -6.764 0.4285714328
86915  -29.429  -12.427  -8.204 0.4285714328
84861  -28.129  -14.043  -8.338 0.4285714328
143594  -29.909  -11.817  -8.115 0.4285714328
87889  -28.166  -11.390  -9.240 0.4285714328
70303  -24.556  -28.446  -3.352 0.1428571492
83844  -28.737  -15.250  -7.326 0.4285714328
84852  -29.172  -14.196  -7.469 0.4285714328
85867  -29.316  -13.197  -7.842 0.4285714328
71438  -24.518  -27.059  -3.818 0.1428571492
72425  -25.442  -26.761  -3.445 0.1428571492
74378  -26.714  -23.620  -4.169 0.2857142985
79761  -29.854  -20.257  -4.680 0.2857142985
81753  -30.694  -17.141  -4.733 0.2857142985
167229  -29.780  -18.021  -5.499 0.2857142985
78676  -28.497  -20.965  -5.486 0.4285714328
83814  -30.290  -15.864  -5.590 0.2857142985
81772  -29.625  -17.254  -5.747 0.2857142985
80757  -28.989  -18.881  -5.880 0.2857142985
167674  -30.076  -15.465  -5.968 0.2857142985
83813  -29.784  -15.824  -6.128 0.4285714328
71439  -25.196  -27.834  -3.208 0.1428571492
71437  -23.878  -27.669  -4.085 0.1428571492
73380  -25.687  -25.786  -3.596 0.2857142985
74367  -25.965  -24.902  -3.842 0.2857142985
75402  -28.755  -23.375  -3.335 0.2857142985
77534  -29.768  -21.792  -3.839 0.2857142985
166285  -28.815  -21.801  -4.520 0.2857142985
76477  -28.214  -22.218  -4.410 0.2857142985
78677  -29.260  -20.875  -5.066 0.2857142985
166806  -25.800  -27.893  -2.797 0.1428571492
73368  -27.833  -25.863  -2.653 0.2857142985
72411  -26.804  -26.914  -2.699 0.2857142985
74369  -27.705  -24.424  -3.301 0.2857142985
73381  -26.503  -25.477  -3.348 0.2857142985
75400  -27.439  -23.718  -3.733 0.2857142985
69087  -23.824  -29.824  -2.639 0.1428571492
67925  -23.077  -29.978  -3.043 0.2857142985
69088  -24.734  -29.485  -2.531 0.1428571492
64702  -20.673  -33.723  -0.897 0.2857142985
165603  -20.342  -34.279  -0.640 0.2857142985
63636  -19.885  -34.002  -1.203 0.2857142985
158943  -23.351  -30.975  -1.743 0.2857142985
64703  -21.333  -33.545  -0.700 0.1428571492
63624  -19.556  -34.742  -0.770 0.2857142985
73367  -27.007  -26.074  -2.821 0.2857142985
74370  -28.474  -24.264  -3.064 0.2857142985
77547  -29.867  -21.036  -4.413 0.2857142985
79777  -29.875  -19.325  -4.941 0.2857142985
79790  -28.362  -19.257  -6.267 0.4285714328
81789  -28.971  -17.393  -6.359 0.4285714328
82804  -29.837  -16.438  -5.816 0.2857142985
84837  -30.266  -14.414  -6.162 0.2857142985
83883  -22.795  -15.616  -11.854 0.7142857313
84836  -29.765  -14.276  -6.743 0.4285714328
86954  -22.257  -12.297  -12.894 0.5714285970
85875  -28.145  -13.346  -8.538 0.4285714328
148898  -27.106  -10.319  -9.956 0.4285714328
90893  -28.154  -8.838  -8.838 0.2857142985
91841  -27.480  -7.620  -9.167 0.2857142985
92815  -26.319  -7.056  -10.191 0.5714285970
98099  -22.252  -1.518  -15.708 0.7142857313
92812  -24.082  -6.030  -10.538 0.7142857313
102209  -22.255  2.405  -16.471 0.4285714328
101210  -22.909  1.981  -16.132 0.5714285970
101191  -24.109  1.637  -15.341 0.7142857313
98084  -23.259  -1.605  -13.214 0.8571428657
100122  -23.839  1.082  -15.101 0.8571428657
98070  -24.009  -1.149  -10.952 0.5714285970
155968  -22.673  5.680  -18.353 0.2857142985
102170  -25.756  2.595  -13.670 0.4285714328
103001  -25.936  3.563  -14.522 0.4285714328
142395  -21.144  7.772  -14.273 0.1428571492
105745  -26.674  6.812  -16.312 0.2857142985
105733  -27.311  6.363  -15.785 0.1428571492
108385  -23.789  8.724  -19.094 0.2857142985
65780  -23.099  -32.410  -0.822 0.1428571492
67903  -23.863  -30.498  -1.977 0.1428571492
67910  -23.037  -30.525  -2.364 0.2857142985
70288  -25.044  -28.781  -2.914 0.1428571492
70290  -26.366  -28.710  -2.283 0.1428571492
70291  -27.033  -28.169  -2.207 0.1428571492
74377  -25.527  -24.392  -4.434 0.2857142985
74368  -26.804  -24.479  -3.616 0.2857142985
75401  -28.079  -23.119  -3.827 0.2857142985
75408  -26.701  -22.975  -4.801 0.2857142985
79762  -30.457  -19.748  -4.344 0.2857142985
79829  -22.975  -19.892  -9.895 0.5714285970
162143  -27.922  -21.598  -5.185 0.2857142985
163608  -28.702  -21.481  -4.910 0.2857142985
81842  -21.959  -17.582  -11.435 0.2857142985
83800  -30.864  -15.226  -5.066 0.2857142985
85830  -30.727  -13.307  -6.092 0.2857142985
82883  -22.959  -16.359  -11.295 0.7142857313
82866  -23.795  -16.119  -10.772 0.5714285970
143937  -20.835  -15.120  -13.031 0.4285714328
164423  -22.178  -15.117  -12.813 0.5714285970
85851  -30.265  -13.692  -6.497 0.4285714328
87927  -19.650  -11.222  -13.610 0.2857142985
86963  -20.662  -12.789  -13.570 0.5714285970
85850  -29.829  -13.459  -7.189 0.2857142985
84851  -28.414  -14.555  -7.939 0.4285714328
85916  -22.536  -13.668  -12.656 0.7142857313
88969  -20.328  -10.759  -14.132 0.2857142985
86903  -30.453  -11.769  -7.435 0.1428571492
88919  -29.109  -10.199  -8.775 0.4285714328
88936  -28.365  -10.528  -9.213 0.4285714328
89895  -29.455  -9.488  -8.320 0.1428571492
92829  -22.767  -6.619  -12.510 0.8571428657
90876  -28.718  -8.362  -8.347 0.1428571492
91852  -25.688  -7.572  -10.365 0.5714285970
93818  -26.598  -6.045  -9.281 0.2857142985
95944  -23.584  -3.861  -10.711 0.7142857313
99102  -23.501  -0.786  -13.659 0.8571428657
97010  -26.807  -2.669  -9.779 0.2857142985
97023  -26.433  -2.026  -10.198 0.1428571492
97021  -24.508  -2.570  -10.469 0.4285714328
97009  -26.088  -2.843  -9.887 0.4285714328
98059  -26.369  -1.130  -10.462 0.1428571492
101163  -24.968  1.143  -12.866 0.5714285970
99079  -26.214  -0.246  -10.626 0.1428571492
101158  -25.865  1.355  -11.379 0.1428571492
102163  -27.096  2.406  -12.600 0.1428571492
156025  -20.289  7.398  -14.564 0.1428571492
102993  -26.949  3.599  -13.677 0.1428571492
105744  -25.783  6.454  -16.312 0.2857142985
104798  -26.030  5.646  -15.680 0.2857142985
103863  -27.454  4.815  -14.692 0.2857142985
104792  -28.332  4.961  -14.584 0.1428571492
104802  -29.581  5.469  -15.315 0.1428571492
104801  -28.717  5.749  -15.161 0.1428571492
106655  -26.419  7.910  -17.113 0.2857142985
107525  -27.898  8.683  -17.154 0.2857142985
107517  -28.292  8.129  -16.741 0.1428571492
106645  -28.657  7.433  -16.440 0.1428571492
64704  -23.407  -33.149  -0.306 0.1428571492
69089  -25.642  -29.240  -2.294 0.1428571492
80737  -30.548  -18.881  -4.468 0.2857142985
93794  -28.079  -6.533  -8.468 0.2857142985
106647  -30.120  6.796  -16.983 0.1428571492
108390  -28.306  9.129  -17.775 0.2857142985
64712  -19.444  -33.667  -1.964 0.2857142985
65778  -21.794  -33.045  -0.830 0.1428571492
65792  -23.245  -31.605  -1.324 0.1428571492
70302  -23.851  -28.538  -3.744 0.1428571492
146253  -24.397  -27.907  -3.645 0.1428571492
73392  -24.497  -25.529  -4.530 0.2857142985
73393  -25.219  -25.224  -4.154 0.2857142985
75415  -25.960  -23.556  -4.730 0.2857142985
78701  -28.190  -20.228  -5.997 0.4285714328
81817  -24.009  -17.587  -10.057 0.5714285970
80800  -24.290  -18.702  -9.178 0.4285714328
86914  -28.655  -12.060  -8.842 0.4285714328
82867  -24.446  -16.686  -10.168 0.7142857313
86943  -24.637  -12.885  -11.472 0.7142857313
92822  -23.967  -6.932  -10.866 0.7142857313
87907  -23.691  -11.215  -11.762 0.8571428657
142521  -22.947  -10.681  -12.403 0.8571428657
91867  -22.991  -7.295  -12.452 0.8571428657
92842  -22.551  -7.044  -14.449 0.8571428657
101189  -22.632  1.157  -15.864 0.5714285970
157259  -24.532  5.009  -17.068 0.5714285970
164253  -24.143  5.247  -17.546 0.2857142985
89924  -26.408  -9.829  -10.195 0.4285714328
69103  -24.291  -29.117  -3.177 0.1428571492
75429  -22.976  -23.990  -8.083 0.5714285970
75409  -27.415  -22.995  -4.319 0.2857142985
82827  -28.749  -16.132  -6.953 0.4285714328
88971  -22.268  -10.745  -13.272 0.5714285970
97046  -22.804  -3.004  -13.102 0.8571428657
105741  -19.933  6.708  -16.282 0.2857142985
105759  -22.065  6.223  -18.638 0.2857142985
108384  -21.563  9.295  -18.250 0.1428571492
107511  -21.174  8.755  -16.359 0.1428571492
150026  -20.838  8.075  -16.922 0.2857142985
106668  -21.875  7.661  -18.939 0.2857142985
107523  -26.123  8.372  -17.675 0.2857142985
107521  -24.304  8.141  -18.645 0.2857142985
106653  -24.748  7.442  -17.965 0.2857142985
106628  -20.922  7.986  -15.053 0.1428571492
144873  -23.927  6.290  -18.180 0.2857142985
105762  -25.380  6.945  -17.172 0.2857142985
105743  -25.121  6.298  -16.958 0.2857142985
105775  -22.367  6.851  -18.885 0.2857142985
106644  -27.857  7.591  -16.429 0.1428571492
106636  -28.182  6.816  -16.038 0.1428571492
165345  -24.095  6.950  -18.226 0.2857142985
105748  -29.779  6.486  -16.275 0.1428571492
104800  -27.669  5.603  -15.181 0.1428571492
106646  -29.439  7.199  -16.643 0.1428571492
106643  -27.015  7.680  -16.623 0.1428571492
103003  -27.198  4.210  -14.175 0.1428571492
103010  -25.086  3.255  -15.939 0.5714285970
103870  -26.088  4.720  -15.378 0.4285714328
103892  -25.028  4.604  -16.421 0.5714285970
102995  -28.482  3.421  -13.631 0.1428571492
101164  -25.676  1.586  -12.352 0.1428571492
104799  -26.817  5.158  -15.238 0.2857142985
103861  -26.034  4.039  -14.984 0.4285714328
102181  -25.101  2.723  -15.284 0.5714285970
102180  -24.535  2.118  -15.266 0.7142857313
100095  -24.501  0.487  -12.434 0.4285714328
101174  -25.340  1.860  -13.317 0.5714285970
99087  -24.329  -0.395  -11.301 0.5714285970
99096  -24.002  -0.187  -12.036 0.7142857313
99103  -23.952  -0.102  -13.015 0.7142857313
101173  -24.633  1.415  -13.797 0.7142857313
98057  -24.790  -1.563  -10.574 0.5714285970
95945  -24.374  -3.469  -10.373 0.4285714328
169939  -23.323  -2.195  -11.866 0.8571428657
87929  -21.278  -11.477  -13.946 0.5714285970
88982  -22.083  -10.054  -14.169 0.5714285970
89956  -20.844  -9.472  -15.013 0.4285714328
88980  -20.852  -10.285  -14.564 0.4285714328
93847  -22.929  -5.454  -11.542 0.8571428657
94882  -23.010  -4.511  -11.210 0.8571428657
94868  -24.297  -4.338  -10.293 0.4285714328
150852  -24.915  -4.906  -9.764 0.5714285970
97035  -23.476  -2.501  -11.320 0.8571428657
93834  -23.459  -5.329  -10.802 0.7142857313
81826  -22.444  -18.049  -10.896 0.5714285970
82882  -22.179  -16.235  -11.912 0.4285714328
83884  -23.435  -15.559  -11.287 0.7142857313
145021  -23.448  -15.042  -12.027 0.7142857313
84899  -23.264  -14.317  -12.353 0.7142857313
84897  -21.619  -14.748  -13.035 0.4285714328
85915  -21.770  -13.923  -13.025 0.5714285970
86964  -21.457  -12.400  -13.478 0.5714285970
84915  -20.855  -14.208  -13.290 0.4285714328
85914  -19.986  -13.894  -13.248 0.2857142985
85917  -23.235  -13.275  -12.260 0.7142857313
146027  -23.591  -11.911  -11.854 0.8571428657
91851  -24.847  -7.308  -10.531 0.5714285970
92813  -24.665  -6.600  -10.407 0.7142857313
79845  -23.140  -19.160  -10.060 0.5714285970
89913  -27.765  -9.899  -9.511 0.4285714328
91842  -28.055  -7.979  -8.600 0.2857142985
80768  -29.257  -18.090  -5.913 0.2857142985
82828  -29.294  -16.500  -6.358 0.4285714328
85866  -28.690  -13.710  -8.117 0.4285714328
86902  -29.980  -12.582  -7.667 0.4285714328
87880  -28.870  -11.188  -8.871 0.4285714328
147487  -29.333  -14.867  -6.883 0.4285714328
144522  -26.172  -24.168  -4.130 0.2857142985
161318  -29.333  -19.315  -5.457 0.2857142985
78687  -29.322  -19.988  -5.215 0.2857142985
81773  -30.219  -17.616  -5.209 0.2857142985
166446  -28.823  -20.378  -5.492 0.2857142985
83834  -29.851  -15.079  -6.342 0.4285714328
70289  -25.719  -28.419  -2.666 0.1428571492
76479  -29.271  -22.577  -3.516 0.2857142985
143572  -26.274  -28.019  -2.548 0.1428571492
73382  -27.324  -25.225  -3.086 0.2857142985
73383  -28.132  -25.034  -2.824 0.2857142985
63626  -21.161  -34.215  -0.344 0.1428571492
63625  -20.426  -34.815  -0.164 0.1428571492
63615  -21.992  -34.420  0.162 0.1428571492
89914  -28.416  -9.679  -9.046 0.2857142985
63627  -21.945  -33.683  -0.327 0.1428571492
149118  -23.859  -32.590  -0.514 0.1428571492
105719  -19.940  7.034  -13.681 0.1428571492
161126  -21.692  -1.624  -16.340 0.5714285970
96017  -21.064  -3.837  -16.548 0.4285714328
147358  -21.118  -3.184  -16.696 0.4285714328
94917  -21.096  -4.625  -16.579 0.4285714328
98107  -21.911  -2.320  -16.182 0.5714285970
164705  -22.366  -0.649  -15.719 0.4285714328
92848  -21.069  -6.907  -16.513 0.4285714328
93876  -21.580  -5.368  -16.623 0.4285714328
93871  -20.855  -5.842  -16.531 0.4285714328
93872  -21.806  -5.083  -16.355 0.5714285970
96005  -21.788  -3.560  -15.379 0.5714285970
168987  -21.905  -2.830  -15.701 0.5714285970
90938  -21.582  -8.258  -15.663 0.5714285970
145893  -31.787  -17.129  -3.581 0.1428571492
82786  -30.757  -16.241  -4.886 0.1428571492
71476  -21.860  -27.411  -6.617 0.2857142985
80759  -30.136  -18.428  -5.074 0.1428571492
80716  -32.974  -17.575  -2.400 0.1428571492
81731  -31.564  -17.954  -3.630 0.1428571492
81733  -33.056  -16.847  -2.413 0.1428571492
82771  -32.232  -16.471  -3.292 0.1428571492
82753  -33.545  -16.331  -2.188 0.1428571492
71463  -21.656  -28.129  -6.277 0.2857142985
77536  -30.932  -20.638  -3.656 0.1428571492
78631  -31.890  -20.375  -2.749 0.1428571492
78679  -30.867  -20.087  -3.903 0.1428571492
80693  -32.236  -18.924  -2.793 0.1428571492
80695  -34.576  -18.167  -1.401 0.1428571492
145730  -32.790  -19.250  -2.191 0.1428571492
161736  -36.743  -16.221  -3.401 0.1428571492
82741  -35.149  -16.610  -1.682 0.1428571492
83773  -36.324  -15.771  -2.794 0.1428571492
70330  -21.377  -28.891  -5.957 0.2857142985
70342  -20.809  -28.444  -6.441 0.2857142985
74358  -29.732  -24.657  -2.411 0.1428571492
160519  -30.795  -23.883  -2.300 0.1428571492
76480  -30.006  -22.498  -3.208 0.1428571492
75403  -29.588  -23.219  -3.009 0.1428571492
77535  -30.530  -21.840  -3.299 0.1428571492
77509  -32.366  -21.167  -2.196 0.1428571492
76457  -32.003  -22.137  -2.273 0.1428571492
78616  -33.606  -20.337  -1.311 0.1428571492
79709  -34.430  -19.705  -1.052 0.1428571492
147564  -36.432  -18.090  -1.651 0.1428571492
81716  -37.025  -17.589  -2.700 0.1428571492
81704  -36.039  -17.627  -1.520 0.1428571492
69128  -21.071  -29.651  -5.637 0.2857142985
69127  -20.226  -29.995  -5.809 0.2857142985
73369  -28.632  -25.654  -2.482 0.1428571492
73371  -30.145  -25.227  -1.937 0.1428571492
74359  -30.512  -24.484  -2.181 0.1428571492
75387  -31.308  -23.523  -2.188 0.1428571492
77485  -32.811  -21.898  -1.663 0.1428571492
76456  -31.316  -22.753  -2.445 0.1428571492
77475  -34.461  -21.376  -0.649 0.1428571492
80671  -36.015  -19.128  -0.987 0.1428571492
149433  -34.978  -20.827  -0.621 0.1428571492
82788  -36.834  -16.159  -4.739 0.1428571492
81734  -37.059  -17.030  -3.373 0.1428571492
72414  -29.048  -26.108  -2.111 0.1428571492
72398  -29.129  -26.778  -1.789 0.1428571492
73354  -31.258  -25.423  -1.290 0.1428571492
72400  -30.429  -26.571  -1.278 0.1428571492
74315  -33.594  -24.612  -0.129 0.1428571492
74340  -30.927  -24.963  -1.699 0.1428571492
160161  -33.685  -23.050  -0.712 0.1428571492
74342  -32.343  -23.964  -1.356 0.1428571492
76393  -34.240  -22.333  -0.570 0.1428571492
79711  -37.019  -19.541  -1.762 0.1428571492
77476  -35.371  -21.314  -0.503 0.1428571492
80717  -37.291  -17.836  -3.511 0.1428571492
80682  -37.228  -18.978  -2.310 0.1428571492
71410  -29.381  -27.672  -1.504 0.1428571492
71426  -27.295  -27.388  -2.353 0.1428571492
71398  -31.506  -27.499  -0.509 0.1428571492
71397  -31.002  -27.051  -0.835 0.1428571492
143957  -29.804  -26.931  -1.503 0.1428571492
73329  -31.760  -25.595  -0.843 0.1428571492
72382  -31.155  -26.156  -1.019 0.1428571492
72399  -29.755  -26.092  -1.686 0.1428571492
74316  -34.488  -24.072  0.172 0.1428571492
73331  -33.636  -25.385  0.234 0.1428571492
75328  -35.135  -23.419  0.154 0.1428571492
77488  -36.003  -21.916  -0.375 0.1428571492
158947  -34.394  -23.200  -0.233 0.1428571492
79710  -36.526  -19.456  -1.298 0.1428571492
70252  -31.817  -28.970  0.019 0.1428571492
142279  -30.885  -28.042  -0.786 0.1428571492
145767  -30.499  -28.727  -0.756 0.1428571492
71384  -33.592  -27.603  0.806 0.1428571492
71383  -32.782  -27.583  0.375 0.1428571492
73311  -34.532  -25.481  0.590 0.1428571492
72366  -33.861  -26.142  0.579 0.1428571492
77489  -36.424  -21.185  -0.777 0.1428571492
74317  -35.593  -24.054  0.395 0.1428571492
72365  -32.578  -26.939  0.049 0.1428571492
73353  -30.608  -25.732  -1.467 0.1428571492
74314  -32.274  -25.100  -0.703 0.1428571492
76424  -32.524  -22.733  -1.624 0.1428571492
81755  -37.191  -17.375  -4.205 0.1428571492
83815  -36.679  -15.644  -5.388 0.1428571492
81705  -36.561  -17.501  -1.993 0.1428571492
79725  -34.105  -18.821  -1.406 0.1428571492
80696  -35.323  -17.900  -1.356 0.1428571492
151326  -30.653  -18.009  -4.625 0.1428571492
82770  -31.764  -16.199  -3.783 0.1428571492
67952  -20.761  -30.304  -5.213 0.2857142985
78617  -36.624  -20.504  -1.096 0.1428571492
79726  -37.380  -19.786  -2.463 0.1428571492
82807  -36.969  -16.930  -4.860 0.1428571492
83835  -36.622  -15.964  -6.184 0.1428571492
84818  -36.535  -14.723  -5.211 0.1428571492
82755  -36.601  -16.724  -2.511 0.1428571492
160267  -36.805  -15.928  -4.065 0.1428571492
83757  -34.889  -15.884  -1.950 0.1428571492
83789  -36.505  -15.334  -3.625 0.1428571492
145548  -31.448  -14.988  -4.425 0.1428571492
84817  -30.725  -14.427  -5.568 0.1428571492
144689  -21.474  -0.882  -16.335 0.4285714328
100128  -21.856  0.806  -16.307 0.4285714328
107540  -29.519  8.654  -18.733 0.1428571492
99125  -21.951  -0.491  -16.140 0.4285714328
108407  -27.835  9.798  -18.447 0.1428571492
82787  -31.275  -16.686  -4.295 0.1428571492
74371  -29.249  -24.027  -2.797 0.1428571492
72413  -28.370  -26.518  -2.228 0.1428571492
162581  -27.898  -27.144  -2.173 0.1428571492
74357  -28.936  -24.857  -2.644 0.1428571492
77548  -30.442  -21.162  -3.798 0.1428571492
86875  -30.431  -12.774  -6.793 0.1428571492
79763  -31.111  -19.373  -3.839 0.1428571492
83801  -31.326  -15.786  -4.403 0.1428571492
80715  -32.229  -17.975  -3.039 0.1428571492
81732  -32.469  -17.038  -2.897 0.1428571492
80694  -33.707  -18.017  -1.777 0.1428571492
150550  -33.340  -18.797  -1.825 0.1428571492
80714  -31.651  -18.699  -3.415 0.1428571492
81714  -33.642  -17.073  -1.899 0.1428571492
83788  -32.336  -15.764  -3.335 0.1428571492
144538  -33.407  -14.675  -2.740 0.1428571492
82754  -34.283  -16.477  -1.750 0.1428571492
77508  -31.204  -21.957  -2.803 0.1428571492
152198  -31.634  -21.265  -2.754 0.1428571492
79738  -31.354  -20.145  -3.471 0.1428571492
79723  -32.274  -19.659  -2.600 0.1428571492
81715  -34.587  -17.330  -1.546 0.1428571492
80679  -35.149  -18.796  -1.049 0.1428571492
78632  -32.739  -20.190  -2.005 0.1428571492
82742  -35.839  -16.223  -2.028 0.1428571492
73370  -29.379  -25.445  -2.242 0.1428571492
76455  -30.663  -22.549  -2.816 0.1428571492
158677  -33.126  -21.058  -1.545 0.1428571492
76423  -31.856  -23.049  -1.951 0.1428571492
77487  -34.351  -20.579  -0.850 0.1428571492
166433  -33.782  -21.006  -1.031 0.1428571492
79697  -35.444  -19.712  -0.811 0.1428571492
161076  -31.796  -23.815  -1.726 0.1428571492
74341  -31.777  -24.679  -1.290 0.1428571492
76425  -33.300  -22.530  -1.155 0.1428571492
75364  -32.929  -23.410  -1.111 0.1428571492
76394  -35.141  -21.932  -0.345 0.1428571492
163329  -35.764  -20.609  -0.660 0.1428571492
71409  -28.502  -27.340  -1.837 0.1428571492
70278  -30.052  -28.272  -1.125 0.1428571492
72383  -31.924  -26.585  -0.483 0.1428571492
71411  -30.274  -27.454  -1.209 0.1428571492
75326  -32.760  -24.387  -0.762 0.1428571492
145539  -32.908  -25.220  -0.314 0.1428571492
71399  -32.117  -27.532  -0.134 0.1428571492
73330  -32.350  -25.726  -0.479 0.1428571492
74286  -35.087  -24.784  0.551 0.1428571492
147471  -35.315  -22.598  -0.137 0.1428571492
75330  -36.716  -23.252  -0.283 0.1428571492
72384  -32.906  -26.118  0.023 0.1428571492
62537  -18.658  -35.202  -1.441 0.1428571492
63635  -19.032  -34.404  -1.666 0.1428571492
63634  -18.247  -34.914  -2.300 0.1428571492
63644  -18.622  -34.072  -2.484 0.1428571492
64721  -19.073  -33.366  -2.810 0.1428571492
65806  -20.010  -31.980  -3.490 0.1428571492
65805  -19.167  -32.330  -3.856 0.1428571492
66831  -19.572  -31.665  -4.250 0.1428571492
67922  -20.522  -31.141  -3.910 0.1428571492
65804  -18.360  -32.376  -3.810 0.1428571492
66836  -19.219  -31.356  -4.704 0.1428571492
67937  -19.868  -31.149  -4.770 0.1428571492
67951  -20.058  -30.666  -5.313 0.1428571492
69113  -18.277  -29.287  -5.013 0.1428571492
69126  -19.319  -29.562  -5.610 0.1428571492
70341  -19.884  -28.214  -6.393 0.1428571492
160079  -19.993  -29.366  -6.062 0.1428571492
71474  -20.377  -27.680  -6.755 0.2857142985
71475  -21.197  -27.736  -6.830 0.1428571492
72466  -22.027  -26.151  -7.382 0.2857142985
144584  -22.405  -22.483  -9.702 0.4285714328
77595  -23.318  -21.172  -9.203 0.4285714328
78749  -22.822  -20.742  -9.793 0.4285714328
163975  -21.135  -8.768  -15.454 0.2857142985
90929  -20.051  -8.193  -15.584 0.2857142985
91887  -21.447  -7.675  -16.174 0.2857142985
94906  -18.996  -4.295  -15.422 0.2857142985
94915  -20.003  -3.857  -16.405 0.2857142985
142422  -21.346  -2.373  -16.722 0.2857142985
98105  -20.680  -1.877  -16.790 0.4285714328
70329  -20.604  -29.239  -6.069 0.1428571492
71473  -19.451  -27.441  -6.557 0.1428571492
72456  -20.797  -27.187  -7.258 0.2857142985
72457  -22.001  -26.738  -7.007 0.1428571492
64728  -18.699  -32.931  -3.409 0.1428571492
66830  -18.786  -31.792  -4.327 0.1428571492
67935  -18.849  -30.265  -5.141 0.1428571492
151521  -19.540  -28.782  -5.977 0.1428571492
71462  -18.978  -27.999  -6.011 0.1428571492
72463  -19.349  -26.341  -7.460 0.2857142985
72465  -21.288  -26.508  -7.514 0.2857142985
72464  -20.278  -26.491  -7.590 0.2857142985
73415  -20.631  -25.920  -8.078 0.2857142985
73416  -21.572  -25.782  -7.889 0.2857142985
73417  -22.373  -25.514  -7.523 0.2857142985
75439  -22.546  -23.695  -8.840 0.4285714328
76523  -21.123  -22.266  -10.406 0.2857142985
88979  -20.216  -10.082  -14.509 0.2857142985
89954  -19.162  -9.027  -14.194 0.2857142985
90937  -20.882  -8.272  -15.830 0.2857142985
164018  -19.450  -7.972  -14.978 0.2857142985
91881  -19.658  -7.397  -15.555 0.2857142985
92847  -20.307  -6.469  -16.324 0.2857142985
93869  -19.460  -5.056  -15.880 0.2857142985
93863  -18.768  -5.011  -14.925 0.2857142985
94907  -19.718  -4.401  -16.211 0.2857142985
89955  -19.988  -9.376  -14.732 0.2857142985
90928  -18.923  -8.245  -14.419 0.2857142985
89945  -18.599  -9.546  -13.623 0.2857142985
91880  -18.931  -7.488  -14.648 0.2857142985
92840  -19.091  -6.635  -14.886 0.2857142985
158142  -20.175  -7.061  -16.258 0.2857142985
92841  -19.712  -6.549  -15.806 0.2857142985
143701  -18.531  -5.834  -14.430 0.2857142985
156803  -20.819  -5.054  -16.669 0.2857142985
91873  -17.753  -7.699  -13.468 0.2857142985
92828  -16.592  -7.051  -12.566 0.2857142985
92835  -18.259  -6.850  -13.987 0.2857142985
76505  -22.852  -22.874  -9.016 0.4285714328
76515  -23.133  -22.039  -9.161 0.4285714328
156107  -20.452  -30.762  -4.764 0.1428571492
74399  -22.677  -24.737  -7.771 0.4285714328
65798  -19.542  -32.677  -3.118 0.1428571492
94916  -20.437  -4.435  -16.620 0.2857142985
93864  -19.308  -5.795  -15.249 0.2857142985
165582  -21.446  -27.191  -7.143 0.1428571492
67950  -19.564  -30.326  -5.456 0.1428571492
64720  -18.304  -33.617  -3.033 0.1428571492
67936  -19.346  -30.860  -5.092 0.1428571492
66835  -18.604  -31.024  -4.639 0.1428571492
72455  -19.905  -26.987  -7.083 0.2857142985
75448  -22.089  -23.308  -9.496 0.4285714328
75438  -21.749  -24.082  -9.218 0.4285714328
92834  -17.275  -6.729  -13.150 0.2857142985
143533  -21.522  -20.049  -10.995 0.2857142985
76524  -22.156  -21.195  -10.325 0.2857142985
80812  -22.303  -18.760  -11.012 0.2857142985
110086  -26.836  11.590  -21.233 0.1428571492
110087  -27.709  11.155  -21.275 0.1428571492
109257  -26.356  10.670  -19.725 0.1428571492
108405  -25.990  9.568  -18.604 0.1428571492
108406  -26.892  9.772  -18.385 0.1428571492
110095  -27.102  12.302  -22.085 0.1428571492
109244  -26.227  10.157  -19.057 0.1428571492
108402  -22.732  8.990  -19.791 0.1428571492
109255  -22.458  10.841  -20.536 0.1428571492
79844  -22.449  -19.448  -10.632 0.2857142985
80832  -21.045  -18.780  -11.512 0.2857142985
108424  -28.449  9.840  -19.235 0.1428571492
108388  -26.554  9.051  -17.967 0.1428571492
109258  -27.221  10.602  -19.673 0.1428571492
109246  -27.728  10.226  -19.163 0.1428571492
108403  -23.871  9.283  -19.454 0.1428571492
108387  -25.643  8.889  -18.329 0.1428571492
149796  -23.868  10.932  -20.953 0.1428571492
110074  -23.049  11.840  -21.270 0.1428571492
108423  -22.896  9.886  -20.245 0.1428571492
108422  -22.336  9.875  -19.993 0.1428571492
108421  -21.821  9.891  -19.559 0.1428571492
108404  -24.986  9.424  -19.003 0.1428571492
77594  -22.651  -21.615  -9.766 0.2857142985
110075  -26.595  11.152  -20.416 0.1428571492
140563  -25.733  12.724  -22.672 0.1428571492
109270  -27.443  10.859  -20.430 0.1428571492
152744  -25.282  10.492  -19.934 0.1428571492
109243  -24.070  10.014  -20.072 0.1428571492
90915  -16.751  -8.557  -12.495 0.1428571492
90921  -18.291  -8.578  -13.693 0.1428571492
92827  -16.488  -6.253  -12.676 0.1428571492
93832  -14.518  -5.191  -10.476 0.1428571492
93850  -15.851  -4.983  -11.943 0.1428571492
89946  -19.451  -9.830  -14.058 0.1428571492
92833  -16.882  -5.724  -13.227 0.1428571492
94890  -16.271  -4.515  -12.536 0.1428571492
94901  -17.514  -4.023  -14.084 0.1428571492
95991  -17.299  -3.269  -13.999 0.2857142985
83904  -21.562  -15.422  -12.800 0.2857142985
83903  -20.020  -15.649  -12.628 0.1428571492
87926  -18.903  -11.216  -13.039 0.1428571492
89936  -18.056  -10.083  -13.137 0.1428571492
148818  -26.337  -4.966  -9.095 0.1428571492
91865  -16.227  -7.790  -12.171 0.1428571492
93862  -17.854  -4.932  -14.141 0.1428571492
152863  -18.472  -3.541  -15.013 0.1428571492
154454  -17.864  -3.595  -14.432 0.1428571492
95992  -17.910  -2.919  -14.452 0.2857142985
98104  -19.895  -1.256  -16.546 0.2857142985
102186  -18.715  2.467  -15.369 0.2857142985
150902  -18.494  2.032  -14.818 0.2857142985
102179  -18.537  2.869  -14.741 0.2857142985
105727  -19.583  6.841  -14.461 0.1428571492
157556  -18.385  4.931  -11.586 0.1428571492
98110  -20.536  -1.019  -16.807 0.2857142985
97069  -19.228  -1.794  -15.660 0.2857142985
99131  -19.976  -0.499  -16.925 0.2857142985
101208  -21.219  1.399  -16.617 0.2857142985
100125  -19.745  0.939  -16.769 0.2857142985
168510  -18.784  1.157  -15.710 0.2857142985
102206  -20.036  2.396  -16.674 0.2857142985
165868  -18.743  1.816  -15.598 0.2857142985
101187  -18.431  1.258  -15.085 0.2857142985
167867  -19.392  3.108  -15.882 0.2857142985
103860  -18.777  4.586  -14.570 0.1428571492
143001  -18.393  2.402  -13.878 0.2857142985
105706  -19.422  6.638  -12.957 0.1428571492
105690  -19.636  6.667  -12.057 0.1428571492
101181  -18.307  1.425  -14.211 0.1428571492
100109  -17.993  0.617  -14.631 0.1428571492
167294  -16.915  -3.121  -13.566 0.2857142985
103859  -18.663  4.085  -14.068 0.1428571492
102991  -18.454  3.380  -14.031 0.2857142985
103848  -18.518  4.357  -12.394 0.1428571492
102985  -18.415  3.430  -12.563 0.1428571492
95967  -15.478  -3.602  -11.977 0.2857142985
102169  -18.360  2.488  -12.791 0.1428571492
155584  -17.263  4.196  -10.172 0.1428571492
102161  -18.255  3.017  -12.039 0.1428571492
97004  -14.421  -2.809  -9.192 0.1428571492
95929  -26.726  -3.449  -9.431 0.1428571492
91821  -28.072  -7.261  -8.680 0.1428571492
87918  -19.227  -11.872  -13.002 0.1428571492
89935  -17.387  -9.915  -12.649 0.1428571492
94843  -26.982  -4.368  -8.992 0.1428571492
89934  -16.635  -9.459  -12.156 0.1428571492
91858  -15.581  -7.474  -11.606 0.1428571492
91857  -15.094  -7.215  -11.184 0.1428571492
93842  -14.850  -5.536  -11.075 0.1428571492
93856  -17.247  -5.164  -13.557 0.1428571492
94877  -15.416  -4.242  -11.511 0.1428571492
94902  -18.248  -4.233  -14.650 0.1428571492
95979  -16.643  -3.460  -13.123 0.2857142985
97068  -18.499  -1.781  -14.994 0.1428571492
98097  -18.528  -1.099  -15.196 0.1428571492
99118  -19.191  -0.044  -15.886 0.2857142985
160722  -17.889  0.053  -14.969 0.1428571492
100119  -19.181  0.698  -16.132 0.1428571492
102981  -18.174  3.822  -11.613 0.1428571492
103856  -18.679  4.792  -13.739 0.1428571492
103839  -17.836  4.589  -10.799 0.1428571492
93819  -27.351  -6.131  -8.609 0.1428571492
142089  -27.148  -5.301  -8.669 0.1428571492
94844  -27.809  -4.699  -8.614 0.1428571492
102207  -20.872  2.239  -16.668 0.2857142985
103030  -19.848  3.207  -16.316 0.2857142985
103849  -18.655  4.836  -12.985 0.1428571492
103008  -18.994  3.081  -15.429 0.2857142985
99124  -21.578  -0.080  -16.542 0.2857142985
86952  -19.284  -12.675  -12.948 0.1428571492
85913  -19.335  -13.469  -12.970 0.1428571492
101209  -22.074  1.661  -16.215 0.2857142985
88968  -19.733  -10.465  -13.933 0.1428571492
91822  -28.731  -7.598  -8.354 0.1428571492
100140  -20.849  0.043  -16.892 0.2857142985
96003  -19.286  -3.524  -15.855 0.1428571492
96015  -20.037  -3.130  -16.322 0.1428571492
97079  -20.069  -2.264  -16.295 0.1428571492
89944  -17.812  -9.294  -13.162 0.1428571492
91866  -17.018  -7.721  -12.800 0.1428571492
91864  -15.979  -6.737  -12.035 0.1428571492
160224  -15.673  -8.193  -11.645 0.1428571492
90908  -16.090  -8.725  -11.908 0.1428571492
150160  -15.424  -5.914  -11.639 0.1428571492
92826  -16.005  -5.852  -12.210 0.1428571492
93855  -16.710  -4.885  -13.147 0.1428571492
88967  -18.925  -10.453  -13.457 0.1428571492
94895  -16.592  -4.091  -13.113 0.1428571492
94896  -17.126  -4.450  -13.599 0.1428571492
88960  -18.169  -10.852  -12.793 0.1428571492
161314  -18.625  -2.627  -15.253 0.2857142985
97061  -18.056  -2.084  -14.414 0.2857142985
99123  -19.570  -0.505  -16.512 0.2857142985
99132  -20.493  -0.402  -16.923 0.2857142985
102187  -19.311  2.418  -16.060 0.2857142985
103830  -17.723  4.982  -10.121 0.1428571492
162163  -19.595  0.114  -16.687 0.2857142985
100126  -20.564  0.776  -16.899 0.2857142985
101207  -20.285  1.594  -16.826 0.2857142985
101188  -19.223  1.471  -16.197 0.2857142985
101206  -19.709  1.759  -16.573 0.2857142985
103855  -18.623  3.977  -13.276 0.1428571492
166015  -18.393  3.130  -13.317 0.2857142985
99117  -18.493  -0.319  -15.325 0.2857142985
73407  -18.070  -25.638  -6.955 0.1428571492
73414  -19.664  -25.881  -8.068 0.1428571492
73420  -20.040  -25.252  -8.538 0.1428571492
74395  -18.047  -24.235  -7.633 0.1428571492
75428  -18.175  -23.729  -7.895 0.1428571492
75437  -18.601  -23.411  -8.438 0.1428571492
74405  -19.353  -24.562  -8.618 0.1428571492
76511  -18.751  -22.710  -8.804 0.1428571492
151314  -19.200  -23.858  -8.786 0.1428571492
74406  -20.629  -24.805  -8.723 0.1428571492
77592  -18.795  -21.962  -9.252 0.1428571492
76513  -19.884  -22.984  -9.649 0.1428571492
75447  -21.216  -23.543  -9.626 0.1428571492
76522  -20.304  -22.338  -10.218 0.1428571492
76514  -20.710  -23.003  -10.041 0.1428571492
77583  -18.351  -22.208  -8.737 0.1428571492
77593  -19.333  -21.756  -9.797 0.1428571492
77602  -20.616  -21.621  -10.635 0.1428571492
79843  -20.415  -20.045  -11.164 0.1428571492
81841  -20.992  -17.867  -11.682 0.1428571492
82881  -21.434  -16.912  -11.908 0.1428571492
152636  -20.093  -24.599  -8.810 0.1428571492
74398  -21.918  -25.129  -8.214 0.1428571492
72453  -18.230  -26.354  -6.557 0.1428571492
73412  -17.972  -24.967  -7.439 0.1428571492
169870  -18.380  -24.123  -8.000 0.1428571492
101172  -18.260  1.611  -13.363 0.1428571492
163706  -21.975  -22.060  -10.344 0.1428571492
73413  -18.728  -25.586  -7.747 0.1428571492
73421  -21.029  -25.295  -8.418 0.1428571492
74414  -20.745  -24.224  -9.127 0.1428571492
158408  -21.658  -20.827  -10.763 0.1428571492
74397  -19.234  -25.232  -8.295 0.1428571492
74396  -18.588  -24.692  -8.094 0.1428571492
75427  -17.651  -23.338  -7.692 0.1428571492
74404  -18.676  -24.064  -8.364 0.1428571492
75444  -19.265  -23.202  -8.971 0.1428571492
76512  -19.288  -22.526  -9.385 0.1428571492
75445  -19.714  -23.563  -9.135 0.1428571492
74413  -19.886  -24.086  -8.981 0.1428571492
76521  -19.710  -22.291  -9.916 0.1428571492
77591  -18.268  -21.340  -9.098 0.1428571492
75446  -20.347  -23.584  -9.446 0.1428571492
77601  -19.871  -21.677  -10.346 0.1428571492
77582  -17.794  -22.080  -8.431 0.1428571492
72452  -17.535  -25.883  -6.276 0.1428571492
67909  -21.574  -31.085  -2.797 0.2857142985
70253  -32.318  -28.295  0.211 0.1428571492
70265  -31.128  -28.865  -0.458 0.1428571492
70328  -20.187  -28.838  -6.236 0.1428571492
71424  -26.059  -27.338  -2.892 0.1428571492
71425  -26.694  -27.572  -2.535 0.1428571492
72410  -26.248  -26.396  -3.125 0.2857142985
72412  -27.535  -26.663  -2.489 0.2857142985
72424  -24.874  -26.077  -3.901 0.2857142985
74360  -31.192  -24.231  -1.924 0.1428571492
74372  -30.123  -23.810  -2.565 0.1428571492
74407  -21.392  -24.683  -8.737 0.1428571492
74408  -22.227  -24.434  -8.545 0.4285714328
75327  -33.622  -23.781  -0.449 0.1428571492
75386  -30.745  -23.275  -2.518 0.1428571492
75404  -30.205  -23.053  -2.782 0.1428571492
75421  -24.042  -23.838  -6.980 0.7142857313
75436  -18.062  -23.262  -8.045 0.1428571492
76395  -36.187  -22.707  -0.194 0.1428571492
76478  -28.640  -22.649  -3.803 0.2857142985
76496  -24.059  -22.883  -7.937 0.7142857313
77486  -33.596  -21.706  -1.084 0.1428571492
77533  -29.001  -22.089  -4.110 0.2857142985
77546  -29.272  -21.502  -4.535 0.2857142985
77603  -21.424  -21.508  -10.667 0.1428571492
78607  -34.987  -20.275  -0.718 0.1428571492
78678  -30.418  -20.499  -4.154 0.1428571492
78762  -20.945  -20.907  -11.081 0.1428571492
79698  -36.208  -19.874  -0.948 0.1428571492
79722  -31.742  -19.537  -3.153 0.1428571492
79724  -33.450  -19.508  -1.584 0.1428571492
79776  -28.823  -19.674  -5.693 0.2857142985
79801  -26.084  -19.417  -7.824 0.7142857313
80680  -35.941  -18.372  -1.283 0.1428571492
80681  -36.618  -18.808  -1.571 0.1428571492
80697  -36.888  -18.217  -2.174 0.1428571492
80698  -37.324  -18.377  -2.899 0.1428571492
80738  -31.129  -18.419  -4.042 0.1428571492
80758  -29.572  -18.675  -5.472 0.2857142985
80787  -24.839  -18.917  -8.633 0.5714285970
80811  -21.734  -19.172  -11.241 0.2857142985
80833  -21.751  -18.364  -11.325 0.2857142985
81703  -35.521  -17.171  -1.552 0.1428571492
81754  -31.207  -17.562  -4.186 0.1428571492
81799  -27.056  -17.579  -8.049 0.7142857313
81811  -25.564  -17.441  -9.121 0.7142857313
82743  -36.132  -16.943  -1.764 0.1428571492
82789  -36.987  -16.595  -4.102 0.1428571492
82805  -30.245  -16.763  -5.337 0.2857142985
82835  -28.332  -16.687  -7.302 0.5714285970
82842  -25.961  -16.707  -9.140 0.7142857313
82854  -25.079  -16.016  -9.898 0.8571428657
82904  -22.200  -15.608  -12.468 0.4285714328
83770  -33.484  -15.568  -2.423 0.1428571492
83787  -31.841  -15.335  -3.838 0.1428571492
83802  -36.651  -15.404  -4.542 0.1428571492
83833  -29.286  -15.604  -6.657 0.4285714328
83851  -26.255  -15.912  -9.144 0.7142857313
83853  -27.347  -15.373  -8.560 0.7142857313
83905  -22.802  -15.074  -12.513 0.5714285970
84838  -36.543  -15.110  -6.096 0.1428571492
84887  -23.840  -14.492  -11.815 0.8571428657
84888  -24.390  -14.399  -11.303 0.7142857313
85831  -30.983  -13.711  -5.546 0.2857142985
85876  -28.787  -12.812  -8.402 0.4285714328
85930  -19.958  -13.088  -13.308 0.1428571492
86913  -28.182  -12.653  -8.768 0.5714285970
86955  -22.978  -12.289  -12.227 0.8571428657
87920  -23.095  -11.503  -12.077 0.7142857313
88959  -17.470  -10.693  -12.399 0.1428571492
88981  -21.419  -10.571  -14.251 0.5714285970
89894  -28.891  -9.217  -8.582 0.2857142985
89929  -23.528  -9.474  -11.844 1.0000000000
89937  -23.172  -9.032  -12.519 1.0000000000
89965  -21.572  -8.932  -15.220 0.5714285970
90901  -25.847  -8.395  -10.307 0.5714285970
90916  -17.450  -8.501  -13.070 0.1428571492
90930  -20.470  -8.793  -15.259 0.2857142985
91840  -27.024  -7.309  -9.953 0.5714285970
91859  -23.673  -7.548  -11.370 0.7142857313
91874  -18.396  -7.780  -14.042 0.2857142985
91876  -23.096  -7.870  -12.889 1.0000000000
91882  -22.458  -7.914  -14.864 0.8571428657
91886  -20.510  -7.659  -16.161 0.4285714328
91888  -22.045  -7.732  -15.838 0.2857142985
92801  -26.750  -6.705  -9.926 0.2857142985
92814  -25.451  -6.786  -10.259 0.5714285970
92821  -23.406  -6.148  -11.171 0.8571428657
92854  -21.921  -6.168  -16.569 0.7142857313
93843  -15.319  -5.040  -11.391 0.1428571492
93846  -22.565  -5.696  -12.493 0.8571428657
93851  -16.363  -5.373  -12.643 0.1428571492
93857  -17.673  -5.862  -13.727 0.2857142985
93870  -19.899  -5.809  -16.136 0.2857142985
94842  -25.674  -4.503  -9.514 0.4285714328
94889  -15.838  -4.147  -12.051 0.1428571492
94891  -22.460  -4.806  -12.834 0.8571428657
94908  -20.130  -5.097  -16.543 0.2857142985
94909  -21.325  -4.170  -16.031 0.4285714328
95928  -25.823  -3.641  -9.653 0.4285714328
95930  -27.639  -3.785  -9.158 0.1428571492
95968  -16.184  -3.783  -12.460 0.2857142985
95969  -22.673  -3.849  -13.189 0.8571428657
95980  -16.952  -3.697  -13.588 0.2857142985
95993  -22.250  -3.336  -14.580 0.8571428657
96004  -21.455  -3.153  -16.264 0.4285714328
96016  -20.633  -3.653  -16.609 0.4285714328
97022  -25.479  -2.288  -10.300 0.1428571492
97036  -23.837  -2.031  -10.789 0.8571428657
97047  -23.110  -2.404  -12.603 0.8571428657
97070  -22.280  -2.291  -15.398 0.8571428657
97080  -20.745  -2.780  -16.695 0.2857142985
98098  -19.148  -0.852  -15.874 0.2857142985
98106  -21.127  -1.433  -16.680 0.4285714328
99077  -24.778  -0.571  -10.759 0.5714285970
99088  -26.847  0.086  -10.868 0.1428571492
99095  -23.618  -0.855  -12.610 0.8571428657
99111  -22.745  -0.913  -15.081 0.7142857313
99133  -20.990  -0.638  -16.716 0.2857142985
100088  -25.289  0.747  -11.014 0.1428571492
100096  -25.159  1.008  -11.821 0.4285714328
100118  -18.519  0.503  -15.389 0.1428571492
100127  -21.237  0.568  -16.729 0.2857142985
100139  -20.149  0.149  -16.996 0.2857142985
102171  -26.603  2.883  -13.263 0.1428571492
102211  -23.999  2.780  -16.659 0.8571428657
103002  -26.497  3.897  -14.293 0.2857142985
103857  -27.829  4.445  -14.194 0.1428571492
103869  -25.449  4.122  -15.717 0.4285714328
105734  -28.724  6.358  -15.641 0.1428571492
105735  -29.368  6.162  -15.655 0.1428571492
105746  -27.411  7.004  -16.302 0.1428571492
105747  -29.058  6.786  -16.056 0.1428571492
105760  -23.010  6.214  -18.539 0.2857142985
107516  -27.619  8.178  -16.756 0.1428571492
107518  -29.058  7.931  -16.904 0.1428571492
107538  -23.234  8.225  -19.109 0.2857142985
108386  -24.687  8.807  -18.717 0.2857142985
108389  -27.444  9.204  -17.759 0.2857142985
108401  -22.056  9.124  -19.704 0.2857142985
109245  -27.069  10.271  -18.976 0.1428571492
141158  -24.129  1.994  -15.786 0.8571428657
144316  -22.611  -6.296  -15.493 1.0000000000
144563  -20.599  3.020  -16.640 0.5714285970
145675  -33.285  -26.877  0.461 0.1428571492
145678  -21.590  -22.824  -10.031 0.4285714328
146243  -27.489  -8.981  -9.450 0.4285714328
146955  -30.351  -15.084  -5.792 0.2857142985
148630  -23.887  -9.090  -11.323 0.8571428657
149140  -31.045  -21.259  -3.290 0.1428571492
149224  -30.593  -13.911  -5.975 0.2857142985
149941  -19.426  -2.682  -15.894 0.1428571492
150940  -19.690  -8.595  -14.830 0.2857142985
151158  -25.571  2.979  -14.469 0.4285714328
151724  -17.206  -9.138  -12.708 0.1428571492
152472  -26.946  -14.609  -8.877 0.7142857313
152710  -29.288  -11.830  -8.539 0.4285714328
153424  -22.553  -12.917  -12.532 0.5714285970
156401  -22.825  3.463  -17.143 0.7142857313
156603  -22.017  -4.022  -14.817 0.8571428657
156824  -25.773  -12.798  -10.346 0.8571428657
157258  -32.862  -18.422  -2.346 0.1428571492
157275  -36.744  -19.943  -1.353 0.1428571492
157396  -21.081  7.970  -17.703 0.2857142985
157464  -25.381  9.952  -19.251 0.1428571492
160029  -28.083  -23.785  -3.450 0.2857142985
160887  -18.872  -12.257  -12.750 0.1428571492
161071  -31.381  -20.735  -3.214 0.1428571492
161572  -27.214  -12.245  -9.418 0.7142857313
161970  -17.759  -10.378  -12.765 0.1428571492
162854  -32.289  -23.398  -1.563 0.1428571492
164205  -26.246  -11.034  -10.371 0.5714285970
164335  -26.818  5.823  -15.509 0.1428571492
164799  -18.932  -13.141  -12.742 0.1428571492
165737  -25.175  -10.180  -10.882 0.8571428657
166402  -35.500  -22.155  -0.284 0.1428571492
166432  -26.608  -19.485  -7.408 0.7142857313
166591  -27.959  -9.367  -9.197 0.2857142985
166870  -34.239  -24.849  0.337 0.1428571492
167108  -24.012  -15.489  -10.918 0.7142857313
167111  -35.899  -21.251  -0.546 0.1428571492
167681  -29.066  -12.287  -8.522 0.4285714328
168192  -35.698  -16.724  -1.726 0.1428571492
169004  -21.904  -1.033  -15.985 0.5714285970
169784  -23.243  -1.339  -13.827 0.8571428657
170027  -20.810  -4.160  -16.648 0.4285714328
170048  -21.591  2.123  -16.425 0.2857142985
170057  -25.492  -12.519  -10.874 0.8571428657
