#!ascii label  , from subject sub-v1s0x0050666_ses-1 vox2ras=TkReg
1381
106059  50.564  6.922  47.807 0.0000000000
102458  58.240  3.312  40.282 0.0000000000
107103  60.841  9.158  30.475 0.0000000000
98950  56.398  -0.740  26.910 0.0000000000
101551  48.437  2.755  44.828 0.0000000000
109488  59.956  12.044  37.978 0.0000000000
100721  59.015  0.712  34.667 0.0000000000
104436  47.551  5.703  24.280 0.0000000000
107827  55.434  8.906  43.393 0.0000000000
104258  54.531  6.350  46.500 0.0000000000
100703  51.509  1.004  37.750 0.0000000000
140584  53.093  7.623  31.744 0.0000000000
106286  55.627  7.939  23.865 0.0000000000
103364  60.774  4.765  37.071 0.0000000000
104389  56.140  5.924  30.874 0.0000000000
105314  47.601  6.728  27.821 0.0000000000
106941  56.349  9.551  49.246 0.0000000000
104221  53.707  6.653  50.438 0.0000000000
102449  49.117  2.869  41.000 0.0000000000
107048  57.825  9.034  34.299 0.0000000000
107052  53.716  8.669  34.727 0.0000000000
107106  56.420  8.680  30.215 0.0000000000
107146  54.648  8.657  27.249 0.0000000000
108735  58.910  10.320  26.238 0.0000000000
104286  59.984  6.034  43.415 0.0000000000
153176  58.502  6.577  40.327 0.0000000000
102455  62.124  3.493  40.094 0.0000000000
100759  56.542  1.164  30.545 0.0000000000
102506  56.298  3.372  34.034 0.0000000000
101653  53.681  2.605  31.421 0.0000000000
102537  53.310  3.934  29.498 0.0000000000
98953  53.076  -0.916  27.781 0.0000000000
95135  52.329  -3.832  25.993 0.0000000000
103244  48.162  5.096  49.886 0.0000000000
103243  51.319  4.343  50.220 0.0000000000
108671  62.414  9.990  35.185 0.0000000000
98857  56.392  -0.229  37.679 0.0000000000
99802  59.972  0.145  37.219 0.0000000000
163451  58.730  -0.990  33.387 0.0000000000
99873  59.568  1.175  29.238 0.0000000000
110272  56.690  13.208  42.636 0.0000000000
153046  56.432  12.411  46.151 0.0000000000
105173  57.538  7.280  46.033 0.0000000000
104305  55.867  5.486  42.424 0.0000000000
103293  50.835  4.319  45.383 0.0000000000
103346  51.987  4.237  40.936 0.0000000000
101606  54.068  2.538  38.697 0.0000000000
97927  54.574  -1.559  36.612 0.0000000000
103270  46.190  5.037  47.984 0.0000000000
107886  50.013  9.820  34.453 0.0000000000
106206  49.639  7.511  31.516 0.0000000000
105310  50.941  6.807  27.653 0.0000000000
106289  51.236  7.177  22.611 0.0000000000
103492  52.341  4.464  25.021 0.0000000000
108652  55.351  10.264  39.433 0.0000000000
107040  57.740  7.980  36.744 0.0000000000
106168  61.977  6.939  32.606 0.0000000000
101619  63.007  2.315  35.689 0.0000000000
103410  60.609  4.833  32.704 0.0000000000
106228  60.858  7.437  29.195 0.0000000000
106244  56.388  7.287  27.697 0.0000000000
103478  53.572  3.773  25.016 0.0000000000
106261  45.989  7.282  27.385 0.0000000000
106248  46.678  7.677  28.916 0.0000000000
106057  52.958  7.830  48.203 0.0000000000
106048  51.964  7.131  49.032 0.0000000000
107078  59.302  8.380  32.270 0.0000000000
160359  57.502  7.989  32.815 0.0000000000
146832  58.308  8.765  30.565 0.0000000000
107927  57.893  9.759  28.787 0.0000000000
107925  60.428  9.850  28.719 0.0000000000
103328  58.324  4.579  41.660 0.0000000000
103325  61.102  4.932  41.796 0.0000000000
102457  60.003  2.868  40.357 0.0000000000
99888  56.696  0.405  28.408 0.0000000000
100761  54.574  1.388  31.015 0.0000000000
99877  54.575  0.554  29.659 0.0000000000
99878  53.632  0.523  29.589 0.0000000000
139768  55.047  -1.177  27.725 0.0000000000
98020  54.407  -2.194  25.898 0.0000000000
98019  55.539  -1.672  25.911 0.0000000000
102347  49.546  3.370  52.134 0.0000000000
109506  60.309  11.684  35.176 0.0000000000
107867  60.639  10.551  37.028 0.0000000000
97931  56.134  -1.202  34.856 0.0000000000
98873  58.060  -0.549  35.412 0.0000000000
97956  57.253  -1.795  32.628 0.0000000000
156202  60.133  0.169  28.981 0.0000000000
99895  61.496  1.259  26.856 0.0000000000
100792  59.793  1.340  26.980 0.0000000000
105151  55.984  7.278  49.192 0.0000000000
106940  57.422  8.883  48.741 0.0000000000
105175  56.529  6.727  46.088 0.0000000000
104272  56.778  6.260  44.625 0.0000000000
104291  54.847  5.766  43.608 0.0000000000
168319  49.750  3.284  47.214 0.0000000000
103283  51.305  4.213  47.380 0.0000000000
102407  49.679  3.664  45.273 0.0000000000
101610  50.167  1.937  38.721 0.0000000000
102434  50.310  3.777  41.219 0.0000000000
101597  51.285  2.915  39.005 0.0000000000
102462  53.319  3.620  39.359 0.0000000000
161303  53.120  1.358  38.104 0.0000000000
153462  54.275  0.336  38.221 0.0000000000
98860  53.499  -0.921  37.622 0.0000000000
94072  54.583  -4.922  33.830 0.0000000000
106174  53.525  7.793  33.708 0.0000000000
107883  52.295  9.020  35.045 0.0000000000
106176  51.219  7.874  33.240 0.0000000000
107079  49.607  8.277  32.822 0.0000000000
106204  51.702  7.509  31.209 0.0000000000
106234  50.543  7.085  29.846 0.0000000000
106232  52.460  7.533  29.596 0.0000000000
107159  55.453  9.112  25.556 0.0000000000
141334  53.310  7.580  25.432 0.0000000000
143118  53.439  7.334  23.510 0.0000000000
105359  51.760  6.821  22.922 0.0000000000
104454  53.644  6.480  23.492 0.0000000000
108625  55.152  11.033  42.993 0.0000000000
110296  56.139  12.042  41.025 0.0000000000
107848  54.671  9.458  40.862 0.0000000000
149669  59.931  5.223  38.647 0.0000000000
105239  57.345  6.434  38.415 0.0000000000
104338  58.216  5.895  36.755 0.0000000000
106159  59.847  7.139  35.363 0.0000000000
141242  60.939  5.532  34.596 0.0000000000
99815  60.078  -0.064  35.156 0.0000000000
100705  61.874  0.624  36.458 0.0000000000
101621  60.387  2.075  35.821 0.0000000000
104368  55.950  5.010  32.210 0.0000000000
103398  58.283  4.568  33.465 0.0000000000
104378  58.737  5.784  31.860 0.0000000000
105274  60.746  6.438  30.890 0.0000000000
105295  58.291  6.902  29.622 0.0000000000
106243  58.386  7.844  27.882 0.0000000000
105296  56.753  6.755  29.240 0.0000000000
101673  52.772  2.098  28.194 0.0000000000
103452  53.560  4.226  27.630 0.0000000000
101685  52.939  2.223  25.282 0.0000000000
101689  52.671  2.681  24.406 0.0000000000
111072  59.704  13.638  38.879 0.0000000000
105340  45.405  6.266  25.268 0.0000000000
159608  47.804  6.489  26.075 0.0000000000
151214  55.097  11.701  47.315 0.0000000000
106957  54.221  8.973  47.548 0.0000000000
106936  54.935  7.794  50.143 0.0000000000
104229  54.260  6.427  48.938 0.0000000000
101571  48.160  2.598  42.119 0.0000000000
107050  56.009  8.730  34.393 0.0000000000
106188  55.686  7.926  32.577 0.0000000000
107091  54.973  8.173  30.669 0.0000000000
107120  53.972  8.154  28.843 0.0000000000
107118  55.344  8.825  29.129 0.0000000000
142208  56.461  9.883  26.537 0.0000000000
107167  57.250  9.245  25.263 0.0000000000
106118  57.852  7.646  43.190 0.0000000000
106130  56.302  7.734  41.459 0.0000000000
105217  59.474  6.893  41.949 0.0000000000
105231  60.249  6.003  40.705 0.0000000000
103359  62.064  4.448  38.988 0.0000000000
99850  56.896  0.759  32.975 0.0000000000
101631  57.183  2.331  34.846 0.0000000000
100734  54.931  1.732  33.200 0.0000000000
102518  54.412  2.986  32.628 0.0000000000
103423  54.112  4.352  31.394 0.0000000000
104391  54.615  5.435  30.316 0.0000000000
153361  53.306  2.878  30.651 0.0000000000
143773  52.739  1.813  29.109 0.0000000000
98966  52.506  -0.516  27.390 0.0000000000
96035  53.730  -3.745  26.522 0.0000000000
105141  49.355  6.398  48.902 0.0000000000
105118  51.125  5.856  51.084 0.0000000000
103234  50.118  4.717  51.629 0.0000000000
102359  50.483  2.964  50.148 0.0000000000
101538  48.822  2.193  47.501 0.0000000000
108677  58.449  10.692  34.553 0.0000000000
160634  60.000  9.923  34.229 0.0000000000
107059  61.500  9.336  32.980 0.0000000000
99786  57.296  0.789  39.065 0.0000000000
155063  58.741  1.153  39.657 0.0000000000
99804  58.005  0.118  38.124 0.0000000000
98872  59.145  -0.421  35.317 0.0000000000
98877  59.080  -0.372  34.276 0.0000000000
97975  58.446  -1.499  30.913 0.0000000000
98908  58.670  -0.263  31.708 0.0000000000
99848  58.478  0.168  32.044 0.0000000000
100758  58.169  1.330  29.907 0.0000000000
100779  58.468  1.445  28.139 0.0000000000
99905  57.739  0.154  26.543 0.0000000000
98032  56.887  -1.386  25.670 0.0000000000
110266  56.273  12.552  44.162 0.0000000000
107809  55.666  9.808  44.950 0.0000000000
109411  56.193  11.413  47.678 0.0000000000
107801  56.952  9.765  47.266 0.0000000000
163503  56.789  8.317  45.057 0.0000000000
104288  58.758  6.432  44.240 0.0000000000
164539  57.188  5.442  42.784 0.0000000000
103342  56.629  4.394  40.527 0.0000000000
103241  52.378  5.473  50.331 0.0000000000
104244  52.948  5.311  48.629 0.0000000000
104265  52.892  5.408  46.230 0.0000000000
103323  49.778  3.834  42.775 0.0000000000
103322  51.439  4.562  42.543 0.0000000000
103314  53.103  4.933  43.263 0.0000000000
103332  53.467  4.777  41.422 0.0000000000
103344  54.578  4.457  40.405 0.0000000000
102460  56.067  3.145  39.470 0.0000000000
100695  55.432  1.135  38.728 0.0000000000
97917  55.094  -1.072  36.856 0.0000000000
96967  55.081  -2.219  34.177 0.0000000000
96965  53.604  -3.127  35.197 0.0000000000
95973  54.533  -3.500  33.753 0.0000000000
105143  47.943  5.986  48.060 0.0000000000
103254  47.290  4.837  49.100 0.0000000000
102387  45.258  4.087  47.894 0.0000000000
109516  50.500  11.706  34.305 0.0000000000
108685  48.637  10.167  33.108 0.0000000000
105302  48.083  7.013  29.490 0.0000000000
105325  49.322  6.586  27.455 0.0000000000
105336  50.189  6.792  26.028 0.0000000000
106258  53.389  7.682  27.662 0.0000000000
106272  51.717  7.363  25.455 0.0000000000
140775  49.870  7.028  23.811 0.0000000000
109490  58.150  11.382  38.650 0.0000000000
106141  55.746  7.754  39.454 0.0000000000
107037  56.594  8.457  37.687 0.0000000000
147971  58.249  9.448  37.458 0.0000000000
107039  60.886  9.074  36.326 0.0000000000
148438  62.522  8.494  33.979 0.0000000000
107084  62.558  8.577  31.697 0.0000000000
101604  60.986  1.370  39.463 0.0000000000
101602  62.998  2.293  38.559 0.0000000000
103366  63.500  3.417  36.142 0.0000000000
102494  59.406  3.561  34.776 0.0000000000
102492  62.410  3.572  34.477 0.0000000000
103380  62.671  4.050  33.940 0.0000000000
104362  62.138  5.226  32.593 0.0000000000
105282  62.220  6.835  31.104 0.0000000000
107114  62.283  8.909  29.273 0.0000000000
107129  60.530  8.824  27.564 0.0000000000
107143  58.543  9.116  26.225 0.0000000000
106269  56.166  7.664  25.365 0.0000000000
104408  54.535  5.801  28.516 0.0000000000
148387  54.783  6.126  26.337 0.0000000000
105347  54.882  6.442  24.290 0.0000000000
103490  53.241  4.029  24.312 0.0000000000
95137  50.814  -4.168  26.243 0.0000000000
107135  45.653  8.349  27.773 0.0000000000
107134  46.278  8.381  28.704 0.0000000000
106074  51.310  7.662  46.688 0.0000000000
161126  52.236  7.518  48.310 0.0000000000
106049  51.083  6.813  48.666 0.0000000000
107086  60.143  8.729  31.418 0.0000000000
107087  58.784  8.414  31.383 0.0000000000
107104  59.441  8.878  30.596 0.0000000000
107926  59.070  9.768  29.068 0.0000000000
107917  61.229  9.464  29.530 0.0000000000
102444  58.379  4.050  40.886 0.0000000000
102443  59.602  3.507  40.915 0.0000000000
146953  59.031  2.812  40.244 0.0000000000
98936  56.903  -0.089  27.261 0.0000000000
99876  55.517  0.824  29.722 0.0000000000
98937  55.865  -0.536  27.877 0.0000000000
98938  54.720  -0.683  28.480 0.0000000000
98951  55.679  -1.193  26.921 0.0000000000
98965  56.376  -1.123  26.135 0.0000000000
165959  60.262  13.398  37.546 0.0000000000
109503  60.470  11.848  37.338 0.0000000000
109502  60.706  11.586  36.703 0.0000000000
109498  60.237  11.286  37.513 0.0000000000
96973  56.292  -2.092  32.980 0.0000000000
97944  57.159  -1.468  33.389 0.0000000000
96987  56.713  -2.601  32.236 0.0000000000
99885  61.932  0.994  27.192 0.0000000000
99893  62.574  0.660  26.294 0.0000000000
99910  61.623  0.878  25.967 0.0000000000
103493  48.063  5.161  24.484 0.0000000000
105166  55.049  6.805  47.425 0.0000000000
144936  55.940  7.137  47.876 0.0000000000
105176  55.348  6.554  45.760 0.0000000000
105187  55.080  6.387  44.964 0.0000000000
104263  54.420  6.039  45.358 0.0000000000
102401  49.169  3.013  45.700 0.0000000000
102399  49.859  3.659  46.108 0.0000000000
102417  49.111  3.350  44.892 0.0000000000
100700  50.727  1.354  38.094 0.0000000000
101598  50.498  2.675  39.183 0.0000000000
100699  51.581  1.757  38.076 0.0000000000
156650  52.404  2.696  38.556 0.0000000000
99807  52.242  1.198  37.827 0.0000000000
168781  52.813  0.643  37.794 0.0000000000
99806  53.088  -0.136  37.715 0.0000000000
142284  53.809  7.717  31.664 0.0000000000
168443  52.938  7.678  33.319 0.0000000000
106191  52.626  7.612  32.590 0.0000000000
167861  51.453  7.546  31.936 0.0000000000
158672  52.214  7.583  31.839 0.0000000000
106216  52.079  7.510  30.378 0.0000000000
140152  52.999  7.697  30.176 0.0000000000
107175  55.471  8.305  24.034 0.0000000000
107170  54.983  8.397  24.093 0.0000000000
107181  54.837  8.014  23.507 0.0000000000
105368  53.388  7.138  23.400 0.0000000000
105367  54.685  7.267  23.494 0.0000000000
107828  54.763  9.554  42.817 0.0000000000
108626  54.722  10.395  42.322 0.0000000000
106995  55.095  8.814  42.375 0.0000000000
104330  60.005  5.006  37.717 0.0000000000
104335  58.621  5.492  37.151 0.0000000000
104334  59.479  5.163  36.948 0.0000000000
104340  59.931  5.520  35.441 0.0000000000
103369  60.181  5.055  36.101 0.0000000000
100720  59.774  0.512  35.077 0.0000000000
100708  60.476  0.548  35.737 0.0000000000
100710  58.865  1.660  35.263 0.0000000000
104380  56.477  5.616  31.604 0.0000000000
104367  57.033  5.322  32.319 0.0000000000
153611  57.258  5.801  31.635 0.0000000000
105276  58.061  6.138  31.227 0.0000000000
105286  57.677  6.465  30.350 0.0000000000
168751  57.386  6.714  29.646 0.0000000000
105287  56.679  6.356  30.132 0.0000000000
158021  52.551  0.994  26.809 0.0000000000
101680  53.072  2.426  26.961 0.0000000000
100793  52.480  1.550  25.206 0.0000000000
99913  51.794  1.201  24.408 0.0000000000
105328  45.016  6.972  26.116 0.0000000000
105327  45.991  6.770  26.360 0.0000000000
105339  46.322  6.284  25.235 0.0000000000
105326  47.026  6.612  26.483 0.0000000000
108599  53.759  10.532  46.146 0.0000000000
106965  53.493  9.074  46.531 0.0000000000
106038  53.916  7.330  50.362 0.0000000000
106046  53.863  7.846  49.322 0.0000000000
168701  54.442  7.180  50.473 0.0000000000
105137  55.085  6.927  49.841 0.0000000000
105138  54.195  6.624  49.903 0.0000000000
107879  57.173  9.590  34.576 0.0000000000
107880  56.250  9.468  34.689 0.0000000000
107049  56.866  8.884  34.356 0.0000000000
106200  57.129  7.995  31.951 0.0000000000
106187  56.584  7.971  32.660 0.0000000000
106201  56.175  8.023  31.794 0.0000000000
106202  55.166  7.934  31.660 0.0000000000
107090  55.825  8.258  30.892 0.0000000000
107107  55.563  8.545  30.005 0.0000000000
107117  56.124  9.122  29.360 0.0000000000
151682  58.478  10.316  27.814 0.0000000000
107938  57.414  10.079  27.872 0.0000000000
107948  58.066  10.438  26.784 0.0000000000
107960  56.754  9.659  25.649 0.0000000000
108736  58.180  10.243  25.907 0.0000000000
106098  59.365  6.864  43.787 0.0000000000
106116  59.473  6.995  42.904 0.0000000000
105216  60.146  6.520  42.717 0.0000000000
102441  61.680  4.138  40.764 0.0000000000
104317  61.067  5.419  40.879 0.0000000000
141892  61.590  4.773  40.546 0.0000000000
104326  61.339  5.006  39.675 0.0000000000
100748  56.870  1.027  31.357 0.0000000000
100740  56.054  1.234  33.180 0.0000000000
141007  55.739  1.306  31.312 0.0000000000
100751  54.506  1.764  31.847 0.0000000000
101647  53.819  3.004  32.035 0.0000000000
102525  54.204  3.695  32.030 0.0000000000
102526  53.634  3.471  31.330 0.0000000000
149544  53.499  2.105  30.629 0.0000000000
149429  53.067  0.093  29.064 0.0000000000
157361  52.940  0.753  29.423 0.0000000000
99879  52.710  0.535  28.696 0.0000000000
99898  52.498  0.299  27.525 0.0000000000
98021  52.923  -2.188  26.262 0.0000000000
96055  54.568  -2.707  25.523 0.0000000000
96056  53.892  -2.849  25.471 0.0000000000
104232  48.491  5.784  49.392 0.0000000000
104223  49.822  5.957  50.534 0.0000000000
103235  49.082  4.799  51.083 0.0000000000
101499  50.287  3.066  51.395 0.0000000000
101522  49.925  2.424  49.255 0.0000000000
148621  49.873  2.703  48.297 0.0000000000
101523  49.311  2.055  48.366 0.0000000000
108672  61.762  10.431  35.781 0.0000000000
142514  60.543  10.558  34.574 0.0000000000
107878  61.466  10.223  34.150 0.0000000000
107890  62.153  9.742  33.675 0.0000000000
99793  56.783  0.416  38.568 0.0000000000
99792  57.689  0.352  38.657 0.0000000000
99805  57.130  0.010  38.028 0.0000000000
98878  58.211  -0.854  34.433 0.0000000000
163218  58.425  -0.367  35.884 0.0000000000
147844  59.009  -0.567  34.594 0.0000000000
98876  59.600  -0.262  34.859 0.0000000000
98887  58.766  -0.625  33.393 0.0000000000
97006  58.231  -2.298  30.641 0.0000000000
97985  58.884  -1.648  30.094 0.0000000000
98925  59.544  0.501  29.734 0.0000000000
98917  59.201  0.197  30.370 0.0000000000
162762  58.883  0.585  30.600 0.0000000000
99856  58.525  0.500  31.162 0.0000000000
99865  58.048  1.044  30.773 0.0000000000
99874  58.962  1.403  29.571 0.0000000000
99904  59.368  0.817  26.392 0.0000000000
99896  58.975  1.190  27.093 0.0000000000
143879  58.572  0.547  26.403 0.0000000000
167819  58.274  0.850  27.127 0.0000000000
161517  58.871  0.294  25.956 0.0000000000
98031  58.350  -0.651  25.826 0.0000000000
110249  56.456  13.096  45.722 0.0000000000
110259  56.412  13.425  44.855 0.0000000000
109447  56.455  12.513  45.186 0.0000000000
109448  55.962  11.619  44.501 0.0000000000
109440  56.276  11.559  45.510 0.0000000000
107782  55.893  10.324  48.498 0.0000000000
109412  55.814  11.638  47.615 0.0000000000
107781  56.420  10.155  48.667 0.0000000000
105164  57.458  7.447  46.849 0.0000000000
147626  57.422  8.851  47.686 0.0000000000
106963  57.179  8.708  46.636 0.0000000000
164541  56.921  8.501  45.736 0.0000000000
106972  57.542  7.734  45.436 0.0000000000
106089  58.098  7.144  45.018 0.0000000000
105184  57.705  7.126  45.538 0.0000000000
141948  55.741  5.693  43.291 0.0000000000
143078  56.826  5.729  43.430 0.0000000000
103329  57.053  4.793  41.251 0.0000000000
103330  56.013  4.858  40.958 0.0000000000
104214  51.232  5.458  51.151 0.0000000000
105117  51.766  5.914  50.910 0.0000000000
103242  51.727  5.065  50.645 0.0000000000
168632  51.591  4.499  46.807 0.0000000000
103282  52.170  4.762  47.736 0.0000000000
103292  51.519  4.583  45.955 0.0000000000
104260  52.881  5.361  47.404 0.0000000000
103302  51.490  4.704  45.035 0.0000000000
101575  48.379  2.498  41.333 0.0000000000
160807  49.203  3.482  42.885 0.0000000000
102435  49.588  3.391  41.479 0.0000000000
103347  51.122  4.071  41.019 0.0000000000
141538  50.795  4.255  41.835 0.0000000000
103334  51.604  4.451  41.666 0.0000000000
103316  52.073  4.789  43.560 0.0000000000
103321  52.370  4.764  42.569 0.0000000000
140833  53.258  4.852  42.330 0.0000000000
103333  52.475  4.625  41.671 0.0000000000
102469  53.507  3.088  38.847 0.0000000000
103356  53.946  4.059  39.867 0.0000000000
102461  54.244  3.339  39.208 0.0000000000
157390  55.584  3.676  39.720 0.0000000000
101605  54.862  2.599  38.961 0.0000000000
100685  56.012  1.695  39.092 0.0000000000
100696  54.702  1.843  38.648 0.0000000000
97918  54.491  -1.270  37.201 0.0000000000
98858  55.082  -0.661  37.553 0.0000000000
157095  55.047  -1.363  36.271 0.0000000000
97932  55.380  -1.403  35.552 0.0000000000
97939  54.812  -2.023  35.046 0.0000000000
95961  53.145  -3.767  35.529 0.0000000000
95044  54.349  -4.169  33.840 0.0000000000
94089  55.669  -4.942  32.685 0.0000000000
105168  48.246  6.440  46.838 0.0000000000
104246  46.671  5.403  47.708 0.0000000000
104245  47.326  5.657  47.860 0.0000000000
104234  46.946  5.189  48.315 0.0000000000
103246  46.933  4.183  49.315 0.0000000000
103255  46.460  4.477  48.642 0.0000000000
107885  50.718  9.603  34.700 0.0000000000
108680  51.342  10.204  34.994 0.0000000000
163974  50.436  10.597  34.654 0.0000000000
167172  49.707  11.773  33.977 0.0000000000
109522  49.271  11.063  33.947 0.0000000000
109523  48.824  10.850  33.408 0.0000000000
107892  49.472  9.568  33.914 0.0000000000
107092  49.215  8.017  32.126 0.0000000000
106220  48.398  7.603  30.681 0.0000000000
158803  48.053  7.430  30.097 0.0000000000
105289  48.675  7.121  30.102 0.0000000000
105299  51.007  6.957  28.807 0.0000000000
105300  49.878  6.727  29.159 0.0000000000
105311  50.095  6.627  28.154 0.0000000000
105324  50.135  6.682  27.114 0.0000000000
105323  50.794  6.831  26.763 0.0000000000
107132  54.599  8.580  28.159 0.0000000000
106245  53.373  7.774  28.556 0.0000000000
107147  54.098  8.096  26.944 0.0000000000
106280  52.950  7.579  24.207 0.0000000000
156037  52.462  7.467  25.045 0.0000000000
106281  51.720  7.573  23.893 0.0000000000
105348  51.067  7.370  24.700 0.0000000000
106282  50.731  7.316  23.426 0.0000000000
104457  49.594  6.085  23.174 0.0000000000
106290  50.749  6.902  22.349 0.0000000000
104432  51.920  5.551  24.545 0.0000000000
111064  57.589  13.536  41.320 0.0000000000
109484  55.710  11.103  39.606 0.0000000000
109479  56.282  11.811  40.125 0.0000000000
108651  56.580  11.460  39.345 0.0000000000
109483  57.559  11.810  39.225 0.0000000000
108658  56.131  10.528  38.847 0.0000000000
106132  57.225  7.337  40.981 0.0000000000
106134  55.958  7.633  40.463 0.0000000000
106133  56.534  7.239  39.835 0.0000000000
106149  57.334  7.314  37.021 0.0000000000
106146  56.210  7.751  38.159 0.0000000000
150515  57.122  7.985  37.217 0.0000000000
107869  57.192  9.397  37.747 0.0000000000
107035  58.631  8.793  36.862 0.0000000000
107873  59.912  9.364  36.794 0.0000000000
149246  58.595  7.908  36.347 0.0000000000
105254  60.229  6.579  34.730 0.0000000000
106163  60.708  7.225  34.573 0.0000000000
106162  61.913  7.819  34.132 0.0000000000
107057  62.557  8.573  33.265 0.0000000000
160375  62.582  7.954  32.402 0.0000000000
100692  59.139  0.473  39.178 0.0000000000
100682  59.766  1.169  39.588 0.0000000000
168147  60.419  0.631  38.380 0.0000000000
155190  62.392  1.498  36.222 0.0000000000
100690  62.633  1.208  38.126 0.0000000000
101616  63.179  2.005  36.424 0.0000000000
102473  63.709  3.255  36.758 0.0000000000
101615  63.589  2.688  35.875 0.0000000000
102496  56.680  2.879  34.558 0.0000000000
102495  57.554  3.136  34.961 0.0000000000
103384  57.772  3.923  34.315 0.0000000000
103411  59.288  4.934  32.905 0.0000000000
103382  60.534  4.025  33.926 0.0000000000
103396  61.432  4.436  33.141 0.0000000000
103395  62.277  4.648  33.187 0.0000000000
104344  62.342  4.596  33.405 0.0000000000
103409  61.831  4.857  32.612 0.0000000000
105284  60.778  6.925  30.071 0.0000000000
105283  61.728  6.818  30.604 0.0000000000
106214  61.710  7.351  29.758 0.0000000000
106213  62.380  8.214  29.695 0.0000000000
106227  61.726  7.943  29.021 0.0000000000
107128  61.281  8.858  28.146 0.0000000000
106241  60.933  8.125  28.350 0.0000000000
153618  57.315  7.634  27.834 0.0000000000
106255  57.949  8.337  26.964 0.0000000000
106256  57.013  8.068  26.822 0.0000000000
106268  56.822  8.336  25.701 0.0000000000
106257  56.277  7.584  26.524 0.0000000000
104392  54.022  5.090  29.908 0.0000000000
104401  54.581  5.674  29.462 0.0000000000
104402  54.037  5.180  29.041 0.0000000000
103464  53.653  3.915  26.377 0.0000000000
104416  54.202  5.319  26.745 0.0000000000
104421  54.389  5.309  25.551 0.0000000000
168392  55.156  6.531  25.692 0.0000000000
103489  53.779  5.200  24.108 0.0000000000
103477  53.819  4.621  24.710 0.0000000000
100800  50.921  1.070  24.165 0.0000000000
101690  52.127  2.377  24.619 0.0000000000
96059  51.657  -3.162  25.403 0.0000000000
95136  51.569  -4.078  26.128 0.0000000000
106263  44.343  7.881  25.953 0.0000000000
106249  46.084  7.752  28.162 0.0000000000
165495  46.554  7.321  28.273 0.0000000000
150993  52.990  8.452  47.070 0.0000000000
106073  52.139  7.769  47.284 0.0000000000
106047  52.924  7.451  49.532 0.0000000000
106039  53.176  7.054  50.652 0.0000000000
156547  58.548  8.775  33.699 0.0000000000
167512  57.757  8.284  33.447 0.0000000000
106169  58.464  8.239  32.981 0.0000000000
107088  57.695  8.344  31.254 0.0000000000
107105  57.334  8.758  30.414 0.0000000000
107116  57.048  9.218  29.578 0.0000000000
107115  58.033  9.294  29.779 0.0000000000
166062  58.756  10.098  28.420 0.0000000000
108726  59.971  10.282  27.086 0.0000000000
103327  59.687  4.842  42.440 0.0000000000
104302  60.535  5.634  42.847 0.0000000000
103341  59.676  4.275  41.655 0.0000000000
103340  60.878  4.333  41.430 0.0000000000
102456  61.155  3.077  40.408 0.0000000000
159791  56.387  1.086  29.842 0.0000000000
99875  56.237  0.698  29.240 0.0000000000
99866  54.819  0.989  30.194 0.0000000000
99867  54.043  0.945  30.155 0.0000000000
100762  53.756  1.448  30.466 0.0000000000
98926  54.098  -0.101  29.189 0.0000000000
98952  54.110  -1.206  27.857 0.0000000000
98006  53.536  -1.630  27.018 0.0000000000
98005  54.710  -1.551  26.865 0.0000000000
98033  55.443  -2.111  25.424 0.0000000000
164697  55.401  -2.420  25.477 0.0000000000
103236  48.290  4.258  50.730 0.0000000000
163366  48.839  4.079  51.478 0.0000000000
102354  48.974  3.504  52.009 0.0000000000
109507  59.906  12.323  34.960 0.0000000000
157401  60.452  12.079  35.977 0.0000000000
109505  60.965  11.268  36.013 0.0000000000
108670  61.501  10.050  36.301 0.0000000000
97925  56.110  -0.899  35.583 0.0000000000
98868  56.738  -0.629  36.177 0.0000000000
98874  57.043  -0.862  35.129 0.0000000000
97937  57.161  -1.175  34.233 0.0000000000
97943  58.151  -1.256  33.033 0.0000000000
97997  60.461  -1.073  28.612 0.0000000000
98935  60.929  0.150  28.253 0.0000000000
165598  60.610  0.812  28.328 0.0000000000
99887  60.186  1.233  28.245 0.0000000000
100766  59.308  1.538  28.551 0.0000000000
100777  60.703  1.313  27.410 0.0000000000
99903  60.291  1.038  26.348 0.0000000000
110236  56.285  13.052  46.449 0.0000000000
106045  56.773  8.020  49.895 0.0000000000
106044  57.172  8.707  49.544 0.0000000000
106056  56.827  7.445  48.526 0.0000000000
105165  56.891  6.996  47.180 0.0000000000
105174  57.183  6.870  46.150 0.0000000000
105185  57.271  6.768  45.477 0.0000000000
105186  56.108  6.382  45.222 0.0000000000
105198  55.490  6.123  44.423 0.0000000000
104306  54.878  5.510  42.667 0.0000000000
102370  50.730  3.560  48.551 0.0000000000
103253  51.252  4.010  48.960 0.0000000000
102385  50.631  3.869  47.277 0.0000000000
158006  50.293  3.917  45.588 0.0000000000
102406  50.238  4.010  44.863 0.0000000000
101599  49.676  2.371  39.422 0.0000000000
102448  49.811  3.297  40.661 0.0000000000
102465  50.080  3.101  39.864 0.0000000000
102464  50.913  3.318  39.641 0.0000000000
102446  51.558  3.814  40.157 0.0000000000
160701  52.361  4.069  40.294 0.0000000000
102445  52.390  3.662  39.533 0.0000000000
102470  52.792  3.194  38.845 0.0000000000
101607  53.162  2.405  38.483 0.0000000000
154669  54.551  1.044  38.433 0.0000000000
159437  53.872  0.985  38.219 0.0000000000
98851  53.917  -0.298  37.943 0.0000000000
97928  54.026  -1.764  36.908 0.0000000000
95032  53.727  -4.854  34.842 0.0000000000
93120  55.836  -6.041  33.795 0.0000000000
106164  54.066  8.049  34.198 0.0000000000
154340  52.951  9.152  35.158 0.0000000000
106166  52.805  7.894  34.086 0.0000000000
107064  52.195  8.136  34.254 0.0000000000
107066  50.689  8.391  33.751 0.0000000000
167082  49.650  9.005  33.758 0.0000000000
106177  50.400  8.031  33.009 0.0000000000
106193  50.915  7.648  32.451 0.0000000000
106205  50.704  7.443  31.546 0.0000000000
106218  50.112  7.235  30.733 0.0000000000
106217  51.119  7.356  30.565 0.0000000000
106233  51.550  7.304  29.694 0.0000000000
147545  52.064  7.293  28.920 0.0000000000
150556  54.760  8.728  26.173 0.0000000000
151556  54.900  8.600  25.041 0.0000000000
106279  54.141  7.937  24.460 0.0000000000
106288  52.461  7.302  23.381 0.0000000000
106299  51.302  6.956  22.535 0.0000000000
106298  52.139  7.088  23.116 0.0000000000
149065  52.912  6.181  23.605 0.0000000000
104431  52.785  5.527  24.126 0.0000000000
110283  56.065  12.160  42.104 0.0000000000
110282  56.878  12.861  41.674 0.0000000000
109468  55.407  11.465  41.334 0.0000000000
109481  55.008  10.827  40.870 0.0000000000
107852  54.858  9.886  40.054 0.0000000000
104328  59.187  5.660  39.051 0.0000000000
105233  57.887  6.436  39.430 0.0000000000
105238  58.281  5.976  38.751 0.0000000000
104332  57.897  6.019  37.590 0.0000000000
105246  57.718  6.516  36.858 0.0000000000
106154  58.838  7.059  36.055 0.0000000000
105245  58.458  6.251  36.210 0.0000000000
105249  59.613  6.210  35.138 0.0000000000
104346  60.427  6.014  34.478 0.0000000000
99811  60.541  -0.006  35.926 0.0000000000
99801  61.107  0.300  36.753 0.0000000000
100706  61.113  0.445  36.184 0.0000000000
101617  61.443  1.077  36.089 0.0000000000
101620  61.844  2.166  35.792 0.0000000000
103413  56.403  4.610  32.925 0.0000000000
103399  56.942  4.166  33.696 0.0000000000
103412  57.342  4.793  32.997 0.0000000000
104366  58.255  5.255  32.574 0.0000000000
104365  59.686  5.434  32.294 0.0000000000
104377  60.629  5.823  31.648 0.0000000000
105275  59.422  6.204  31.199 0.0000000000
143001  59.830  6.599  30.423 0.0000000000
105294  59.613  7.072  29.612 0.0000000000
106229  58.902  7.458  28.767 0.0000000000
106230  57.640  7.226  28.831 0.0000000000
161508  56.812  7.129  28.503 0.0000000000
102545  52.966  2.919  28.224 0.0000000000
103442  53.588  4.512  28.710 0.0000000000
102551  53.347  3.275  27.033 0.0000000000
102557  53.479  3.132  25.459 0.0000000000
102562  53.144  3.126  24.391 0.0000000000
165707  52.557  2.213  24.566 0.0000000000
100799  51.426  1.151  24.362 0.0000000000
110303  59.976  13.047  38.121 0.0000000000
105352  46.914  5.845  24.746 0.0000000000
108598  54.541  10.779  47.020 0.0000000000
106942  55.389  9.369  48.665 0.0000000000
106944  53.713  8.292  48.179 0.0000000000
106943  54.694  8.486  48.983 0.0000000000
106935  55.841  8.724  49.803 0.0000000000
105125  55.877  7.618  50.073 0.0000000000
105152  55.078  6.823  48.496 0.0000000000
104242  54.298  6.361  47.718 0.0000000000
101560  48.191  2.725  43.824 0.0000000000
101572  47.418  2.185  42.526 0.0000000000
101583  48.010  2.054  40.940 0.0000000000
101582  48.616  2.348  40.575 0.0000000000
101600  48.868  1.996  39.794 0.0000000000
100686  49.322  1.453  38.961 0.0000000000
99797  50.133  0.665  38.057 0.0000000000
99809  50.919  0.300  37.667 0.0000000000
98861  52.581  -0.831  37.570 0.0000000000
107881  55.402  9.795  34.734 0.0000000000
144581  55.212  8.585  34.399 0.0000000000
106170  56.981  8.146  33.436 0.0000000000
107062  55.669  8.260  33.997 0.0000000000
107063  54.857  8.094  34.044 0.0000000000
106173  54.357  7.819  33.360 0.0000000000
106189  54.347  7.763  32.036 0.0000000000
106215  53.596  7.756  30.850 0.0000000000
107109  53.939  8.008  29.796 0.0000000000
107108  54.756  8.374  29.847 0.0000000000
107119  54.611  8.507  29.011 0.0000000000
107131  55.199  8.980  28.236 0.0000000000
107928  56.785  9.561  28.673 0.0000000000
145190  56.276  9.781  27.434 0.0000000000
107950  55.662  9.524  27.248 0.0000000000
107961  55.921  9.588  26.039 0.0000000000
107967  56.145  9.191  25.200 0.0000000000
106285  56.019  8.393  24.395 0.0000000000
106993  57.113  7.926  43.486 0.0000000000
107009  55.668  8.246  41.910 0.0000000000
141409  57.496  7.598  42.132 0.0000000000
106129  58.504  7.312  41.982 0.0000000000
105222  58.474  6.947  41.062 0.0000000000
105215  60.654  6.074  42.449 0.0000000000
105221  59.596  6.519  41.066 0.0000000000
105232  59.075  6.044  39.927 0.0000000000
104327  60.126  5.534  39.840 0.0000000000
103360  61.003  4.807  38.325 0.0000000000
99824  58.000  0.962  34.223 0.0000000000
100722  57.930  1.691  34.929 0.0000000000
100723  56.972  1.688  34.486 0.0000000000
101633  55.732  2.150  34.019 0.0000000000
102507  55.495  2.878  33.713 0.0000000000
100750  55.071  1.483  32.080 0.0000000000
101642  54.617  2.190  32.963 0.0000000000
102517  55.089  3.420  33.090 0.0000000000
103414  55.471  4.255  32.731 0.0000000000
103422  54.933  4.555  31.964 0.0000000000
104381  55.575  5.349  31.436 0.0000000000
104390  55.336  5.692  30.669 0.0000000000
104382  54.719  5.086  31.116 0.0000000000
103434  53.627  4.433  30.192 0.0000000000
101661  53.001  3.140  29.842 0.0000000000
100770  53.159  1.504  29.786 0.0000000000
101660  53.086  2.359  29.868 0.0000000000
101667  52.841  2.619  29.129 0.0000000000
100782  52.605  1.195  28.167 0.0000000000
98022  51.931  -1.691  25.913 0.0000000000
96049  52.379  -3.328  25.521 0.0000000000
98034  53.677  -2.741  25.533 0.0000000000
96057  53.160  -3.081  25.387 0.0000000000
96048  53.088  -3.510  25.809 0.0000000000
105153  50.097  6.614  48.540 0.0000000000
105140  50.810  6.585  49.445 0.0000000000
105130  50.102  6.357  49.781 0.0000000000
104215  50.552  5.513  51.239 0.0000000000
152186  50.765  4.960  51.446 0.0000000000
103226  50.056  3.891  51.974 0.0000000000
102353  50.792  3.844  51.011 0.0000000000
146981  50.892  3.578  49.571 0.0000000000
102371  50.369  3.077  48.855 0.0000000000
101537  49.458  2.769  47.496 0.0000000000
147556  48.449  2.468  45.698 0.0000000000
151437  57.661  11.130  34.442 0.0000000000
157988  58.115  9.837  34.509 0.0000000000
108676  59.730  11.009  34.771 0.0000000000
145229  59.220  10.173  34.519 0.0000000000
158125  58.916  9.472  34.168 0.0000000000
107047  60.273  9.545  33.646 0.0000000000
107077  60.836  8.884  32.277 0.0000000000
107085  61.761  8.997  31.351 0.0000000000
161232  57.272  2.109  39.504 0.0000000000
101593  58.193  2.288  39.808 0.0000000000
100683  57.767  1.352  39.443 0.0000000000
99790  59.319  0.213  38.345 0.0000000000
98867  57.759  -0.299  36.417 0.0000000000
98866  58.802  -0.229  36.359 0.0000000000
99812  59.708  -0.182  36.450 0.0000000000
98865  59.854  -0.252  35.503 0.0000000000
99822  59.582  -0.046  34.632 0.0000000000
99823  58.955  0.046  33.861 0.0000000000
96996  57.898  -2.116  31.283 0.0000000000
96986  57.548  -2.013  31.939 0.0000000000
97955  58.135  -1.408  32.327 0.0000000000
97973  59.406  -0.518  29.822 0.0000000000
97963  58.664  -0.790  31.328 0.0000000000
97954  58.652  -0.909  32.080 0.0000000000
98899  58.715  -0.474  32.498 0.0000000000
99836  58.606  -0.048  32.901 0.0000000000
99837  57.960  0.522  33.387 0.0000000000
99849  57.929  0.473  32.493 0.0000000000
167505  57.553  1.001  31.053 0.0000000000
159043  57.427  1.136  30.560 0.0000000000
100767  58.598  1.553  29.093 0.0000000000
100768  57.905  1.402  29.152 0.0000000000
100780  57.568  1.033  28.530 0.0000000000
99897  57.611  0.667  27.659 0.0000000000
98964  57.030  -0.526  26.281 0.0000000000
98976  56.989  -0.944  25.719 0.0000000000
144638  57.604  -0.480  25.973 0.0000000000
159674  57.607  -1.078  25.744 0.0000000000
110273  56.203  12.472  43.150 0.0000000000
109452  55.735  11.712  43.563 0.0000000000
108617  55.361  10.850  43.842 0.0000000000
107818  55.478  9.343  44.201 0.0000000000
166365  55.541  12.242  47.259 0.0000000000
109429  55.980  12.279  47.256 0.0000000000
109428  56.276  12.181  47.025 0.0000000000
107795  57.072  9.811  48.284 0.0000000000
108597  56.518  10.892  47.545 0.0000000000
108605  56.527  10.498  46.729 0.0000000000
107802  56.398  9.515  46.011 0.0000000000
106964  56.016  8.965  45.080 0.0000000000
106982  56.113  8.597  44.368 0.0000000000
106981  57.355  7.842  44.545 0.0000000000
106099  58.827  6.831  44.314 0.0000000000
105196  59.328  6.466  43.774 0.0000000000
104289  57.746  6.118  44.368 0.0000000000
104304  58.185  5.775  43.848 0.0000000000
104303  58.489  5.382  43.165 0.0000000000
104311  57.646  5.058  42.170 0.0000000000
161360  57.495  4.390  40.847 0.0000000000
103354  57.353  3.911  40.298 0.0000000000
105139  51.686  6.719  49.809 0.0000000000
105128  52.436  6.458  50.587 0.0000000000
104222  53.028  6.154  50.344 0.0000000000
103268  51.618  4.386  48.396 0.0000000000
103267  52.380  4.894  49.088 0.0000000000
104230  53.452  6.103  49.468 0.0000000000
104243  53.495  5.929  48.180 0.0000000000
104259  53.590  5.881  46.947 0.0000000000
104264  53.660  5.730  45.800 0.0000000000
102428  48.742  3.188  43.313 0.0000000000
102427  49.488  3.693  43.552 0.0000000000
102415  50.165  4.130  44.029 0.0000000000
102430  50.062  3.817  42.034 0.0000000000
157792  50.496  4.238  42.657 0.0000000000
103317  50.929  4.455  43.534 0.0000000000
103315  52.214  4.885  44.622 0.0000000000
104293  52.996  5.063  44.211 0.0000000000
104274  53.732  5.446  44.807 0.0000000000
104292  53.857  5.264  43.886 0.0000000000
104307  54.021  5.100  42.986 0.0000000000
104313  54.139  5.064  42.070 0.0000000000
144027  52.826  4.452  40.800 0.0000000000
103345  53.701  4.558  40.590 0.0000000000
104318  55.161  4.813  40.820 0.0000000000
103343  55.565  4.288  40.275 0.0000000000
103355  56.384  3.797  39.930 0.0000000000
102459  57.122  3.018  39.774 0.0000000000
101594  56.485  2.340  39.351 0.0000000000
100694  56.374  0.938  38.924 0.0000000000
98848  56.248  -0.017  38.160 0.0000000000
99795  55.060  0.341  38.417 0.0000000000
98849  55.463  -0.148  38.140 0.0000000000
98869  55.905  -0.565  37.071 0.0000000000
97926  55.632  -0.909  36.246 0.0000000000
97938  55.454  -1.693  34.728 0.0000000000
96974  55.460  -2.482  33.404 0.0000000000
96956  53.429  -2.043  37.134 0.0000000000
96962  53.585  -2.313  36.638 0.0000000000
161817  53.680  -2.532  35.959 0.0000000000
95964  53.484  -4.055  34.859 0.0000000000
95963  53.956  -3.654  34.323 0.0000000000
96968  54.330  -2.769  34.454 0.0000000000
96975  54.840  -2.842  33.747 0.0000000000
95972  55.145  -3.349  33.191 0.0000000000
106060  49.835  6.747  47.446 0.0000000000
105154  49.166  6.494  48.046 0.0000000000
105142  48.554  6.176  48.633 0.0000000000
105156  47.744  6.017  47.339 0.0000000000
104233  47.761  5.632  48.755 0.0000000000
103245  47.579  4.245  49.886 0.0000000000
103256  45.795  4.501  48.160 0.0000000000
102373  45.751  3.728  48.570 0.0000000000
101511  46.552  2.793  49.806 0.0000000000
108700  48.247  10.456  31.704 0.0000000000
107901  49.226  8.953  33.298 0.0000000000
107902  48.652  9.324  32.702 0.0000000000
158719  47.915  10.434  30.966 0.0000000000
106236  47.429  7.648  29.639 0.0000000000
105313  48.242  6.685  28.688 0.0000000000
106235  49.540  6.963  30.032 0.0000000000
105312  49.163  6.563  28.485 0.0000000000
158322  48.479  6.602  27.751 0.0000000000
140585  48.554  6.576  26.673 0.0000000000
105338  48.410  6.458  25.227 0.0000000000
106231  53.274  7.765  29.351 0.0000000000
168428  52.776  7.558  28.969 0.0000000000
106247  51.870  7.001  28.008 0.0000000000
106270  53.375  7.614  26.622 0.0000000000
106271  52.545  7.358  26.197 0.0000000000
106260  51.663  7.016  26.814 0.0000000000
105335  50.974  7.045  25.847 0.0000000000
105350  49.466  6.675  24.937 0.0000000000
105362  48.528  6.067  23.709 0.0000000000
104447  48.783  5.948  23.540 0.0000000000
104445  50.739  6.212  23.339 0.0000000000
110295  56.947  12.566  40.722 0.0000000000
110299  58.902  13.133  39.338 0.0000000000
110305  58.482  12.207  38.976 0.0000000000
109489  59.091  11.721  38.399 0.0000000000
107018  55.413  8.147  41.008 0.0000000000
107023  55.217  8.384  40.022 0.0000000000
107851  55.181  9.379  39.535 0.0000000000
106140  56.218  7.351  38.899 0.0000000000
106147  55.842  7.971  38.685 0.0000000000
153921  56.186  9.396  38.250 0.0000000000
107860  57.036  10.218  38.271 0.0000000000
108667  58.015  10.133  37.921 0.0000000000
109499  59.624  11.323  37.930 0.0000000000
107868  60.038  10.041  37.267 0.0000000000
107872  60.894  9.789  36.641 0.0000000000
107871  61.805  9.461  36.066 0.0000000000
106153  59.391  7.795  35.979 0.0000000000
107043  61.814  8.852  35.708 0.0000000000
107046  62.512  8.785  34.908 0.0000000000
107889  62.590  9.198  34.140 0.0000000000
107076  62.129  9.028  32.359 0.0000000000
101592  59.303  2.034  40.027 0.0000000000
101591  60.405  2.104  40.046 0.0000000000
101590  61.626  2.382  39.911 0.0000000000
100691  61.622  1.018  38.576 0.0000000000
101603  62.164  1.758  39.139 0.0000000000
101589  62.575  2.844  39.449 0.0000000000
103358  62.879  3.924  38.413 0.0000000000
103362  63.060  3.829  37.130 0.0000000000
146609  62.093  4.423  36.825 0.0000000000
101623  58.082  2.432  35.246 0.0000000000
102482  59.782  2.991  35.394 0.0000000000
102481  61.274  2.932  35.348 0.0000000000
103383  58.955  4.127  34.207 0.0000000000
102493  60.967  3.520  34.599 0.0000000000
102480  62.704  2.926  35.187 0.0000000000
102491  62.917  3.492  35.059 0.0000000000
103372  62.779  4.134  34.889 0.0000000000
103368  61.647  4.621  35.976 0.0000000000
104339  62.321  4.665  34.039 0.0000000000
104345  61.794  5.492  33.583 0.0000000000
105267  62.113  5.820  32.330 0.0000000000
104376  61.686  5.624  31.874 0.0000000000
104375  62.120  5.837  31.874 0.0000000000
106185  62.206  6.777  31.846 0.0000000000
106199  62.577  8.146  30.727 0.0000000000
107101  62.498  8.884  30.025 0.0000000000
107916  62.000  9.208  29.441 0.0000000000
107924  61.369  9.541  28.735 0.0000000000
107936  60.675  9.979  27.747 0.0000000000
107947  60.121  10.007  26.755 0.0000000000
106242  59.727  8.167  27.848 0.0000000000
107142  59.412  9.318  26.490 0.0000000000
107156  59.031  9.776  25.948 0.0000000000
107157  57.991  9.516  25.656 0.0000000000
107158  57.179  8.976  25.224 0.0000000000
106278  55.961  7.807  24.402 0.0000000000
104400  55.232  6.009  29.887 0.0000000000
105298  55.245  6.314  28.906 0.0000000000
105308  55.594  6.743  27.984 0.0000000000
104409  54.025  5.108  27.917 0.0000000000
104415  54.531  5.947  27.501 0.0000000000
148445  55.755  7.081  27.167 0.0000000000
105321  55.539  6.928  26.187 0.0000000000
105333  55.435  6.971  24.990 0.0000000000
105346  55.403  7.256  23.991 0.0000000000
104442  54.325  6.051  23.920 0.0000000000
103500  53.396  5.081  24.222 0.0000000000
103491  52.922  4.209  24.322 0.0000000000
102563  52.915  3.247  24.304 0.0000000000
102564  52.641  3.245  24.435 0.0000000000
98018  56.267  -1.589  25.588 0.0000000000
97053  56.159  -1.975  25.360 0.0000000000
95031  53.994  -4.500  34.295 0.0000000000
95043  54.948  -4.328  33.255 0.0000000000
95958  53.154  -3.105  36.231 0.0000000000
96050  51.802  -3.618  25.653 0.0000000000
96961  54.091  -2.000  36.265 0.0000000000
96964  54.129  -2.314  35.440 0.0000000000
96988  55.836  -2.986  32.697 0.0000000000
97046  56.282  -2.310  25.580 0.0000000000
97054  54.615  -2.545  25.471 0.0000000000
97919  53.831  -1.454  37.360 0.0000000000
97933  54.677  -1.785  35.909 0.0000000000
97935  58.834  -0.813  33.912 0.0000000000
97936  58.229  -1.129  33.722 0.0000000000
97942  58.660  -0.956  32.810 0.0000000000
97945  56.022  -1.682  33.932 0.0000000000
97964  58.271  -1.481  31.619 0.0000000000
97974  58.887  -0.708  30.579 0.0000000000
97984  59.676  -1.369  29.262 0.0000000000
98850  54.685  -0.286  38.069 0.0000000000
98856  57.876  -0.028  37.321 0.0000000000
98859  54.277  -0.883  37.690 0.0000000000
98918  58.856  -0.057  30.993 0.0000000000
98934  61.772  0.457  27.675 0.0000000000
98939  53.575  -0.550  28.526 0.0000000000
98940  52.769  -0.182  28.278 0.0000000000
98962  58.645  -0.140  25.768 0.0000000000
98963  58.211  -0.071  25.931 0.0000000000
98975  57.750  -0.672  25.832 0.0000000000
99791  58.547  0.177  38.672 0.0000000000
99794  55.895  0.395  38.539 0.0000000000
99796  53.521  0.474  37.983 0.0000000000
99798  49.570  0.805  38.464 0.0000000000
99803  58.882  -0.056  37.597 0.0000000000
99808  52.099  0.232  37.632 0.0000000000
99825  56.718  1.155  33.816 0.0000000000
99857  57.814  0.714  31.569 0.0000000000
99858  57.089  0.774  32.185 0.0000000000
99863  59.191  0.966  30.047 0.0000000000
99864  58.667  1.060  30.360 0.0000000000
99868  53.450  0.993  29.908 0.0000000000
99886  61.125  1.080  27.708 0.0000000000
99889  55.438  0.121  29.018 0.0000000000
99894  62.342  0.863  26.695 0.0000000000
99901  61.999  1.008  26.245 0.0000000000
99902  61.219  1.182  26.284 0.0000000000
99911  60.811  0.749  25.950 0.0000000000
99914  51.151  0.678  24.012 0.0000000000
99919  50.950  0.687  23.939 0.0000000000
100684  56.857  1.507  39.239 0.0000000000
100693  58.226  0.577  39.220 0.0000000000
100697  53.911  1.709  38.402 0.0000000000
100698  52.371  2.011  38.206 0.0000000000
100702  61.865  0.579  37.497 0.0000000000
100704  62.618  1.181  36.994 0.0000000000
100709  59.700  1.567  35.517 0.0000000000
100724  56.196  1.738  34.157 0.0000000000
100733  55.622  1.632  33.615 0.0000000000
100741  55.279  1.437  32.909 0.0000000000
100742  54.692  1.742  32.592 0.0000000000
100749  56.102  1.203  32.300 0.0000000000
100752  53.938  1.883  31.334 0.0000000000
100760  55.589  1.154  30.447 0.0000000000
100769  57.286  1.224  29.876 0.0000000000
100771  52.696  1.128  29.110 0.0000000000
100778  59.973  1.404  27.609 0.0000000000
100781  57.052  0.949  29.198 0.0000000000
100785  60.634  1.381  26.866 0.0000000000
100786  52.775  1.675  26.837 0.0000000000
100794  51.270  1.765  24.604 0.0000000000
100798  52.205  2.001  24.482 0.0000000000
101568  48.096  2.682  42.952 0.0000000000
101581  49.329  2.728  40.183 0.0000000000
101595  55.653  2.517  39.156 0.0000000000
101596  55.191  3.210  39.360 0.0000000000
101608  51.751  2.502  38.505 0.0000000000
101609  50.975  2.233  38.539 0.0000000000
101612  63.680  2.689  36.697 0.0000000000
101613  63.251  1.966  37.453 0.0000000000
101622  59.093  2.395  35.483 0.0000000000
101632  56.392  2.192  34.452 0.0000000000
101641  55.104  2.135  33.516 0.0000000000
101652  54.238  2.330  32.132 0.0000000000
101679  53.335  2.664  25.818 0.0000000000
101684  53.177  2.690  24.829 0.0000000000
102345  50.333  3.706  51.756 0.0000000000
102346  49.951  3.248  52.011 0.0000000000
102355  48.443  3.686  51.400 0.0000000000
102386  50.198  3.365  47.791 0.0000000000
102400  49.495  3.160  46.665 0.0000000000
102416  49.583  3.705  44.460 0.0000000000
102426  50.145  4.118  43.301 0.0000000000
102431  49.375  3.442  42.251 0.0000000000
102432  48.738  3.075  42.551 0.0000000000
102436  48.914  2.957  41.797 0.0000000000
102442  60.779  3.532  40.875 0.0000000000
102447  50.593  3.628  40.396 0.0000000000
102454  62.647  3.822  39.417 0.0000000000
102463  51.629  3.408  39.411 0.0000000000
102468  63.093  3.266  38.840 0.0000000000
102471  52.019  3.165  38.880 0.0000000000
102474  63.449  3.074  37.757 0.0000000000
102476  63.843  3.051  36.140 0.0000000000
102478  63.523  3.129  35.591 0.0000000000
102479  63.321  2.929  35.396 0.0000000000
102483  58.560  3.065  35.294 0.0000000000
102497  56.065  2.676  34.205 0.0000000000
102505  57.000  3.543  34.364 0.0000000000
102508  54.870  2.665  33.216 0.0000000000
102532  53.385  3.668  30.430 0.0000000000
102538  53.000  3.277  29.084 0.0000000000
102544  53.238  3.718  28.415 0.0000000000
103227  49.477  4.035  51.837 0.0000000000
103232  51.182  4.881  51.210 0.0000000000
103233  50.521  4.352  51.613 0.0000000000
103252  51.797  4.658  49.606 0.0000000000
103269  50.901  3.935  48.013 0.0000000000
103284  50.828  3.980  46.394 0.0000000000
103291  52.215  4.922  46.606 0.0000000000
103301  52.227  4.925  45.588 0.0000000000
103303  50.830  4.433  44.505 0.0000000000
103320  59.743  5.452  43.149 0.0000000000
103326  60.585  4.957  42.250 0.0000000000
103331  54.444  4.996  41.183 0.0000000000
103339  61.372  4.908  41.268 0.0000000000
103353  62.062  4.354  39.975 0.0000000000
103357  53.080  4.153  40.034 0.0000000000
103363  61.989  4.396  37.828 0.0000000000
103367  62.847  3.988  36.020 0.0000000000
103371  63.227  3.514  35.448 0.0000000000
103373  61.404  4.995  35.127 0.0000000000
103381  62.076  3.983  33.676 0.0000000000
103397  59.851  4.491  33.379 0.0000000000
103400  55.895  3.839  33.421 0.0000000000
103424  53.683  4.177  30.861 0.0000000000
103433  54.052  4.815  30.675 0.0000000000
104212  52.455  6.131  50.654 0.0000000000
104213  51.796  5.600  50.886 0.0000000000
104224  49.042  5.574  50.249 0.0000000000
104231  52.890  5.545  49.643 0.0000000000
104247  46.044  5.390  47.315 0.0000000000
104273  54.513  5.846  44.478 0.0000000000
104287  59.261  5.999  43.756 0.0000000000
104290  55.835  5.900  43.935 0.0000000000
104309  61.022  5.454  41.943 0.0000000000
104310  58.794  5.022  42.578 0.0000000000
104312  55.433  5.178  41.470 0.0000000000
104331  58.744  5.513  38.106 0.0000000000
104337  58.975  5.559  36.253 0.0000000000
104341  59.166  5.893  35.588 0.0000000000
104353  62.276  5.171  32.917 0.0000000000
104363  61.917  5.346  32.299 0.0000000000
104364  61.114  5.288  32.244 0.0000000000
104379  57.823  5.689  31.947 0.0000000000
104422  53.988  4.519  25.871 0.0000000000
104430  54.307  5.563  24.549 0.0000000000
104435  48.364  5.649  23.819 0.0000000000
104443  53.981  5.941  23.730 0.0000000000
104444  51.926  6.364  23.497 0.0000000000
104446  49.101  5.795  23.520 0.0000000000
104448  48.187  5.916  23.782 0.0000000000
104453  54.314  6.577  23.572 0.0000000000
104455  51.007  6.792  22.360 0.0000000000
104456  50.286  6.603  22.778 0.0000000000
105119  50.569  6.067  50.768 0.0000000000
105126  54.441  6.981  50.507 0.0000000000
105127  53.154  6.656  50.667 0.0000000000
105129  51.226  6.307  50.525 0.0000000000
105131  49.187  6.097  49.559 0.0000000000
105155  48.409  6.316  47.690 0.0000000000
105197  58.102  6.798  44.849 0.0000000000
105211  59.883  6.460  43.388 0.0000000000
105220  60.664  6.086  41.561 0.0000000000
105223  57.526  6.848  40.123 0.0000000000
105234  56.894  6.770  39.142 0.0000000000
105240  56.632  6.997  38.263 0.0000000000
105242  57.170  6.758  37.564 0.0000000000
105250  59.046  6.379  35.625 0.0000000000
105252  61.643  7.072  33.339 0.0000000000
105253  60.995  6.611  33.871 0.0000000000
105258  61.770  6.189  33.045 0.0000000000
105273  61.814  6.047  31.225 0.0000000000
105277  57.029  6.090  30.991 0.0000000000
105285  58.769  6.567  30.418 0.0000000000
105288  55.976  6.395  29.525 0.0000000000
105297  56.131  6.748  28.668 0.0000000000
105301  48.910  6.691  29.386 0.0000000000
105303  47.302  7.062  28.719 0.0000000000
105309  54.957  6.339  28.057 0.0000000000
105315  46.720  6.920  27.637 0.0000000000
105322  55.147  6.575  27.229 0.0000000000
105334  54.823  6.145  25.227 0.0000000000
105337  49.349  6.646  26.282 0.0000000000
105349  50.361  7.024  24.778 0.0000000000
105351  47.901  6.103  24.208 0.0000000000
105357  55.159  7.570  23.614 0.0000000000
105358  54.859  6.822  23.685 0.0000000000
105360  50.210  6.580  22.773 0.0000000000
105361  49.313  6.228  23.482 0.0000000000
105369  52.454  6.885  23.194 0.0000000000
106037  55.127  7.427  50.226 0.0000000000
106040  52.467  7.047  50.140 0.0000000000
106055  57.425  8.098  48.924 0.0000000000
106058  51.367  7.330  47.775 0.0000000000
106071  57.558  7.498  46.259 0.0000000000
106072  57.318  7.566  47.869 0.0000000000
106080  57.664  7.328  45.726 0.0000000000
106100  58.277  7.409  44.226 0.0000000000
106117  58.662  7.368  43.039 0.0000000000
106150  56.732  7.519  37.576 0.0000000000
106155  58.011  7.150  36.509 0.0000000000
106158  61.299  8.003  35.089 0.0000000000
106161  62.388  7.914  33.302 0.0000000000
106165  53.369  8.104  34.372 0.0000000000
106171  56.114  8.086  33.370 0.0000000000
106172  55.261  7.947  33.378 0.0000000000
106175  52.125  7.762  33.488 0.0000000000
106186  58.146  8.002  32.150 0.0000000000
106190  53.624  7.683  32.627 0.0000000000
106192  51.754  7.635  32.598 0.0000000000
106194  50.048  7.682  32.299 0.0000000000
106203  52.625  7.602  31.025 0.0000000000
106219  49.167  7.325  30.774 0.0000000000
106226  62.072  8.509  29.041 0.0000000000
106246  52.687  7.419  28.282 0.0000000000
106254  58.963  8.578  27.052 0.0000000000
106259  52.618  7.269  27.317 0.0000000000
106277  56.440  8.463  24.884 0.0000000000
106287  54.439  7.925  23.661 0.0000000000
106295  55.281  8.035  23.620 0.0000000000
106296  54.937  7.852  23.486 0.0000000000
106297  54.357  7.570  23.503 0.0000000000
106929  56.033  8.085  50.238 0.0000000000
106933  56.915  9.567  49.159 0.0000000000
106934  56.638  8.794  49.851 0.0000000000
106956  57.576  7.988  46.898 0.0000000000
106962  57.507  8.140  46.116 0.0000000000
106994  55.960  8.308  42.858 0.0000000000
107008  56.666  7.889  42.457 0.0000000000
107010  54.924  8.734  41.452 0.0000000000
107019  54.948  8.729  40.710 0.0000000000
107024  54.896  9.158  40.213 0.0000000000
107032  55.966  8.442  38.260 0.0000000000
107033  55.535  8.712  38.919 0.0000000000
107036  57.542  8.655  37.293 0.0000000000
107044  60.426  8.271  35.764 0.0000000000
107051  54.502  8.473  34.426 0.0000000000
107053  52.743  8.492  34.726 0.0000000000
107054  51.883  8.638  34.608 0.0000000000
107055  51.045  8.814  34.437 0.0000000000
107058  62.373  9.076  33.141 0.0000000000
107060  57.408  8.519  33.949 0.0000000000
107061  56.517  8.386  33.996 0.0000000000
107065  51.497  8.199  34.022 0.0000000000
107067  49.927  8.585  33.493 0.0000000000
107075  62.480  8.672  32.572 0.0000000000
107089  56.738  8.324  31.079 0.0000000000
107102  61.988  9.151  30.277 0.0000000000
107122  46.843  8.363  29.470 0.0000000000
107127  61.858  8.906  28.706 0.0000000000
107130  59.823  8.866  27.088 0.0000000000
107133  54.021  8.183  27.956 0.0000000000
107140  60.648  9.486  27.610 0.0000000000
107141  60.075  9.470  26.902 0.0000000000
107144  57.654  8.784  25.944 0.0000000000
107145  55.080  9.004  27.503 0.0000000000
107155  59.666  9.840  26.332 0.0000000000
107160  54.130  8.068  25.786 0.0000000000
107168  56.590  8.839  24.941 0.0000000000
107169  55.580  8.713  24.697 0.0000000000
107174  56.115  8.703  24.686 0.0000000000
107176  55.022  8.191  23.672 0.0000000000
107180  55.115  8.132  23.615 0.0000000000
107796  54.895  10.085  47.725 0.0000000000
107797  53.985  9.828  46.763 0.0000000000
107803  53.301  9.655  45.952 0.0000000000
107810  55.217  10.083  44.071 0.0000000000
107819  55.032  9.643  43.541 0.0000000000
107839  54.623  9.481  41.869 0.0000000000
107861  55.597  9.703  38.905 0.0000000000
107874  62.269  9.724  35.676 0.0000000000
107876  62.712  9.521  35.078 0.0000000000
107877  62.511  9.973  34.496 0.0000000000
107882  54.664  9.164  34.727 0.0000000000
107884  51.569  9.321  34.882 0.0000000000
107891  50.153  9.045  34.171 0.0000000000
107893  48.927  9.635  33.391 0.0000000000
107918  59.986  9.442  29.727 0.0000000000
107923  61.903  9.226  28.876 0.0000000000
107935  61.370  9.349  28.307 0.0000000000
107937  59.608  10.273  27.921 0.0000000000
107939  56.620  9.802  27.900 0.0000000000
107940  55.923  9.471  28.332 0.0000000000
107949  56.979  10.141  27.081 0.0000000000
107951  55.244  9.208  26.601 0.0000000000
107958  59.428  10.040  26.135 0.0000000000
107959  58.635  10.010  25.716 0.0000000000
107966  56.783  9.187  25.146 0.0000000000
108579  56.517  10.476  48.326 0.0000000000
108580  56.145  10.905  48.156 0.0000000000
108581  55.486  11.001  47.782 0.0000000000
108606  56.112  10.568  45.772 0.0000000000
108612  55.662  10.677  44.761 0.0000000000
108618  54.872  10.257  43.277 0.0000000000
108637  54.673  10.212  41.343 0.0000000000
108647  55.105  10.667  40.095 0.0000000000
108648  54.780  10.224  40.606 0.0000000000
108657  57.836  10.710  38.362 0.0000000000
108665  59.792  10.711  37.604 0.0000000000
108666  58.838  10.845  38.130 0.0000000000
108673  60.921  10.907  35.304 0.0000000000
108675  61.833  10.416  34.910 0.0000000000
108681  49.621  10.426  34.267 0.0000000000
108684  49.059  10.286  33.720 0.0000000000
108693  48.423  10.055  32.431 0.0000000000
108727  59.165  10.455  27.025 0.0000000000
108737  57.369  10.145  26.101 0.0000000000
108746  57.639  9.743  25.557 0.0000000000
109458  55.204  11.318  42.182 0.0000000000
109469  54.938  10.862  41.592 0.0000000000
109480  55.521  11.371  40.443 0.0000000000
109491  57.144  11.053  38.732 0.0000000000
109497  60.665  11.199  37.101 0.0000000000
109515  51.318  11.171  34.697 0.0000000000
109517  49.839  11.151  34.358 0.0000000000
110237  56.132  12.897  46.934 0.0000000000
110238  55.649  12.930  46.894 0.0000000000
110301  57.120  12.251  39.867 0.0000000000
110304  59.351  12.636  38.611 0.0000000000
110310  60.301  12.644  37.495 0.0000000000
110315  60.458  12.405  36.744 0.0000000000
139593  56.935  -0.272  37.161 0.0000000000
142028  53.826  6.983  50.634 0.0000000000
142068  59.743  8.858  32.997 0.0000000000
143611  56.487  5.236  41.764 0.0000000000
143927  53.530  7.592  23.745 0.0000000000
145059  54.915  5.314  41.917 0.0000000000
145305  60.019  7.610  28.722 0.0000000000
145536  47.309  6.299  25.129 0.0000000000
145866  54.779  3.799  32.522 0.0000000000
146264  59.606  8.548  36.357 0.0000000000
146280  59.055  10.138  37.631 0.0000000000
146499  56.402  11.477  46.570 0.0000000000
146946  61.027  10.782  36.532 0.0000000000
147179  49.974  1.268  38.438 0.0000000000
148479  51.503  4.654  44.235 0.0000000000
149956  48.809  2.495  46.600 0.0000000000
150187  48.859  6.401  24.062 0.0000000000
150552  62.425  9.278  35.547 0.0000000000
150605  55.737  6.788  46.766 0.0000000000
150777  60.413  6.132  43.113 0.0000000000
151088  52.177  0.582  25.918 0.0000000000
151430  54.359  7.886  31.202 0.0000000000
151842  57.584  8.087  47.887 0.0000000000
152404  53.679  4.665  29.505 0.0000000000
153373  62.458  8.852  30.817 0.0000000000
153377  54.830  3.846  39.796 0.0000000000
153727  56.059  10.309  34.683 0.0000000000
153864  59.335  1.517  27.690 0.0000000000
153974  55.852  6.129  30.242 0.0000000000
154083  58.349  3.587  34.784 0.0000000000
154425  53.656  5.712  23.838 0.0000000000
154468  57.403  10.352  34.580 0.0000000000
155633  55.655  11.738  42.791 0.0000000000
156130  56.697  10.104  34.693 0.0000000000
156436  62.263  7.409  30.349 0.0000000000
157087  56.372  8.326  43.715 0.0000000000
157088  52.963  5.227  45.182 0.0000000000
157538  54.850  7.815  32.606 0.0000000000
157836  56.540  5.905  43.903 0.0000000000
158077  48.900  3.266  44.142 0.0000000000
159136  50.029  3.693  46.926 0.0000000000
159518  55.807  -0.336  37.756 0.0000000000
160222  62.528  7.667  31.532 0.0000000000
161090  58.906  9.248  29.973 0.0000000000
161697  61.641  8.455  28.636 0.0000000000
162162  49.730  5.390  51.064 0.0000000000
162518  59.604  10.249  26.553 0.0000000000
163019  54.156  7.028  23.417 0.0000000000
163127  59.854  5.830  35.069 0.0000000000
163346  55.339  1.971  38.884 0.0000000000
163371  60.239  6.492  41.982 0.0000000000
163616  53.801  4.666  26.970 0.0000000000
163797  58.801  7.243  43.901 0.0000000000
164257  53.183  -2.979  25.363 0.0000000000
164313  59.237  5.230  37.671 0.0000000000
164481  50.547  7.046  22.575 0.0000000000
164943  51.949  4.649  42.092 0.0000000000
165741  54.302  8.043  30.466 0.0000000000
165995  59.199  9.583  37.232 0.0000000000
166241  55.516  9.100  34.640 0.0000000000
166279  47.901  6.604  27.024 0.0000000000
166418  52.037  -0.915  26.622 0.0000000000
166857  60.264  5.240  42.773 0.0000000000
167885  50.659  -3.847  25.941 0.0000000000
168412  54.290  7.748  32.647 0.0000000000
168768  59.567  5.836  31.773 0.0000000000
