#!ascii label  , from subject sub-v1s0x0050666_ses-1 vox2ras=TkReg
1872
145391  48.265  -27.257  51.127 0.0000000000
51828  37.457  -44.606  67.564 0.0000000000
46718  23.668  -49.836  70.379 0.0000000000
44647  17.639  -50.929  74.032 0.0000000000
46679  33.612  -50.873  72.893 0.0000000000
47871  28.577  -49.469  64.101 0.0000000000
168014  50.887  -30.443  54.394 0.0000000000
78014  56.580  -21.410  50.821 0.0000000000
64846  48.878  -32.610  63.152 0.0000000000
59369  40.388  -38.762  60.301 0.0000000000
55233  31.731  -42.674  59.116 0.0000000000
162008  25.638  -49.807  74.641 0.0000000000
45650  20.920  -49.670  72.369 0.0000000000
45565  22.591  -50.990  77.446 0.0000000000
44669  28.445  -51.194  70.440 0.0000000000
67989  53.859  -30.531  63.222 0.0000000000
53900  39.844  -43.312  73.791 0.0000000000
55091  42.508  -42.134  69.885 0.0000000000
158798  43.964  -39.411  65.177 0.0000000000
56236  38.688  -41.598  64.253 0.0000000000
57283  35.995  -40.939  60.180 0.0000000000
54039  34.575  -43.634  63.238 0.0000000000
47906  24.467  -49.512  61.719 0.0000000000
48869  25.350  -48.942  59.883 0.0000000000
76857  51.207  -22.624  52.180 0.0000000000
74775  52.506  -24.375  45.849 0.0000000000
47839  21.834  -48.852  65.475 0.0000000000
47807  18.586  -49.365  67.478 0.0000000000
48726  36.390  -48.206  70.954 0.0000000000
50752  32.607  -46.435  66.609 0.0000000000
165655  30.838  -50.804  68.348 0.0000000000
45695  26.690  -50.784  66.535 0.0000000000
71499  53.803  -27.608  55.393 0.0000000000
44565  19.398  -52.228  81.357 0.0000000000
45569  15.933  -51.479  77.089 0.0000000000
76814  50.742  -22.712  56.652 0.0000000000
72569  48.813  -26.623  58.533 0.0000000000
155167  54.167  -28.451  58.731 0.0000000000
67017  49.620  -31.364  58.402 0.0000000000
64893  45.761  -33.279  58.643 0.0000000000
60409  48.054  -36.153  66.723 0.0000000000
61606  44.910  -36.360  61.924 0.0000000000
61680  41.476  -36.447  57.079 0.0000000000
59435  37.224  -38.302  55.500 0.0000000000
51896  30.221  -45.235  62.671 0.0000000000
46597  27.087  -49.622  77.969 0.0000000000
46648  24.390  -49.853  75.593 0.0000000000
157819  25.475  -49.000  79.503 0.0000000000
45575  28.123  -50.711  76.013 0.0000000000
51791  38.985  -45.190  70.071 0.0000000000
52922  39.589  -43.576  68.495 0.0000000000
55132  40.249  -42.070  66.847 0.0000000000
54001  38.158  -43.132  65.820 0.0000000000
54036  36.944  -42.867  64.184 0.0000000000
52941  36.328  -44.264  65.668 0.0000000000
45752  21.091  -50.417  61.792 0.0000000000
45775  22.153  -50.964  59.718 0.0000000000
74726  48.886  -24.886  50.465 0.0000000000
75861  49.209  -24.688  49.840 0.0000000000
74724  48.939  -26.708  50.439 0.0000000000
47784  22.405  -49.471  67.840 0.0000000000
149778  20.147  -49.104  67.097 0.0000000000
47768  21.453  -49.367  68.781 0.0000000000
45637  19.586  -50.159  73.557 0.0000000000
46712  18.465  -50.129  71.679 0.0000000000
45655  16.641  -51.210  71.742 0.0000000000
44655  15.779  -51.507  72.902 0.0000000000
49647  36.873  -47.114  73.122 0.0000000000
46704  35.250  -49.990  71.892 0.0000000000
47781  34.133  -48.888  69.665 0.0000000000
140935  32.666  -51.083  70.673 0.0000000000
45661  25.763  -50.062  70.567 0.0000000000
45677  27.150  -50.772  68.147 0.0000000000
46744  24.943  -49.858  68.236 0.0000000000
47820  23.944  -49.469  66.047 0.0000000000
69163  52.691  -29.656  54.496 0.0000000000
70348  53.759  -28.556  53.391 0.0000000000
69197  51.675  -30.071  52.328 0.0000000000
45546  14.218  -51.332  79.044 0.0000000000
72550  52.112  -26.629  59.171 0.0000000000
73581  53.717  -25.987  61.334 0.0000000000
65884  51.105  -31.553  63.168 0.0000000000
66983  51.326  -31.132  60.557 0.0000000000
65901  49.303  -32.027  60.640 0.0000000000
65932  47.443  -32.250  58.500 0.0000000000
64862  47.115  -33.248  60.645 0.0000000000
58260  42.409  -39.219  62.802 0.0000000000
58239  44.517  -38.247  63.411 0.0000000000
59349  43.443  -38.143  61.069 0.0000000000
61636  43.203  -36.784  59.868 0.0000000000
59398  41.317  -38.103  58.480 0.0000000000
59424  40.114  -37.686  56.503 0.0000000000
140009  38.781  -38.546  58.050 0.0000000000
57316  34.688  -40.520  57.560 0.0000000000
49739  30.589  -47.483  65.623 0.0000000000
51870  31.487  -45.463  64.498 0.0000000000
49770  28.862  -47.290  62.886 0.0000000000
49820  25.686  -47.413  58.288 0.0000000000
141601  60.128  -22.343  46.940 0.0000000000
76933  56.864  -22.118  47.553 0.0000000000
45632  24.965  -49.798  72.041 0.0000000000
145337  22.026  -49.721  71.065 0.0000000000
45634  22.995  -49.718  73.054 0.0000000000
45620  21.734  -50.274  74.372 0.0000000000
44631  20.228  -51.376  75.185 0.0000000000
153103  31.399  -50.417  74.626 0.0000000000
43646  30.778  -51.823  72.224 0.0000000000
44628  29.535  -51.406  74.479 0.0000000000
45615  27.501  -50.468  73.137 0.0000000000
73545  52.954  -26.013  63.683 0.0000000000
64830  50.514  -32.623  65.409 0.0000000000
56195  43.398  -40.940  67.901 0.0000000000
57216  40.924  -40.596  65.169 0.0000000000
57251  39.574  -40.219  62.602 0.0000000000
57280  38.071  -39.978  60.835 0.0000000000
56256  37.520  -41.324  62.433 0.0000000000
55198  35.416  -42.289  61.784 0.0000000000
54077  33.377  -43.247  61.374 0.0000000000
46823  26.396  -50.320  62.829 0.0000000000
47904  27.002  -49.450  62.098 0.0000000000
46853  24.782  -49.554  60.712 0.0000000000
77995  53.950  -21.340  51.634 0.0000000000
76919  54.400  -22.362  48.354 0.0000000000
76904  52.154  -22.937  49.508 0.0000000000
46721  20.248  -49.441  70.727 0.0000000000
49675  38.348  -46.717  72.003 0.0000000000
50727  36.991  -46.018  69.257 0.0000000000
50748  35.824  -45.438  67.634 0.0000000000
49719  34.333  -47.149  68.166 0.0000000000
48757  31.821  -48.306  67.457 0.0000000000
46772  29.307  -50.617  65.917 0.0000000000
43678  29.422  -51.570  68.405 0.0000000000
44710  28.365  -51.652  66.402 0.0000000000
45721  27.346  -50.957  64.599 0.0000000000
46789  25.454  -50.007  64.506 0.0000000000
142543  22.835  -48.738  63.484 0.0000000000
72617  50.430  -26.385  54.335 0.0000000000
73678  52.185  -25.756  52.816 0.0000000000
155821  53.855  -26.228  54.184 0.0000000000
43608  21.301  -52.092  78.970 0.0000000000
44608  19.347  -51.535  76.374 0.0000000000
45555  17.448  -51.084  78.700 0.0000000000
45607  17.133  -51.066  75.055 0.0000000000
77937  53.562  -21.401  54.518 0.0000000000
76832  50.654  -22.641  54.435 0.0000000000
75812  48.648  -24.241  54.199 0.0000000000
71489  47.909  -27.181  55.463 0.0000000000
72590  51.067  -26.498  56.971 0.0000000000
161615  54.166  -27.958  57.311 0.0000000000
141921  52.017  -30.310  56.779 0.0000000000
68016  53.597  -29.741  61.066 0.0000000000
68047  51.661  -30.509  58.883 0.0000000000
67050  50.111  -31.230  56.972 0.0000000000
67052  48.445  -31.428  56.553 0.0000000000
65959  46.385  -32.104  56.473 0.0000000000
62715  48.296  -34.252  64.816 0.0000000000
59296  45.721  -37.850  65.837 0.0000000000
60440  46.134  -36.452  64.294 0.0000000000
62744  46.471  -34.593  62.226 0.0000000000
62782  45.313  -34.609  60.459 0.0000000000
62824  43.777  -34.727  58.244 0.0000000000
58332  36.894  -39.298  57.621 0.0000000000
51867  33.969  -44.847  65.049 0.0000000000
52983  32.337  -44.456  63.277 0.0000000000
53018  30.895  -43.849  60.915 0.0000000000
49775  27.683  -47.196  61.113 0.0000000000
51930  28.100  -45.101  59.451 0.0000000000
47691  25.842  -49.239  78.862 0.0000000000
48669  26.407  -48.308  79.543 0.0000000000
51804  38.000  -45.217  69.057 0.0000000000
51802  39.396  -44.474  69.701 0.0000000000
52923  38.896  -43.963  68.147 0.0000000000
53983  39.346  -43.309  67.708 0.0000000000
52930  37.989  -44.077  67.002 0.0000000000
52940  37.040  -44.081  65.906 0.0000000000
52932  36.576  -44.590  66.436 0.0000000000
146378  47.668  -26.013  50.546 0.0000000000
74725  48.641  -25.695  50.008 0.0000000000
74714  48.833  -26.851  50.406 0.0000000000
143845  23.159  -49.757  69.172 0.0000000000
152310  22.114  -49.512  68.464 0.0000000000
46747  22.324  -49.626  69.242 0.0000000000
45623  19.003  -50.632  74.112 0.0000000000
45653  18.039  -50.419  72.494 0.0000000000
45625  17.308  -50.912  73.288 0.0000000000
45640  16.576  -51.261  72.650 0.0000000000
44648  16.478  -51.290  73.573 0.0000000000
47726  32.511  -49.439  72.566 0.0000000000
47724  34.073  -49.093  72.467 0.0000000000
156155  35.407  -48.938  73.056 0.0000000000
45611  34.620  -50.425  72.540 0.0000000000
150363  33.965  -50.869  71.253 0.0000000000
44651  33.491  -51.356  71.998 0.0000000000
46717  24.558  -49.829  70.058 0.0000000000
46729  25.356  -49.959  69.420 0.0000000000
46730  24.664  -49.799  69.130 0.0000000000
46756  23.277  -49.597  67.797 0.0000000000
161981  51.434  -30.381  54.755 0.0000000000
69178  52.525  -29.533  53.453 0.0000000000
68088  51.111  -30.270  53.738 0.0000000000
74620  50.471  -24.614  62.043 0.0000000000
73583  51.037  -25.474  61.461 0.0000000000
74600  51.813  -25.018  62.625 0.0000000000
64845  49.584  -32.185  63.585 0.0000000000
65893  50.119  -31.946  61.911 0.0000000000
64852  48.742  -32.549  62.142 0.0000000000
65895  48.501  -32.407  61.109 0.0000000000
64853  48.085  -33.056  61.750 0.0000000000
143620  41.456  -39.126  61.828 0.0000000000
58278  42.415  -38.937  61.999 0.0000000000
59368  41.850  -38.529  60.518 0.0000000000
59383  42.152  -38.236  59.805 0.0000000000
59385  40.644  -38.453  59.362 0.0000000000
59399  40.322  -38.332  58.486 0.0000000000
59386  39.793  -38.719  59.769 0.0000000000
48801  29.623  -48.405  64.872 0.0000000000
49751  30.095  -47.441  64.952 0.0000000000
48814  28.553  -48.729  63.581 0.0000000000
76898  58.590  -21.674  49.139 0.0000000000
76900  56.689  -21.732  49.396 0.0000000000
46681  25.288  -49.711  73.240 0.0000000000
45633  23.938  -49.733  72.482 0.0000000000
46682  24.438  -49.872  73.710 0.0000000000
45577  23.386  -50.398  76.946 0.0000000000
146980  22.715  -50.411  75.170 0.0000000000
45606  21.848  -50.805  75.554 0.0000000000
149027  20.654  -51.083  75.315 0.0000000000
145708  21.220  -51.294  75.791 0.0000000000
47704  31.163  -50.033  75.490 0.0000000000
45586  30.998  -51.140  74.996 0.0000000000
45572  30.125  -51.186  76.034 0.0000000000
45576  27.319  -50.306  75.663 0.0000000000
45602  28.195  -50.753  74.646 0.0000000000
45616  26.408  -49.893  73.346 0.0000000000
45617  25.664  -49.758  72.567 0.0000000000
53950  41.980  -42.732  70.829 0.0000000000
55056  43.297  -42.355  70.942 0.0000000000
55089  43.941  -41.540  70.165 0.0000000000
56179  44.273  -40.752  68.950 0.0000000000
56181  42.748  -41.321  68.517 0.0000000000
55143  39.970  -41.784  66.114 0.0000000000
56225  41.175  -40.930  65.986 0.0000000000
56234  40.168  -41.043  64.901 0.0000000000
57241  40.529  -40.269  63.824 0.0000000000
56243  39.196  -41.068  63.814 0.0000000000
57252  38.727  -40.484  62.345 0.0000000000
56244  38.455  -41.348  63.480 0.0000000000
54017  35.723  -43.570  64.038 0.0000000000
55166  36.396  -42.518  62.967 0.0000000000
54058  35.114  -43.215  62.832 0.0000000000
55200  34.025  -42.791  61.181 0.0000000000
54076  34.359  -43.375  62.533 0.0000000000
46824  25.510  -49.910  62.332 0.0000000000
46836  25.878  -49.931  62.011 0.0000000000
46838  24.186  -49.507  60.821 0.0000000000
77997  52.709  -21.922  51.608 0.0000000000
76885  53.231  -22.254  49.942 0.0000000000
76886  52.069  -22.662  50.264 0.0000000000
74771  49.182  -25.463  48.427 0.0000000000
144756  20.490  -49.060  63.723 0.0000000000
47857  20.355  -49.055  64.542 0.0000000000
146319  21.825  -49.719  71.977 0.0000000000
46720  21.331  -49.458  70.547 0.0000000000
46710  20.158  -49.618  71.755 0.0000000000
46738  17.048  -50.476  69.999 0.0000000000
165956  17.846  -50.126  70.124 0.0000000000
47721  37.027  -47.994  72.151 0.0000000000
49662  37.655  -47.269  72.235 0.0000000000
146044  37.454  -47.502  71.439 0.0000000000
49704  37.583  -46.794  70.600 0.0000000000
49705  36.610  -47.135  70.069 0.0000000000
49717  35.943  -46.386  68.814 0.0000000000
48743  35.430  -47.742  69.563 0.0000000000
47783  32.503  -49.847  69.090 0.0000000000
47799  32.753  -49.154  68.690 0.0000000000
47801  31.464  -49.646  67.980 0.0000000000
48771  31.047  -48.679  66.895 0.0000000000
46762  30.384  -50.359  67.255 0.0000000000
43656  30.039  -51.637  71.761 0.0000000000
43663  30.633  -51.621  70.150 0.0000000000
44668  29.236  -51.467  69.841 0.0000000000
45683  26.698  -50.713  67.172 0.0000000000
44696  27.951  -51.633  67.097 0.0000000000
45694  27.232  -51.110  66.170 0.0000000000
44724  27.874  -51.396  65.827 0.0000000000
45708  27.241  -51.077  65.394 0.0000000000
45738  26.838  -50.832  64.083 0.0000000000
46774  25.631  -50.169  65.316 0.0000000000
47821  22.920  -49.103  65.753 0.0000000000
47837  23.711  -49.207  65.081 0.0000000000
47856  21.825  -48.627  64.425 0.0000000000
72599  53.125  -26.472  55.425 0.0000000000
73662  52.541  -25.705  54.228 0.0000000000
71518  53.880  -27.223  54.448 0.0000000000
70362  54.578  -28.419  52.390 0.0000000000
155731  20.431  -52.585  80.113 0.0000000000
43620  20.541  -52.283  77.564 0.0000000000
44588  19.972  -52.525  78.847 0.0000000000
45545  15.635  -51.420  78.670 0.0000000000
45556  16.503  -51.208  78.260 0.0000000000
45567  17.495  -50.905  77.299 0.0000000000
45581  16.461  -51.173  76.707 0.0000000000
45609  15.512  -51.918  75.023 0.0000000000
44622  15.232  -52.479  75.517 0.0000000000
77952  54.355  -21.332  53.963 0.0000000000
76812  52.181  -21.939  55.608 0.0000000000
76825  50.694  -22.609  55.515 0.0000000000
75802  50.037  -23.153  54.792 0.0000000000
75791  50.057  -23.182  55.916 0.0000000000
74674  48.429  -25.036  57.824 0.0000000000
73643  48.092  -25.933  56.455 0.0000000000
72593  48.388  -26.715  56.822 0.0000000000
72592  49.252  -27.262  56.183 0.0000000000
71467  49.400  -27.250  57.967 0.0000000000
72564  54.180  -27.661  59.049 0.0000000000
73622  53.448  -26.952  58.150 0.0000000000
69128  53.969  -28.542  57.864 0.0000000000
69140  53.374  -29.123  56.565 0.0000000000
162394  52.870  -29.456  57.803 0.0000000000
147133  53.660  -29.014  63.639 0.0000000000
70211  53.940  -28.667  62.399 0.0000000000
67997  53.751  -30.234  62.373 0.0000000000
67000  50.432  -31.236  59.425 0.0000000000
66999  51.667  -30.737  59.851 0.0000000000
67016  50.421  -31.209  58.670 0.0000000000
68057  50.963  -31.024  57.187 0.0000000000
67034  49.448  -31.353  57.584 0.0000000000
67051  49.251  -31.332  56.778 0.0000000000
67035  48.621  -31.489  57.369 0.0000000000
65933  46.552  -32.615  58.301 0.0000000000
65945  47.242  -32.136  57.663 0.0000000000
65947  45.878  -32.470  56.883 0.0000000000
64904  44.818  -33.385  57.287 0.0000000000
61559  48.193  -35.252  65.801 0.0000000000
57192  44.929  -39.413  66.839 0.0000000000
58190  45.663  -38.617  67.097 0.0000000000
58208  44.948  -38.772  65.714 0.0000000000
59347  44.424  -37.609  62.395 0.0000000000
60441  45.412  -37.077  63.778 0.0000000000
60464  45.241  -36.442  62.632 0.0000000000
62730  46.556  -35.040  63.090 0.0000000000
61605  45.474  -35.745  62.215 0.0000000000
62762  45.719  -34.568  61.008 0.0000000000
62763  45.054  -35.250  60.940 0.0000000000
60528  42.275  -36.647  58.372 0.0000000000
62808  43.312  -35.543  58.640 0.0000000000
62826  42.476  -35.401  57.488 0.0000000000
62839  42.659  -34.491  56.397 0.0000000000
62849  41.850  -34.999  56.213 0.0000000000
168059  40.659  -36.106  55.790 0.0000000000
60550  38.581  -37.580  55.380 0.0000000000
60560  38.921  -36.972  54.684 0.0000000000
57292  37.031  -40.205  60.033 0.0000000000
149138  37.625  -39.538  59.263 0.0000000000
58313  36.508  -40.014  58.964 0.0000000000
58345  34.880  -39.748  56.195 0.0000000000
50750  34.343  -46.143  66.991 0.0000000000
51848  34.338  -45.157  65.789 0.0000000000
50759  33.888  -45.699  66.333 0.0000000000
51888  30.483  -45.526  63.443 0.0000000000
51886  31.970  -45.073  63.908 0.0000000000
51895  30.976  -45.041  62.960 0.0000000000
145375  31.214  -44.155  61.690 0.0000000000
53011  30.400  -44.344  61.451 0.0000000000
48841  26.270  -49.276  61.141 0.0000000000
48839  27.680  -48.005  61.705 0.0000000000
49788  26.526  -48.083  60.273 0.0000000000
50847  26.870  -46.168  58.699 0.0000000000
141481  28.531  -44.399  58.933 0.0000000000
75889  53.242  -23.348  47.229 0.0000000000
75887  55.041  -22.791  46.977 0.0000000000
158285  52.691  -25.704  52.322 0.0000000000
46632  26.444  -49.672  76.141 0.0000000000
46647  25.343  -49.733  75.280 0.0000000000
47701  25.945  -49.347  76.845 0.0000000000
161160  24.718  -49.693  77.779 0.0000000000
45564  23.451  -50.474  77.868 0.0000000000
46613  27.652  -50.055  77.362 0.0000000000
51719  40.307  -44.754  71.866 0.0000000000
139734  40.852  -43.914  72.616 0.0000000000
52867  40.984  -44.026  71.436 0.0000000000
52895  40.720  -43.701  70.372 0.0000000000
53966  41.031  -42.890  69.167 0.0000000000
55118  41.185  -41.955  67.933 0.0000000000
53982  40.068  -42.974  68.025 0.0000000000
55133  39.516  -42.394  66.528 0.0000000000
55145  38.540  -42.469  65.443 0.0000000000
55156  38.253  -42.199  64.684 0.0000000000
54014  37.835  -42.802  65.114 0.0000000000
54016  36.495  -43.356  64.466 0.0000000000
52957  35.264  -44.175  64.649 0.0000000000
47908  22.624  -49.375  61.114 0.0000000000
47921  23.120  -49.544  60.588 0.0000000000
46856  21.815  -50.699  60.466 0.0000000000
76873  50.294  -23.415  51.389 0.0000000000
75862  50.621  -23.426  50.408 0.0000000000
75848  49.774  -23.993  50.467 0.0000000000
75847  49.115  -24.917  50.106 0.0000000000
47804  21.913  -49.261  67.172 0.0000000000
47823  20.636  -49.074  66.501 0.0000000000
47805  21.046  -49.118  67.229 0.0000000000
156737  20.595  -49.150  68.136 0.0000000000
47786  19.734  -49.206  68.768 0.0000000000
45651  19.943  -49.723  72.671 0.0000000000
46711  19.376  -49.829  71.988 0.0000000000
45652  18.932  -49.947  72.690 0.0000000000
45654  17.511  -50.720  71.699 0.0000000000
161661  15.213  -51.780  71.761 0.0000000000
47708  36.406  -48.630  72.573 0.0000000000
47753  35.867  -48.946  71.527 0.0000000000
47780  34.908  -48.288  69.627 0.0000000000
46726  34.627  -49.929  70.943 0.0000000000
46728  33.355  -50.317  70.176 0.0000000000
45675  31.931  -50.939  69.650 0.0000000000
150344  27.182  -50.505  70.757 0.0000000000
45659  27.611  -50.774  69.939 0.0000000000
45669  26.899  -50.522  69.224 0.0000000000
45678  26.187  -50.335  68.675 0.0000000000
46754  25.327  -50.016  67.321 0.0000000000
47819  25.031  -49.739  65.941 0.0000000000
46755  24.281  -49.699  67.646 0.0000000000
47802  23.645  -49.532  66.991 0.0000000000
70317  53.803  -28.816  55.341 0.0000000000
70333  53.761  -28.666  54.425 0.0000000000
69177  53.227  -29.117  53.924 0.0000000000
69195  53.205  -29.081  52.786 0.0000000000
45539  14.820  -50.819  79.738 0.0000000000
44590  15.098  -51.978  77.972 0.0000000000
158764  15.235  -52.711  76.912 0.0000000000
43621  15.048  -52.778  77.469 0.0000000000
161286  49.421  -26.450  59.957 0.0000000000
72553  49.710  -26.871  59.432 0.0000000000
72535  51.044  -26.556  60.181 0.0000000000
73598  52.626  -26.056  60.674 0.0000000000
70245  53.992  -27.901  60.126 0.0000000000
66952  52.470  -31.396  63.749 0.0000000000
66972  52.116  -31.117  61.714 0.0000000000
65892  50.752  -31.525  62.220 0.0000000000
65900  50.019  -31.790  61.055 0.0000000000
65914  49.206  -31.848  59.785 0.0000000000
65931  48.254  -32.038  58.723 0.0000000000
65915  48.424  -32.127  59.553 0.0000000000
65916  47.648  -32.363  59.312 0.0000000000
64892  46.440  -33.082  59.193 0.0000000000
57238  43.220  -39.571  64.344 0.0000000000
141092  44.453  -38.702  63.944 0.0000000000
166183  43.718  -38.996  63.030 0.0000000000
59348  44.171  -37.881  61.941 0.0000000000
60481  43.811  -37.256  61.141 0.0000000000
140483  44.057  -36.693  60.908 0.0000000000
60499  43.046  -37.392  60.119 0.0000000000
60517  42.129  -37.445  58.839 0.0000000000
60530  41.364  -37.207  57.468 0.0000000000
60537  41.051  -37.009  56.671 0.0000000000
60531  40.784  -37.621  57.069 0.0000000000
59425  39.461  -38.104  56.665 0.0000000000
140119  38.028  -38.423  56.669 0.0000000000
56293  35.350  -41.269  59.908 0.0000000000
57303  35.789  -40.435  58.842 0.0000000000
56303  34.077  -41.073  57.987 0.0000000000
57329  33.597  -40.596  56.581 0.0000000000
57346  32.519  -40.636  55.564 0.0000000000
49737  31.866  -46.762  66.348 0.0000000000
50761  32.232  -46.129  65.904 0.0000000000
49750  30.795  -46.838  65.312 0.0000000000
50788  30.121  -46.245  63.811 0.0000000000
50798  29.885  -45.975  63.011 0.0000000000
48876  25.611  -48.159  59.139 0.0000000000
47953  24.763  -48.704  57.582 0.0000000000
76897  59.817  -21.666  49.080 0.0000000000
158083  58.857  -22.178  47.381 0.0000000000
140041  57.167  -22.656  46.051 0.0000000000
46706  24.206  -49.852  70.771 0.0000000000
46719  22.866  -49.757  70.712 0.0000000000
46707  23.531  -49.790  71.164 0.0000000000
45649  22.441  -49.682  72.527 0.0000000000
45635  22.118  -49.847  73.493 0.0000000000
45604  23.376  -50.067  74.401 0.0000000000
45619  22.562  -50.055  74.074 0.0000000000
45621  21.242  -50.006  73.851 0.0000000000
45622  20.379  -50.294  74.121 0.0000000000
151473  19.708  -50.551  74.340 0.0000000000
44632  19.400  -51.494  75.028 0.0000000000
151736  32.807  -50.856  73.203 0.0000000000
44638  32.670  -51.513  72.580 0.0000000000
45600  31.497  -51.479  73.689 0.0000000000
43631  30.484  -51.628  73.713 0.0000000000
168466  29.364  -51.427  72.585 0.0000000000
44603  29.304  -51.256  75.618 0.0000000000
44642  28.457  -50.839  73.865 0.0000000000
45630  27.546  -50.556  72.249 0.0000000000
147141  26.830  -50.248  71.836 0.0000000000
45646  25.400  -49.905  71.279 0.0000000000
166565  49.540  -30.666  54.220 0.0000000000
68105  50.289  -30.334  53.059 0.0000000000
165918  49.079  -30.630  53.105 0.0000000000
75697  51.425  -24.885  63.389 0.0000000000
66944  53.120  -31.237  64.452 0.0000000000
65871  51.803  -31.531  64.431 0.0000000000
64837  50.509  -32.210  64.805 0.0000000000
64838  49.826  -32.466  64.497 0.0000000000
162834  44.508  -40.006  67.568 0.0000000000
57194  43.632  -40.086  66.510 0.0000000000
56197  41.637  -41.357  67.473 0.0000000000
56224  41.787  -40.683  66.311 0.0000000000
57228  42.637  -40.030  65.082 0.0000000000
57240  41.381  -39.917  63.973 0.0000000000
58242  40.987  -39.692  63.134 0.0000000000
58262  39.794  -39.696  61.902 0.0000000000
150058  39.210  -39.418  60.702 0.0000000000
57265  39.158  -40.040  61.968 0.0000000000
57267  37.689  -40.503  61.340 0.0000000000
57268  36.959  -40.805  61.131 0.0000000000
55181  36.992  -41.884  62.738 0.0000000000
55182  36.252  -41.946  62.178 0.0000000000
56286  35.587  -41.451  60.631 0.0000000000
56287  34.863  -41.734  60.350 0.0000000000
55216  33.557  -42.682  60.555 0.0000000000
54107  31.984  -43.054  59.838 0.0000000000
46821  27.083  -50.547  63.243 0.0000000000
47889  27.444  -49.752  62.832 0.0000000000
46834  26.818  -50.097  62.584 0.0000000000
47919  25.832  -49.567  61.269 0.0000000000
47920  25.334  -49.458  60.688 0.0000000000
46854  23.448  -49.762  60.090 0.0000000000
46868  24.313  -49.645  59.920 0.0000000000
143532  54.724  -21.341  51.238 0.0000000000
78028  55.253  -21.680  49.898 0.0000000000
76884  54.316  -21.872  49.899 0.0000000000
76920  53.407  -22.678  48.527 0.0000000000
75890  51.946  -23.829  47.214 0.0000000000
75871  51.022  -23.419  49.825 0.0000000000
75881  51.187  -23.905  48.112 0.0000000000
142782  22.198  -49.611  70.197 0.0000000000
46734  20.727  -49.370  69.983 0.0000000000
47770  18.974  -49.311  69.317 0.0000000000
46722  19.317  -49.776  71.161 0.0000000000
46736  18.330  -49.702  69.786 0.0000000000
51721  39.228  -45.589  72.648 0.0000000000
50707  38.806  -46.034  70.799 0.0000000000
50726  37.596  -45.812  69.516 0.0000000000
50736  37.287  -45.459  68.803 0.0000000000
51817  36.415  -45.224  67.911 0.0000000000
50738  36.185  -45.784  68.377 0.0000000000
50740  34.758  -46.451  67.755 0.0000000000
49727  33.871  -46.697  67.491 0.0000000000
48744  34.240  -48.254  69.146 0.0000000000
49720  33.382  -47.391  67.884 0.0000000000
49729  32.278  -47.042  66.921 0.0000000000
48770  31.588  -47.592  66.819 0.0000000000
48772  30.249  -48.847  66.165 0.0000000000
47835  29.192  -50.013  65.330 0.0000000000
43652  32.212  -51.718  71.688 0.0000000000
44675  31.375  -51.489  70.006 0.0000000000
44693  30.380  -51.316  68.463 0.0000000000
44687  28.404  -51.466  68.219 0.0000000000
43689  28.997  -51.680  67.732 0.0000000000
44708  29.434  -51.531  67.383 0.0000000000
44722  28.650  -51.518  65.989 0.0000000000
166525  28.504  -51.183  65.539 0.0000000000
46804  28.131  -50.568  64.136 0.0000000000
45737  26.989  -50.907  64.102 0.0000000000
142885  26.032  -50.328  63.046 0.0000000000
47890  24.507  -49.481  62.612 0.0000000000
47836  24.749  -49.607  65.224 0.0000000000
47853  24.536  -49.473  64.381 0.0000000000
47874  23.609  -48.974  63.077 0.0000000000
48816  21.874  -48.772  62.592 0.0000000000
72618  49.253  -27.065  52.678 0.0000000000
147602  50.445  -26.488  52.249 0.0000000000
73679  51.843  -25.818  53.231 0.0000000000
148927  54.393  -28.056  53.120 0.0000000000
71556  54.982  -27.482  53.118 0.0000000000
68118  51.180  -30.390  51.941 0.0000000000
49576  25.099  -47.849  79.707 0.0000000000
47662  24.374  -49.053  79.605 0.0000000000
145596  22.711  -50.972  78.965 0.0000000000
45535  22.405  -50.910  79.854 0.0000000000
44597  21.687  -51.792  77.742 0.0000000000
43623  20.956  -52.165  76.874 0.0000000000
44619  20.062  -51.682  76.073 0.0000000000
44633  18.934  -51.015  75.005 0.0000000000
45542  18.571  -51.644  80.011 0.0000000000
45566  18.306  -51.197  77.965 0.0000000000
45595  18.527  -51.095  76.092 0.0000000000
44634  17.056  -51.099  74.408 0.0000000000
44635  15.816  -51.617  74.357 0.0000000000
159040  56.028  -21.372  52.132 0.0000000000
140271  54.671  -21.267  52.221 0.0000000000
77973  53.317  -21.371  52.761 0.0000000000
77954  52.668  -21.563  53.215 0.0000000000
77925  53.668  -21.470  55.471 0.0000000000
76823  52.069  -21.865  54.588 0.0000000000
76844  51.285  -22.414  53.088 0.0000000000
75810  49.914  -23.252  53.610 0.0000000000
75824  48.256  -24.720  52.343 0.0000000000
74715  47.369  -25.822  51.867 0.0000000000
75793  48.763  -24.338  56.473 0.0000000000
73651  47.487  -26.019  54.687 0.0000000000
71539  47.743  -27.238  52.664 0.0000000000
166145  49.523  -26.869  54.248 0.0000000000
72600  50.847  -26.257  55.899 0.0000000000
73641  52.373  -25.992  55.976 0.0000000000
72578  51.232  -26.645  57.869 0.0000000000
73633  52.958  -26.663  57.324 0.0000000000
71487  53.970  -27.866  56.392 0.0000000000
69150  53.387  -29.246  55.778 0.0000000000
69151  52.790  -29.730  55.414 0.0000000000
68076  51.237  -30.631  55.649 0.0000000000
160612  53.585  -25.890  62.692 0.0000000000
70235  54.059  -28.515  61.107 0.0000000000
69103  53.550  -29.375  59.833 0.0000000000
68008  52.599  -30.529  61.233 0.0000000000
68031  52.175  -30.273  59.448 0.0000000000
68046  52.323  -30.070  58.740 0.0000000000
68056  51.617  -30.512  57.349 0.0000000000
68068  51.451  -30.631  56.557 0.0000000000
68077  50.331  -30.936  55.570 0.0000000000
67071  49.531  -31.088  55.455 0.0000000000
67072  48.304  -31.333  55.731 0.0000000000
65944  48.032  -31.852  57.930 0.0000000000
65958  47.089  -31.920  56.806 0.0000000000
63774  49.676  -33.428  65.576 0.0000000000
63789  48.698  -33.511  64.484 0.0000000000
59294  46.925  -37.023  66.670 0.0000000000
59310  45.055  -38.099  64.622 0.0000000000
60432  45.695  -37.238  64.641 0.0000000000
60430  47.132  -36.308  65.650 0.0000000000
61574  47.261  -35.426  64.714 0.0000000000
62729  47.368  -34.531  63.527 0.0000000000
63802  47.837  -33.853  63.081 0.0000000000
63822  46.864  -33.743  61.243 0.0000000000
63823  46.357  -33.838  60.795 0.0000000000
63852  45.787  -33.654  59.493 0.0000000000
62784  44.181  -35.500  59.831 0.0000000000
62806  44.588  -34.655  59.446 0.0000000000
63868  45.017  -33.625  58.167 0.0000000000
63883  44.104  -33.797  56.951 0.0000000000
61692  39.643  -36.669  55.003 0.0000000000
61708  38.888  -36.178  53.090 0.0000000000
58311  38.398  -39.277  59.473 0.0000000000
59402  38.159  -38.776  58.098 0.0000000000
59415  37.214  -38.770  56.761 0.0000000000
58333  35.970  -39.646  57.353 0.0000000000
58343  36.469  -39.200  56.659 0.0000000000
51846  36.036  -44.984  66.063 0.0000000000
52943  34.796  -44.640  65.263 0.0000000000
52958  34.426  -44.314  64.508 0.0000000000
51869  32.276  -45.231  64.698 0.0000000000
51885  32.727  -44.704  64.137 0.0000000000
52982  33.250  -44.276  63.552 0.0000000000
54060  32.829  -43.711  61.990 0.0000000000
53010  31.705  -43.637  61.138 0.0000000000
54108  31.164  -43.177  59.573 0.0000000000
49765  28.578  -48.104  63.067 0.0000000000
50800  28.595  -46.899  62.177 0.0000000000
50808  28.938  -46.062  61.857 0.0000000000
49804  26.824  -47.239  59.906 0.0000000000
50817  27.996  -46.208  60.715 0.0000000000
51906  29.294  -45.316  61.495 0.0000000000
143716  29.471  -44.358  60.269 0.0000000000
53036  29.367  -43.965  59.301 0.0000000000
76918  55.979  -22.101  48.127 0.0000000000
160591  55.830  -22.823  46.606 0.0000000000
75899  56.222  -23.282  44.984 0.0000000000
74713  50.511  -26.562  51.697 0.0000000000
51815  37.695  -44.880  68.350 0.0000000000
51814  38.457  -44.612  68.589 0.0000000000
52924  38.213  -44.354  67.809 0.0000000000
52931  37.234  -44.321  66.744 0.0000000000
51829  36.779  -44.773  67.319 0.0000000000
166599  47.872  -26.914  50.375 0.0000000000
155577  47.786  -25.811  49.972 0.0000000000
73680  48.692  -27.225  51.131 0.0000000000
46731  23.809  -49.809  69.561 0.0000000000
46732  23.005  -49.791  69.875 0.0000000000
45624  18.131  -50.697  73.811 0.0000000000
47712  33.156  -50.256  72.904 0.0000000000
47725  33.240  -49.360  72.355 0.0000000000
47711  33.988  -49.979  72.882 0.0000000000
46678  34.524  -50.434  72.678 0.0000000000
45612  33.931  -50.799  72.584 0.0000000000
45628  34.042  -50.951  72.223 0.0000000000
45629  33.396  -51.244  72.384 0.0000000000
69164  51.986  -30.044  54.099 0.0000000000
74619  51.501  -25.053  62.117 0.0000000000
74601  50.944  -24.598  62.572 0.0000000000
65886  49.431  -32.076  62.571 0.0000000000
64847  48.255  -33.157  62.671 0.0000000000
58296  41.068  -38.897  60.980 0.0000000000
58279  42.050  -38.716  61.195 0.0000000000
139686  41.267  -38.503  60.057 0.0000000000
48802  29.044  -48.568  64.268 0.0000000000
78013  57.633  -21.356  50.756 0.0000000000
78026  57.103  -21.530  50.029 0.0000000000
78027  56.165  -21.558  49.993 0.0000000000
46663  25.463  -49.765  73.943 0.0000000000
45578  22.534  -50.909  76.567 0.0000000000
45594  22.147  -50.809  75.730 0.0000000000
44615  22.046  -51.287  76.370 0.0000000000
44616  21.716  -51.385  76.176 0.0000000000
47698  31.247  -49.075  75.855 0.0000000000
46628  30.832  -50.344  76.056 0.0000000000
47700  30.771  -49.912  76.898 0.0000000000
46646  26.334  -49.877  75.204 0.0000000000
45591  27.317  -50.388  74.866 0.0000000000
46662  26.451  -49.933  74.310 0.0000000000
53956  42.724  -42.403  70.489 0.0000000000
53949  42.749  -42.595  70.904 0.0000000000
55074  43.344  -42.123  70.558 0.0000000000
55073  43.881  -41.820  70.600 0.0000000000
55090  43.340  -41.928  70.058 0.0000000000
55104  43.026  -41.510  69.403 0.0000000000
55155  38.984  -41.895  64.997 0.0000000000
56226  39.668  -41.516  65.363 0.0000000000
56235  39.417  -41.305  64.590 0.0000000000
57231  39.892  -40.753  64.194 0.0000000000
157552  35.202  -43.485  63.445 0.0000000000
54038  35.773  -43.095  63.233 0.0000000000
76856  51.964  -22.278  51.915 0.0000000000
76871  51.933  -22.487  51.068 0.0000000000
48789  21.118  -48.722  64.778 0.0000000000
47840  20.694  -48.971  65.589 0.0000000000
46709  21.121  -49.560  71.437 0.0000000000
47752  36.576  -48.364  71.574 0.0000000000
47738  37.041  -47.929  71.772 0.0000000000
48725  36.836  -47.848  71.028 0.0000000000
48724  37.363  -47.339  70.885 0.0000000000
48735  36.364  -47.663  70.365 0.0000000000
48742  36.040  -47.418  69.809 0.0000000000
46751  31.345  -50.395  68.466 0.0000000000
47800  32.004  -49.717  68.573 0.0000000000
46761  30.880  -50.348  67.894 0.0000000000
47817  30.967  -49.594  67.358 0.0000000000
44661  29.272  -51.437  71.009 0.0000000000
43664  30.056  -51.597  70.527 0.0000000000
152866  27.182  -51.039  66.739 0.0000000000
45709  26.790  -50.867  65.751 0.0000000000
46773  26.352  -50.629  65.346 0.0000000000
48804  21.057  -48.658  63.945 0.0000000000
72615  53.378  -26.840  54.956 0.0000000000
159690  20.158  -52.163  81.063 0.0000000000
44564  20.033  -52.399  81.185 0.0000000000
43604  20.395  -52.669  79.833 0.0000000000
44580  19.846  -52.625  79.942 0.0000000000
45557  15.837  -51.530  77.748 0.0000000000
45582  15.775  -51.584  76.456 0.0000000000
45598  15.641  -51.727  75.679 0.0000000000
140282  55.329  -21.511  54.965 0.0000000000
140285  55.459  -21.497  55.981 0.0000000000
76802  51.528  -22.297  57.358 0.0000000000
76813  51.453  -22.278  56.156 0.0000000000
73625  48.529  -25.866  58.216 0.0000000000
73635  48.355  -25.879  57.325 0.0000000000
72580  48.631  -26.705  57.710 0.0000000000
71479  48.758  -27.152  57.151 0.0000000000
71468  48.948  -27.160  57.949 0.0000000000
70259  54.441  -28.060  59.025 0.0000000000
71466  54.460  -27.869  58.577 0.0000000000
69129  53.420  -29.031  57.405 0.0000000000
163736  53.563  -29.058  58.387 0.0000000000
67980  54.066  -30.085  63.796 0.0000000000
67996  54.337  -29.906  62.817 0.0000000000
67001  49.773  -31.407  59.241 0.0000000000
67033  50.314  -31.219  57.808 0.0000000000
67018  48.799  -31.550  58.179 0.0000000000
64903  45.660  -32.894  57.638 0.0000000000
61539  48.446  -35.499  66.441 0.0000000000
57213  44.160  -39.644  65.940 0.0000000000
57212  44.682  -39.280  66.215 0.0000000000
58209  44.421  -39.113  65.386 0.0000000000
60465  44.602  -37.035  62.321 0.0000000000
60450  45.040  -37.010  63.040 0.0000000000
61620  45.213  -35.609  61.569 0.0000000000
61621  44.652  -36.158  61.248 0.0000000000
61671  42.054  -36.156  57.698 0.0000000000
61670  42.626  -35.856  58.222 0.0000000000
62840  41.846  -35.592  57.012 0.0000000000
62841  41.406  -35.793  56.468 0.0000000000
62850  41.101  -35.494  55.712 0.0000000000
61681  41.039  -36.302  56.317 0.0000000000
59434  37.957  -38.155  55.797 0.0000000000
60551  37.678  -37.812  55.034 0.0000000000
57282  36.662  -40.628  60.425 0.0000000000
57293  36.397  -40.422  59.630 0.0000000000
50751  33.442  -46.260  66.824 0.0000000000
50760  33.061  -45.928  66.100 0.0000000000
52999  30.681  -44.624  62.249 0.0000000000
51905  29.977  -44.969  61.872 0.0000000000
47932  25.734  -49.214  60.584 0.0000000000
48858  26.242  -48.783  60.599 0.0000000000
48868  25.916  -48.502  60.036 0.0000000000
75896  52.757  -23.834  46.522 0.0000000000
46614  26.794  -49.628  77.119 0.0000000000
47696  26.089  -49.303  77.832 0.0000000000
146560  25.200  -49.477  78.204 0.0000000000
46616  24.217  -49.916  77.422 0.0000000000
46599  24.291  -49.872  78.368 0.0000000000
47689  27.980  -49.383  78.695 0.0000000000
46596  27.820  -49.819  78.066 0.0000000000
157781  39.792  -45.072  71.467 0.0000000000
51755  40.651  -44.456  71.681 0.0000000000
51775  39.795  -44.892  71.020 0.0000000000
52909  39.835  -43.817  69.288 0.0000000000
52896  40.040  -44.017  70.089 0.0000000000
52908  40.534  -43.469  69.624 0.0000000000
53958  41.184  -43.055  69.998 0.0000000000
53967  40.280  -43.199  68.850 0.0000000000
53981  40.722  -42.560  68.405 0.0000000000
53993  38.404  -43.398  66.589 0.0000000000
53992  39.098  -43.039  66.931 0.0000000000
54000  38.847  -42.779  66.161 0.0000000000
54003  36.767  -43.744  65.170 0.0000000000
52956  36.065  -43.992  64.855 0.0000000000
47909  21.865  -49.562  61.335 0.0000000000
46839  22.237  -49.853  60.699 0.0000000000
46840  21.610  -50.325  61.046 0.0000000000
75833  49.735  -23.834  51.370 0.0000000000
74741  49.261  -24.669  50.106 0.0000000000
74740  48.730  -25.481  50.263 0.0000000000
74739  48.949  -26.999  50.363 0.0000000000
47785  21.584  -49.301  67.946 0.0000000000
47769  20.647  -49.277  69.183 0.0000000000
45639  17.366  -51.015  72.431 0.0000000000
45662  16.862  -50.770  70.960 0.0000000000
151707  16.223  -51.153  71.000 0.0000000000
45656  15.825  -51.494  72.165 0.0000000000
44656  15.005  -51.953  72.524 0.0000000000
163228  35.262  -47.872  72.749 0.0000000000
46676  35.586  -49.535  72.579 0.0000000000
47709  35.798  -49.356  72.681 0.0000000000
46694  36.010  -49.466  71.954 0.0000000000
46693  36.243  -48.883  71.916 0.0000000000
46714  35.433  -49.635  71.577 0.0000000000
47754  35.288  -49.478  71.188 0.0000000000
46715  34.950  -50.067  71.430 0.0000000000
44665  33.068  -51.134  71.146 0.0000000000
46727  34.044  -50.433  70.752 0.0000000000
45666  32.634  -50.816  70.221 0.0000000000
45667  32.017  -51.251  70.142 0.0000000000
45660  26.642  -50.358  70.246 0.0000000000
45670  26.005  -50.184  69.720 0.0000000000
157553  25.421  -50.026  68.673 0.0000000000
46743  25.920  -50.275  67.836 0.0000000000
47803  22.756  -49.417  67.127 0.0000000000
69162  53.362  -29.245  54.917 0.0000000000
69179  51.766  -29.889  53.075 0.0000000000
69196  52.432  -29.686  52.378 0.0000000000
69211  53.237  -29.369  51.990 0.0000000000
153765  15.133  -51.262  79.329 0.0000000000
44582  14.712  -51.780  78.724 0.0000000000
72536  50.140  -26.617  60.153 0.0000000000
73600  50.577  -26.039  60.768 0.0000000000
73582  52.111  -25.588  61.459 0.0000000000
73599  51.585  -26.034  60.775 0.0000000000
73596  53.657  -26.426  60.416 0.0000000000
73580  54.010  -26.442  60.915 0.0000000000
66964  51.472  -31.344  62.269 0.0000000000
65894  49.341  -32.089  61.578 0.0000000000
65913  50.022  -31.501  60.130 0.0000000000
65902  48.640  -32.177  60.266 0.0000000000
141369  47.857  -33.023  60.995 0.0000000000
64861  47.849  -32.542  60.251 0.0000000000
64876  47.068  -32.868  59.739 0.0000000000
140857  42.949  -39.309  63.450 0.0000000000
59350  42.866  -38.536  61.267 0.0000000000
58277  43.348  -38.536  61.756 0.0000000000
58276  43.845  -38.115  61.601 0.0000000000
59365  43.776  -37.680  61.221 0.0000000000
60482  43.461  -37.421  60.754 0.0000000000
59366  43.286  -37.718  60.553 0.0000000000
160148  42.177  -37.891  59.027 0.0000000000
145193  42.041  -37.137  58.460 0.0000000000
158983  41.216  -37.715  57.786 0.0000000000
59400  39.422  -38.483  58.434 0.0000000000
140898  39.972  -38.283  57.854 0.0000000000
59412  39.298  -38.348  57.493 0.0000000000
139553  38.810  -38.319  56.885 0.0000000000
59413  38.456  -38.512  57.453 0.0000000000
56294  34.621  -41.537  59.589 0.0000000000
142129  34.410  -41.330  58.812 0.0000000000
159298  33.749  -41.554  58.560 0.0000000000
56325  32.835  -41.060  56.811 0.0000000000
57330  32.950  -40.719  56.211 0.0000000000
56326  32.388  -41.020  56.294 0.0000000000
49738  31.191  -47.159  65.997 0.0000000000
50762  31.468  -46.414  65.660 0.0000000000
49763  29.777  -47.068  64.147 0.0000000000
50789  29.469  -46.758  63.380 0.0000000000
76916  57.866  -21.882  48.470 0.0000000000
76915  59.008  -21.941  48.198 0.0000000000
76932  57.965  -22.097  47.594 0.0000000000
141599  58.372  -22.324  46.835 0.0000000000
140889  57.487  -22.341  46.785 0.0000000000
45647  24.332  -49.773  71.477 0.0000000000
45618  23.509  -49.899  73.503 0.0000000000
45648  23.335  -49.682  72.056 0.0000000000
46664  24.572  -49.860  74.628 0.0000000000
143678  23.424  -50.138  75.207 0.0000000000
148956  22.031  -50.465  74.843 0.0000000000
45605  22.487  -50.362  74.869 0.0000000000
44643  20.934  -50.542  74.648 0.0000000000
44644  20.172  -50.785  74.873 0.0000000000
44645  19.428  -50.898  74.937 0.0000000000
47703  31.269  -49.359  74.889 0.0000000000
154876  31.405  -49.208  73.893 0.0000000000
47706  31.688  -49.960  73.941 0.0000000000
47713  32.363  -50.190  73.257 0.0000000000
46661  31.925  -50.881  73.651 0.0000000000
147210  31.995  -51.144  73.584 0.0000000000
45585  31.289  -51.174  74.375 0.0000000000
44612  30.205  -51.475  74.665 0.0000000000
44626  30.588  -51.591  74.052 0.0000000000
43632  29.778  -51.542  73.969 0.0000000000
43640  29.820  -51.538  73.432 0.0000000000
45562  29.034  -50.832  77.039 0.0000000000
150693  29.339  -51.128  76.303 0.0000000000
45574  28.809  -50.972  76.227 0.0000000000
45603  27.411  -50.406  74.027 0.0000000000
145706  28.404  -50.911  72.859 0.0000000000
45631  26.015  -49.903  71.843 0.0000000000
46705  24.923  -49.831  70.724 0.0000000000
68106  49.571  -30.533  53.469 0.0000000000
65870  52.521  -31.407  64.509 0.0000000000
65853  52.383  -31.412  64.936 0.0000000000
64821  51.147  -32.214  65.520 0.0000000000
65862  50.916  -31.874  64.823 0.0000000000
64831  50.057  -32.789  65.251 0.0000000000
53914  41.610  -43.479  72.222 0.0000000000
56194  44.213  -40.423  68.237 0.0000000000
57172  43.879  -40.248  67.385 0.0000000000
56210  42.991  -40.530  67.135 0.0000000000
55117  41.919  -41.600  68.242 0.0000000000
55131  40.923  -41.690  67.185 0.0000000000
57215  41.767  -40.397  65.616 0.0000000000
57195  42.611  -40.340  66.183 0.0000000000
57229  41.650  -40.148  64.758 0.0000000000
57242  39.714  -40.512  63.437 0.0000000000
57250  40.237  -40.112  63.086 0.0000000000
58261  40.347  -39.732  62.493 0.0000000000
56255  38.236  -41.073  62.742 0.0000000000
57253  37.953  -40.703  62.081 0.0000000000
56274  37.286  -41.058  61.776 0.0000000000
55157  37.525  -42.518  64.392 0.0000000000
55164  37.955  -41.940  63.915 0.0000000000
55165  37.146  -42.358  63.562 0.0000000000
144264  35.640  -42.660  62.511 0.0000000000
56276  35.858  -41.649  61.382 0.0000000000
55214  35.121  -41.957  61.069 0.0000000000
54095  32.757  -42.836  60.135 0.0000000000
54094  32.904  -43.152  60.753 0.0000000000
46822  27.006  -50.474  62.874 0.0000000000
46852  25.427  -49.599  61.267 0.0000000000
46851  25.970  -49.830  61.812 0.0000000000
46867  24.886  -49.513  60.396 0.0000000000
46855  22.586  -50.160  60.149 0.0000000000
140426  22.862  -50.275  59.705 0.0000000000
46869  23.518  -50.082  59.517 0.0000000000
143256  23.904  -50.139  59.000 0.0000000000
158023  54.743  -21.515  50.491 0.0000000000
78016  53.872  -21.596  50.742 0.0000000000
147387  53.058  -22.586  49.165 0.0000000000
75880  52.765  -23.235  47.960 0.0000000000
76921  52.328  -23.152  48.742 0.0000000000
47841  19.785  -49.254  65.290 0.0000000000
143739  19.926  -49.158  66.152 0.0000000000
46735  19.914  -49.327  69.706 0.0000000000
46723  18.488  -49.981  70.642 0.0000000000
46737  17.619  -50.063  69.426 0.0000000000
50635  36.485  -46.060  73.319 0.0000000000
50634  36.785  -46.446  73.255 0.0000000000
49661  38.193  -46.874  72.139 0.0000000000
159022  37.569  -46.307  73.120 0.0000000000
167050  38.379  -46.469  72.341 0.0000000000
50655  38.739  -46.247  72.232 0.0000000000
50654  39.344  -45.691  72.181 0.0000000000
49674  38.745  -46.342  71.844 0.0000000000
49709  37.316  -46.436  69.943 0.0000000000
50717  37.939  -46.241  70.164 0.0000000000
50737  36.732  -45.654  68.574 0.0000000000
50728  36.516  -46.189  69.011 0.0000000000
49718  35.158  -46.714  68.567 0.0000000000
165984  32.312  -48.238  67.821 0.0000000000
48756  32.904  -48.238  68.223 0.0000000000
49721  32.430  -47.625  67.528 0.0000000000
47818  30.400  -49.600  66.697 0.0000000000
47834  29.719  -49.747  66.037 0.0000000000
47851  29.688  -49.081  65.426 0.0000000000
43636  31.827  -51.680  72.702 0.0000000000
43643  32.557  -51.715  72.003 0.0000000000
43653  31.841  -51.761  71.809 0.0000000000
43671  30.036  -51.573  69.213 0.0000000000
43662  30.863  -51.705  70.186 0.0000000000
43670  30.696  -51.482  69.253 0.0000000000
44676  30.878  -51.493  69.468 0.0000000000
43677  29.852  -51.530  68.338 0.0000000000
45668  27.758  -51.010  68.714 0.0000000000
44678  28.439  -51.284  69.277 0.0000000000
45676  27.845  -51.355  67.716 0.0000000000
44695  28.443  -51.721  67.337 0.0000000000
139499  28.671  -51.785  67.102 0.0000000000
142889  29.308  -51.603  67.501 0.0000000000
44709  28.977  -51.741  66.770 0.0000000000
45693  29.127  -51.514  66.645 0.0000000000
44736  27.497  -51.128  65.212 0.0000000000
45707  28.154  -51.240  65.318 0.0000000000
45735  27.596  -50.952  64.666 0.0000000000
45720  28.216  -50.936  64.961 0.0000000000
45736  27.112  -50.875  64.232 0.0000000000
46788  26.277  -50.566  64.614 0.0000000000
46806  25.846  -50.298  63.972 0.0000000000
46807  25.368  -49.920  63.117 0.0000000000
143615  25.229  -49.831  63.826 0.0000000000
47855  22.530  -48.689  64.065 0.0000000000
47854  23.498  -48.973  64.078 0.0000000000
47875  22.688  -48.761  62.741 0.0000000000
73663  51.391  -25.915  53.895 0.0000000000
72637  49.789  -26.803  52.317 0.0000000000
72616  53.320  -26.162  54.508 0.0000000000
73661  53.271  -25.690  54.145 0.0000000000
70347  54.143  -27.930  53.970 0.0000000000
71537  55.133  -26.238  53.727 0.0000000000
68119  50.393  -30.479  52.157 0.0000000000
68104  51.050  -30.190  52.661 0.0000000000
49588  25.644  -47.415  79.753 0.0000000000
48656  23.908  -48.714  79.592 0.0000000000
46567  23.810  -49.745  79.720 0.0000000000
45541  23.096  -50.485  79.547 0.0000000000
143891  21.748  -51.518  79.652 0.0000000000
44578  22.280  -51.252  79.363 0.0000000000
43617  21.363  -52.074  78.289 0.0000000000
43618  21.343  -51.987  77.672 0.0000000000
143298  21.090  -52.404  78.023 0.0000000000
44607  20.032  -51.895  76.957 0.0000000000
43624  20.383  -51.859  76.808 0.0000000000
156086  19.790  -51.633  76.162 0.0000000000
139646  19.566  -51.367  75.569 0.0000000000
44620  18.779  -51.157  75.620 0.0000000000
45543  17.628  -51.237  79.809 0.0000000000
45536  17.286  -51.398  81.284 0.0000000000
165673  17.397  -51.319  80.599 0.0000000000
44575  18.183  -51.634  80.837 0.0000000000
45554  18.440  -51.455  79.093 0.0000000000
45580  17.488  -50.879  76.445 0.0000000000
45596  17.862  -50.926  75.528 0.0000000000
44621  18.099  -50.938  74.860 0.0000000000
45608  16.230  -51.403  75.029 0.0000000000
43625  15.088  -53.264  76.287 0.0000000000
77971  57.498  -21.335  53.070 0.0000000000
140272  55.600  -21.356  52.540 0.0000000000
140275  55.888  -21.432  53.421 0.0000000000
77972  54.087  -21.249  53.008 0.0000000000
77953  53.445  -21.361  53.604 0.0000000000
77908  53.877  -21.521  56.483 0.0000000000
77909  52.984  -21.635  56.067 0.0000000000
76824  51.377  -22.211  55.067 0.0000000000
163331  51.339  -22.279  54.050 0.0000000000
76831  52.020  -21.937  53.650 0.0000000000
76845  50.566  -22.807  53.326 0.0000000000
75811  49.253  -23.734  53.845 0.0000000000
145948  47.870  -24.871  53.335 0.0000000000
75792  49.355  -23.719  56.206 0.0000000000
72594  47.994  -26.737  55.984 0.0000000000
73644  47.781  -25.985  55.629 0.0000000000
72603  47.666  -26.745  55.239 0.0000000000
73664  47.240  -26.162  53.659 0.0000000000
71521  47.667  -27.233  54.180 0.0000000000
159263  48.292  -27.444  53.634 0.0000000000
71500  48.385  -27.439  54.481 0.0000000000
72591  50.116  -26.889  56.610 0.0000000000
72601  49.866  -26.772  55.466 0.0000000000
73642  51.769  -26.062  56.398 0.0000000000
72552  50.585  -26.822  59.494 0.0000000000
167523  50.694  -26.842  58.253 0.0000000000
72566  51.176  -26.757  58.760 0.0000000000
72576  53.834  -27.370  57.854 0.0000000000
140447  52.655  -26.583  57.741 0.0000000000
143862  53.884  -27.604  57.111 0.0000000000
72588  53.498  -27.185  56.997 0.0000000000
150381  53.966  -28.341  56.699 0.0000000000
70300  53.781  -28.782  56.160 0.0000000000
148432  52.455  -29.976  56.657 0.0000000000
69141  52.837  -29.637  56.224 0.0000000000
68067  52.158  -30.291  55.952 0.0000000000
74574  52.497  -25.592  63.558 0.0000000000
74588  52.624  -25.434  63.099 0.0000000000
165131  53.432  -25.950  63.138 0.0000000000
69076  54.063  -29.343  62.239 0.0000000000
70224  54.064  -28.622  61.845 0.0000000000
69084  54.127  -29.195  61.220 0.0000000000
69091  54.190  -28.682  60.779 0.0000000000
69092  53.737  -29.421  60.562 0.0000000000
66982  51.994  -30.903  60.792 0.0000000000
143509  52.896  -29.888  59.473 0.0000000000
141289  51.924  -30.320  58.088 0.0000000000
68069  50.699  -31.033  56.346 0.0000000000
67070  49.844  -31.208  56.179 0.0000000000
162529  49.037  -31.272  56.009 0.0000000000
67053  47.683  -31.545  56.278 0.0000000000
65946  46.454  -32.339  57.311 0.0000000000
67054  46.942  -31.681  55.985 0.0000000000
62703  48.571  -34.516  65.541 0.0000000000
63775  48.954  -33.750  65.270 0.0000000000
58206  45.894  -38.039  66.613 0.0000000000
58189  46.148  -38.033  67.321 0.0000000000
59283  46.536  -37.553  66.940 0.0000000000
59295  46.358  -37.478  66.245 0.0000000000
59317  44.748  -38.274  64.032 0.0000000000
60431  46.449  -36.717  65.164 0.0000000000
61561  46.850  -36.057  64.955 0.0000000000
61575  46.682  -35.795  64.358 0.0000000000
63803  47.169  -34.272  62.660 0.0000000000
63813  47.626  -33.617  62.254 0.0000000000
63814  46.968  -33.948  61.899 0.0000000000
63836  45.781  -34.024  60.271 0.0000000000
63837  45.218  -34.286  59.826 0.0000000000
61635  43.803  -36.369  60.235 0.0000000000
61655  43.526  -35.969  59.461 0.0000000000
62807  43.943  -35.092  59.057 0.0000000000
63854  44.446  -34.313  58.624 0.0000000000
63869  44.301  -34.035  57.780 0.0000000000
63870  43.621  -34.416  57.442 0.0000000000
63896  42.347  -34.254  55.577 0.0000000000
60538  40.573  -37.254  56.432 0.0000000000
61682  40.657  -36.739  56.078 0.0000000000
60548  40.044  -37.110  55.828 0.0000000000
61701  38.438  -36.680  53.847 0.0000000000
61700  39.241  -36.341  54.105 0.0000000000
58298  38.529  -39.539  60.354 0.0000000000
58310  39.141  -39.143  59.997 0.0000000000
150454  37.087  -39.535  58.645 0.0000000000
58321  37.919  -39.222  58.714 0.0000000000
163304  37.544  -39.141  58.125 0.0000000000
59414  37.704  -38.771  57.469 0.0000000000
57315  35.483  -40.202  57.914 0.0000000000
57327  35.178  -39.963  57.063 0.0000000000
58357  35.363  -39.303  55.603 0.0000000000
58344  35.660  -39.486  56.427 0.0000000000
51830  36.150  -44.888  67.062 0.0000000000
51831  35.494  -45.167  66.804 0.0000000000
51847  35.221  -45.076  65.910 0.0000000000
50770  31.852  -45.792  65.206 0.0000000000
51850  32.632  -45.504  65.448 0.0000000000
159177  31.580  -44.791  63.326 0.0000000000
52996  33.055  -44.062  62.732 0.0000000000
52997  32.375  -44.137  62.489 0.0000000000
53009  32.048  -43.967  61.846 0.0000000000
54096  31.412  -43.418  60.374 0.0000000000
53019  30.617  -43.590  60.122 0.0000000000
48815  28.063  -48.836  62.912 0.0000000000
48827  27.596  -48.807  62.235 0.0000000000
49776  27.297  -48.043  61.188 0.0000000000
142423  28.040  -47.271  61.811 0.0000000000
50809  28.306  -46.535  61.473 0.0000000000
168791  26.064  -47.391  58.912 0.0000000000
49805  26.254  -47.723  59.568 0.0000000000
50830  26.557  -46.922  59.173 0.0000000000
51931  27.484  -45.626  59.050 0.0000000000
50828  27.735  -45.882  59.894 0.0000000000
51916  28.348  -45.390  60.307 0.0000000000
51907  28.656  -45.746  61.090 0.0000000000
51915  29.049  -45.030  60.678 0.0000000000
53020  28.773  -44.664  59.851 0.0000000000
143012  28.264  -44.224  58.006 0.0000000000
143811  29.703  -43.343  58.506 0.0000000000
76902  54.839  -22.045  49.170 0.0000000000
76901  55.862  -21.891  49.105 0.0000000000
145295  55.248  -22.123  48.511 0.0000000000
75894  55.305  -23.188  46.187 0.0000000000
75893  56.243  -23.037  45.918 0.0000000000
47678  27.263  -48.762  79.112 0.0000000000
47690  26.677  -49.235  78.690 0.0000000000
47679  26.250  -48.840  79.292 0.0000000000
48670  25.779  -48.606  79.660 0.0000000000
51790  39.621  -44.714  70.454 0.0000000000
51803  38.718  -44.883  69.348 0.0000000000
52910  39.128  -44.198  68.943 0.0000000000
52929  38.667  -43.696  67.349 0.0000000000
52939  37.699  -43.732  66.261 0.0000000000
75823  48.492  -24.969  51.101 0.0000000000
46746  22.843  -49.650  68.520 0.0000000000
45638  18.553  -50.358  73.330 0.0000000000
165124  17.836  -50.601  73.065 0.0000000000
48711  35.047  -48.678  72.896 0.0000000000
155341  34.861  -49.453  72.926 0.0000000000
47710  34.972  -49.953  72.932 0.0000000000
46695  35.201  -49.995  72.387 0.0000000000
45642  34.645  -50.539  71.623 0.0000000000
45627  34.838  -50.638  71.900 0.0000000000
45643  34.102  -50.954  71.862 0.0000000000
44659  33.398  -51.281  71.646 0.0000000000
46716  25.309  -49.924  70.133 0.0000000000
46745  23.850  -49.724  68.606 0.0000000000
68075  52.199  -30.177  55.014 0.0000000000
45558  13.690  -51.942  78.589 0.0000000000
73584  50.071  -25.313  61.318 0.0000000000
74618  52.518  -25.323  62.079 0.0000000000
65885  50.171  -31.733  62.927 0.0000000000
155604  41.680  -39.312  62.596 0.0000000000
59367  42.744  -38.261  60.533 0.0000000000
59384  41.588  -38.256  59.289 0.0000000000
140901  39.857  -38.525  59.084 0.0000000000
59387  39.190  -38.757  59.269 0.0000000000
48788  30.127  -48.162  65.569 0.0000000000
49752  29.530  -47.831  64.391 0.0000000000
49764  29.078  -47.737  63.701 0.0000000000
78024  59.335  -21.336  49.916 0.0000000000
76899  57.523  -21.714  49.263 0.0000000000
76917  56.865  -21.943  48.582 0.0000000000
46696  24.584  -49.739  72.871 0.0000000000
45592  23.412  -50.338  76.035 0.0000000000
45593  22.633  -50.731  75.796 0.0000000000
44630  21.398  -50.723  75.177 0.0000000000
44618  20.473  -51.561  75.836 0.0000000000
165297  31.192  -50.671  74.987 0.0000000000
46645  30.979  -50.821  75.269 0.0000000000
45571  30.558  -51.019  75.682 0.0000000000
45588  29.840  -51.399  75.286 0.0000000000
45590  28.090  -50.736  75.302 0.0000000000
160089  26.698  -50.104  72.476 0.0000000000
53941  41.990  -42.884  71.241 0.0000000000
53929  42.708  -42.827  71.335 0.0000000000
55033  43.232  -42.431  71.355 0.0000000000
56135  44.339  -40.943  70.169 0.0000000000
56160  44.385  -40.812  69.668 0.0000000000
55103  43.798  -41.155  69.661 0.0000000000
56180  43.622  -41.035  68.804 0.0000000000
56213  40.675  -41.431  66.449 0.0000000000
57217  40.426  -41.207  65.681 0.0000000000
164298  40.992  -40.284  64.457 0.0000000000
57230  40.487  -40.552  64.536 0.0000000000
57243  38.955  -40.743  63.087 0.0000000000
56245  37.706  -41.646  63.147 0.0000000000
54037  36.419  -42.974  63.727 0.0000000000
55199  34.663  -42.549  61.438 0.0000000000
55183  34.886  -42.858  62.146 0.0000000000
163470  34.177  -43.139  61.782 0.0000000000
46837  25.151  -49.652  61.457 0.0000000000
161849  53.348  -21.598  51.358 0.0000000000
76870  52.907  -22.079  50.839 0.0000000000
74754  48.569  -26.525  49.987 0.0000000000
74766  48.296  -25.827  49.570 0.0000000000
47824  19.183  -49.275  66.713 0.0000000000
46724  17.657  -50.308  70.892 0.0000000000
48708  36.897  -48.095  72.378 0.0000000000
49646  37.292  -46.899  73.002 0.0000000000
48707  37.363  -47.759  72.139 0.0000000000
49676  37.942  -47.417  72.133 0.0000000000
49686  37.812  -47.151  71.663 0.0000000000
49696  38.201  -46.700  71.373 0.0000000000
49697  37.793  -46.904  70.977 0.0000000000
48733  37.083  -46.967  70.356 0.0000000000
49710  36.814  -46.582  69.689 0.0000000000
49711  36.284  -46.752  69.478 0.0000000000
49712  35.551  -46.986  69.358 0.0000000000
49713  34.769  -47.522  69.052 0.0000000000
47782  33.292  -49.571  69.475 0.0000000000
48745  33.537  -48.661  68.940 0.0000000000
142860  32.133  -48.897  68.017 0.0000000000
48758  31.509  -49.012  67.519 0.0000000000
46771  29.811  -50.395  66.602 0.0000000000
43647  30.780  -51.771  72.204 0.0000000000
161752  31.091  -51.797  71.725 0.0000000000
43655  30.750  -51.718  71.233 0.0000000000
43672  29.850  -51.569  69.373 0.0000000000
158267  26.687  -50.615  67.768 0.0000000000
44697  27.351  -51.100  67.258 0.0000000000
44712  27.572  -51.356  66.629 0.0000000000
44711  27.927  -51.567  66.510 0.0000000000
44725  27.575  -51.292  65.967 0.0000000000
45722  26.961  -51.104  64.740 0.0000000000
45723  26.897  -50.914  64.907 0.0000000000
47838  22.708  -48.821  64.841 0.0000000000
48803  21.915  -48.597  63.425 0.0000000000
73649  52.353  -25.865  55.044 0.0000000000
73648  52.943  -26.023  54.853 0.0000000000
165567  53.562  -29.000  52.240 0.0000000000
159657  53.889  -28.672  52.531 0.0000000000
70363  53.986  -29.009  51.854 0.0000000000
44563  20.919  -51.934  80.463 0.0000000000
43602  20.992  -52.359  79.526 0.0000000000
43610  20.815  -52.624  78.483 0.0000000000
156479  20.609  -52.665  79.088 0.0000000000
44598  19.981  -52.208  78.102 0.0000000000
45538  15.754  -50.940  80.253 0.0000000000
45544  16.583  -51.118  79.183 0.0000000000
147130  17.239  -51.043  77.936 0.0000000000
152852  16.938  -50.926  76.973 0.0000000000
45597  16.557  -51.174  75.824 0.0000000000
140278  55.262  -21.425  54.075 0.0000000000
161572  54.836  -21.440  54.478 0.0000000000
75803  49.364  -23.627  55.126 0.0000000000
74686  48.239  -25.027  56.799 0.0000000000
71488  48.392  -27.160  56.103 0.0000000000
144465  48.601  -27.325  55.636 0.0000000000
162505  48.881  -27.275  56.679 0.0000000000
71477  49.407  -27.251  57.158 0.0000000000
148595  53.238  -26.667  59.131 0.0000000000
73624  52.817  -26.603  58.715 0.0000000000
72565  53.811  -27.272  58.816 0.0000000000
157507  54.380  -27.927  57.953 0.0000000000
70288  54.108  -28.202  57.536 0.0000000000
69139  53.747  -28.623  56.992 0.0000000000
69130  52.832  -29.473  56.987 0.0000000000
68055  52.326  -30.024  57.378 0.0000000000
71411  53.811  -27.504  63.892 0.0000000000
72500  54.011  -26.885  63.271 0.0000000000
69062  53.816  -28.658  63.013 0.0000000000
164624  54.015  -29.474  62.734 0.0000000000
68006  53.913  -29.742  61.709 0.0000000000
144251  50.871  -31.182  59.971 0.0000000000
67015  51.087  -31.064  59.121 0.0000000000
67032  51.189  -30.926  58.135 0.0000000000
65960  45.685  -32.293  56.167 0.0000000000
64915  45.253  -32.785  56.741 0.0000000000
62686  48.673  -34.787  66.001 0.0000000000
140771  44.896  -39.661  67.382 0.0000000000
163564  45.396  -38.879  67.709 0.0000000000
58191  45.245  -38.906  66.530 0.0000000000
58224  45.210  -38.264  65.345 0.0000000000
59329  44.586  -37.783  63.029 0.0000000000
144916  44.749  -37.916  63.569 0.0000000000
167953  44.681  -37.407  62.809 0.0000000000
60449  45.615  -36.441  63.410 0.0000000000
61589  46.280  -35.803  63.698 0.0000000000
61590  45.779  -35.753  62.965 0.0000000000
62731  45.965  -35.181  62.472 0.0000000000
62745  45.767  -34.970  61.765 0.0000000000
168207  45.439  -35.086  61.314 0.0000000000
61656  42.848  -36.458  59.014 0.0000000000
62825  43.139  -35.117  57.865 0.0000000000
141427  42.899  -34.709  57.162 0.0000000000
163275  42.336  -35.019  56.869 0.0000000000
63897  41.617  -34.667  55.187 0.0000000000
61690  40.548  -35.746  55.029 0.0000000000
60539  39.420  -37.680  55.983 0.0000000000
60549  39.343  -37.194  55.385 0.0000000000
60561  38.087  -37.239  54.495 0.0000000000
58299  37.692  -39.761  60.034 0.0000000000
58312  37.028  -39.867  59.449 0.0000000000
58322  36.253  -39.805  58.248 0.0000000000
57328  34.436  -40.295  56.750 0.0000000000
57344  34.120  -40.063  55.962 0.0000000000
50749  35.151  -45.875  67.247 0.0000000000
51832  34.727  -45.448  66.572 0.0000000000
51849  33.470  -45.311  65.626 0.0000000000
50787  30.787  -45.828  64.186 0.0000000000
51887  31.185  -45.248  63.748 0.0000000000
52998  31.568  -44.400  62.587 0.0000000000
163729  26.702  -49.185  61.551 0.0000000000
48840  27.182  -48.716  61.606 0.0000000000
48857  26.753  -48.559  60.994 0.0000000000
49787  27.099  -47.646  60.611 0.0000000000
50867  25.909  -46.622  57.546 0.0000000000
50848  26.240  -46.722  58.424 0.0000000000
76936  53.766  -22.867  47.804 0.0000000000
76935  54.498  -22.638  47.597 0.0000000000
73677  53.569  -25.341  53.527 0.0000000000
165162  54.135  -25.099  53.127 0.0000000000
165184  25.888  -49.645  75.668 0.0000000000
46633  25.322  -49.546  76.149 0.0000000000
46615  25.091  -49.490  77.218 0.0000000000
46634  24.287  -49.836  76.522 0.0000000000
46611  29.116  -50.281  77.816 0.0000000000
46612  28.395  -50.299  77.571 0.0000000000
45563  28.259  -50.585  76.813 0.0000000000
46631  27.464  -50.197  76.523 0.0000000000
52837  40.282  -44.537  72.680 0.0000000000
52836  40.604  -44.522  72.112 0.0000000000
52851  41.187  -44.107  71.973 0.0000000000
51789  40.284  -44.307  70.782 0.0000000000
52881  40.856  -43.906  70.984 0.0000000000
52880  41.432  -43.407  71.130 0.0000000000
52894  41.348  -43.259  70.642 0.0000000000
53957  41.939  -42.662  70.329 0.0000000000
53965  41.719  -42.467  69.568 0.0000000000
55105  42.290  -41.981  68.990 0.0000000000
55106  41.464  -42.224  68.720 0.0000000000
55119  40.470  -42.297  67.623 0.0000000000
53991  39.775  -42.658  67.288 0.0000000000
55144  39.261  -42.147  65.758 0.0000000000
54015  37.174  -43.137  64.787 0.0000000000
54002  37.421  -43.414  65.521 0.0000000000
52980  34.925  -43.995  63.868 0.0000000000
47907  23.420  -49.307  61.346 0.0000000000
44785  21.224  -52.437  60.959 0.0000000000
45776  21.553  -51.674  60.321 0.0000000000
76872  51.036  -22.955  51.294 0.0000000000
47822  21.399  -49.047  66.411 0.0000000000
47806  19.495  -49.156  67.780 0.0000000000
153091  18.797  -49.279  68.390 0.0000000000
45636  20.631  -49.842  73.293 0.0000000000
154466  35.880  -48.118  73.063 0.0000000000
48710  36.217  -48.663  72.773 0.0000000000
48709  36.647  -48.311  72.629 0.0000000000
47722  36.460  -48.624  72.300 0.0000000000
47739  36.688  -48.358  71.943 0.0000000000
47765  35.666  -48.108  70.265 0.0000000000
140641  35.651  -48.747  70.954 0.0000000000
47766  34.919  -49.020  70.422 0.0000000000
47767  34.056  -49.714  70.247 0.0000000000
45658  34.534  -50.474  71.193 0.0000000000
46741  32.595  -50.351  69.633 0.0000000000
46742  31.896  -50.450  69.052 0.0000000000
159992  31.058  -51.139  68.872 0.0000000000
144021  27.799  -50.831  70.876 0.0000000000
46753  26.085  -50.459  67.046 0.0000000000
46763  25.841  -50.325  66.269 0.0000000000
46764  24.706  -49.725  66.734 0.0000000000
162200  23.094  -49.335  66.487 0.0000000000
152004  22.313  -49.148  66.422 0.0000000000
70332  53.975  -28.177  54.875 0.0000000000
46570  15.308  -50.501  80.625 0.0000000000
44600  15.401  -51.917  77.126 0.0000000000
43612  14.784  -52.994  77.848 0.0000000000
72554  49.042  -26.516  59.322 0.0000000000
72568  49.259  -27.038  58.689 0.0000000000
72551  51.390  -26.684  59.545 0.0000000000
73613  51.995  -26.457  60.030 0.0000000000
73612  53.428  -26.562  59.760 0.0000000000
72548  53.948  -27.574  59.740 0.0000000000
70247  54.291  -28.415  59.522 0.0000000000
66951  53.302  -31.195  63.834 0.0000000000
148353  53.115  -31.075  62.934 0.0000000000
66963  52.188  -31.320  62.779 0.0000000000
66973  51.257  -31.271  61.397 0.0000000000
162536  50.518  -31.507  61.467 0.0000000000
66984  50.639  -31.352  60.770 0.0000000000
65930  49.010  -31.696  58.989 0.0000000000
167721  47.030  -32.646  59.005 0.0000000000
60396  48.080  -36.318  66.969 0.0000000000
166915  43.837  -39.372  64.575 0.0000000000
58226  44.265  -39.054  64.588 0.0000000000
58227  43.935  -39.169  63.840 0.0000000000
58240  44.254  -38.600  63.204 0.0000000000
58259  43.155  -38.990  62.536 0.0000000000
58258  43.936  -38.449  62.356 0.0000000000
58257  44.370  -38.090  62.699 0.0000000000
60466  44.166  -37.421  61.735 0.0000000000
139854  44.297  -36.865  61.573 0.0000000000
60498  43.464  -37.054  60.608 0.0000000000
59382  42.757  -37.802  59.838 0.0000000000
60500  42.497  -37.485  59.414 0.0000000000
142142  42.707  -37.075  59.535 0.0000000000
60516  42.329  -37.039  58.976 0.0000000000
60529  41.825  -36.896  57.891 0.0000000000
59410  40.672  -38.085  57.757 0.0000000000
59411  40.098  -38.098  57.169 0.0000000000
59426  38.742  -38.106  56.205 0.0000000000
57294  35.721  -40.786  59.565 0.0000000000
57295  35.144  -41.004  59.194 0.0000000000
57304  34.943  -40.749  58.397 0.0000000000
57317  34.029  -40.698  57.240 0.0000000000
50771  31.123  -46.128  64.921 0.0000000000
50772  30.394  -46.532  64.604 0.0000000000
47943  24.546  -49.351  58.793 0.0000000000
48877  24.979  -48.818  59.076 0.0000000000
47942  24.744  -48.910  58.255 0.0000000000
48891  25.159  -48.259  58.141 0.0000000000
48910  24.922  -48.117  57.120 0.0000000000
49836  25.414  -47.463  57.440 0.0000000000
151201  59.718  -22.183  47.533 0.0000000000
140212  58.006  -22.494  46.205 0.0000000000
76957  57.774  -22.644  45.518 0.0000000000
73744  51.880  -25.214  45.418 0.0000000000
46708  22.683  -49.714  71.586 0.0000000000
144532  21.571  -49.740  72.922 0.0000000000
164864  22.944  -50.081  74.186 0.0000000000
44646  18.654  -50.824  74.633 0.0000000000
45613  33.118  -51.213  72.726 0.0000000000
46680  32.631  -51.253  73.101 0.0000000000
45614  32.166  -51.491  73.096 0.0000000000
44640  31.215  -51.826  73.183 0.0000000000
45601  31.100  -51.518  74.117 0.0000000000
44625  31.161  -51.623  73.958 0.0000000000
43638  30.797  -51.704  73.067 0.0000000000
43648  30.328  -51.677  72.785 0.0000000000
166430  29.278  -51.455  71.782 0.0000000000
46630  29.768  -50.983  76.673 0.0000000000
45573  29.762  -51.291  75.890 0.0000000000
44613  29.676  -51.426  74.888 0.0000000000
168330  28.638  -51.002  75.073 0.0000000000
44629  28.891  -51.098  74.581 0.0000000000
43633  29.323  -51.315  74.024 0.0000000000
44641  29.098  -51.220  73.418 0.0000000000
44654  28.412  -51.081  71.679 0.0000000000
45644  27.378  -50.543  71.445 0.0000000000
45645  26.443  -50.227  71.156 0.0000000000
68089  50.281  -30.498  54.104 0.0000000000
68120  49.507  -30.632  52.508 0.0000000000
73527  52.480  -26.379  64.225 0.0000000000
71412  53.278  -27.927  64.585 0.0000000000
70195  53.468  -28.890  64.327 0.0000000000
67981  53.576  -30.371  64.212 0.0000000000
145795  53.399  -30.889  64.462 0.0000000000
65883  51.737  -31.496  63.697 0.0000000000
65872  51.059  -31.619  64.257 0.0000000000
65861  51.749  -31.596  65.075 0.0000000000
65873  50.301  -31.796  63.973 0.0000000000
64839  49.093  -32.795  64.105 0.0000000000
57171  44.839  -39.937  68.066 0.0000000000
57193  44.438  -39.759  66.827 0.0000000000
57214  43.452  -39.953  65.610 0.0000000000
56196  42.468  -41.130  67.685 0.0000000000
56212  41.384  -41.157  66.724 0.0000000000
56211  42.136  -40.866  66.923 0.0000000000
57227  43.444  -39.673  64.945 0.0000000000
57239  42.261  -39.676  64.203 0.0000000000
58241  41.918  -39.477  63.388 0.0000000000
162513  40.986  -39.436  62.382 0.0000000000
58280  40.593  -39.373  61.782 0.0000000000
139564  40.004  -39.306  61.056 0.0000000000
58281  39.211  -39.697  61.385 0.0000000000
58282  38.691  -39.721  60.992 0.0000000000
57266  38.514  -40.177  61.555 0.0000000000
57281  37.364  -40.329  60.628 0.0000000000
56257  36.930  -41.513  62.147 0.0000000000
56275  36.607  -41.369  61.578 0.0000000000
56285  36.300  -41.173  60.872 0.0000000000
55231  34.118  -42.091  60.015 0.0000000000
55215  34.389  -42.327  60.739 0.0000000000
55232  33.338  -42.364  59.667 0.0000000000
46820  27.609  -50.348  63.592 0.0000000000
47872  28.070  -49.618  63.454 0.0000000000
46835  26.383  -50.088  62.407 0.0000000000
47905  26.380  -49.705  61.877 0.0000000000
159820  25.303  -49.300  60.316 0.0000000000
151166  24.137  -49.614  60.199 0.0000000000
45790  22.762  -50.685  59.269 0.0000000000
47933  24.443  -49.636  59.421 0.0000000000
145121  24.949  -49.357  59.861 0.0000000000
78015  55.576  -21.423  50.751 0.0000000000
76903  53.892  -22.265  49.172 0.0000000000
162990  50.408  -23.998  49.084 0.0000000000
46733  21.459  -49.433  69.671 0.0000000000
140126  19.188  -49.488  70.267 0.0000000000
47787  18.059  -49.610  68.841 0.0000000000
144797  18.109  -49.537  68.012 0.0000000000
50633  37.108  -46.363  73.236 0.0000000000
52826  38.443  -44.591  74.106 0.0000000000
52825  39.303  -44.194  73.806 0.0000000000
51720  39.896  -45.063  72.292 0.0000000000
51736  39.666  -45.372  71.991 0.0000000000
50706  39.310  -45.616  71.285 0.0000000000
49703  38.139  -46.554  70.804 0.0000000000
50716  38.575  -45.920  70.415 0.0000000000
50725  38.318  -45.574  69.752 0.0000000000
51816  36.971  -45.047  68.157 0.0000000000
50739  35.479  -46.018  68.121 0.0000000000
48755  33.850  -47.860  68.567 0.0000000000
49728  32.995  -46.893  67.224 0.0000000000
48787  30.783  -47.955  66.200 0.0000000000
47852  29.127  -49.331  64.758 0.0000000000
46803  28.560  -50.260  64.654 0.0000000000
44652  32.915  -51.566  72.196 0.0000000000
159344  32.546  -51.661  71.654 0.0000000000
44666  32.182  -51.605  71.160 0.0000000000
43661  31.454  -51.647  70.723 0.0000000000
44667  31.613  -51.579  70.645 0.0000000000
44674  32.053  -51.399  70.220 0.0000000000
44683  31.581  -51.165  69.439 0.0000000000
44684  31.058  -51.241  68.976 0.0000000000
167426  30.346  -51.321  68.356 0.0000000000
44677  28.817  -51.503  68.856 0.0000000000
154455  28.313  -51.644  67.521 0.0000000000
44686  28.774  -51.639  67.859 0.0000000000
44694  29.940  -51.514  68.024 0.0000000000
45682  29.960  -51.436  67.951 0.0000000000
46752  30.302  -51.063  67.953 0.0000000000
45692  29.573  -51.351  67.347 0.0000000000
45705  29.381  -51.057  66.591 0.0000000000
45706  28.973  -51.235  65.929 0.0000000000
44723  28.190  -51.395  65.712 0.0000000000
46787  28.766  -50.781  65.375 0.0000000000
143995  28.181  -50.169  63.946 0.0000000000
46805  27.249  -50.777  63.980 0.0000000000
45749  27.002  -50.779  63.709 0.0000000000
45750  26.907  -50.721  63.531 0.0000000000
45751  26.560  -50.590  63.419 0.0000000000
47873  24.476  -49.421  63.498 0.0000000000
47891  23.537  -49.111  62.184 0.0000000000
47892  22.480  -49.002  61.845 0.0000000000
47893  21.429  -49.259  62.100 0.0000000000
156571  52.852  -25.536  53.700 0.0000000000
71538  54.504  -26.825  53.859 0.0000000000
72635  54.746  -25.557  53.823 0.0000000000
47661  25.180  -48.728  79.708 0.0000000000
48655  24.827  -48.379  79.661 0.0000000000
46580  24.646  -49.220  79.565 0.0000000000
46581  24.001  -49.791  79.300 0.0000000000
45552  23.382  -50.450  78.760 0.0000000000
45553  22.685  -51.031  78.280 0.0000000000
46568  23.017  -50.297  80.004 0.0000000000
44586  22.147  -51.506  78.696 0.0000000000
44604  22.015  -51.492  77.138 0.0000000000
44605  21.582  -51.696  76.998 0.0000000000
44617  21.066  -51.732  76.570 0.0000000000
160771  20.726  -52.174  77.267 0.0000000000
43627  20.556  -51.771  76.511 0.0000000000
147579  19.869  -51.459  75.568 0.0000000000
146126  18.122  -50.881  74.535 0.0000000000
44566  18.908  -52.163  81.660 0.0000000000
44581  19.323  -52.076  79.633 0.0000000000
44589  19.347  -51.859  78.510 0.0000000000
44599  19.345  -51.675  77.376 0.0000000000
45579  18.470  -51.158  76.901 0.0000000000
44609  15.337  -52.195  76.314 0.0000000000
159661  57.185  -21.365  51.377 0.0000000000
77992  57.327  -21.347  52.130 0.0000000000
77993  56.453  -21.383  51.704 0.0000000000
77994  55.579  -21.337  51.676 0.0000000000
140274  54.969  -21.341  53.196 0.0000000000
141535  53.858  -21.280  52.320 0.0000000000
77996  53.296  -21.471  52.008 0.0000000000
77974  52.652  -21.704  52.388 0.0000000000
76843  51.990  -22.077  52.767 0.0000000000
77924  54.536  -21.507  55.852 0.0000000000
77926  52.835  -21.557  55.049 0.0000000000
77938  52.739  -21.531  54.102 0.0000000000
76858  50.496  -23.051  52.330 0.0000000000
75822  49.598  -23.696  52.118 0.0000000000
155820  49.149  -23.983  52.637 0.0000000000
73682  47.452  -26.586  51.570 0.0000000000
75776  49.954  -23.326  57.149 0.0000000000
75804  48.762  -24.206  55.471 0.0000000000
74695  48.210  -24.799  55.817 0.0000000000
74702  48.049  -24.725  54.692 0.0000000000
74703  47.472  -25.463  53.735 0.0000000000
73683  47.157  -26.268  52.913 0.0000000000
72639  47.787  -27.141  51.650 0.0000000000
72638  48.257  -27.334  51.695 0.0000000000
72602  49.043  -27.261  55.002 0.0000000000
73650  51.578  -25.883  55.338 0.0000000000
144546  52.798  -26.237  55.690 0.0000000000
72598  53.474  -27.190  56.094 0.0000000000
72579  50.270  -27.011  57.678 0.0000000000
72577  52.060  -26.618  58.239 0.0000000000
73634  51.948  -26.401  57.308 0.0000000000
150424  52.449  -26.376  56.805 0.0000000000
165323  52.719  -26.427  56.414 0.0000000000
72589  53.089  -26.677  56.472 0.0000000000
70316  53.998  -28.379  55.794 0.0000000000
166624  51.788  -30.412  55.350 0.0000000000
156267  52.733  -25.388  62.589 0.0000000000
73569  53.661  -25.851  62.168 0.0000000000
72499  54.324  -26.625  62.496 0.0000000000
72510  54.361  -26.561  61.893 0.0000000000
72522  54.194  -26.733  61.259 0.0000000000
70246  54.110  -28.339  60.374 0.0000000000
159814  54.235  -28.426  60.118 0.0000000000
69117  54.012  -28.994  59.281 0.0000000000
66962  52.891  -30.756  62.082 0.0000000000
68007  53.327  -30.215  61.559 0.0000000000
160415  53.073  -30.190  60.887 0.0000000000
66998  52.480  -30.302  60.311 0.0000000000
68017  53.242  -29.850  60.361 0.0000000000
68045  52.891  -29.585  58.592 0.0000000000
166044  52.438  -29.867  58.111 0.0000000000
156923  50.678  -30.594  54.911 0.0000000000
68078  49.919  -30.793  54.852 0.0000000000
165547  48.857  -31.163  55.350 0.0000000000
67036  47.829  -31.667  57.117 0.0000000000
63788  49.397  -33.105  64.895 0.0000000000
63801  48.468  -33.326  63.594 0.0000000000
60397  47.554  -36.641  66.974 0.0000000000
60410  47.374  -36.487  66.376 0.0000000000
58225  44.679  -38.612  64.773 0.0000000000
59309  45.496  -37.746  65.090 0.0000000000
59316  45.136  -37.731  64.047 0.0000000000
150527  45.331  -37.715  64.588 0.0000000000
59308  46.102  -37.338  65.480 0.0000000000
60411  46.706  -36.881  65.953 0.0000000000
61540  47.749  -35.860  66.125 0.0000000000
61560  47.517  -35.659  65.410 0.0000000000
62704  47.867  -34.950  65.161 0.0000000000
62716  47.605  -34.724  64.393 0.0000000000
62717  46.934  -35.209  63.996 0.0000000000
63790  48.007  -34.004  64.013 0.0000000000
64854  47.413  -33.416  61.464 0.0000000000
63815  46.363  -34.264  61.487 0.0000000000
64877  46.405  -33.414  60.025 0.0000000000
61634  44.428  -35.859  60.567 0.0000000000
62783  44.765  -34.995  60.208 0.0000000000
63853  45.099  -33.902  59.057 0.0000000000
63884  43.371  -34.125  56.673 0.0000000000
61691  40.227  -36.363  55.436 0.0000000000
61699  39.970  -36.049  54.519 0.0000000000
58297  39.701  -39.066  60.378 0.0000000000
59401  38.626  -38.802  58.703 0.0000000000
59427  37.439  -38.465  56.143 0.0000000000
52942  35.595  -44.470  65.448 0.0000000000
51868  33.120  -45.072  64.844 0.0000000000
52959  33.569  -44.472  64.350 0.0000000000
52981  34.110  -44.123  63.723 0.0000000000
54040  33.822  -43.874  62.987 0.0000000000
54059  33.591  -43.541  62.226 0.0000000000
54078  32.508  -43.472  61.284 0.0000000000
144175  32.227  -43.277  60.585 0.0000000000
49771  28.212  -47.897  62.388 0.0000000000
50799  29.199  -46.399  62.621 0.0000000000
51897  29.546  -45.604  62.291 0.0000000000
50818  27.406  -46.737  60.294 0.0000000000
50829  27.144  -46.407  59.504 0.0000000000
53012  29.698  -44.650  61.092 0.0000000000
143390  30.166  -44.102  60.643 0.0000000000
53027  29.968  -43.889  59.923 0.0000000000
54109  30.269  -43.376  59.273 0.0000000000
54118  30.964  -42.853  58.838 0.0000000000
141433  55.173  -22.341  47.791 0.0000000000
76934  55.910  -22.413  47.272 0.0000000000
76948  56.578  -22.550  46.681 0.0000000000
76958  56.997  -22.980  45.287 0.0000000000
74780  53.033  -24.556  45.252 0.0000000000
153475  50.354  -26.643  51.358 0.0000000000
43590  19.895  -52.475  80.831 0.0000000000
43595  20.789  -52.536  80.260 0.0000000000
43596  20.272  -52.534  80.443 0.0000000000
43597  20.132  -52.585  80.479 0.0000000000
43603  20.693  -52.569  79.466 0.0000000000
43609  21.047  -52.415  78.824 0.0000000000
43611  20.566  -52.592  78.352 0.0000000000
43619  20.841  -52.531  77.628 0.0000000000
43630  30.941  -51.666  73.534 0.0000000000
43637  31.271  -51.709  72.975 0.0000000000
43639  30.252  -51.686  73.169 0.0000000000
43644  32.108  -51.732  72.157 0.0000000000
43645  31.509  -51.763  72.323 0.0000000000
43654  31.416  -51.764  71.613 0.0000000000
43660  31.806  -51.687  71.283 0.0000000000
43669  31.133  -51.608  70.131 0.0000000000
44556  19.139  -52.100  81.989 0.0000000000
44567  18.195  -51.851  81.688 0.0000000000
44573  20.783  -52.328  80.103 0.0000000000
44574  19.557  -52.409  81.029 0.0000000000
44579  21.594  -51.797  79.153 0.0000000000
44587  21.681  -51.830  78.458 0.0000000000
44596  22.096  -51.580  77.942 0.0000000000
44606  21.045  -52.091  77.339 0.0000000000
44611  30.687  -51.469  74.428 0.0000000000
44614  29.089  -51.260  75.052 0.0000000000
44624  31.446  -51.585  73.451 0.0000000000
44627  29.902  -51.599  74.085 0.0000000000
44639  32.272  -51.615  72.983 0.0000000000
44653  32.379  -51.656  72.409 0.0000000000
44660  32.957  -51.591  71.848 0.0000000000
44673  32.404  -51.400  70.844 0.0000000000
44685  30.440  -51.380  68.708 0.0000000000
44735  27.776  -51.164  65.179 0.0000000000
45530  20.430  -52.285  80.663 0.0000000000
45568  16.569  -51.160  77.436 0.0000000000
45587  30.270  -51.330  75.260 0.0000000000
45589  28.700  -51.016  75.532 0.0000000000
45665  33.319  -50.788  70.737 0.0000000000
46595  28.512  -49.833  78.244 0.0000000000
46598  24.935  -49.385  79.066 0.0000000000
46629  30.371  -50.718  76.475 0.0000000000
46677  35.135  -49.965  72.649 0.0000000000
46703  35.752  -49.407  71.841 0.0000000000
47723  35.982  -49.064  72.572 0.0000000000
48703  36.785  -47.666  72.854 0.0000000000
48704  36.523  -47.853  72.921 0.0000000000
48714  37.979  -47.138  72.161 0.0000000000
48715  37.637  -47.788  72.007 0.0000000000
48716  36.899  -48.059  72.343 0.0000000000
48721  37.501  -47.615  71.939 0.0000000000
48734  36.887  -47.543  70.626 0.0000000000
49663  37.051  -47.850  72.458 0.0000000000
49685  38.225  -46.760  71.794 0.0000000000
50631  38.590  -46.087  72.771 0.0000000000
50632  37.962  -46.576  72.630 0.0000000000
50674  39.035  -46.030  71.984 0.0000000000
50692  39.365  -45.667  71.715 0.0000000000
50693  38.775  -46.275  71.534 0.0000000000
50715  39.196  -45.451  70.738 0.0000000000
51756  40.035  -44.892  71.706 0.0000000000
51774  40.400  -44.526  71.340 0.0000000000
52824  40.128  -44.042  73.258 0.0000000000
52838  39.707  -44.866  73.096 0.0000000000
55032  43.752  -42.035  71.092 0.0000000000
57191  45.209  -39.178  67.228 0.0000000000
58207  45.469  -38.418  66.100 0.0000000000
59328  44.909  -37.506  63.350 0.0000000000
60518  41.753  -37.492  58.281 0.0000000000
66943  53.875  -30.752  63.958 0.0000000000
67988  54.324  -29.988  63.223 0.0000000000
69063  53.924  -29.516  63.306 0.0000000000
69064  53.714  -29.683  63.977 0.0000000000
69070  53.902  -29.328  62.712 0.0000000000
69075  53.871  -29.032  62.310 0.0000000000
69083  54.113  -28.875  61.639 0.0000000000
69102  54.164  -29.050  60.109 0.0000000000
69118  53.358  -29.322  59.125 0.0000000000
70194  53.846  -28.246  63.860 0.0000000000
70223  53.949  -28.099  61.419 0.0000000000
70234  53.882  -27.922  60.883 0.0000000000
70276  54.373  -28.079  58.280 0.0000000000
71421  54.397  -27.320  62.661 0.0000000000
71422  54.137  -27.749  63.273 0.0000000000
71431  54.278  -27.134  61.480 0.0000000000
71432  54.228  -27.939  62.086 0.0000000000
71442  53.985  -27.672  61.206 0.0000000000
71449  53.994  -27.446  60.874 0.0000000000
71456  54.314  -27.930  59.332 0.0000000000
71476  54.298  -27.740  57.910 0.0000000000
71478  49.037  -27.287  57.428 0.0000000000
71501  48.003  -27.408  54.991 0.0000000000
71502  47.720  -27.187  54.910 0.0000000000
71519  48.118  -27.397  52.715 0.0000000000
71520  47.939  -27.443  53.749 0.0000000000
71540  47.631  -27.190  53.364 0.0000000000
72489  53.138  -26.855  64.123 0.0000000000
72534  53.975  -27.156  60.511 0.0000000000
72549  53.621  -26.830  59.598 0.0000000000
72567  50.101  -27.055  58.661 0.0000000000
72575  54.251  -27.635  58.460 0.0000000000
72619  48.727  -27.278  53.470 0.0000000000
72620  47.469  -26.741  54.391 0.0000000000
72640  47.329  -26.800  53.440 0.0000000000
73558  53.095  -25.692  63.143 0.0000000000
73568  54.090  -26.212  61.677 0.0000000000
73595  53.820  -26.919  60.111 0.0000000000
73597  53.393  -26.153  60.553 0.0000000000
73623  53.145  -26.722  58.362 0.0000000000
73632  53.355  -26.969  57.372 0.0000000000
73681  47.771  -26.882  50.835 0.0000000000
73698  47.308  -26.468  52.352 0.0000000000
73713  47.414  -26.584  51.924 0.0000000000
74587  53.217  -25.625  62.681 0.0000000000
74589  51.996  -25.247  63.465 0.0000000000
74617  53.262  -25.607  62.022 0.0000000000
74633  53.073  -25.744  61.397 0.0000000000
74687  47.970  -25.333  56.006 0.0000000000
74696  47.739  -25.291  55.155 0.0000000000
74716  47.170  -25.924  52.795 0.0000000000
74727  47.248  -26.095  52.177 0.0000000000
74742  47.350  -26.379  51.970 0.0000000000
75712  51.978  -25.095  63.059 0.0000000000
76947  58.701  -22.403  46.362 0.0000000000
139074  47.465  -27.036  52.821 0.0000000000
139075  47.531  -26.874  51.768 0.0000000000
139076  47.392  -26.783  52.439 0.0000000000
140056  52.944  -26.388  59.697 0.0000000000
140906  53.505  -26.315  63.396 0.0000000000
142393  54.047  -26.178  62.293 0.0000000000
142759  53.422  -26.827  59.016 0.0000000000
142781  54.273  -28.147  59.710 0.0000000000
143187  30.956  -51.760  71.155 0.0000000000
146543  47.281  -26.663  52.803 0.0000000000
146652  32.761  -51.520  71.412 0.0000000000
149909  41.964  -43.117  71.536 0.0000000000
152868  18.927  -52.037  80.525 0.0000000000
153561  30.804  -51.795  72.604 0.0000000000
154572  27.369  -49.413  78.523 0.0000000000
156851  53.867  -26.247  62.861 0.0000000000
157916  54.462  -27.108  62.048 0.0000000000
159624  41.112  -44.058  71.723 0.0000000000
159906  47.604  -27.072  52.131 0.0000000000
161714  54.203  -27.589  61.609 0.0000000000
162144  28.228  -51.778  66.907 0.0000000000
163159  53.841  -27.301  59.460 0.0000000000
163778  54.186  -28.070  62.671 0.0000000000
164686  29.812  -50.851  67.162 0.0000000000
164872  30.724  -51.727  72.808 0.0000000000
164881  53.277  -25.623  62.382 0.0000000000
165031  31.769  -50.969  69.344 0.0000000000
166255  56.041  -21.395  51.229 0.0000000000
166782  40.799  -44.400  71.820 0.0000000000
166822  47.439  -26.751  52.100 0.0000000000
166860  57.368  -22.003  48.049 0.0000000000
167083  21.232  -52.105  79.331 0.0000000000
167086  45.599  -38.521  66.579 0.0000000000
167728  20.735  -52.614  77.991 0.0000000000
