#!ascii label  , from subject sub-v1s0x0050654_ses-1 vox2ras=TkReg
1052
64507  -23.600  -17.982  -5.676 0.4285714328
65449  -23.626  -16.985  -6.941 0.2857142985
64519  -23.949  -17.270  -6.132 0.4285714328
65434  -24.663  -16.839  -5.650 0.4285714328
65435  -25.437  -16.492  -5.239 0.4285714328
65461  -24.021  -16.374  -7.273 0.2857142985
65451  -25.056  -16.182  -6.067 0.4285714328
66337  -25.452  -15.530  -6.517 0.4285714328
67197  -24.702  -14.948  -8.030 0.4285714328
67183  -25.825  -14.886  -6.989 0.4285714328
67208  -25.143  -14.372  -8.318 0.4285714328
67209  -25.841  -14.049  -8.238 0.4285714328
68994  -25.013  -12.903  -9.041 0.5714285970
125681  -25.241  -13.664  -8.745 0.5714285970
68083  -26.243  -13.304  -8.768 0.4285714328
68084  -27.022  -13.040  -8.350 0.2857142985
69006  -26.290  -12.646  -9.390 0.7142857313
69007  -26.907  -12.627  -9.096 0.7142857313
69889  -27.574  -11.927  -9.239 0.7142857313
69890  -28.288  -11.387  -8.690 0.4285714328
69902  -26.941  -12.151  -9.794 0.7142857313
70741  -28.479  -10.421  -9.944 0.5714285970
141662  -27.508  -11.515  -10.092 0.5714285970
70753  -28.250  -9.976  -10.575 0.5714285970
70742  -28.970  -9.926  -9.442 0.5714285970
70740  -27.945  -10.833  -10.373 0.5714285970
71602  -29.443  -9.463  -8.853 0.4285714328
71624  -29.062  -8.541  -10.758 0.5714285970
73273  -29.879  -7.960  -9.071 0.5714285970
129075  -28.274  -9.256  -10.795 0.7142857313
72467  -29.486  -8.273  -9.991 0.7142857313
140602  -29.849  -7.327  -9.873 0.7142857313
71623  -28.694  -9.224  -10.577 0.5714285970
71621  -26.303  -9.548  -10.425 0.5714285970
73295  -28.930  -7.947  -11.364 0.8571428657
74087  -30.228  -6.482  -10.373 0.7142857313
74074  -30.866  -6.731  -9.116 0.5714285970
73294  -28.411  -8.081  -11.197 0.7142857313
126174  -27.525  -8.307  -10.801 0.5714285970
74900  -30.537  -5.752  -10.732 0.7142857313
74088  -31.158  -5.973  -9.600 0.5714285970
130811  -29.127  -7.388  -11.654 0.7142857313
74901  -31.363  -5.275  -10.042 0.5714285970
74101  -29.157  -6.756  -11.886 0.7142857313
75692  -32.265  -4.789  -9.657 0.5714285970
74916  -30.081  -5.539  -11.619 0.7142857313
75706  -31.258  -4.360  -11.134 0.7142857313
75691  -31.506  -4.716  -10.365 0.7142857313
124653  -29.791  -5.307  -11.790 0.7142857313
143716  -30.763  -4.644  -11.586 0.7142857313
135877  -31.029  -3.402  -12.280 0.7142857313
76497  -31.827  -3.684  -10.812 0.5714285970
75705  -30.283  -4.817  -11.870 0.7142857313
143286  -28.432  -6.105  -11.342 0.5714285970
77309  -31.134  -2.813  -12.582 0.5714285970
77310  -32.033  -2.236  -11.894 0.5714285970
128264  -29.762  -4.595  -11.820 0.8571428657
75704  -29.328  -5.432  -11.672 0.8571428657
77308  -30.725  -3.179  -12.347 0.7142857313
76513  -29.929  -3.835  -11.979 0.8571428657
77307  -30.239  -3.290  -12.082 0.7142857313
79020  -30.627  -1.104  -12.575 0.8571428657
78145  -31.022  -1.510  -13.582 0.5714285970
133497  -30.488  -2.677  -12.288 0.8571428657
78131  -30.098  -1.994  -11.492 0.8571428657
77293  -29.679  -3.182  -11.506 0.8571428657
134950  -30.014  -2.758  -11.715 0.8571428657
79869  -30.704  0.639  -11.270 0.8571428657
81696  -30.995  2.056  -10.938 0.8571428657
78132  -30.559  -1.921  -12.598 0.8571428657
80785  -30.149  1.258  -10.632 0.8571428657
80784  -29.233  1.457  -10.500 1.0000000000
79868  -30.391  -0.369  -11.248 0.8571428657
81684  -30.084  2.047  -10.477 1.0000000000
130518  -29.017  0.718  -10.528 1.0000000000
82535  -29.237  3.628  -10.653 1.0000000000
83413  -27.600  4.275  -11.400 0.7142857313
82526  -29.673  2.910  -10.542 1.0000000000
129788  -28.788  3.011  -10.680 1.0000000000
83414  -28.637  4.362  -10.903 1.0000000000
85970  -27.947  7.746  -10.591 1.0000000000
85969  -27.180  7.419  -11.052 0.8571428657
127143  -27.128  9.238  -10.549 0.8571428657
86952  -27.147  8.247  -10.778 1.0000000000
89456  -27.355  11.684  -10.158 0.8571428657
89471  -26.960  10.936  -10.466 0.8571428657
87871  -27.566  10.206  -10.301 1.0000000000
90973  -26.619  13.750  -9.870 0.8571428657
90974  -27.558  13.579  -9.715 0.8571428657
90299  -24.571  12.671  -11.214 0.5714285970
91784  -25.616  14.656  -10.299 0.7142857313
92590  -26.252  15.293  -9.958 0.5714285970
90985  -22.592  14.014  -11.849 0.5714285970
127488  -23.935  13.259  -11.374 0.5714285970
91806  -21.848  13.983  -12.016 0.4285714328
138732  -23.942  16.157  -10.804 0.4285714328
128175  -24.676  16.758  -10.651 0.4285714328
141506  -20.335  14.095  -10.953 0.2857142985
119610  -20.111  14.095  -10.297 0.2857142985
120098  -20.436  13.740  -11.642 0.2857142985
90970  -19.533  13.636  -10.026 0.2857142985
65450  -24.339  -16.630  -6.557 0.2857142985
78134  -31.338  -1.995  -12.976 0.5714285970
76515  -30.656  -3.776  -12.168 0.7142857313
79030  -30.719  -0.813  -13.429 0.8571428657
79883  -30.771  -0.258  -12.353 0.8571428657
80786  -30.654  1.486  -10.920 0.8571428657
132123  -27.998  5.069  -11.183 0.8571428657
92585  -16.851  14.265  -9.828 0.1428571492
65460  -23.365  -16.484  -7.408 0.2857142985
144665  -23.730  -16.096  -7.549 0.2857142985
66336  -24.709  -15.978  -6.939 0.2857142985
66347  -25.106  -15.356  -7.403 0.4285714328
67199  -26.206  -14.275  -7.467 0.4285714328
67196  -23.817  -15.007  -8.056 0.2857142985
68995  -25.686  -13.042  -9.130 0.5714285970
68996  -27.407  -12.472  -8.594 0.4285714328
69005  -25.587  -12.451  -9.398 0.2857142985
69901  -26.219  -11.979  -9.762 0.7142857313
69903  -28.119  -11.174  -9.665 0.4285714328
145961  -27.368  -11.033  -10.460 0.5714285970
72453  -30.313  -8.307  -8.258 0.4285714328
70752  -27.576  -10.379  -10.628 0.7142857313
71622  -27.775  -9.625  -10.801 0.7142857313
71614  -29.181  -9.159  -9.897 0.7142857313
73296  -29.281  -7.777  -10.972 0.7142857313
74086  -29.508  -7.018  -11.213 0.7142857313
125463  -26.493  -8.557  -10.507 0.5714285970
72477  -28.007  -8.859  -10.937 0.5714285970
143700  -32.618  -4.320  -9.852 0.5714285970
128827  -27.984  -7.483  -11.078 0.5714285970
74902  -32.166  -5.555  -9.195 0.5714285970
74915  -29.473  -5.967  -11.767 0.7142857313
74102  -29.772  -6.262  -11.430 0.7142857313
75707  -31.988  -4.220  -10.219 0.5714285970
138556  -28.907  -6.802  -11.955 0.8571428657
75718  -30.263  -4.163  -12.061 0.7142857313
78144  -30.821  -1.482  -13.393 0.5714285970
78122  -29.367  -1.591  -10.804 1.0000000000
82527  -30.670  2.765  -10.611 1.0000000000
80783  -28.298  1.172  -10.609 1.0000000000
84234  -27.352  5.624  -11.497 0.7142857313
84235  -28.208  5.887  -11.068 1.0000000000
123138  -28.976  6.147  -10.646 1.0000000000
120936  -27.859  7.083  -10.780 0.7142857313
85041  -28.353  6.595  -10.773 1.0000000000
85039  -26.601  6.077  -11.795 0.7142857313
89470  -26.030  10.942  -10.847 0.8571428657
87872  -28.459  9.454  -10.077 1.0000000000
90972  -25.965  13.256  -10.258 0.7142857313
91799  -23.076  14.769  -11.688 0.7142857313
90298  -23.725  12.446  -11.510 0.5714285970
91783  -24.714  14.405  -10.782 0.7142857313
92588  -25.038  15.148  -10.533 0.7142857313
91004  -20.917  13.331  -12.599 0.4285714328
92598  -21.884  15.579  -11.379 0.2857142985
92587  -23.031  16.159  -11.170 0.4285714328
93326  -26.136  16.129  -10.019 0.4285714328
92586  -21.194  15.732  -10.507 0.2857142985
93337  -22.335  16.074  -11.184 0.4285714328
70739  -26.028  -11.173  -9.981 0.4285714328
70750  -25.731  -10.292  -10.064 0.4285714328
92599  -22.655  15.532  -11.539 0.4285714328
91800  -23.910  14.646  -11.292 0.7142857313
120008  -21.347  14.962  -11.461 0.2857142985
119871  -21.004  15.396  -11.071 0.2857142985
64508  -24.371  -17.549  -5.325 0.4285714328
64518  -23.210  -17.648  -6.529 0.2857142985
67198  -25.473  -14.677  -7.789 0.4285714328
67207  -24.332  -14.206  -8.377 0.4285714328
69908  -26.845  -11.486  -10.203 0.5714285970
72452  -29.680  -8.692  -8.996 0.4285714328
73274  -30.580  -7.531  -8.626 0.5714285970
72476  -27.228  -9.156  -10.715 0.7142857313
72478  -28.587  -8.602  -10.937 0.7142857313
136582  -27.146  -9.894  -10.667 0.7142857313
131995  -28.822  -7.321  -11.721 0.5714285970
74917  -30.815  -5.022  -11.100 0.7142857313
74914  -28.939  -6.249  -11.876 0.8571428657
75719  -30.696  -4.289  -11.885 0.7142857313
78133  -30.920  -2.252  -12.941 0.8571428657
79019  -30.402  -1.311  -11.645 0.8571428657
134802  -29.478  -2.390  -11.042 0.8571428657
132275  -29.873  0.615  -10.652 1.0000000000
128034  -28.095  3.454  -11.083 1.0000000000
139480  -27.240  4.911  -11.579 0.8571428657
90284  -26.845  12.204  -10.190 0.8571428657
130947  -26.749  12.914  -10.003 0.8571428657
90971  -25.355  13.768  -10.525 0.7142857313
91785  -26.431  14.525  -9.869 0.7142857313
90987  -24.682  13.486  -11.014 0.5714285970
90297  -22.983  13.129  -11.722 0.5714285970
91003  -20.618  13.374  -12.555 0.4285714328
91805  -21.424  14.134  -11.982 0.4285714328
131259  -24.926  15.907  -10.476 0.4285714328
90969  -18.634  13.204  -9.584 0.2857142985
92613  -20.946  14.251  -11.739 0.2857142985
91769  -18.802  13.816  -9.501 0.2857142985
136319  -17.724  14.332  -9.315 0.1428571492
66346  -24.211  -15.688  -7.651 0.2857142985
69900  -25.392  -11.695  -9.581 0.2857142985
85040  -27.416  6.528  -11.257 1.0000000000
92601  -24.338  15.285  -10.807 0.5714285970
144632  -26.329  20.882  -10.502 0.2857142985
96158  -24.546  20.685  -11.121 0.1428571492
95450  -25.826  19.167  -10.511 0.2857142985
96160  -26.964  20.508  -10.259 0.2857142985
120843  -25.162  19.966  -10.854 0.1428571492
96928  -24.843  21.500  -10.898 0.1428571492
94062  -23.365  17.452  -11.091 0.1428571492
94063  -24.333  17.668  -11.057 0.2857142985
94765  -23.425  18.356  -11.531 0.1428571492
95452  -27.704  19.855  -10.251 0.2857142985
95451  -26.806  19.590  -9.996 0.2857142985
144668  -28.243  17.626  -13.294 0.2857142985
123627  -28.521  19.167  -11.714 0.2857142985
96174  -23.661  20.592  -11.573 0.1428571492
94064  -25.478  17.502  -10.392 0.2857142985
94067  -28.972  17.162  -10.802 0.2857142985
94769  -27.419  18.952  -9.770 0.2857142985
94767  -25.936  18.313  -10.278 0.2857142985
92608  -30.367  15.312  -12.166 0.1428571492
94079  -28.745  17.976  -11.251 0.2857142985
94786  -28.598  18.928  -10.924 0.2857142985
94785  -23.828  19.156  -11.599 0.1428571492
94046  -27.815  18.224  -9.858 0.2857142985
94768  -26.646  18.695  -9.836 0.2857142985
91018  -29.512  13.707  -14.684 0.1428571492
91814  -30.034  14.552  -13.441 0.1428571492
93338  -29.701  16.587  -11.336 0.4285714328
93306  -27.758  16.766  -9.745 0.2857142985
90289  -31.264  12.339  -10.754 0.2857142985
91788  -29.620  14.727  -10.145 0.4285714328
92571  -28.308  15.481  -9.796 0.2857142985
93325  -25.503  16.553  -10.299 0.2857142985
88713  -31.517  10.767  -12.401 0.1428571492
90989  -31.060  13.818  -11.531 0.2857142985
92591  -29.125  15.491  -10.157 0.4285714328
90279  -29.603  13.352  -9.723 0.5714285970
91787  -28.480  14.558  -9.695 0.7142857313
127830  -31.517  9.973  -12.674 0.1428571492
88706  -31.437  10.823  -11.337 0.1428571492
125187  -29.375  14.066  -9.747 0.7142857313
91770  -26.987  15.154  -9.618 0.4285714328
90288  -30.497  12.275  -10.035 0.4285714328
86973  -31.618  8.457  -12.960 0.2857142985
86954  -31.408  8.679  -11.298 0.7142857313
90286  -28.944  12.610  -9.712 0.7142857313
86953  -28.102  8.553  -10.384 0.8571428657
138880  -30.335  9.572  -10.221 0.8571428657
89458  -29.487  11.808  -9.795 0.5714285970
128881  -31.636  7.066  -13.715 0.2857142985
85990  -31.787  7.478  -12.794 0.2857142985
136532  -29.559  10.838  -9.800 0.7142857313
88704  -28.593  10.426  -9.900 0.8571428657
84279  -31.588  5.506  -13.904 0.1428571492
86945  -30.832  8.339  -10.680 0.7142857313
131442  -26.188  -0.461  -11.718 0.5714285970
80800  -27.524  1.787  -10.958 0.8571428657
81694  -27.353  2.705  -11.316 0.8571428657
127874  -26.780  2.089  -11.462 0.4285714328
82534  -27.066  3.501  -11.596 0.5714285970
85962  -28.643  7.258  -10.535 0.8571428657
84237  -30.619  5.177  -10.480 0.8571428657
86943  -28.983  7.991  -10.303 0.8571428657
127381  -31.589  4.594  -13.731 0.2857142985
85043  -31.031  6.675  -10.648 0.8571428657
86944  -30.004  8.066  -10.386 0.8571428657
83440  -31.320  3.771  -14.122 0.4285714328
126338  -31.565  6.163  -11.254 0.7142857313
85971  -31.396  7.900  -11.211 0.7142857313
79017  -25.731  -1.110  -12.099 0.2857142985
79882  -27.481  0.759  -10.920 0.5714285970
79880  -26.012  0.323  -11.918 0.5714285970
81683  -29.013  2.340  -10.536 0.8571428657
83415  -29.946  4.374  -10.533 0.8571428657
84236  -29.185  5.312  -10.657 0.8571428657
85042  -30.067  6.149  -10.510 0.8571428657
85033  -30.146  6.943  -10.529 0.8571428657
132015  -31.646  3.848  -12.368 0.4285714328
84238  -31.420  5.208  -10.912 0.8571428657
82563  -31.324  3.096  -14.003 0.4285714328
141415  -26.686  -5.120  -10.445 0.7142857313
144231  -25.511  -3.952  -11.312 0.4285714328
142683  -27.596  -5.026  -10.432 0.7142857313
76494  -28.453  -3.625  -10.608 0.8571428657
77290  -26.749  -2.496  -10.695 0.5714285970
78130  -25.794  -1.746  -11.662 0.5714285970
78121  -28.447  -1.862  -10.594 0.8571428657
79004  -26.785  -1.237  -10.831 0.5714285970
79007  -29.836  -1.007  -10.910 0.8571428657
133340  -27.572  -0.156  -10.791 0.7142857313
80802  -31.165  1.326  -11.589 0.7142857313
81697  -31.381  2.121  -11.808 0.7142857313
82537  -31.209  3.331  -10.861 0.7142857313
83416  -31.168  4.250  -10.627 0.8571428657
79913  -31.520  1.056  -14.666 0.2857142985
133356  -31.245  1.673  -13.623 0.4285714328
82549  -31.654  3.080  -13.039 0.5714285970
128668  -27.291  -6.712  -10.620 0.4285714328
135705  -26.479  -5.922  -10.475 0.4285714328
133130  -25.690  -5.209  -10.781 0.4285714328
76495  -29.356  -3.797  -11.277 0.7142857313
77292  -28.952  -2.917  -10.765 0.7142857313
138130  -30.769  -0.185  -13.268 0.7142857313
79903  -31.199  0.188  -14.123 0.2857142985
79884  -30.906  0.321  -13.580 0.5714285970
130966  -30.973  0.497  -12.463 0.5714285970
73293  -26.705  -7.567  -10.503 0.4285714328
137287  -25.682  -7.270  -10.485 0.5714285970
129004  -27.688  -5.872  -10.672 0.5714285970
131867  -28.992  -4.574  -11.106 0.7142857313
78146  -31.751  -1.107  -13.242 0.4285714328
79039  -31.076  -0.520  -13.952 0.4285714328
79040  -31.524  -0.052  -14.109 0.4285714328
77311  -33.432  -1.968  -11.519 0.4285714328
77294  -31.699  -3.088  -11.558 0.4285714328
78136  -34.126  -1.255  -12.040 0.4285714328
78135  -32.573  -1.464  -12.325 0.4285714328
68076  -27.276  -13.245  -7.518 0.1428571492
76480  -32.833  -3.834  -10.180 0.4285714328
76498  -33.518  -3.220  -10.491 0.4285714328
77296  -34.166  -2.546  -10.875 0.4285714328
68984  -27.631  -12.644  -7.871 0.1428571492
68985  -28.337  -12.301  -7.463 0.1428571492
70730  -29.670  -9.839  -8.016 0.2857142985
73277  -33.934  -7.351  -8.359 0.2857142985
136910  -35.379  -5.782  -10.621 0.2857142985
74891  -33.891  -5.856  -8.859 0.2857142985
73275  -31.698  -7.256  -8.214 0.4285714328
75694  -35.033  -5.051  -9.897 0.2857142985
127469  -34.218  -5.113  -9.273 0.2857142985
74075  -32.169  -6.366  -8.595 0.2857142985
76482  -35.111  -4.347  -10.335 0.2857142985
136575  -34.460  -4.398  -9.756 0.4285714328
68969  -27.963  -12.909  -7.131 0.1428571492
69877  -29.470  -11.205  -7.514 0.2857142985
72442  -31.941  -8.754  -7.497 0.2857142985
73267  -33.412  -8.012  -7.845 0.2857142985
72455  -32.389  -7.967  -7.715 0.2857142985
71604  -30.892  -8.887  -7.631 0.2857142985
73276  -32.903  -7.198  -8.051 0.2857142985
69879  -31.225  -11.146  -6.982 0.2857142985
68986  -29.151  -11.995  -7.135 0.2857142985
70717  -30.913  -10.452  -7.278 0.2857142985
70716  -30.003  -10.447  -7.533 0.2857142985
69876  -28.641  -11.622  -7.827 0.2857142985
71589  -30.478  -9.706  -7.568 0.2857142985
67184  -26.568  -14.431  -6.606 0.1428571492
68062  -27.614  -13.451  -6.769 0.1428571492
63515  -24.201  -18.262  -4.940 0.2857142985
62591  -23.461  -18.941  -5.229 0.2857142985
66320  -26.240  -15.089  -6.114 0.2857142985
62590  -22.589  -19.428  -5.672 0.2857142985
61668  -23.120  -19.945  -5.044 0.1428571492
69878  -30.373  -11.088  -7.141 0.2857142985
71590  -31.612  -9.698  -7.369 0.2857142985
74077  -34.236  -6.613  -8.879 0.2857142985
74903  -33.177  -5.269  -9.155 0.4285714328
120765  -35.461  -4.317  -11.130 0.2857142985
76492  -26.153  -3.702  -10.852 0.7142857313
76499  -34.524  -3.298  -10.513 0.4285714328
79005  -27.546  -1.031  -10.647 0.5714285970
78156  -30.930  -1.006  -13.831 0.4285714328
79041  -32.506  -0.048  -13.626 0.2857142985
128576  -31.667  0.566  -14.512 0.2857142985
80823  -31.081  0.949  -14.036 0.5714285970
87870  -26.188  9.462  -11.103 0.7142857313
124395  -31.464  3.811  -11.392 0.7142857313
87866  -29.111  8.700  -10.127 0.8571428657
90300  -25.225  12.110  -11.037 0.4285714328
89469  -25.762  11.633  -10.799 0.5714285970
81720  -31.334  2.334  -13.810 0.2857142985
87867  -30.090  8.761  -10.277 0.8571428657
88692  -27.896  11.035  -10.064 0.8571428657
85982  -31.681  7.500  -11.839 0.5714285970
93305  -26.980  16.662  -9.588 0.2857142985
89472  -31.403  11.643  -10.982 0.4285714328
90977  -30.935  12.838  -10.451 0.4285714328
95465  -22.653  19.660  -11.558 0.1428571492
93344  -30.121  16.007  -11.710 0.2857142985
91807  -30.700  14.552  -11.863 0.1428571492
95453  -28.347  19.580  -10.683 0.2857142985
64491  -24.772  -17.804  -4.726 0.1428571492
128601  -22.573  -17.821  -6.601 0.2857142985
68970  -28.807  -12.743  -6.704 0.1428571492
68971  -29.704  -12.396  -6.509 0.1428571492
70728  -28.729  -10.638  -8.961 0.2857142985
73268  -34.123  -8.215  -8.203 0.2857142985
71603  -29.962  -9.076  -8.057 0.2857142985
133658  -34.449  -7.234  -8.964 0.2857142985
74100  -26.117  -6.675  -10.486 0.5714285970
72454  -31.271  -8.048  -7.834 0.2857142985
74913  -24.957  -5.375  -11.197 0.2857142985
119491  -35.428  -4.989  -10.895 0.2857142985
76516  -35.719  -3.862  -12.080 0.2857142985
75703  -26.897  -4.322  -10.467 0.7142857313
132421  -28.006  -4.399  -10.446 0.5714285970
76512  -25.522  -3.177  -11.457 0.4285714328
129403  -26.252  -3.028  -10.897 0.5714285970
135719  -25.586  -0.395  -12.355 0.2857142985
77297  -35.176  -2.907  -11.403 0.2857142985
135287  -32.531  -3.278  -10.763 0.4285714328
78120  -27.237  -1.814  -10.629 0.7142857313
141747  -35.021  -1.480  -12.405 0.1428571492
78147  -33.320  -0.605  -12.752 0.4285714328
79032  -34.525  -0.105  -13.733 0.1428571492
79905  -34.162  0.570  -14.499 0.1428571492
80803  -31.164  1.311  -12.835 0.5714285970
121614  -31.284  1.617  -14.469 0.2857142985
84249  -31.718  5.346  -11.989 0.7142857313
145077  -29.505  9.268  -10.050 0.8571428657
83456  -31.096  4.103  -14.807 0.2857142985
132696  -31.141  4.832  -14.575 0.1428571492
93322  -22.476  16.609  -10.809 0.2857142985
132050  -31.921  6.386  -13.159 0.4285714328
85080  -31.412  6.310  -14.251 0.1428571492
88705  -31.152  10.025  -10.749 0.5714285970
86007  -31.089  7.198  -14.627 0.1428571492
87884  -31.599  9.147  -12.172 0.1428571492
145111  -31.477  10.455  -12.983 0.1428571492
123895  -22.807  18.000  -11.104 0.1428571492
89459  -30.452  11.342  -9.986 0.5714285970
87895  -31.477  9.316  -13.192 0.1428571492
89488  -31.427  11.587  -12.814 0.1428571492
140140  -30.027  15.931  -11.095 0.2857142985
92593  -30.370  15.214  -11.273 0.2857142985
90998  -31.392  13.111  -12.023 0.2857142985
90310  -31.198  12.943  -12.915 0.1428571492
91007  -30.560  13.375  -13.395 0.1428571492
135807  -30.361  14.024  -13.169 0.1428571492
94087  -29.203  17.275  -12.423 0.2857142985
94093  -28.643  17.093  -13.293 0.2857142985
93350  -28.955  16.420  -13.607 0.1428571492
92615  -29.425  15.791  -13.455 0.1428571492
65418  -25.840  -16.981  -4.634 0.1428571492
67185  -28.088  -13.688  -6.158 0.1428571492
74089  -34.814  -6.884  -9.545 0.2857142985
145332  -31.841  1.341  -15.210 0.2857142985
91825  -29.032  14.467  -14.790 0.1428571492
94100  -27.938  17.490  -14.009 0.2857142985
63525  -22.776  -18.462  -6.102 0.2857142985
65417  -25.048  -17.173  -4.910 0.1428571492
66319  -25.840  -15.757  -5.605 0.1428571492
68075  -26.578  -13.634  -7.921 0.1428571492
68997  -27.948  -12.033  -8.267 0.2857142985
69891  -28.880  -11.063  -8.199 0.2857142985
145184  -29.218  -10.073  -8.668 0.2857142985
127147  -28.495  -5.413  -11.033 0.5714285970
127157  -28.421  -6.700  -11.446 0.4285714328
134594  -31.258  2.667  -11.126 0.7142857313
80801  -28.397  1.889  -10.613 0.8571428657
79867  -29.403  -0.065  -10.634 0.8571428657
79866  -28.381  0.300  -10.594 0.8571428657
82536  -30.372  3.541  -10.529 0.8571428657
89455  -26.469  11.605  -10.479 0.5714285970
90285  -27.753  12.583  -9.848 0.7142857313
91786  -27.277  14.415  -9.662 0.5714285970
92569  -26.776  15.817  -9.687 0.2857142985
92570  -27.587  15.894  -9.645 0.2857142985
94065  -26.439  17.871  -9.825 0.2857142985
68061  -26.881  -13.788  -7.057 0.1428571492
70751  -26.739  -10.599  -10.450 0.5714285970
75693  -33.374  -4.467  -9.585 0.4285714328
85963  -29.627  7.431  -10.442 0.8571428657
87873  -29.492  9.967  -9.906 0.8571428657
93324  -23.920  16.911  -10.975 0.2857142985
123130  -26.253  17.038  -9.905 0.2857142985
125795  -25.107  18.381  -10.794 0.2857142985
93323  -23.216  16.750  -10.889 0.2857142985
96159  -26.144  20.132  -10.497 0.2857142985
125462  -25.499  20.775  -10.697 0.1428571492
95449  -24.761  19.170  -11.178 0.2857142985
96161  -27.584  20.845  -10.597 0.2857142985
94766  -24.292  18.532  -11.327 0.1428571492
94086  -28.873  17.898  -11.997 0.2857142985
95468  -28.549  19.657  -11.112 0.2857142985
132424  -28.375  18.150  -10.520 0.2857142985
95466  -23.356  19.828  -11.744 0.1428571492
94066  -28.145  17.388  -10.103 0.2857142985
94080  -29.353  17.333  -11.634 0.2857142985
93328  -29.479  16.192  -10.709 0.2857142985
94748  -27.143  18.145  -9.555 0.2857142985
94770  -28.118  18.990  -10.259 0.2857142985
92592  -29.922  15.407  -10.653 0.2857142985
92607  -29.883  15.958  -12.532 0.1428571492
92616  -30.043  15.246  -13.012 0.1428571492
94045  -27.475  17.472  -9.613 0.2857142985
91826  -29.563  14.482  -14.137 0.1428571492
91815  -30.424  14.591  -12.688 0.1428571492
133856  -29.652  15.067  -13.685 0.1428571492
93351  -29.350  16.562  -12.890 0.1428571492
90311  -31.420  12.320  -12.412 0.1428571492
126841  -30.096  13.986  -10.064 0.4285714328
89487  -31.105  11.635  -13.595 0.1428571492
121222  -31.523  10.015  -11.752 0.1428571492
91801  -30.650  14.389  -11.164 0.2857142985
90997  -30.875  13.797  -12.514 0.2857142985
90976  -30.724  13.715  -10.681 0.4285714328
90287  -29.820  12.651  -9.764 0.5714285970
89457  -28.341  11.810  -9.844 0.7142857313
87875  -31.403  9.386  -11.300 0.4285714328
88695  -31.132  10.992  -10.478 0.5714285970
86964  -31.681  8.199  -12.034 0.5714285970
87874  -30.948  9.115  -10.691 0.7142857313
88694  -30.436  10.426  -10.084 0.7142857313
85054  -31.781  6.793  -12.063 0.5714285970
84262  -32.029  5.428  -13.002 0.4285714328
85964  -30.718  7.520  -10.637 0.8571428657
79881  -26.768  0.180  -11.343 0.5714285970
81693  -26.524  2.751  -11.775 0.4285714328
80799  -26.604  1.173  -11.518 0.4285714328
130805  -31.868  4.619  -12.729 0.4285714328
83428  -31.677  3.853  -13.318 0.5714285970
85044  -31.444  7.109  -11.202 0.8571428657
83417  -31.580  4.528  -11.652 0.7142857313
75702  -25.943  -4.453  -10.809 0.4285714328
76493  -27.154  -3.430  -10.488 0.7142857313
77291  -27.831  -2.667  -10.527 0.7142857313
77306  -25.945  -2.415  -11.217 0.5714285970
133548  -26.268  -1.143  -11.400 0.5714285970
77305  -25.295  -2.356  -11.857 0.4285714328
77304  -24.724  -2.916  -12.056 0.2857142985
79006  -28.680  -0.752  -10.583 0.8571428657
81709  -31.479  2.274  -12.812 0.5714285970
82538  -31.497  3.044  -11.892 0.7142857313
79031  -31.249  -0.802  -13.822 0.4285714328
79904  -32.499  0.692  -14.423 0.2857142985
74890  -33.024  -5.879  -8.724 0.2857142985
77295  -32.875  -2.689  -11.100 0.4285714328
77312  -34.796  -2.016  -11.662 0.4285714328
76481  -33.943  -3.780  -9.971 0.4285714328
70729  -29.296  -10.525  -8.098 0.2857142985
74076  -33.433  -6.528  -8.474 0.2857142985
74904  -34.767  -5.960  -9.529 0.2857142985
76500  -35.187  -3.713  -10.809 0.4285714328
138874  -28.251  -13.227  -6.575 0.1428571492
130427  -32.951  -8.716  -7.543 0.2857142985
70718  -31.902  -10.628  -7.148 0.2857142985
63497  -24.200  -18.912  -4.595 0.1428571492
62571  -23.860  -19.597  -4.515 0.1428571492
63498  -24.908  -18.483  -4.337 0.1428571492
94783  -22.547  18.769  -11.366 0.1428571492
64492  -25.440  -17.727  -4.484 0.1428571492
65436  -26.287  -16.241  -4.903 0.1428571492
144575  -24.820  9.394  -11.732 0.5714285970
86962  -25.352  8.299  -12.039 0.4285714328
86961  -24.598  8.079  -12.591 0.4285714328
86950  -25.530  9.008  -11.559 0.5714285970
86963  -25.834  7.762  -11.855 0.4285714328
86951  -26.383  8.706  -11.150 0.5714285970
88703  -26.520  10.154  -10.763 0.4285714328
84248  -25.865  5.587  -12.194 0.4285714328
85968  -26.414  7.045  -11.674 0.4285714328
85053  -25.785  6.412  -12.177 0.4285714328
85981  -25.587  7.177  -12.222 0.5714285970
120821  -26.474  7.925  -11.363 0.5714285970
144396  -25.913  8.344  -11.596 0.5714285970
119490  -35.833  -6.523  -11.676 0.1428571492
121408  -35.846  -5.728  -11.854 0.1428571492
120363  -36.553  -5.719  -13.207 0.1428571492
128941  -24.351  -12.591  -8.844 0.2857142985
136669  -37.218  -7.799  -12.765 0.1428571492
119489  -35.800  -7.323  -11.506 0.1428571492
138886  -37.445  -7.675  -12.574 0.1428571492
119484  -36.594  -7.183  -12.715 0.1428571492
120270  -37.594  -7.077  -12.129 0.1428571492
68082  -24.329  -13.283  -8.678 0.2857142985
72468  -34.837  -8.309  -9.551 0.1428571492
119477  -35.646  -8.053  -11.190 0.1428571492
73285  -34.814  -7.597  -9.520 0.1428571492
120451  -36.410  -8.034  -12.324 0.1428571492
120276  -37.463  -8.668  -11.823 0.1428571492
119478  -36.822  -8.601  -12.762 0.1428571492
140035  -36.542  -7.843  -8.196 0.1428571492
136711  -36.880  -8.413  -9.909 0.1428571492
73278  -36.676  -7.670  -9.034 0.1428571492
68081  -23.503  -13.579  -8.369 0.2857142985
71592  -33.460  -9.564  -7.485 0.1428571492
71593  -34.172  -9.492  -7.935 0.1428571492
72443  -33.779  -8.791  -7.798 0.1428571492
71591  -32.542  -9.359  -7.399 0.1428571492
72456  -34.505  -8.606  -8.797 0.1428571492
119476  -35.626  -9.553  -11.390 0.1428571492
124288  -34.867  -9.146  -9.652 0.1428571492
120455  -36.839  -9.268  -12.748 0.1428571492
120186  -35.356  -8.733  -10.608 0.1428571492
119474  -37.395  -9.389  -12.102 0.1428571492
136626  -36.681  -9.060  -9.369 0.1428571492
122701  -36.560  -9.302  -8.538 0.1428571492
67205  -22.716  -13.900  -8.052 0.2857142985
67195  -22.834  -14.838  -7.893 0.2857142985
70719  -33.511  -10.376  -7.296 0.1428571492
70720  -34.098  -10.256  -7.583 0.1428571492
71605  -34.487  -9.373  -8.687 0.1428571492
119475  -35.447  -10.211  -11.199 0.1428571492
119466  -37.319  -10.270  -12.285 0.1428571492
119976  -36.938  -9.252  -10.222 0.1428571492
72445  -36.545  -8.575  -7.661 0.1428571492
70708  -32.951  -10.954  -7.028 0.1428571492
141661  -32.799  -11.585  -6.674 0.1428571492
127254  -34.340  -10.972  -7.749 0.1428571492
70709  -33.973  -11.036  -7.168 0.1428571492
69909  -35.391  -11.376  -11.342 0.1428571492
69915  -36.281  -11.218  -12.245 0.1428571492
126649  -34.677  -10.702  -9.341 0.1428571492
136926  -36.778  -10.706  -12.581 0.1428571492
136731  -36.717  -9.922  -9.675 0.1428571492
120045  -37.147  -10.822  -10.697 0.1428571492
124869  -36.529  -9.617  -7.566 0.1428571492
71594  -36.548  -10.207  -8.439 0.1428571492
69867  -32.231  -11.930  -6.436 0.1428571492
69864  -29.983  -11.708  -6.853 0.1428571492
120851  -34.364  -12.422  -7.295 0.1428571492
69869  -34.179  -11.857  -6.983 0.1428571492
69868  -33.550  -11.617  -6.754 0.1428571492
69892  -34.526  -11.194  -8.625 0.1428571492
143027  -34.246  -11.411  -7.378 0.1428571492
120272  -36.564  -11.900  -12.269 0.1428571492
69014  -35.176  -12.228  -11.213 0.1428571492
119467  -37.093  -11.840  -12.331 0.1428571492
69910  -37.306  -11.595  -11.648 0.1428571492
119904  -36.928  -11.205  -12.505 0.1428571492
119468  -37.220  -11.064  -12.340 0.1428571492
68077  -34.431  -13.121  -7.277 0.1428571492
68976  -34.179  -12.752  -6.631 0.1428571492
140932  -33.775  -12.212  -6.501 0.1428571492
69008  -34.648  -12.413  -9.930 0.1428571492
68998  -34.531  -12.703  -9.035 0.1428571492
142462  -35.912  -11.896  -12.070 0.1428571492
122686  -37.143  -12.279  -11.883 0.1428571492
124315  -34.526  -12.034  -8.855 0.1428571492
69904  -34.751  -11.503  -9.969 0.1428571492
70744  -35.138  -9.801  -10.370 0.1428571492
72434  -36.804  -8.141  -6.610 0.1428571492
120381  -37.290  -8.876  -12.522 0.1428571492
119486  -35.346  -6.620  -10.445 0.1428571492
119483  -36.939  -6.508  -13.395 0.1428571492
70732  -36.668  -10.885  -9.360 0.1428571492
123134  -36.649  -9.132  -6.706 0.1428571492
144347  -37.107  -7.702  -6.282 0.1428571492
84233  -26.595  5.227  -11.826 0.4285714328
73269  -36.607  -7.558  -7.421 0.1428571492
72457  -36.602  -8.469  -8.744 0.1428571492
119811  -37.041  -7.523  -10.028 0.1428571492
134279  -36.576  -6.976  -8.258 0.1428571492
132444  -35.849  -4.901  -12.075 0.1428571492
88712  -24.287  9.880  -11.835 0.4285714328
142384  -25.185  11.244  -11.209 0.4285714328
94099  -27.684  16.889  -14.731 0.1428571492
142585  -25.343  10.113  -11.322 0.4285714328
67206  -23.448  -14.331  -8.179 0.2857142985
94807  -27.464  18.363  -14.219 0.1428571492
138062  -32.681  -10.098  -7.277 0.1428571492
69880  -32.077  -11.331  -6.825 0.1428571492
69865  -30.721  -11.572  -6.785 0.1428571492
125540  -34.468  -7.855  -8.819 0.1428571492
77313  -35.756  -2.941  -12.899 0.1428571492
142595  -35.320  -2.417  -12.005 0.1428571492
119480  -35.285  -7.397  -10.325 0.1428571492
133201  -36.392  -6.386  -12.671 0.1428571492
119481  -36.975  -7.852  -12.919 0.1428571492
121749  -37.220  -6.978  -13.073 0.1428571492
119482  -37.359  -8.269  -12.535 0.1428571492
120417  -37.121  -8.631  -12.775 0.1428571492
119487  -37.552  -7.874  -11.969 0.1428571492
136333  -37.582  -6.275  -11.873 0.1428571492
120299  -37.451  -7.323  -11.014 0.1428571492
139521  -35.200  -8.001  -10.169 0.1428571492
120377  -36.149  -8.872  -12.139 0.1428571492
119473  -37.401  -8.119  -10.986 0.1428571492
136832  -37.334  -8.963  -11.089 0.1428571492
143387  -35.230  -9.296  -10.447 0.1428571492
119470  -36.385  -9.648  -12.399 0.1428571492
119471  -37.092  -9.583  -12.597 0.1428571492
119472  -36.833  -10.052  -12.660 0.1428571492
119469  -37.289  -9.938  -11.213 0.1428571492
70743  -34.745  -9.974  -9.438 0.1428571492
70731  -34.464  -10.258  -8.404 0.1428571492
120247  -36.177  -10.345  -12.164 0.1428571492
120770  -35.605  -10.764  -11.551 0.1428571492
120469  -37.372  -10.786  -11.777 0.1428571492
69866  -31.409  -11.750  -6.599 0.1428571492
127504  -33.073  -12.110  -6.384 0.1428571492
69881  -34.419  -11.780  -7.787 0.1428571492
70754  -35.050  -10.622  -10.437 0.1428571492
121148  -34.496  -12.682  -8.094 0.1428571492
122029  -37.151  -12.319  -11.050 0.1428571492
62589  -21.781  -19.773  -5.817 0.1428571492
63514  -22.150  -19.002  -6.106 0.1428571492
126126  -20.646  -19.027  -5.789 0.1428571492
63524  -22.104  -18.348  -6.439 0.1428571492
64517  -22.062  -17.598  -6.747 0.1428571492
65448  -22.781  -17.160  -7.120 0.1428571492
65447  -21.852  -16.668  -6.979 0.1428571492
66343  -21.901  -15.746  -7.293 0.1428571492
65459  -22.647  -16.277  -7.442 0.1428571492
66345  -23.315  -15.745  -7.722 0.1428571492
66335  -21.191  -15.859  -6.811 0.1428571492
66344  -22.534  -15.534  -7.622 0.1428571492
67193  -21.214  -14.151  -7.340 0.1428571492
68074  -22.086  -14.238  -7.743 0.1428571492
68993  -22.689  -13.035  -8.238 0.1428571492
120671  -23.525  -12.649  -8.578 0.1428571492
69004  -24.822  -12.177  -9.187 0.1428571492
139693  -22.701  -12.319  -8.427 0.2857142985
72475  -24.784  -8.276  -10.387 0.4285714328
83427  -25.827  4.075  -12.238 0.2857142985
83412  -26.615  4.325  -11.805 0.2857142985
124897  -23.260  7.081  -14.410 0.2857142985
86972  -23.614  8.191  -13.177 0.2857142985
87883  -24.782  8.805  -12.103 0.2857142985
137522  -24.329  9.298  -12.179 0.4285714328
69888  -23.113  -11.797  -8.692 0.2857142985
64516  -21.353  -17.289  -6.544 0.1428571492
68073  -21.786  -13.323  -7.788 0.1428571492
68992  -21.999  -12.391  -8.096 0.1428571492
125456  -22.265  -11.691  -8.464 0.2857142985
69003  -24.012  -11.929  -8.840 0.2857142985
69898  -23.605  -11.133  -8.984 0.2857142985
69899  -24.524  -11.365  -9.275 0.2857142985
70738  -25.130  -10.834  -9.664 0.2857142985
71612  -25.264  -9.503  -10.054 0.4285714328
72466  -23.998  -8.676  -10.224 0.2857142985
80817  -26.050  1.957  -11.909 0.2857142985
81708  -25.734  2.713  -12.318 0.2857142985
82548  -26.186  3.473  -12.031 0.2857142985
82562  -24.795  3.589  -13.224 0.2857142985
83426  -25.157  4.332  -12.763 0.2857142985
85063  -24.117  6.499  -13.698 0.2857142985
85077  -23.666  6.310  -14.357 0.2857142985
85979  -23.972  7.239  -13.187 0.2857142985
70737  -24.138  -10.427  -9.482 0.2857142985
80816  -25.238  1.835  -12.597 0.2857142985
82547  -25.439  3.482  -12.597 0.2857142985
83439  -24.604  4.307  -13.436 0.2857142985
145230  -24.400  5.344  -13.921 0.2857142985
133706  -25.265  5.116  -12.583 0.2857142985
84261  -24.665  5.071  -13.275 0.2857142985
84277  -24.088  5.630  -14.242 0.2857142985
85052  -25.114  6.655  -12.515 0.2857142985
82560  -23.837  3.402  -13.810 0.2857142985
83438  -24.262  4.769  -13.976 0.2857142985
122645  -25.537  -8.789  -10.308 0.4285714328
85980  -24.819  7.251  -12.606 0.2857142985
84260  -24.395  5.868  -13.678 0.2857142985
63513  -21.478  -18.901  -6.144 0.1428571492
63523  -21.495  -18.041  -6.385 0.1428571492
139735  -21.940  -14.952  -7.561 0.1428571492
67194  -21.216  -15.101  -7.127 0.1428571492
71620  -24.764  -8.938  -10.171 0.4285714328
86006  -23.774  6.811  -14.073 0.2857142985
144930  -24.920  -10.086  -9.765 0.4285714328
83437  -23.616  4.141  -14.012 0.2857142985
74099  -25.152  -6.689  -10.647 0.2857142985
73292  -24.888  -7.469  -10.532 0.2857142985
123219  -25.466  -5.965  -10.743 0.2857142985
96973  -24.471  22.085  -14.998 0.1428571492
96202  -24.815  20.954  -15.122 0.1428571492
96192  -26.687  20.889  -13.894 0.1428571492
95488  -27.486  19.635  -13.438 0.1428571492
138583  -27.642  18.940  -13.568 0.1428571492
96972  -23.434  22.663  -15.606 0.1428571492
133094  -27.929  21.067  -11.153 0.1428571492
98542  -27.023  23.300  -11.889 0.1428571492
134539  -24.663  -6.038  -10.958 0.2857142985
94806  -26.654  18.551  -14.894 0.1428571492
95496  -25.211  20.125  -15.257 0.1428571492
94800  -28.008  18.247  -13.227 0.1428571492
121074  -26.778  19.992  -14.088 0.1428571492
95492  -27.046  19.172  -14.221 0.1428571492
94794  -28.449  18.467  -12.308 0.1428571492
142874  -28.146  20.599  -11.432 0.1428571492
96950  -26.694  21.967  -13.563 0.1428571492
97773  -27.365  22.405  -11.898 0.1428571492
96951  -27.408  21.812  -12.516 0.1428571492
96930  -26.897  21.494  -10.452 0.1428571492
95480  -28.137  19.253  -12.691 0.1428571492
95479  -28.287  20.026  -11.780 0.1428571492
125449  -25.660  -7.987  -10.461 0.2857142985
96974  -25.749  21.467  -14.434 0.1428571492
97797  -25.513  22.665  -14.317 0.1428571492
96203  -25.890  20.445  -14.580 0.1428571492
96193  -27.395  20.425  -13.299 0.1428571492
97796  -24.179  23.571  -15.180 0.1428571492
96183  -27.822  20.884  -12.192 0.1428571492
95491  -25.986  19.434  -14.825 0.1428571492
122742  -23.893  2.070  -13.490 0.1428571492
81706  -24.547  2.041  -13.200 0.1428571492
81719  -24.327  2.902  -13.559 0.1428571492
83436  -23.062  4.595  -14.164 0.1428571492
82544  -20.416  3.992  -12.405 0.1428571492
83434  -21.022  4.963  -13.292 0.1428571492
131527  -25.117  1.007  -12.648 0.1428571492
84275  -22.898  5.257  -14.284 0.1428571492
84246  -20.096  5.519  -12.569 0.1428571492
85060  -21.080  6.331  -13.597 0.1428571492
131793  -20.608  6.936  -13.303 0.2857142985
76491  -24.981  -3.813  -11.822 0.1428571492
126732  -24.489  -1.051  -13.162 0.1428571492
79894  -25.357  0.365  -12.516 0.1428571492
80815  -24.649  1.260  -13.042 0.1428571492
82575  -31.144  3.290  -14.915 0.1428571492
80821  -23.087  2.074  -13.463 0.1428571492
85062  -22.720  6.247  -14.372 0.1428571492
142072  -22.323  8.112  -14.452 0.1428571492
85989  -21.194  7.266  -13.708 0.1428571492
129503  -21.257  8.088  -13.894 0.2857142985
88736  -22.181  9.616  -13.857 0.2857142985
89482  -20.066  11.672  -12.743 0.2857142985
88709  -19.084  10.711  -11.873 0.2857142985
90314  -20.357  12.496  -12.652 0.2857142985
93336  -21.755  16.226  -10.820 0.1428571492
90982  -16.410  13.621  -10.536 0.1428571492
87881  -23.614  9.567  -12.482 0.2857142985
140328  -21.498  8.815  -14.055 0.2857142985
88721  -22.281  10.049  -13.297 0.2857142985
89468  -24.408  11.817  -11.385 0.2857142985
123700  -21.681  10.860  -13.308 0.2857142985
88710  -20.042  10.137  -13.041 0.2857142985
90309  -22.968  12.288  -11.828 0.2857142985
134340  -20.406  10.974  -13.254 0.2857142985
135925  -19.703  10.851  -12.625 0.2857142985
91005  -21.439  13.046  -12.393 0.2857142985
90994  -20.151  13.181  -11.622 0.1428571492
88701  -18.426  10.626  -11.105 0.2857142985
126886  -20.249  14.614  -9.974 0.1428571492
92568  -18.805  14.508  -9.366 0.1428571492
131471  -18.751  9.931  -11.684 0.1428571492
132092  -18.428  9.119  -11.417 0.1428571492
85978  -20.083  7.068  -12.808 0.2857142985
90296  -19.826  12.625  -11.517 0.1428571492
90306  -19.466  11.969  -11.342 0.2857142985
90294  -18.176  12.267  -9.706 0.1428571492
84245  -19.496  5.408  -11.925 0.2857142985
88699  -17.323  11.182  -10.096 0.1428571492
90993  -15.230  13.406  -11.285 0.1428571492
89464  -16.587  12.333  -10.035 0.1428571492
126865  -18.139  4.477  -10.379 0.1428571492
79914  -32.334  1.149  -15.098 0.1428571492
79029  -25.179  -1.102  -12.745 0.1428571492
79028  -24.126  -0.130  -13.305 0.1428571492
82585  -31.211  2.903  -15.706 0.1428571492
79892  -23.598  0.470  -13.258 0.1428571492
81705  -22.234  2.251  -13.190 0.1428571492
82559  -23.193  3.421  -13.777 0.1428571492
145447  -20.853  3.709  -12.747 0.1428571492
84259  -22.107  5.399  -14.044 0.1428571492
85061  -21.846  6.811  -14.098 0.1428571492
85049  -19.653  6.367  -12.293 0.2857142985
86970  -20.801  8.691  -13.587 0.1428571492
86969  -20.104  8.587  -13.014 0.1428571492
88719  -21.375  10.076  -13.757 0.2857142985
87880  -19.727  9.311  -12.731 0.1428571492
88718  -20.769  10.209  -13.577 0.1428571492
88700  -17.958  10.378  -10.476 0.2857142985
89465  -17.580  11.736  -9.875 0.1428571492
90293  -16.724  12.922  -10.274 0.1428571492
90984  -19.475  13.052  -10.548 0.1428571492
90292  -15.721  13.367  -10.577 0.1428571492
90983  -17.220  13.263  -10.156 0.1428571492
81732  -31.600  1.711  -15.269 0.1428571492
81731  -31.208  2.395  -14.896 0.1428571492
81738  -31.519  2.302  -15.684 0.1428571492
90308  -22.209  12.629  -12.120 0.2857142985
90968  -17.466  13.417  -9.866 0.1428571492
90315  -20.675  12.752  -12.689 0.2857142985
126392  -20.260  12.873  -12.355 0.2857142985
91002  -20.509  13.351  -12.412 0.2857142985
90282  -18.385  12.803  -9.683 0.1428571492
120050  -20.508  15.168  -9.833 0.1428571492
88711  -23.595  10.233  -12.072 0.2857142985
78129  -25.250  -1.728  -12.338 0.1428571492
77323  -24.847  -2.224  -12.414 0.1428571492
80798  -25.696  1.111  -12.145 0.1428571492
79915  -33.769  1.058  -15.286 0.1428571492
88702  -24.185  10.814  -11.606 0.2857142985
86004  -22.933  7.925  -14.422 0.1428571492
129237  -23.191  8.960  -13.079 0.1428571492
80822  -24.173  1.470  -13.334 0.1428571492
81717  -22.757  2.817  -13.544 0.1428571492
126471  -22.779  4.011  -13.892 0.1428571492
80813  -22.585  1.436  -13.079 0.1428571492
80814  -23.503  1.268  -13.307 0.1428571492
82558  -21.914  3.917  -13.560 0.1428571492
83435  -21.618  4.764  -13.626 0.1428571492
84257  -20.677  5.553  -13.208 0.1428571492
133310  -21.806  6.050  -13.986 0.1428571492
79893  -24.737  0.482  -13.023 0.1428571492
85050  -20.337  6.287  -12.987 0.1428571492
145617  -21.800  8.305  -14.302 0.2857142985
85988  -20.513  7.774  -13.311 0.2857142985
87891  -21.134  9.469  -13.770 0.2857142985
87894  -22.851  9.577  -12.973 0.2857142985
87907  -22.441  9.079  -14.170 0.2857142985
89477  -19.449  11.491  -12.086 0.2857142985
90316  -21.109  12.671  -12.635 0.2857142985
124828  -18.218  9.897  -11.157 0.1428571492
89476  -18.969  11.319  -11.203 0.2857142985
91796  -16.251  13.908  -10.739 0.1428571492
89486  -22.369  10.829  -12.718 0.2857142985
130584  -23.127  10.864  -12.085 0.2857142985
134049  -21.139  10.907  -13.590 0.2857142985
89478  -22.510  11.692  -12.248 0.2857142985
132709  -19.381  10.023  -12.360 0.1428571492
90317  -21.687  12.205  -12.525 0.2857142985
90295  -19.223  12.433  -10.479 0.1428571492
134304  -18.106  10.992  -10.543 0.2857142985
93320  -21.002  15.829  -9.718 0.1428571492
128885  -18.951  11.834  -10.507 0.2857142985
85987  -19.828  7.833  -12.666 0.1428571492
69885  -20.915  -10.789  -8.136 0.1428571492
69887  -22.660  -11.045  -8.831 0.1428571492
69897  -23.098  -10.397  -9.252 0.1428571492
70726  -20.769  -10.049  -8.368 0.1428571492
71600  -21.024  -9.592  -8.682 0.1428571492
72451  -20.969  -8.804  -8.874 0.1428571492
70736  -22.184  -10.307  -9.032 0.1428571492
72463  -21.765  -8.537  -9.403 0.1428571492
71609  -22.641  -9.704  -9.449 0.1428571492
72464  -22.462  -8.213  -9.873 0.1428571492
72465  -23.146  -8.673  -10.079 0.1428571492
71611  -24.295  -9.497  -9.884 0.1428571492
137450  -23.556  -8.278  -10.279 0.1428571492
141200  -21.204  -8.034  -9.243 0.1428571492
72474  -23.973  -7.807  -10.470 0.1428571492
73291  -24.200  -6.798  -10.714 0.1428571492
74912  -24.365  -5.515  -11.284 0.1428571492
144655  -19.566  7.223  -12.337 0.1428571492
69886  -21.438  -11.633  -8.107 0.1428571492
70727  -21.382  -10.194  -8.666 0.1428571492
75717  -25.147  -4.585  -11.421 0.1428571492
128739  -21.775  -10.953  -8.578 0.1428571492
71610  -23.448  -9.749  -9.658 0.1428571492
71599  -20.396  -9.433  -8.295 0.1428571492
71601  -21.747  -9.455  -9.134 0.1428571492
127344  -22.454  -8.980  -9.635 0.1428571492
139530  -23.027  -9.279  -9.820 0.1428571492
73283  -21.799  -7.716  -9.666 0.1428571492
128854  -23.570  -9.182  -9.959 0.1428571492
72473  -23.148  -7.929  -10.251 0.1428571492
128621  -20.508  -7.871  -8.828 0.1428571492
69875  -20.624  -11.601  -7.691 0.1428571492
68085  -34.506  -13.227  -8.760 0.1428571492
71613  -28.734  -9.765  -10.155 0.5714285970
72435  -37.271  -8.054  -5.890 0.1428571492
72444  -34.229  -8.876  -8.229 0.1428571492
76496  -31.180  -3.822  -11.768 0.7142857313
76514  -30.385  -3.681  -12.144 0.7142857313
78119  -26.394  -1.777  -10.969 0.5714285970
78137  -35.446  -2.070  -12.659 0.1428571492
79018  -26.795  -0.603  -11.047 0.5714285970
79895  -30.890  -0.431  -13.845 0.4285714328
79902  -24.146  0.785  -13.291 0.1428571492
81695  -28.145  2.565  -10.814 1.0000000000
81707  -25.006  2.757  -12.946 0.2857142985
81718  -23.539  2.764  -13.669 0.1428571492
81739  -32.231  2.073  -16.051 0.1428571492
82561  -24.251  3.851  -13.695 0.2857142985
83425  -21.053  4.213  -13.106 0.1428571492
83454  -23.620  5.009  -14.293 0.1428571492
84247  -24.979  5.865  -12.677 0.2857142985
84258  -21.365  5.503  -13.640 0.1428571492
84276  -23.469  5.705  -14.393 0.2857142985
85032  -29.275  6.768  -10.547 0.8571428657
85051  -24.453  6.524  -12.958 0.2857142985
85076  -22.512  7.328  -14.423 0.1428571492
85078  -24.085  6.233  -14.166 0.2857142985
86003  -21.808  7.662  -14.239 0.1428571492
86005  -23.462  7.660  -14.002 0.1428571492
86971  -23.039  8.577  -14.012 0.1428571492
86987  -22.114  8.751  -14.344 0.2857142985
86988  -22.602  8.510  -14.355 0.2857142985
87882  -24.049  8.838  -12.624 0.2857142985
87890  -20.407  9.404  -13.330 0.2857142985
87892  -21.832  9.468  -14.051 0.2857142985
87893  -22.634  9.305  -13.641 0.2857142985
88693  -28.761  11.174  -9.814 0.8571428657
88720  -21.725  10.149  -13.681 0.2857142985
88722  -22.946  10.172  -12.592 0.2857142985
88724  -31.303  10.137  -13.505 0.1428571492
89460  -31.059  11.811  -10.365 0.5714285970
89466  -18.403  11.372  -10.338 0.2857142985
89467  -23.475  11.636  -11.716 0.2857142985
89479  -31.492  11.580  -11.897 0.1428571492
89483  -20.674  11.793  -13.027 0.2857142985
89484  -21.192  11.804  -13.008 0.2857142985
89485  -21.862  11.460  -12.780 0.2857142985
90283  -26.005  12.350  -10.465 0.8571428657
90301  -31.443  12.354  -11.511 0.1428571492
90307  -19.881  12.224  -12.219 0.2857142985
90962  -17.960  13.530  -9.417 0.2857142985
90975  -28.633  13.458  -9.645 0.7142857313
90981  -15.681  13.765  -10.963 0.1428571492
90986  -23.466  13.957  -11.582 0.5714285970
90988  -25.303  12.931  -10.789 0.5714285970
90990  -31.272  13.067  -11.123 0.4285714328
90995  -21.319  13.635  -12.388 0.4285714328
90996  -21.992  13.427  -12.084 0.2857142985
91006  -29.997  13.860  -13.830 0.1428571492
91019  -30.075  13.082  -14.152 0.1428571492
91771  -27.714  15.087  -9.661 0.4285714328
91789  -30.296  14.605  -10.628 0.2857142985
91798  -22.111  14.775  -11.827 0.4285714328
91812  -20.655  13.773  -12.205 0.2857142985
91813  -20.884  13.708  -12.408 0.4285714328
92584  -16.380  14.599  -10.414 0.1428571492
92589  -25.595  15.521  -10.296 0.7142857313
92600  -23.517  15.457  -11.240 0.7142857313
92614  -28.865  15.968  -14.092 0.1428571492
92626  -29.088  15.223  -14.285 0.1428571492
93327  -28.529  16.354  -10.119 0.2857142985
93343  -29.779  16.717  -12.086 0.4285714328
94044  -26.879  17.461  -9.567 0.2857142985
94784  -23.084  19.147  -11.810 0.1428571492
95467  -24.211  19.903  -11.432 0.1428571492
96162  -28.264  20.302  -10.918 0.2857142985
96931  -27.449  21.718  -10.842 0.1428571492
96940  -27.610  21.746  -11.571 0.1428571492
96964  -27.337  21.200  -13.177 0.1428571492
97772  -27.057  22.704  -12.638 0.1428571492
119609  -20.052  13.622  -10.847 0.2857142985
119611  -20.605  14.889  -10.237 0.2857142985
119613  -20.859  14.907  -11.196 0.2857142985
119616  -20.682  14.912  -10.725 0.2857142985
120088  -20.879  15.258  -10.255 0.1428571492
120234  -20.604  14.365  -11.339 0.2857142985
120257  -37.096  -10.524  -12.661 0.1428571492
120433  -19.659  14.211  -9.677 0.2857142985
120794  -27.894  20.061  -12.705 0.1428571492
121557  -20.429  14.535  -10.580 0.2857142985
121927  -28.546  17.749  -12.726 0.2857142985
123800  -30.353  13.167  -10.041 0.4285714328
125617  -22.386  4.649  -13.954 0.1428571492
125959  -25.870  4.780  -12.192 0.2857142985
131328  -31.123  5.877  -10.648 0.8571428657
131765  -25.303  7.761  -12.330 0.4285714328
132779  -28.642  18.493  -11.630 0.1428571492
133035  -20.472  13.072  -12.599 0.4285714328
133679  -31.856  6.041  -12.294 0.4285714328
133778  -31.387  10.913  -13.271 0.1428571492
135120  -24.958  -0.323  -12.956 0.1428571492
135953  -21.348  15.645  -11.104 0.2857142985
136857  -19.841  14.889  -9.529 0.1428571492
137034  -20.874  15.274  -10.758 0.2857142985
139375  -25.962  13.972  -10.110 0.7142857313
140880  -22.522  3.435  -13.627 0.1428571492
142828  -25.535  16.023  -10.283 0.4285714328
143817  -24.177  13.954  -11.278 0.7142857313
144107  -29.552  8.366  -10.262 0.8571428657
145575  -31.010  12.316  -10.362 0.4285714328
145835  -34.681  -3.894  -10.216 0.4285714328
