#!ascii label  , from subject sub-v1s0x0050654_ses-1 vox2ras=TkReg
1019
140573  19.608  -27.863  58.242 0.0000000000
44540  32.510  -28.683  63.418 0.0000000000
66032  38.321  -7.156  46.538 0.0000000000
56467  30.909  -17.636  53.252 0.0000000000
53737  36.770  -21.094  56.716 0.0000000000
121575  48.411  1.731  40.866 0.0000000000
66975  36.324  -6.319  50.656 0.0000000000
64119  32.389  -9.392  49.821 0.0000000000
45652  14.995  -27.819  59.548 0.0000000000
44620  24.482  -28.062  59.683 0.0000000000
48595  28.428  -25.171  59.007 0.0000000000
46793  22.909  -27.117  54.402 0.0000000000
70588  41.607  -2.871  43.894 0.0000000000
43518  22.077  -28.628  62.714 0.0000000000
131372  19.334  -27.418  63.935 0.0000000000
66053  42.529  -7.557  45.774 0.0000000000
123814  14.277  -27.353  64.994 0.0000000000
41331  12.535  -32.221  65.385 0.0000000000
61036  32.342  -12.138  53.817 0.0000000000
55570  34.647  -18.450  55.406 0.0000000000
51724  34.846  -22.903  51.896 0.0000000000
49600  32.561  -24.037  55.532 0.0000000000
65975  36.138  -7.393  52.543 0.0000000000
65078  34.060  -8.011  50.093 0.0000000000
64091  34.051  -9.328  51.932 0.0000000000
66937  37.748  -5.858  53.152 0.0000000000
46750  18.286  -26.837  56.306 0.0000000000
45693  15.931  -27.822  57.186 0.0000000000
46694  18.091  -27.074  59.032 0.0000000000
120059  22.169  -29.149  57.972 0.0000000000
125785  23.777  -27.772  56.884 0.0000000000
143160  21.059  -28.512  55.344 0.0000000000
46797  19.252  -27.226  54.030 0.0000000000
125128  38.807  -7.398  43.821 0.0000000000
67006  39.469  -6.470  48.103 0.0000000000
66043  40.194  -7.815  46.214 0.0000000000
67046  40.177  -6.713  43.522 0.0000000000
46578  18.756  -26.954  67.732 0.0000000000
47622  16.963  -26.326  64.641 0.0000000000
141400  15.794  -25.918  67.663 0.0000000000
42357  12.949  -31.033  69.763 0.0000000000
42366  13.411  -30.695  67.730 0.0000000000
40312  11.953  -33.050  67.133 0.0000000000
38516  9.864  -34.972  67.346 0.0000000000
37614  9.470  -34.593  69.819 0.0000000000
55531  33.371  -18.621  58.511 0.0000000000
55556  35.957  -19.269  56.007 0.0000000000
53761  36.113  -20.233  53.009 0.0000000000
51707  36.565  -22.341  53.781 0.0000000000
49588  27.247  -23.661  57.678 0.0000000000
48605  30.907  -23.913  58.384 0.0000000000
50614  28.864  -22.664  55.869 0.0000000000
50653  30.507  -23.082  53.383 0.0000000000
59182  30.295  -14.870  54.361 0.0000000000
60110  29.585  -13.148  51.664 0.0000000000
133857  29.160  -16.463  51.410 0.0000000000
76041  50.222  3.453  39.161 0.0000000000
75162  48.898  2.090  38.950 0.0000000000
67009  37.028  -5.916  48.622 0.0000000000
138737  35.134  -6.876  47.944 0.0000000000
67927  38.457  -5.431  50.785 0.0000000000
44579  28.854  -28.673  61.765 0.0000000000
46678  30.391  -26.904  60.967 0.0000000000
46706  26.865  -26.671  59.669 0.0000000000
47700  24.770  -25.668  57.401 0.0000000000
49613  23.971  -24.447  54.953 0.0000000000
70575  44.294  -2.863  46.254 0.0000000000
72386  43.744  -0.945  45.294 0.0000000000
73291  43.957  1.027  43.428 0.0000000000
73309  45.743  1.378  40.744 0.0000000000
44583  21.025  -28.861  60.298 0.0000000000
129354  19.301  -27.409  61.034 0.0000000000
44555  20.573  -27.880  62.906 0.0000000000
43569  23.168  -28.698  60.016 0.0000000000
67976  42.182  -5.407  44.297 0.0000000000
46665  17.387  -26.693  61.581 0.0000000000
121339  14.527  -27.607  62.208 0.0000000000
43521  13.547  -29.861  62.732 0.0000000000
45562  13.892  -27.826  67.803 0.0000000000
42400  13.446  -30.530  65.041 0.0000000000
37598  7.137  -35.448  71.352 0.0000000000
61996  34.129  -10.718  53.584 0.0000000000
57339  30.989  -16.592  55.316 0.0000000000
55561  31.974  -18.214  57.052 0.0000000000
121558  32.984  -17.898  54.061 0.0000000000
54707  34.933  -19.280  52.311 0.0000000000
53775  35.064  -20.828  50.645 0.0000000000
52797  32.778  -22.056  49.829 0.0000000000
47671  32.204  -25.333  60.416 0.0000000000
48602  34.175  -24.224  57.976 0.0000000000
49596  35.753  -24.021  55.919 0.0000000000
50631  33.875  -24.311  53.546 0.0000000000
124719  31.375  -23.147  52.100 0.0000000000
62013  31.995  -10.776  51.674 0.0000000000
62060  30.018  -11.295  48.869 0.0000000000
65033  36.050  -8.270  53.698 0.0000000000
65047  35.153  -8.562  52.389 0.0000000000
64079  34.788  -9.291  52.769 0.0000000000
65962  36.977  -7.113  53.781 0.0000000000
46725  18.982  -27.165  56.963 0.0000000000
46726  18.178  -26.912  57.304 0.0000000000
141782  18.756  -27.329  58.773 0.0000000000
121141  20.959  -28.800  57.849 0.0000000000
44656  21.331  -29.142  56.317 0.0000000000
45713  19.876  -27.941  56.575 0.0000000000
45714  19.041  -26.978  55.899 0.0000000000
66056  38.799  -7.506  45.130 0.0000000000
66031  39.152  -7.149  46.989 0.0000000000
66030  39.994  -7.518  46.856 0.0000000000
119138  39.351  -7.549  46.345 0.0000000000
65108  39.576  -7.667  45.582 0.0000000000
40297  12.283  -32.703  69.436 0.0000000000
41302  12.711  -32.074  68.200 0.0000000000
39390  11.432  -33.608  68.713 0.0000000000
39398  10.925  -34.161  67.268 0.0000000000
38515  10.514  -34.501  67.822 0.0000000000
38506  9.935  -34.681  68.379 0.0000000000
140406  36.156  -19.373  57.560 0.0000000000
54677  36.717  -20.278  56.672 0.0000000000
53751  37.083  -20.382  54.447 0.0000000000
51692  37.372  -21.933  55.450 0.0000000000
45597  33.001  -27.862  63.110 0.0000000000
121584  26.084  -23.209  56.181 0.0000000000
50598  28.613  -22.850  56.772 0.0000000000
51678  27.305  -22.598  55.320 0.0000000000
121978  28.305  -22.268  54.313 0.0000000000
57350  29.776  -16.347  53.680 0.0000000000
59200  29.132  -14.954  52.801 0.0000000000
74206  47.557  1.845  42.206 0.0000000000
74204  48.896  2.052  42.439 0.0000000000
74214  49.670  1.869  40.802 0.0000000000
75161  49.736  2.046  39.505 0.0000000000
74227  48.595  1.642  39.999 0.0000000000
66994  36.501  -6.007  49.654 0.0000000000
121166  35.807  -6.505  47.945 0.0000000000
66003  35.135  -6.962  49.803 0.0000000000
64117  33.671  -8.698  50.611 0.0000000000
65091  33.257  -8.239  48.637 0.0000000000
64144  32.608  -8.685  48.176 0.0000000000
66959  37.076  -6.226  51.915 0.0000000000
130218  36.966  -5.978  51.117 0.0000000000
66993  37.473  -5.761  49.351 0.0000000000
45669  15.624  -27.696  57.993 0.0000000000
44605  14.429  -28.604  59.905 0.0000000000
44598  26.708  -28.204  61.024 0.0000000000
45645  27.862  -27.576  60.709 0.0000000000
45663  25.577  -27.436  59.777 0.0000000000
46773  23.296  -27.602  55.037 0.0000000000
46748  23.795  -26.951  56.607 0.0000000000
47714  23.802  -26.106  55.847 0.0000000000
48625  24.076  -24.990  55.727 0.0000000000
47731  22.912  -26.204  54.273 0.0000000000
46806  21.617  -26.745  53.416 0.0000000000
55596  34.346  -18.726  50.733 0.0000000000
70586  43.258  -2.810  44.909 0.0000000000
128804  43.984  -1.833  45.964 0.0000000000
71505  42.804  -1.909  44.572 0.0000000000
73303  43.319  0.822  42.868 0.0000000000
73312  43.380  0.895  41.955 0.0000000000
74218  44.829  1.302  42.119 0.0000000000
44565  21.292  -29.019  60.897 0.0000000000
44566  20.839  -28.696  61.696 0.0000000000
43519  21.543  -28.458  62.908 0.0000000000
42458  23.132  -28.900  61.745 0.0000000000
43571  21.892  -28.966  60.096 0.0000000000
67974  43.813  -5.527  45.234 0.0000000000
67036  42.785  -6.139  44.861 0.0000000000
133783  40.591  -6.174  43.577 0.0000000000
45601  19.211  -27.280  62.226 0.0000000000
45617  18.971  -27.179  61.495 0.0000000000
45588  18.482  -26.981  62.669 0.0000000000
123739  15.254  -26.358  64.563 0.0000000000
47633  16.073  -26.433  63.354 0.0000000000
46638  14.874  -27.152  63.491 0.0000000000
132101  13.935  -28.421  62.813 0.0000000000
44545  13.836  -28.477  63.516 0.0000000000
45539  14.026  -27.678  69.179 0.0000000000
121501  12.852  -31.911  65.958 0.0000000000
42376  13.372  -30.712  66.861 0.0000000000
41330  12.815  -31.726  65.252 0.0000000000
41342  12.893  -31.504  64.331 0.0000000000
59171  31.600  -14.989  55.336 0.0000000000
55558  34.165  -18.467  56.823 0.0000000000
122660  32.666  -18.406  58.206 0.0000000000
55559  33.128  -18.355  56.661 0.0000000000
56447  32.201  -17.857  55.525 0.0000000000
56445  33.966  -17.991  55.126 0.0000000000
56464  33.871  -18.185  54.164 0.0000000000
118867  34.698  -18.725  53.993 0.0000000000
52768  35.670  -21.432  52.180 0.0000000000
53768  35.713  -20.529  52.127 0.0000000000
52769  35.162  -22.021  51.656 0.0000000000
52780  33.822  -21.994  50.630 0.0000000000
51739  33.405  -22.713  51.263 0.0000000000
47674  29.320  -26.173  60.049 0.0000000000
47672  31.477  -25.752  60.498 0.0000000000
47685  30.594  -25.050  59.617 0.0000000000
49570  32.362  -23.782  57.194 0.0000000000
132477  32.670  -23.978  58.087 0.0000000000
49569  33.235  -24.129  57.151 0.0000000000
48616  34.720  -24.224  56.867 0.0000000000
49598  34.056  -24.524  55.438 0.0000000000
49609  34.402  -24.330  54.488 0.0000000000
49611  32.712  -24.191  54.749 0.0000000000
51711  29.776  -22.623  53.031 0.0000000000
50672  30.974  -23.176  52.680 0.0000000000
61997  33.433  -11.452  53.610 0.0000000000
62003  33.184  -11.068  52.996 0.0000000000
61050  31.770  -11.862  53.016 0.0000000000
131734  28.698  -14.231  50.095 0.0000000000
61083  29.384  -12.522  50.200 0.0000000000
76963  50.188  4.490  38.680 0.0000000000
65981  35.905  -7.213  51.822 0.0000000000
65993  35.169  -7.320  50.726 0.0000000000
65982  35.299  -7.627  51.434 0.0000000000
65057  34.407  -8.680  51.525 0.0000000000
64105  33.322  -9.350  51.058 0.0000000000
66930  37.484  -6.585  54.227 0.0000000000
65974  36.747  -6.938  53.014 0.0000000000
45715  16.950  -27.550  56.108 0.0000000000
46728  16.391  -27.207  57.756 0.0000000000
46711  16.193  -27.078  58.631 0.0000000000
44622  23.217  -28.743  58.421 0.0000000000
45690  23.704  -28.066  57.707 0.0000000000
44654  23.119  -29.215  56.636 0.0000000000
126188  22.655  -29.072  55.668 0.0000000000
45735  21.793  -27.861  54.458 0.0000000000
140036  21.202  -27.210  53.838 0.0000000000
46776  19.883  -27.380  54.481 0.0000000000
46777  19.088  -26.974  54.907 0.0000000000
70599  40.381  -2.273  43.319 0.0000000000
43486  22.369  -28.903  64.096 0.0000000000
67005  40.404  -6.578  48.213 0.0000000000
66029  40.855  -7.801  46.697 0.0000000000
118644  41.710  -7.820  45.906 0.0000000000
66065  41.165  -7.174  44.688 0.0000000000
123173  40.911  -7.616  45.317 0.0000000000
66067  39.480  -7.293  44.106 0.0000000000
46608  18.977  -27.208  65.476 0.0000000000
46623  17.808  -26.773  64.289 0.0000000000
46593  17.944  -26.683  66.070 0.0000000000
47604  16.063  -25.934  66.068 0.0000000000
47605  15.227  -25.974  66.470 0.0000000000
44491  13.548  -29.288  69.168 0.0000000000
137010  13.204  -31.192  68.772 0.0000000000
41308  12.678  -32.056  67.457 0.0000000000
40320  11.861  -33.228  66.107 0.0000000000
39405  10.672  -34.299  66.185 0.0000000000
127690  34.968  -18.639  56.920 0.0000000000
55569  35.325  -18.893  55.681 0.0000000000
130613  35.321  -19.165  53.935 0.0000000000
54690  36.471  -19.756  54.740 0.0000000000
53760  36.570  -20.722  53.580 0.0000000000
51708  36.027  -22.603  53.081 0.0000000000
49574  27.981  -24.091  58.201 0.0000000000
48606  30.065  -24.367  58.685 0.0000000000
49573  28.955  -23.813  58.091 0.0000000000
49585  30.342  -23.068  57.046 0.0000000000
50611  31.268  -23.160  55.601 0.0000000000
128949  31.144  -23.272  54.673 0.0000000000
50635  29.639  -22.596  54.595 0.0000000000
51695  28.890  -22.329  53.597 0.0000000000
60085  31.274  -13.265  53.794 0.0000000000
60097  30.975  -12.770  52.978 0.0000000000
128807  29.667  -14.099  52.914 0.0000000000
59210  28.808  -14.892  51.204 0.0000000000
76035  51.069  2.707  40.097 0.0000000000
76039  50.052  2.629  39.281 0.0000000000
122401  37.568  -6.758  47.174 0.0000000000
143055  36.951  -7.405  45.513 0.0000000000
66033  36.573  -6.735  47.181 0.0000000000
66004  34.558  -7.368  49.466 0.0000000000
65098  33.803  -7.674  47.832 0.0000000000
130784  39.299  -4.911  53.103 0.0000000000
121548  39.261  -4.997  52.131 0.0000000000
134849  39.332  -5.394  50.462 0.0000000000
66972  38.976  -5.629  49.873 0.0000000000
66019  37.913  -6.342  47.859 0.0000000000
44562  30.229  -28.855  62.354 0.0000000000
45613  31.214  -27.792  62.217 0.0000000000
45631  29.196  -27.936  61.298 0.0000000000
46691  29.043  -26.818  60.348 0.0000000000
47687  28.129  -25.827  59.438 0.0000000000
46723  24.697  -26.847  58.267 0.0000000000
47694  25.916  -25.907  58.561 0.0000000000
47693  26.802  -25.450  58.718 0.0000000000
142577  25.536  -24.563  57.466 0.0000000000
49589  25.272  -23.730  56.107 0.0000000000
50639  23.943  -23.722  54.358 0.0000000000
73283  45.035  0.729  45.614 0.0000000000
72399  43.023  -0.137  44.112 0.0000000000
73287  43.867  0.535  44.318 0.0000000000
73285  45.301  1.220  44.876 0.0000000000
74196  45.504  1.502  43.367 0.0000000000
128233  46.088  1.610  42.219 0.0000000000
74229  46.653  1.553  40.811 0.0000000000
73320  46.877  1.385  39.784 0.0000000000
44604  20.423  -28.279  59.256 0.0000000000
45649  19.894  -27.931  59.907 0.0000000000
44584  20.470  -28.431  60.594 0.0000000000
44567  20.465  -28.118  62.063 0.0000000000
45587  20.001  -27.549  63.428 0.0000000000
44536  21.288  -28.216  64.285 0.0000000000
45575  19.949  -27.660  65.274 0.0000000000
45571  19.562  -27.528  67.100 0.0000000000
44541  31.646  -29.522  63.375 0.0000000000
44553  29.420  -29.297  62.288 0.0000000000
44564  27.656  -29.508  61.972 0.0000000000
43566  25.857  -28.720  61.449 0.0000000000
43550  25.024  -29.159  61.632 0.0000000000
43568  23.825  -28.547  60.040 0.0000000000
43582  22.513  -28.756  59.196 0.0000000000
124882  21.682  -28.988  58.435 0.0000000000
68834  44.765  -4.551  46.224 0.0000000000
68848  43.626  -4.656  45.023 0.0000000000
69726  42.179  -3.670  44.088 0.0000000000
67977  41.386  -6.017  43.939 0.0000000000
68859  40.708  -4.392  43.714 0.0000000000
69735  40.263  -3.636  43.600 0.0000000000
45651  18.313  -26.995  59.677 0.0000000000
45636  17.959  -26.812  60.139 0.0000000000
46682  16.169  -26.802  60.436 0.0000000000
47642  16.785  -26.596  62.799 0.0000000000
46650  16.526  -26.653  62.057 0.0000000000
46667  15.266  -27.166  60.962 0.0000000000
44568  13.813  -28.888  61.272 0.0000000000
44569  13.587  -29.405  62.022 0.0000000000
47584  14.558  -26.369  67.783 0.0000000000
133146  13.895  -27.546  66.179 0.0000000000
45572  13.609  -28.285  66.485 0.0000000000
44532  13.663  -28.548  65.039 0.0000000000
121554  13.571  -29.362  64.051 0.0000000000
37605  7.969  -35.379  70.524 0.0000000000
63067  34.728  -10.299  54.042 0.0000000000
60074  32.433  -13.366  55.024 0.0000000000
59180  31.850  -14.240  54.981 0.0000000000
58269  30.389  -15.609  54.702 0.0000000000
57345  30.845  -17.015  54.677 0.0000000000
127991  31.662  -17.383  56.744 0.0000000000
56448  31.454  -17.407  55.236 0.0000000000
130195  31.509  -17.652  53.759 0.0000000000
56465  33.307  -18.171  53.308 0.0000000000
55590  34.196  -18.861  51.815 0.0000000000
54714  34.845  -19.345  51.318 0.0000000000
54706  35.547  -19.750  52.632 0.0000000000
54713  35.273  -19.842  51.780 0.0000000000
53784  35.102  -20.118  50.435 0.0000000000
52796  34.315  -21.130  50.106 0.0000000000
52810  32.960  -21.871  49.181 0.0000000000
50593  36.367  -22.366  57.250 0.0000000000
46663  32.368  -26.700  62.115 0.0000000000
137176  33.435  -25.654  61.145 0.0000000000
47670  33.590  -25.213  60.436 0.0000000000
48592  31.913  -24.372  59.046 0.0000000000
48591  32.989  -24.255  58.954 0.0000000000
139622  34.392  -24.463  58.961 0.0000000000
48600  35.069  -23.956  58.278 0.0000000000
49581  35.653  -23.504  56.649 0.0000000000
50608  36.791  -22.793  55.740 0.0000000000
50628  36.414  -23.259  54.965 0.0000000000
50649  35.455  -23.523  53.538 0.0000000000
50668  34.375  -23.586  52.296 0.0000000000
126948  32.203  -23.889  53.352 0.0000000000
50670  32.579  -23.719  52.462 0.0000000000
51726  32.981  -23.366  51.770 0.0000000000
141431  32.009  -22.559  50.737 0.0000000000
63074  33.930  -10.336  52.918 0.0000000000
63083  33.263  -10.224  52.118 0.0000000000
63091  32.394  -10.284  51.180 0.0000000000
61064  30.552  -12.040  51.690 0.0000000000
62026  30.785  -11.150  50.578 0.0000000000
63101  31.124  -10.445  49.848 0.0000000000
74243  47.788  1.257  38.493 0.0000000000
65034  35.409  -8.786  53.202 0.0000000000
64067  35.692  -9.011  54.132 0.0000000000
65032  36.680  -7.806  54.157 0.0000000000
45692  19.669  -27.828  57.612 0.0000000000
45668  18.988  -27.346  58.037 0.0000000000
45691  20.364  -28.308  57.457 0.0000000000
44644  20.827  -28.690  56.876 0.0000000000
119925  38.665  -7.487  45.768 0.0000000000
66057  37.985  -7.471  45.080 0.0000000000
66044  37.592  -7.336  45.800 0.0000000000
39379  11.791  -33.254  69.965 0.0000000000
39389  11.907  -33.218  69.117 0.0000000000
39391  10.990  -34.041  68.277 0.0000000000
39381  11.012  -33.952  69.205 0.0000000000
38505  10.584  -34.284  68.832 0.0000000000
120904  36.712  -20.721  57.040 0.0000000000
53738  37.099  -20.790  56.251 0.0000000000
137608  37.486  -21.186  55.706 0.0000000000
52730  37.021  -21.491  56.297 0.0000000000
45586  33.169  -28.161  63.833 0.0000000000
45598  32.397  -27.989  62.871 0.0000000000
50617  25.576  -23.095  55.452 0.0000000000
51679  26.374  -22.767  55.440 0.0000000000
51699  25.739  -22.533  54.748 0.0000000000
51698  26.629  -22.281  54.621 0.0000000000
56468  30.188  -17.134  53.405 0.0000000000
57351  29.552  -16.645  52.979 0.0000000000
74216  47.589  1.741  41.328 0.0000000000
128775  48.193  1.954  42.532 0.0000000000
74205  48.424  1.895  41.739 0.0000000000
125951  49.064  1.719  40.555 0.0000000000
66002  35.712  -6.611  50.182 0.0000000000
64118  33.031  -9.027  50.258 0.0000000000
64133  32.771  -8.781  49.261 0.0000000000
64134  32.130  -9.216  48.734 0.0000000000
66960  36.395  -6.611  51.502 0.0000000000
66974  37.094  -5.819  50.255 0.0000000000
46712  15.392  -27.646  58.815 0.0000000000
45670  15.054  -28.514  58.307 0.0000000000
142720  14.972  -28.117  58.929 0.0000000000
123774  14.624  -28.658  59.075 0.0000000000
45648  25.290  -27.861  60.152 0.0000000000
45647  26.153  -27.791  60.413 0.0000000000
45664  24.737  -27.723  59.289 0.0000000000
46774  22.681  -27.878  54.639 0.0000000000
46772  23.550  -27.081  55.646 0.0000000000
47715  23.364  -26.666  54.958 0.0000000000
47732  22.373  -26.584  53.827 0.0000000000
54724  34.927  -19.408  50.396 0.0000000000
70587  42.501  -2.815  44.347 0.0000000000
71506  41.898  -1.919  43.963 0.0000000000
123744  43.513  0.851  41.126 0.0000000000
43539  21.685  -28.825  61.594 0.0000000000
43540  21.280  -28.698  62.059 0.0000000000
43538  22.608  -28.788  62.230 0.0000000000
134878  22.283  -28.850  61.378 0.0000000000
133344  42.309  -7.899  46.500 0.0000000000
67029  43.270  -7.022  45.693 0.0000000000
143232  43.074  -6.601  45.195 0.0000000000
67030  42.550  -6.930  45.026 0.0000000000
122164  19.292  -27.311  63.074 0.0000000000
46637  18.395  -27.042  63.582 0.0000000000
130352  14.666  -26.822  64.933 0.0000000000
47624  15.362  -26.554  63.801 0.0000000000
46624  14.672  -27.123  64.292 0.0000000000
45589  14.309  -27.822  63.857 0.0000000000
45582  13.981  -27.860  64.634 0.0000000000
126156  13.725  -28.553  69.434 0.0000000000
42401  13.157  -31.490  65.896 0.0000000000
41343  12.481  -32.132  64.559 0.0000000000
55571  34.054  -18.157  55.974 0.0000000000
56446  33.098  -18.024  55.744 0.0000000000
55578  34.469  -18.435  54.697 0.0000000000
51723  35.483  -22.327  52.344 0.0000000000
51738  34.384  -22.440  51.357 0.0000000000
47686  29.111  -25.566  59.492 0.0000000000
47673  30.068  -25.690  59.939 0.0000000000
133949  29.975  -25.015  59.257 0.0000000000
49601  31.998  -23.596  56.199 0.0000000000
49584  32.886  -24.110  56.291 0.0000000000
49583  33.744  -24.457  56.378 0.0000000000
49599  33.239  -24.359  55.485 0.0000000000
61035  33.094  -11.864  54.023 0.0000000000
61049  32.761  -11.554  53.339 0.0000000000
65055  35.492  -7.841  52.096 0.0000000000
64090  34.582  -9.001  52.096 0.0000000000
64104  33.869  -8.999  51.337 0.0000000000
64092  33.543  -9.638  51.735 0.0000000000
66929  38.068  -5.970  54.578 0.0000000000
65963  36.391  -7.565  53.330 0.0000000000
65980  36.587  -6.833  52.254 0.0000000000
46709  18.071  -27.021  58.225 0.0000000000
46727  17.284  -26.991  57.546 0.0000000000
46710  17.176  -26.945  58.443 0.0000000000
46695  17.228  -26.859  59.366 0.0000000000
44623  22.655  -28.973  58.274 0.0000000000
44641  23.143  -29.077  57.642 0.0000000000
44642  22.520  -29.351  57.329 0.0000000000
44657  20.716  -28.482  55.865 0.0000000000
45712  21.613  -28.951  55.562 0.0000000000
45726  22.251  -28.531  54.997 0.0000000000
140339  21.364  -28.329  54.942 0.0000000000
46775  20.841  -27.632  54.413 0.0000000000
45727  20.605  -28.012  55.072 0.0000000000
46778  18.396  -26.916  55.362 0.0000000000
66991  39.538  -5.953  48.904 0.0000000000
66016  40.699  -7.290  47.371 0.0000000000
119986  41.533  -7.940  46.490 0.0000000000
65107  40.941  -7.918  46.058 0.0000000000
135743  40.352  -7.790  45.677 0.0000000000
66055  39.187  -7.461  44.706 0.0000000000
46592  18.861  -27.084  66.600 0.0000000000
47603  16.941  -26.195  66.564 0.0000000000
47594  15.985  -25.924  66.938 0.0000000000
43426  13.074  -30.501  69.954 0.0000000000
43434  13.337  -29.968  69.574 0.0000000000
40311  12.388  -32.574  67.783 0.0000000000
139051  12.417  -32.475  67.095 0.0000000000
40319  12.309  -32.652  66.446 0.0000000000
39404  11.419  -33.725  66.659 0.0000000000
38523  10.321  -34.707  66.819 0.0000000000
38499  9.301  -34.865  68.973 0.0000000000
37615  8.750  -35.139  69.546 0.0000000000
55547  36.074  -19.270  56.832 0.0000000000
55548  35.565  -18.928  57.451 0.0000000000
55557  35.477  -18.915  56.507 0.0000000000
55568  35.907  -19.278  55.171 0.0000000000
52756  37.107  -21.233  54.028 0.0000000000
52757  36.485  -21.626  53.396 0.0000000000
49587  28.301  -23.372  57.587 0.0000000000
49586  29.324  -23.199  57.391 0.0000000000
50597  29.569  -22.785  56.501 0.0000000000
130442  31.154  -23.130  56.495 0.0000000000
50596  30.458  -22.862  56.080 0.0000000000
50612  30.478  -22.855  55.137 0.0000000000
50613  29.708  -22.642  55.578 0.0000000000
59192  30.779  -14.095  54.083 0.0000000000
60086  30.437  -13.649  53.351 0.0000000000
136700  29.793  -14.624  53.680 0.0000000000
58290  29.044  -16.033  52.491 0.0000000000
124020  28.862  -15.379  51.821 0.0000000000
75167  49.329  2.462  38.836 0.0000000000
75168  48.792  2.195  38.323 0.0000000000
66020  36.789  -6.339  47.888 0.0000000000
66034  35.597  -6.923  47.118 0.0000000000
66035  34.692  -7.230  47.451 0.0000000000
65077  34.638  -7.658  50.414 0.0000000000
65090  33.905  -7.752  49.060 0.0000000000
134737  33.116  -8.273  47.696 0.0000000000
65099  33.363  -8.166  46.750 0.0000000000
67877  38.483  -5.457  53.773 0.0000000000
67892  38.460  -5.304  52.711 0.0000000000
67909  38.446  -5.317  51.764 0.0000000000
67908  39.242  -5.143  51.213 0.0000000000
67008  37.916  -5.913  48.596 0.0000000000
45615  29.663  -28.405  61.911 0.0000000000
46692  27.376  -27.145  60.162 0.0000000000
132905  28.233  -26.994  60.260 0.0000000000
47676  27.738  -26.509  59.794 0.0000000000
47675  28.587  -26.310  59.915 0.0000000000
45689  24.294  -27.536  58.454 0.0000000000
46724  24.025  -27.273  57.576 0.0000000000
47701  24.035  -26.047  56.862 0.0000000000
46747  24.347  -26.473  57.488 0.0000000000
47695  25.160  -26.103  58.094 0.0000000000
48610  25.728  -25.123  57.989 0.0000000000
48620  25.054  -24.915  57.161 0.0000000000
49590  24.730  -24.531  56.385 0.0000000000
49602  24.519  -24.137  55.607 0.0000000000
138215  24.389  -23.795  54.965 0.0000000000
46796  20.161  -27.264  53.561 0.0000000000
46795  20.738  -26.872  53.019 0.0000000000
46809  19.575  -27.494  53.222 0.0000000000
139904  44.769  -2.931  46.733 0.0000000000
71484  44.394  -1.440  46.502 0.0000000000
72385  44.245  -0.680  45.948 0.0000000000
72384  44.797  0.023  46.240 0.0000000000
137885  44.511  0.171  45.569 0.0000000000
72401  41.508  -0.579  43.060 0.0000000000
72394  42.432  -1.014  44.159 0.0000000000
73292  43.346  0.567  43.629 0.0000000000
73286  44.548  0.736  44.938 0.0000000000
74197  44.760  1.212  44.043 0.0000000000
132017  45.741  1.480  44.158 0.0000000000
74209  44.723  1.333  43.021 0.0000000000
73310  45.064  1.289  41.214 0.0000000000
140615  45.484  1.453  41.919 0.0000000000
74217  45.966  1.525  41.466 0.0000000000
122286  46.781  1.683  41.807 0.0000000000
44603  20.955  -28.643  59.583 0.0000000000
120534  20.587  -28.442  59.957 0.0000000000
44554  20.990  -28.378  62.432 0.0000000000
45600  19.933  -27.620  62.555 0.0000000000
44544  20.646  -27.808  63.824 0.0000000000
43476  21.986  -28.753  64.709 0.0000000000
44531  20.630  -27.962  65.529 0.0000000000
137688  20.276  -27.841  65.996 0.0000000000
126545  19.651  -27.581  66.186 0.0000000000
44542  30.738  -29.953  63.062 0.0000000000
43549  26.765  -29.135  61.812 0.0000000000
42472  23.958  -29.178  61.796 0.0000000000
43551  24.091  -28.896  61.035 0.0000000000
136048  24.489  -28.708  60.811 0.0000000000
43581  23.160  -28.667  59.141 0.0000000000
44582  21.528  -29.056  60.305 0.0000000000
142840  21.944  -28.907  58.983 0.0000000000
44602  21.538  -28.908  59.489 0.0000000000
44624  21.010  -28.669  58.817 0.0000000000
66045  36.592  -7.284  45.896 0.0000000000
67975  43.139  -5.411  44.835 0.0000000000
68849  42.681  -4.546  44.435 0.0000000000
69725  43.043  -3.696  44.634 0.0000000000
68850  41.728  -4.453  43.938 0.0000000000
67037  41.729  -6.828  44.487 0.0000000000
67038  40.957  -6.765  44.024 0.0000000000
131771  39.845  -5.030  43.034 0.0000000000
67988  40.454  -5.274  43.514 0.0000000000
68860  39.960  -4.379  43.380 0.0000000000
45650  18.983  -27.399  59.453 0.0000000000
45635  19.051  -27.300  60.280 0.0000000000
45618  18.187  -26.812  61.291 0.0000000000
134428  18.545  -26.961  60.818 0.0000000000
46681  17.367  -26.683  60.764 0.0000000000
128236  16.926  -26.745  60.027 0.0000000000
46666  16.340  -26.706  61.254 0.0000000000
47632  17.099  -26.530  63.666 0.0000000000
129339  15.043  -27.028  62.745 0.0000000000
47634  15.824  -26.623  62.649 0.0000000000
46651  15.416  -26.875  61.880 0.0000000000
142633  14.868  -27.331  61.556 0.0000000000
45619  14.427  -27.930  61.290 0.0000000000
43520  13.669  -29.054  62.626 0.0000000000
143461  13.394  -30.455  62.533 0.0000000000
46566  14.179  -27.055  68.351 0.0000000000
46580  14.145  -27.008  67.524 0.0000000000
47596  14.484  -26.527  66.881 0.0000000000
46594  13.875  -27.505  66.940 0.0000000000
43443  13.514  -29.988  68.157 0.0000000000
42390  13.402  -30.787  65.912 0.0000000000
43467  13.438  -29.950  66.397 0.0000000000
43477  13.489  -29.923  65.478 0.0000000000
44525  13.510  -29.016  65.831 0.0000000000
121969  13.582  -29.238  64.902 0.0000000000
43487  13.525  -29.868  64.751 0.0000000000
37604  8.826  -34.877  70.383 0.0000000000
37597  8.397  -34.961  71.081 0.0000000000
135662  7.593  -35.405  71.047 0.0000000000
61021  33.749  -11.983  54.857 0.0000000000
60075  31.610  -13.747  54.475 0.0000000000
58261  31.337  -15.886  55.750 0.0000000000
58268  30.911  -15.668  55.187 0.0000000000
136747  30.647  -16.323  54.830 0.0000000000
55551  32.366  -18.319  57.391 0.0000000000
56439  31.794  -18.000  56.871 0.0000000000
56455  32.053  -17.754  54.480 0.0000000000
56456  31.282  -17.436  54.425 0.0000000000
127803  32.405  -17.858  53.514 0.0000000000
136541  34.222  -18.728  53.054 0.0000000000
54700  35.760  -19.619  53.460 0.0000000000
52778  35.327  -21.134  51.477 0.0000000000
53774  35.313  -20.396  51.244 0.0000000000
139832  33.235  -22.021  50.234 0.0000000000
132203  33.492  -21.627  49.772 0.0000000000
51772  32.237  -22.205  49.189 0.0000000000
45629  30.799  -27.269  61.630 0.0000000000
46664  31.563  -26.943  61.862 0.0000000000
47661  31.291  -26.502  61.045 0.0000000000
47660  31.924  -25.886  60.857 0.0000000000
47659  32.706  -25.591  60.911 0.0000000000
126171  32.887  -25.091  60.272 0.0000000000
48593  30.852  -24.481  59.069 0.0000000000
140518  31.386  -24.131  58.674 0.0000000000
48603  33.497  -24.135  58.022 0.0000000000
48590  33.791  -24.391  58.884 0.0000000000
48589  34.880  -24.470  59.047 0.0000000000
127144  34.614  -24.207  58.352 0.0000000000
124089  35.159  -24.112  56.402 0.0000000000
49568  35.041  -23.799  57.218 0.0000000000
50595  36.212  -23.069  56.406 0.0000000000
50609  36.206  -23.480  55.831 0.0000000000
50610  35.836  -23.833  55.186 0.0000000000
50630  34.740  -24.102  53.724 0.0000000000
50650  34.644  -23.937  52.978 0.0000000000
131333  33.898  -24.062  52.744 0.0000000000
122308  30.981  -23.336  53.976 0.0000000000
50633  31.634  -23.652  54.098 0.0000000000
50671  31.743  -23.485  52.644 0.0000000000
51727  32.090  -23.302  51.913 0.0000000000
51740  32.459  -22.877  51.293 0.0000000000
120084  31.467  -22.772  51.329 0.0000000000
63073  34.432  -10.003  53.196 0.0000000000
142844  33.040  -10.687  52.464 0.0000000000
62012  32.701  -10.490  51.915 0.0000000000
63090  32.998  -9.967  51.473 0.0000000000
60109  30.382  -12.616  52.200 0.0000000000
61051  31.018  -12.105  52.420 0.0000000000
142071  30.086  -12.527  51.706 0.0000000000
62044  29.868  -11.715  49.768 0.0000000000
61082  30.221  -11.878  50.825 0.0000000000
62043  30.430  -11.018  49.687 0.0000000000
62059  30.542  -10.720  49.063 0.0000000000
77824  50.661  5.353  38.838 0.0000000000
128257  50.561  5.632  37.910 0.0000000000
77829  51.248  6.299  38.231 0.0000000000
74236  47.736  1.489  39.445 0.0000000000
73330  47.060  1.063  38.837 0.0000000000
65046  35.714  -8.006  52.862 0.0000000000
44643  21.654  -29.187  57.275 0.0000000000
45728  19.810  -27.551  55.430 0.0000000000
66068  38.241  -7.444  44.219 0.0000000000
66018  38.915  -6.659  47.625 0.0000000000
66017  39.777  -6.962  47.483 0.0000000000
46579  17.876  -26.564  67.095 0.0000000000
122289  17.754  -26.449  67.984 0.0000000000
40304  11.950  -33.131  68.187 0.0000000000
39397  11.451  -33.628  67.709 0.0000000000
38498  10.051  -34.401  69.340 0.0000000000
54668  36.408  -19.803  57.182 0.0000000000
54678  36.400  -19.753  56.327 0.0000000000
54689  37.076  -19.983  55.146 0.0000000000
53745  37.348  -20.549  55.392 0.0000000000
52742  37.475  -21.122  54.865 0.0000000000
132725  37.282  -21.753  54.519 0.0000000000
50600  26.637  -23.364  56.944 0.0000000000
50599  27.621  -23.056  56.917 0.0000000000
50616  27.004  -22.976  56.130 0.0000000000
50615  27.956  -22.787  56.018 0.0000000000
51677  28.281  -22.461  55.132 0.0000000000
51697  27.562  -22.260  54.481 0.0000000000
58276  29.835  -15.608  54.125 0.0000000000
58277  29.398  -15.697  53.364 0.0000000000
74194  47.613  1.848  43.104 0.0000000000
74225  50.178  1.930  40.134 0.0000000000
74226  49.461  1.718  40.064 0.0000000000
74234  49.061  1.817  39.551 0.0000000000
122648  35.928  -6.309  48.971 0.0000000000
66021  35.152  -6.810  48.774 0.0000000000
65079  33.425  -8.387  49.703 0.0000000000
66950  37.175  -6.385  52.695 0.0000000000
66949  37.714  -5.753  52.300 0.0000000000
67928  37.682  -5.677  51.454 0.0000000000
139087  37.621  -5.681  50.739 0.0000000000
66973  38.007  -5.670  50.034 0.0000000000
44606  14.246  -29.466  59.391 0.0000000000
44586  13.899  -29.401  60.337 0.0000000000
45633  27.518  -28.192  61.159 0.0000000000
45632  28.362  -28.095  61.248 0.0000000000
45646  27.012  -27.682  60.606 0.0000000000
46693  26.487  -27.272  60.044 0.0000000000
46749  23.609  -27.931  55.925 0.0000000000
48621  24.329  -25.353  56.600 0.0000000000
48631  23.494  -25.477  54.841 0.0000000000
118751  22.896  -25.286  53.905 0.0000000000
47750  22.444  -25.881  53.514 0.0000000000
47751  21.878  -26.192  53.088 0.0000000000
70576  43.790  -2.810  45.576 0.0000000000
71495  43.445  -1.885  45.203 0.0000000000
72393  43.161  -0.987  44.734 0.0000000000
72414  42.022  0.027  42.758 0.0000000000
128813  42.646  0.573  42.343 0.0000000000
73302  44.036  1.127  42.500 0.0000000000
73311  44.169  1.081  41.561 0.0000000000
73322  45.132  1.053  40.199 0.0000000000
133110  20.852  -28.822  61.077 0.0000000000
137617  21.105  -28.915  61.447 0.0000000000
44543  21.173  -28.155  63.319 0.0000000000
43552  23.183  -28.879  60.877 0.0000000000
43570  22.445  -28.779  60.034 0.0000000000
43553  22.402  -28.886  60.781 0.0000000000
43554  21.791  -29.014  60.775 0.0000000000
67967  43.512  -6.194  45.323 0.0000000000
45616  19.799  -27.694  61.653 0.0000000000
45602  18.358  -26.916  61.913 0.0000000000
46649  17.532  -26.756  62.310 0.0000000000
47623  16.110  -26.245  64.170 0.0000000000
137982  15.419  -26.713  63.197 0.0000000000
45603  14.448  -27.721  63.118 0.0000000000
43500  13.636  -29.177  63.204 0.0000000000
137912  14.373  -26.756  69.156 0.0000000000
45548  13.917  -28.001  68.434 0.0000000000
41317  13.009  -31.632  66.570 0.0000000000
42391  13.255  -31.257  66.498 0.0000000000
127357  13.218  -31.221  65.182 0.0000000000
42412  13.315  -30.917  64.556 0.0000000000
59170  32.298  -14.335  55.439 0.0000000000
58260  32.100  -15.189  55.895 0.0000000000
55549  34.413  -18.724  57.785 0.0000000000
55550  33.287  -18.531  57.571 0.0000000000
55560  32.228  -18.166  56.508 0.0000000000
56454  33.069  -17.821  54.832 0.0000000000
55584  35.116  -19.195  53.227 0.0000000000
52767  36.144  -21.010  52.792 0.0000000000
52779  34.840  -21.658  50.923 0.0000000000
51755  32.830  -22.379  50.595 0.0000000000
46690  29.851  -26.497  60.465 0.0000000000
46689  30.702  -26.164  60.499 0.0000000000
138602  30.963  -25.404  60.084 0.0000000000
47684  31.720  -25.009  59.989 0.0000000000
49571  31.283  -23.465  57.396 0.0000000000
48604  31.785  -23.907  58.131 0.0000000000
48618  33.840  -24.328  57.244 0.0000000000
48617  34.306  -24.373  57.009 0.0000000000
49582  34.517  -24.455  56.258 0.0000000000
49597  35.048  -24.265  55.446 0.0000000000
49610  33.498  -24.391  54.564 0.0000000000
50632  32.925  -24.240  53.854 0.0000000000
51710  30.333  -22.892  52.649 0.0000000000
51728  30.627  -22.788  51.908 0.0000000000
51741  30.443  -22.402  50.753 0.0000000000
128499  33.869  -11.326  53.920 0.0000000000
62002  33.661  -10.949  53.291 0.0000000000
62004  32.428  -11.085  52.519 0.0000000000
60123  29.082  -13.292  50.626 0.0000000000
61065  29.792  -12.503  51.160 0.0000000000
65992  35.715  -6.941  51.098 0.0000000000
65067  34.754  -7.995  51.154 0.0000000000
65056  34.943  -8.314  51.738 0.0000000000
65068  34.251  -8.362  50.896 0.0000000000
64106  32.709  -9.686  50.732 0.0000000000
131706  37.778  -6.058  53.849 0.0000000000
66938  37.304  -6.508  53.452 0.0000000000
46752  16.637  -27.338  56.912 0.0000000000
46751  17.469  -27.015  56.633 0.0000000000
46696  15.933  -26.989  59.539 0.0000000000
44621  23.731  -28.346  59.170 0.0000000000
45665  23.949  -27.997  58.743 0.0000000000
44640  23.493  -28.539  58.139 0.0000000000
44653  23.484  -28.825  57.324 0.0000000000
45710  23.598  -28.480  56.727 0.0000000000
44655  22.146  -29.355  56.387 0.0000000000
45711  23.323  -28.719  55.977 0.0000000000
45725  23.072  -28.412  55.247 0.0000000000
46794  22.142  -27.231  54.115 0.0000000000
138922  41.096  -2.307  43.678 0.0000000000
71518  41.097  -1.670  43.488 0.0000000000
43498  22.074  -28.627  63.437 0.0000000000
123286  23.009  -29.450  64.271 0.0000000000
135370  41.248  -6.411  48.572 0.0000000000
67004  41.454  -6.966  47.948 0.0000000000
66015  41.758  -7.712  47.164 0.0000000000
66054  41.816  -7.402  45.185 0.0000000000
66066  40.341  -7.243  44.319 0.0000000000
119150  40.010  -7.559  45.015 0.0000000000
66076  39.705  -7.124  43.517 0.0000000000
46622  18.701  -27.145  64.504 0.0000000000
46609  17.920  -26.723  65.089 0.0000000000
47614  16.961  -26.240  65.591 0.0000000000
47615  15.949  -26.032  65.139 0.0000000000
47616  14.964  -26.300  65.321 0.0000000000
43444  13.456  -30.008  68.876 0.0000000000
133353  13.386  -30.679  68.516 0.0000000000
41307  12.978  -31.670  67.804 0.0000000000
136895  12.896  -31.718  67.157 0.0000000000
41318  12.683  -32.079  66.669 0.0000000000
141493  12.569  -32.314  66.018 0.0000000000
40326  12.227  -32.713  65.659 0.0000000000
39412  11.135  -33.878  65.455 0.0000000000
122273  34.818  -18.524  56.200 0.0000000000
55577  35.167  -18.911  54.745 0.0000000000
54691  35.814  -19.472  54.322 0.0000000000
54699  36.342  -19.998  53.903 0.0000000000
52758  36.028  -21.787  52.700 0.0000000000
48607  28.638  -24.524  58.545 0.0000000000
48594  29.271  -24.837  58.895 0.0000000000
134393  29.392  -24.243  58.457 0.0000000000
49572  30.041  -23.673  57.980 0.0000000000
49612  31.965  -23.711  54.998 0.0000000000
50634  30.424  -23.019  54.265 0.0000000000
51696  28.864  -22.367  54.576 0.0000000000
50654  29.852  -22.736  53.786 0.0000000000
60084  31.970  -12.855  54.269 0.0000000000
60096  31.663  -12.551  53.591 0.0000000000
60098  30.018  -13.351  52.554 0.0000000000
59199  29.138  -14.188  52.054 0.0000000000
60111  28.965  -14.109  51.004 0.0000000000
140442  50.572  2.816  39.625 0.0000000000
75160  50.480  2.300  39.796 0.0000000000
76043  48.839  2.716  38.107 0.0000000000
122686  37.209  -7.051  46.538 0.0000000000
66022  34.523  -7.241  48.438 0.0000000000
65109  34.224  -7.625  46.748 0.0000000000
66971  39.869  -5.628  49.827 0.0000000000
66992  38.446  -5.787  49.154 0.0000000000
67007  38.711  -6.172  48.340 0.0000000000
137808  38.405  -6.818  47.195 0.0000000000
45599  31.655  -28.472  62.781 0.0000000000
139128  30.875  -28.468  62.451 0.0000000000
45614  30.432  -28.049  62.057 0.0000000000
45630  29.985  -27.615  61.474 0.0000000000
46680  28.722  -27.459  60.757 0.0000000000
46679  29.532  -27.220  60.877 0.0000000000
46708  25.081  -27.178  59.035 0.0000000000
46707  25.952  -26.866  59.460 0.0000000000
46722  25.504  -26.517  58.789 0.0000000000
128014  26.388  -26.243  59.090 0.0000000000
48596  27.672  -25.452  59.032 0.0000000000
48608  27.753  -24.883  58.618 0.0000000000
48609  26.928  -24.522  58.217 0.0000000000
49575  26.124  -24.070  57.561 0.0000000000
48619  25.396  -24.214  56.949 0.0000000000
50601  25.853  -23.650  56.813 0.0000000000
50618  24.932  -23.489  55.259 0.0000000000
50638  24.598  -23.234  54.562 0.0000000000
56466  31.766  -17.836  52.835 0.0000000000
74185  45.729  1.236  45.587 0.0000000000
136099  43.584  -0.285  44.739 0.0000000000
73293  42.737  0.294  43.255 0.0000000000
72392  44.083  -0.065  45.121 0.0000000000
74189  46.106  1.489  44.880 0.0000000000
140428  46.462  1.640  44.255 0.0000000000
74195  46.386  1.662  43.501 0.0000000000
74208  45.452  1.481  42.569 0.0000000000
129178  46.050  1.619  42.856 0.0000000000
74207  46.788  1.714  42.704 0.0000000000
74228  47.650  1.624  40.388 0.0000000000
45666  20.252  -28.257  58.316 0.0000000000
45667  19.539  -27.845  58.874 0.0000000000
45634  19.899  -27.844  60.824 0.0000000000
123491  20.413  -28.355  61.328 0.0000000000
43499  21.764  -28.487  63.789 0.0000000000
127427  21.289  -28.386  65.311 0.0000000000
44537  20.677  -27.864  64.762 0.0000000000
45580  20.036  -27.564  64.319 0.0000000000
45581  19.439  -27.430  64.694 0.0000000000
45560  19.617  -27.458  68.004 0.0000000000
44539  32.999  -28.994  64.222 0.0000000000
44551  30.884  -29.149  62.780 0.0000000000
44552  30.158  -29.541  62.729 0.0000000000
44563  28.517  -29.428  62.067 0.0000000000
44580  28.007  -28.828  61.627 0.0000000000
135426  27.196  -28.787  61.502 0.0000000000
44599  25.914  -28.268  60.836 0.0000000000
44600  25.138  -28.338  60.585 0.0000000000
43567  25.060  -28.729  61.091 0.0000000000
44601  24.421  -28.373  60.238 0.0000000000
43583  22.014  -28.855  59.363 0.0000000000
123071  22.156  -28.946  58.662 0.0000000000
134192  37.119  -7.496  45.054 0.0000000000
129485  44.789  -3.617  46.496 0.0000000000
69713  44.242  -3.659  45.880 0.0000000000
68835  44.306  -5.272  45.757 0.0000000000
132769  44.157  -4.364  45.569 0.0000000000
69714  43.735  -3.670  45.195 0.0000000000
135859  42.138  -6.269  44.514 0.0000000000
67987  41.287  -5.101  43.833 0.0000000000
69727  41.158  -3.647  43.823 0.0000000000
132335  40.695  -2.938  43.663 0.0000000000
125950  40.063  -3.009  43.420 0.0000000000
46683  15.362  -27.281  60.163 0.0000000000
138034  17.653  -26.785  62.982 0.0000000000
45637  14.735  -27.841  60.402 0.0000000000
44585  14.228  -28.499  60.634 0.0000000000
125989  13.928  -28.538  62.081 0.0000000000
133082  13.585  -29.867  61.202 0.0000000000
47595  15.115  -25.921  67.284 0.0000000000
46611  14.722  -26.425  66.046 0.0000000000
46610  14.315  -27.035  65.602 0.0000000000
124488  13.745  -28.610  68.781 0.0000000000
45547  13.684  -28.587  68.161 0.0000000000
43456  13.458  -29.969  67.335 0.0000000000
44516  13.471  -29.153  66.900 0.0000000000
45561  13.619  -28.447  67.381 0.0000000000
45576  13.761  -27.915  65.537 0.0000000000
44538  13.734  -28.554  64.302 0.0000000000
43501  13.521  -30.011  63.524 0.0000000000
43488  13.457  -30.254  64.296 0.0000000000
42444  13.380  -30.621  63.021 0.0000000000
140979  8.272  -35.417  69.964 0.0000000000
129172  7.626  -36.010  69.857 0.0000000000
60083  32.721  -12.463  54.486 0.0000000000
59181  31.035  -14.677  54.810 0.0000000000
57346  30.283  -16.527  54.242 0.0000000000
56457  30.774  -17.308  53.991 0.0000000000
127887  31.655  -16.791  56.691 0.0000000000
57334  31.416  -16.903  56.043 0.0000000000
121074  31.765  -17.695  56.176 0.0000000000
120386  32.667  -18.085  52.626 0.0000000000
55585  33.461  -18.422  52.288 0.0000000000
54723  35.164  -19.827  51.016 0.0000000000
125099  34.811  -20.425  49.818 0.0000000000
53793  34.377  -20.795  49.108 0.0000000000
141398  33.956  -21.238  49.456 0.0000000000
52809  33.608  -21.412  48.845 0.0000000000
52729  36.588  -21.466  56.985 0.0000000000
45612  31.971  -27.533  62.436 0.0000000000
45611  32.707  -27.269  62.663 0.0000000000
46662  33.175  -26.570  62.233 0.0000000000
46677  32.075  -26.211  61.439 0.0000000000
46676  32.902  -26.048  61.647 0.0000000000
47651  33.700  -26.021  61.678 0.0000000000
47657  34.816  -25.314  60.608 0.0000000000
143074  31.210  -24.805  59.614 0.0000000000
47683  32.529  -24.741  59.767 0.0000000000
47682  33.341  -24.691  59.702 0.0000000000
47681  34.063  -24.727  59.729 0.0000000000
47667  35.176  -24.949  60.220 0.0000000000
48583  35.131  -24.677  59.725 0.0000000000
48601  34.624  -24.101  57.569 0.0000000000
49567  35.533  -23.439  57.702 0.0000000000
49566  36.068  -23.220  58.084 0.0000000000
50587  36.222  -22.759  57.597 0.0000000000
50594  36.378  -22.578  56.694 0.0000000000
51676  36.883  -22.152  56.213 0.0000000000
51693  36.960  -22.500  54.571 0.0000000000
51694  36.282  -23.015  53.997 0.0000000000
49608  35.258  -23.995  54.428 0.0000000000
50629  35.867  -23.552  54.396 0.0000000000
51709  35.206  -23.216  52.593 0.0000000000
126506  32.256  -24.002  54.205 0.0000000000
50652  31.333  -23.445  53.365 0.0000000000
50651  33.120  -24.173  52.961 0.0000000000
50669  33.476  -23.746  52.278 0.0000000000
51725  33.930  -23.189  51.761 0.0000000000
51757  31.270  -22.409  50.321 0.0000000000
51756  32.036  -22.292  50.003 0.0000000000
64068  35.069  -9.543  53.615 0.0000000000
64080  34.205  -9.660  52.521 0.0000000000
63075  33.491  -10.558  52.695 0.0000000000
63082  33.726  -9.947  52.348 0.0000000000
120215  31.989  -9.994  50.359 0.0000000000
61063  31.425  -11.438  52.029 0.0000000000
122486  30.887  -11.504  51.316 0.0000000000
120601  31.376  -11.093  51.315 0.0000000000
62025  31.641  -10.612  50.866 0.0000000000
63100  31.646  -9.763  49.305 0.0000000000
74235  48.420  1.660  39.102 0.0000000000
74242  48.356  1.676  38.148 0.0000000000
40303  12.381  -32.644  68.618 0.0000000000
42360  13.229  -30.733  69.277 0.0000000000
42367  13.255  -31.253  68.124 0.0000000000
42377  13.188  -31.323  67.255 0.0000000000
44581  26.482  -28.622  61.361 0.0000000000
46595  14.207  -26.976  66.308 0.0000000000
47668  34.685  -24.781  59.854 0.0000000000
47669  34.302  -25.128  60.323 0.0000000000
47688  27.265  -26.019  59.301 0.0000000000
49580  35.901  -22.975  57.163 0.0000000000
50586  36.552  -22.524  57.966 0.0000000000
50636  29.098  -22.427  55.183 0.0000000000
50637  25.181  -22.985  54.813 0.0000000000
51665  36.559  -21.968  57.426 0.0000000000
51666  36.534  -21.968  56.746 0.0000000000
52749  37.051  -21.920  53.951 0.0000000000
54684  36.966  -20.131  55.875 0.0000000000
54685  36.470  -19.676  55.532 0.0000000000
127870  15.385  -26.054  65.797 0.0000000000
