#!ascii label  , from subject sub-v1s0x0050654_ses-1 vox2ras=TkReg
780
77427  15.605  4.600  -10.361 0.2500000000
127522  16.186  4.156  -10.623 0.2500000000
76542  16.386  3.501  -10.609 0.7500000000
126468  15.040  7.134  -10.885 0.2500000000
79266  15.083  6.265  -10.757 0.1250000000
78325  15.197  5.456  -10.553 0.2500000000
77428  15.042  4.831  -10.079 0.2500000000
77436  16.279  4.718  -11.061 0.7500000000
141171  16.934  3.364  -11.161 0.8750000000
76557  16.730  4.066  -11.305 0.8750000000
75655  18.063  3.159  -12.209 0.8750000000
78336  15.732  5.861  -11.185 0.3750000000
78335  16.332  5.358  -11.507 0.8750000000
78324  15.877  5.221  -10.884 0.7500000000
139786  17.823  4.389  -12.501 1.0000000000
77450  17.336  4.990  -12.286 1.0000000000
77451  16.775  4.811  -11.763 0.8750000000
76571  17.784  3.838  -12.230 1.0000000000
76572  17.289  4.302  -11.975 0.8750000000
139968  18.890  2.949  -13.623 1.0000000000
79287  15.665  6.739  -11.504 0.7500000000
131954  16.479  6.737  -12.249 0.8750000000
79276  16.408  6.091  -11.837 0.8750000000
77466  18.231  4.960  -13.289 1.0000000000
77467  17.834  5.062  -12.726 1.0000000000
78344  17.398  5.657  -12.527 1.0000000000
76597  19.020  3.790  -14.185 1.0000000000
77449  18.272  4.339  -13.039 1.0000000000
76584  18.705  3.597  -13.640 1.0000000000
76570  18.369  3.578  -12.853 1.0000000000
80147  14.939  7.587  -10.713 0.1250000000
80177  15.386  7.590  -11.402 0.6250000000
80190  16.019  7.395  -12.077 0.8750000000
79286  16.992  6.167  -12.399 1.0000000000
77481  18.750  4.736  -14.098 1.0000000000
78356  18.261  5.469  -13.617 1.0000000000
78357  17.810  5.739  -12.994 1.0000000000
79285  17.373  6.165  -12.688 1.0000000000
77480  19.538  4.207  -14.360 1.0000000000
130794  18.572  4.263  -13.645 1.0000000000
76595  21.650  3.633  -14.721 1.0000000000
129419  19.946  3.535  -14.363 1.0000000000
140930  13.938  11.434  -11.040 0.2500000000
81053  14.919  8.000  -10.684 0.2500000000
81852  14.987  8.689  -10.972 0.3750000000
81071  15.680  8.019  -12.012 1.0000000000
81059  15.294  8.210  -11.330 0.6250000000
140099  17.279  6.957  -13.120 1.0000000000
80189  16.582  7.345  -12.648 1.0000000000
78370  19.674  4.939  -14.445 1.0000000000
78371  18.862  5.730  -14.226 1.0000000000
79316  17.654  6.831  -13.584 1.0000000000
121762  19.935  5.683  -14.501 1.0000000000
77479  20.575  4.266  -14.655 1.0000000000
78368  21.560  5.551  -15.155 1.0000000000
125495  21.539  4.691  -15.129 1.0000000000
82652  14.227  10.095  -11.003 0.3750000000
81853  14.401  9.142  -10.798 0.5000000000
82661  14.690  10.017  -11.442 0.5000000000
81869  15.535  9.420  -12.510 0.8750000000
81086  15.979  8.541  -12.677 1.0000000000
81886  16.094  9.361  -13.267 1.0000000000
80200  17.312  7.402  -13.500 1.0000000000
81085  16.559  8.007  -13.093 1.0000000000
80215  19.495  7.382  -14.473 1.0000000000
80216  17.929  7.485  -14.034 1.0000000000
79312  21.520  6.498  -14.918 1.0000000000
79313  20.709  6.081  -14.711 1.0000000000
78367  22.246  5.079  -15.315 0.8750000000
84296  13.697  12.185  -10.784 0.5000000000
83466  14.349  10.956  -11.497 0.5000000000
82668  14.909  10.789  -12.291 0.6250000000
82667  15.356  10.236  -12.714 1.0000000000
82660  15.166  9.942  -12.020 0.7500000000
135800  16.636  9.495  -13.833 1.0000000000
120380  19.656  8.873  -14.521 1.0000000000
81097  18.795  8.917  -14.624 1.0000000000
133374  18.361  8.199  -14.391 1.0000000000
81098  17.526  8.171  -14.015 1.0000000000
81096  20.151  8.028  -14.551 1.0000000000
140905  18.697  7.625  -14.352 1.0000000000
130602  21.026  7.475  -14.510 0.8750000000
80214  20.488  7.006  -14.563 1.0000000000
83473  14.016  11.865  -11.651 0.5000000000
128797  14.393  11.571  -12.184 0.8750000000
123186  16.853  11.290  -14.724 1.0000000000
82698  16.151  10.968  -14.087 1.0000000000
81903  19.075  9.651  -14.846 1.0000000000
137573  17.943  10.442  -14.935 1.0000000000
82694  19.189  10.498  -14.957 1.0000000000
81095  21.475  7.937  -14.084 1.0000000000
125883  20.662  8.294  -14.304 1.0000000000
122293  19.734  9.675  -14.467 1.0000000000
81901  21.127  8.824  -13.936 1.0000000000
84304  13.882  12.358  -11.037 0.5000000000
84312  14.355  12.312  -12.416 0.8750000000
83480  14.929  11.867  -13.071 1.0000000000
85190  16.604  13.249  -15.360 1.0000000000
83509  16.434  11.960  -14.665 1.0000000000
83494  15.682  11.992  -14.116 1.0000000000
84331  18.993  12.028  -14.878 1.0000000000
125563  18.407  11.979  -15.277 1.0000000000
83504  20.118  11.178  -13.926 1.0000000000
83505  19.483  11.244  -14.646 1.0000000000
83506  18.773  11.379  -15.129 1.0000000000
81885  20.497  9.692  -13.968 1.0000000000
82693  19.911  10.466  -14.222 1.0000000000
87968  14.487  16.857  -13.014 1.0000000000
129371  14.481  16.552  -12.049 0.3750000000
87081  14.804  16.215  -13.545 0.8750000000
129539  15.606  14.392  -14.879 1.0000000000
84322  19.087  12.851  -14.492 1.0000000000
135257  18.311  12.687  -15.282 1.0000000000
88856  15.303  17.825  -13.767 0.8750000000
87977  15.735  17.322  -14.432 1.0000000000
87978  15.058  16.974  -13.926 1.0000000000
87080  15.310  16.030  -14.254 1.0000000000
87985  16.150  16.541  -14.894 1.0000000000
86121  16.419  14.755  -15.455 1.0000000000
85181  18.356  13.557  -14.883 1.0000000000
85173  18.396  14.226  -14.382 1.0000000000
85172  20.004  13.113  -13.443 1.0000000000
89666  15.547  18.508  -13.535 0.7500000000
87976  16.367  17.434  -14.546 1.0000000000
87079  17.313  16.412  -14.630 1.0000000000
87076  19.431  14.841  -13.194 1.0000000000
86112  18.182  14.983  -14.258 1.0000000000
87984  16.708  16.797  -14.791 1.0000000000
87078  18.023  15.884  -14.090 1.0000000000
92249  18.054  21.624  -9.491 0.1250000000
137153  18.286  21.670  -11.082 0.2500000000
131398  18.471  22.086  -10.588 0.1250000000
92268  18.656  22.426  -11.655 0.3750000000
93191  18.719  23.192  -10.871 0.2500000000
136327  19.307  22.650  -12.229 0.5000000000
93205  19.053  23.335  -11.813 0.2500000000
93204  20.263  23.096  -12.153 0.3750000000
94054  19.082  23.953  -11.179 0.2500000000
94053  19.791  23.851  -11.619 0.2500000000
94052  20.795  23.788  -11.784 0.3750000000
94051  21.638  23.801  -11.888 0.3750000000
94876  21.242  24.417  -11.663 0.2500000000
77411  15.048  4.188  -9.459 0.1250000000
78326  14.958  5.720  -10.605 0.1250000000
75682  20.333  2.879  -14.277 1.0000000000
83521  18.154  11.644  -15.328 1.0000000000
128318  15.081  3.535  -9.287 0.1250000000
75639  17.489  2.757  -11.468 0.7500000000
79249  14.928  6.627  -10.822 0.1250000000
74774  18.302  2.325  -12.140 1.0000000000
75654  18.778  2.611  -12.941 1.0000000000
75670  19.944  2.357  -14.024 1.0000000000
75681  21.149  3.012  -14.387 1.0000000000
130374  14.373  8.538  -10.567 0.3750000000
82653  13.205  10.092  -9.959 0.2500000000
80213  21.914  7.183  -14.517 0.8750000000
124325  22.166  5.818  -15.263 0.8750000000
87052  14.223  16.254  -9.840 0.1250000000
87051  14.460  15.793  -11.500 0.1250000000
130629  13.814  12.858  -10.806 0.3750000000
132710  14.473  13.177  -12.661 0.6250000000
82678  20.918  10.640  -13.727 1.0000000000
128649  21.864  8.341  -13.849 0.8750000000
88857  14.741  17.523  -13.238 0.8750000000
87057  14.436  15.361  -11.839 0.3750000000
86101  14.474  14.787  -12.454 0.8750000000
84330  19.823  12.036  -13.958 1.0000000000
88855  15.950  18.101  -14.204 1.0000000000
86111  18.877  14.511  -13.700 1.0000000000
89677  16.841  18.804  -13.593 0.8750000000
88853  17.541  18.140  -13.855 1.0000000000
87975  17.921  16.739  -14.136 1.0000000000
87077  18.792  15.344  -13.545 1.0000000000
92246  17.822  21.560  -8.371 0.1250000000
92252  17.376  21.106  -9.631 0.1250000000
91370  18.079  20.592  -11.745 0.6250000000
126822  18.500  21.415  -11.662 0.6250000000
92266  20.219  22.089  -12.364 0.5000000000
93203  21.382  22.293  -12.145 0.5000000000
94036  18.889  23.271  -9.987 0.2500000000
132303  21.508  23.153  -12.054 0.5000000000
94865  19.526  24.395  -10.631 0.1250000000
94877  20.379  24.304  -11.330 0.2500000000
95666  21.788  25.042  -11.837 0.2500000000
94875  22.091  24.222  -11.919 0.3750000000
94878  19.742  24.327  -11.108 0.1250000000
76543  15.798  3.761  -9.969 0.3750000000
76556  17.361  3.601  -11.725 0.8750000000
78345  16.875  5.512  -12.101 1.0000000000
76583  19.343  2.942  -14.140 1.0000000000
79298  17.062  6.756  -12.741 1.0000000000
79297  17.519  6.450  -13.053 1.0000000000
76596  20.921  3.499  -14.589 1.0000000000
122221  15.427  8.664  -11.828 0.8750000000
81070  16.207  7.853  -12.519 1.0000000000
80201  16.952  7.360  -13.068 1.0000000000
78369  20.697  5.202  -14.790 1.0000000000
79296  18.011  6.154  -13.610 1.0000000000
79315  18.558  6.799  -14.143 1.0000000000
79314  19.683  6.458  -14.447 1.0000000000
81863  15.118  9.311  -11.472 0.6250000000
135261  16.441  8.777  -13.320 1.0000000000
82680  15.756  10.141  -13.332 1.0000000000
81084  16.986  7.861  -13.474 1.0000000000
81099  16.954  8.686  -13.784 1.0000000000
83479  15.430  10.991  -13.311 1.0000000000
82679  16.305  10.066  -13.770 1.0000000000
81902  20.253  8.961  -14.197 1.0000000000
129074  19.233  8.218  -14.532 1.0000000000
124366  17.553  8.977  -14.347 1.0000000000
81904  18.186  9.556  -14.742 1.0000000000
83507  17.377  11.516  -15.048 1.0000000000
82713  17.835  11.252  -15.150 1.0000000000
82696  17.362  10.802  -14.801 1.0000000000
122240  18.593  10.243  -14.999 1.0000000000
81905  17.294  9.758  -14.466 1.0000000000
82695  18.420  10.924  -15.144 1.0000000000
84303  14.121  12.779  -11.760 0.6250000000
84324  14.758  12.702  -13.140 0.7500000000
84323  15.253  12.739  -13.888 1.0000000000
129346  16.134  12.609  -14.748 1.0000000000
84333  15.748  12.873  -14.557 1.0000000000
84340  16.573  12.680  -15.116 1.0000000000
132372  15.531  13.595  -14.569 1.0000000000
85189  17.035  13.417  -15.462 1.0000000000
84339  17.643  12.751  -15.492 1.0000000000
83522  17.627  12.036  -15.370 1.0000000000
87066  14.511  15.854  -12.724 0.7500000000
86114  14.876  15.204  -13.597 1.0000000000
85183  16.348  13.992  -15.466 1.0000000000
127002  15.192  14.311  -14.126 1.0000000000
86113  15.450  15.113  -14.615 1.0000000000
85182  17.677  13.518  -15.407 1.0000000000
89678  16.122  18.627  -13.917 0.8750000000
87092  15.773  15.799  -14.904 1.0000000000
121492  16.891  15.104  -15.312 1.0000000000
86119  17.652  14.432  -15.004 1.0000000000
87091  16.276  15.528  -15.267 1.0000000000
85180  19.013  13.698  -13.967 1.0000000000
138451  17.228  17.370  -14.402 1.0000000000
87089  17.414  15.481  -14.790 1.0000000000
88854  16.626  18.148  -14.174 1.0000000000
92251  17.862  21.395  -10.363 0.1250000000
93182  18.679  22.494  -9.887 0.2500000000
92267  19.171  21.850  -12.274 0.7500000000
76507  15.094  3.207  -9.353 0.1250000000
76525  15.448  3.213  -9.173 0.1250000000
75640  16.762  2.790  -10.656 0.6250000000
130250  13.895  15.418  -10.119 0.5000000000
85150  14.069  13.254  -11.110 0.6250000000
85174  14.928  13.434  -13.618 0.8750000000
85149  14.324  13.796  -11.928 0.7500000000
85163  14.639  14.105  -13.102 0.8750000000
86084  14.262  14.649  -11.285 0.7500000000
86087  14.335  14.496  -11.653 0.8750000000
88843  18.556  18.172  -13.196 1.0000000000
87065  18.772  16.383  -13.375 1.0000000000
91361  17.102  20.869  -10.293 0.3750000000
91369  19.075  20.899  -12.136 0.7500000000
95679  22.344  25.545  -12.416 0.2500000000
94889  22.548  24.687  -12.231 0.3750000000
72046  18.618  -1.781  -10.705 0.7500000000
72045  20.446  -1.891  -10.966 0.7500000000
72047  17.884  -1.232  -10.166 0.7500000000
139078  17.490  -0.469  -9.856 0.7500000000
72059  19.957  -1.521  -11.533 0.7500000000
72060  19.107  -1.374  -11.280 0.7500000000
72933  18.813  -0.505  -11.467 0.7500000000
72920  17.964  -0.324  -10.664 0.7500000000
72932  20.221  -0.965  -12.050 0.7500000000
74743  17.654  1.370  -10.892 0.7500000000
75623  17.292  2.058  -10.734 0.6250000000
73819  18.896  0.488  -12.020 0.7500000000
73820  18.169  1.021  -11.445 0.8750000000
72931  20.785  -0.751  -12.169 0.7500000000
72948  20.385  -0.274  -12.481 0.7500000000
73835  19.241  1.251  -12.659 0.8750000000
139698  18.892  1.941  -12.632 0.8750000000
73832  21.584  0.717  -12.662 0.7500000000
73833  20.635  0.638  -12.911 0.7500000000
74772  19.903  1.261  -13.094 0.8750000000
74773  19.390  1.901  -13.202 0.8750000000
74770  21.170  1.436  -13.326 0.7500000000
74771  20.417  1.448  -13.340 0.8750000000
74788  20.501  1.933  -13.755 0.8750000000
75653  22.416  2.266  -13.223 0.8750000000
75668  21.409  2.558  -14.057 0.8750000000
75667  22.097  2.735  -13.859 0.8750000000
76582  21.820  3.200  -14.362 0.8750000000
77448  24.000  3.975  -13.549 0.3750000000
76580  23.194  3.672  -13.974 0.6250000000
77465  22.738  4.018  -14.710 0.7500000000
76594  22.191  3.730  -14.694 0.7500000000
77447  24.630  4.383  -13.007 0.5000000000
77464  23.475  4.383  -14.326 0.7500000000
77476  22.877  4.733  -15.067 0.7500000000
78343  24.916  5.073  -13.191 0.1250000000
78354  24.475  5.583  -13.808 0.3750000000
78355  23.664  5.358  -14.524 0.6250000000
137130  22.807  5.610  -15.148 0.6250000000
79283  25.865  6.193  -12.640 0.1250000000
79284  25.148  5.859  -13.234 0.1250000000
79294  24.676  6.359  -13.811 0.1250000000
80198  24.849  7.099  -13.960 0.1250000000
79310  23.371  6.372  -14.635 0.6250000000
80212  22.817  7.096  -14.482 0.6250000000
79293  25.363  6.659  -13.402 0.1250000000
140252  24.933  7.788  -14.234 0.1250000000
141522  24.345  7.442  -14.263 0.1250000000
126995  23.186  7.832  -14.181 0.5000000000
81094  22.281  7.747  -14.025 0.6250000000
80188  26.003  7.045  -13.014 0.1250000000
141068  23.628  8.739  -14.428 0.5000000000
130072  22.618  8.459  -13.921 0.6250000000
81900  22.013  9.079  -13.749 0.7500000000
89665  15.956  18.895  -13.206 0.6250000000
139409  16.228  19.666  -12.059 0.5000000000
89664  17.467  19.303  -12.981 0.7500000000
81882  22.866  9.330  -13.892 0.6250000000
82677  21.965  10.449  -13.429 0.6250000000
131999  22.958  10.262  -13.623 0.5000000000
138029  22.572  10.988  -13.290 0.6250000000
83492  21.769  11.260  -13.289 0.7500000000
90490  16.490  19.322  -12.772 0.7500000000
83493  20.796  11.598  -13.521 0.8750000000
86110  19.695  14.120  -13.265 0.8750000000
86100  20.273  14.746  -12.790 0.8750000000
84321  21.573  12.067  -13.019 0.7500000000
85171  21.279  12.989  -12.799 0.8750000000
85162  20.706  13.886  -12.824 0.8750000000
86099  21.517  14.603  -12.506 0.8750000000
82676  23.762  10.421  -13.972 0.3750000000
83491  23.383  11.122  -13.449 0.5000000000
84311  22.261  12.532  -12.654 0.6250000000
83490  24.107  11.038  -13.986 0.2500000000
84320  22.730  11.748  -12.826 0.5000000000
90489  16.933  19.770  -12.325 0.6250000000
90488  18.079  19.876  -12.368 0.7500000000
89676  17.811  18.721  -13.368 0.8750000000
87967  19.982  16.405  -12.441 0.7500000000
87063  20.819  15.508  -12.471 0.8750000000
125083  21.614  13.766  -12.602 0.7500000000
84319  23.822  12.004  -13.219 0.3750000000
86098  22.777  14.646  -12.302 0.7500000000
84318  24.308  11.702  -14.117 0.2500000000
90478  17.243  20.214  -11.865 0.6250000000
89663  18.596  19.110  -12.850 0.8750000000
89662  19.242  18.521  -12.617 0.8750000000
88842  19.373  17.912  -12.603 0.8750000000
89661  20.011  18.252  -11.945 0.7500000000
87966  20.759  16.816  -11.908 0.8750000000
87964  22.361  16.244  -12.022 0.7500000000
139471  22.327  14.024  -12.492 0.5000000000
85169  24.431  13.189  -13.873 0.2500000000
85170  24.245  13.500  -13.212 0.5000000000
130676  23.936  12.909  -12.904 0.5000000000
91382  18.844  20.304  -12.261 0.6250000000
136544  19.919  19.691  -12.289 0.7500000000
89650  20.626  19.192  -11.988 0.7500000000
89660  21.271  18.319  -11.747 0.7500000000
90476  21.442  19.926  -11.988 0.7500000000
88840  21.915  17.674  -11.722 0.7500000000
133142  21.930  16.903  -11.812 0.7500000000
88839  22.943  17.510  -11.934 0.7500000000
87061  23.343  15.312  -12.261 0.5000000000
131113  23.802  15.925  -12.459 0.3750000000
87963  23.226  16.645  -12.196 0.6250000000
127033  24.468  14.031  -13.835 0.2500000000
87074  24.416  15.038  -13.342 0.3750000000
87075  24.110  15.193  -12.638 0.3750000000
91368  20.157  21.045  -12.358 0.6250000000
90477  19.635  20.302  -12.291 0.7500000000
90475  22.488  19.879  -11.642 0.7500000000
89648  23.032  19.096  -11.654 0.7500000000
89658  23.720  18.332  -11.970 0.6250000000
87973  24.507  16.571  -13.374 0.3750000000
88851  23.945  17.398  -12.378 0.3750000000
86118  24.467  13.896  -14.856 0.1250000000
127047  24.394  15.793  -14.840 0.1250000000
128003  24.523  15.792  -13.761 0.2500000000
141869  21.113  20.625  -12.232 0.7500000000
90474  23.514  19.907  -11.526 0.7500000000
89675  24.455  18.099  -12.654 0.3750000000
89659  22.481  18.299  -11.737 0.7500000000
88862  24.608  17.287  -13.931 0.2500000000
88850  24.514  17.315  -13.032 0.3750000000
130667  23.613  15.454  -16.922 0.1250000000
129762  24.111  15.712  -15.887 0.1250000000
86126  24.213  14.217  -15.668 0.1250000000
92265  21.256  21.374  -12.196 0.6250000000
138088  22.983  20.644  -11.572 0.3750000000
91367  21.980  20.662  -11.854 0.3750000000
90473  24.094  19.998  -11.661 0.3750000000
90505  24.493  19.579  -14.728 0.2500000000
89657  24.382  18.930  -12.341 0.3750000000
89647  23.969  19.308  -11.770 0.3750000000
88879  24.213  17.242  -15.847 0.1250000000
131050  24.617  18.001  -14.566 0.3750000000
124915  24.664  18.037  -13.580 0.3750000000
129258  23.082  15.128  -17.888 0.1250000000
88869  24.493  17.258  -14.902 0.1250000000
93202  22.342  22.472  -11.930 0.3750000000
92264  22.383  21.528  -11.799 0.3750000000
92280  23.649  21.946  -11.802 0.3750000000
131780  23.012  21.965  -11.736 0.3750000000
127602  24.479  20.965  -13.725 0.3750000000
133080  24.380  21.264  -12.222 0.3750000000
92262  24.070  21.284  -11.734 0.3750000000
91402  24.507  20.273  -14.207 0.3750000000
90502  24.648  19.523  -13.757 0.3750000000
139900  24.510  20.126  -12.541 0.3750000000
89707  22.944  18.228  -17.656 0.1250000000
89686  24.424  18.724  -15.313 0.1250000000
88886  22.933  16.695  -18.001 0.1250000000
94063  23.954  23.108  -12.644 0.2500000000
93223  24.380  22.441  -13.581 0.2500000000
93214  24.268  22.522  -12.769 0.3750000000
93215  23.801  22.606  -12.134 0.3750000000
92317  24.013  21.221  -15.191 0.1250000000
92292  24.445  21.703  -13.063 0.3750000000
92279  24.220  21.936  -12.121 0.3750000000
91413  24.249  20.402  -15.049 0.1250000000
92316  24.327  20.945  -14.517 0.2500000000
140133  22.676  19.758  -17.576 0.1250000000
140786  22.725  23.974  -12.124 0.3750000000
94064  23.297  23.378  -12.243 0.3750000000
94072  24.213  23.112  -13.388 0.2500000000
143561  23.847  21.923  -15.284 0.1250000000
129904  23.462  23.039  -15.517 0.1250000000
92327  23.412  21.545  -15.980 0.1250000000
93243  22.761  23.010  -16.174 0.1250000000
90524  22.310  19.089  -18.362 0.1250000000
92337  22.081  21.469  -17.431 0.1250000000
94915  22.504  24.652  -16.155 0.1250000000
93272  21.370  22.303  -17.633 0.1250000000
93260  21.750  22.896  -17.014 0.1250000000
92353  21.234  21.055  -18.941 0.1250000000
91443  21.575  20.152  -19.048 0.1250000000
74789  19.886  1.902  -13.623 0.8750000000
76569  22.817  3.005  -13.558 0.6250000000
122350  20.677  12.365  -13.333 0.8750000000
85161  22.351  13.290  -12.558 0.5000000000
131064  24.270  12.667  -13.548 0.3750000000
90487  19.141  19.760  -12.451 0.8750000000
90486  19.600  19.093  -12.355 0.8750000000
88841  20.909  17.515  -11.765 0.7500000000
86097  23.657  14.667  -12.465 0.5000000000
86109  24.194  14.377  -12.930 0.5000000000
89687  23.814  18.961  -16.285 0.1250000000
92304  23.948  22.601  -15.024 0.2500000000
93259  22.728  22.247  -16.470 0.1250000000
91432  21.643  20.661  -18.442 0.1250000000
79295  24.091  6.104  -14.275 0.5000000000
79311  22.460  6.443  -15.029 0.7500000000
82692  23.675  9.663  -14.274 0.3750000000
82675  24.185  10.026  -14.942 0.2500000000
91414  23.741  20.625  -15.826 0.1250000000
83503  24.537  10.272  -15.567 0.1250000000
141121  19.565  -2.621  -10.511 0.7500000000
71170  18.960  -2.511  -10.444 0.7500000000
135630  17.332  -0.899  -9.388 0.7500000000
71168  20.213  -2.618  -10.506 0.7500000000
71169  19.544  -2.075  -10.893 0.7500000000
72044  21.162  -1.613  -10.754 0.7500000000
73806  17.101  1.248  -10.109 0.6250000000
72934  18.313  0.262  -11.266 0.7500000000
72918  21.564  -0.974  -10.967 0.6250000000
73818  21.133  -0.131  -12.410 0.7500000000
73817  22.003  0.186  -11.784 0.6250000000
74769  22.063  1.460  -13.008 0.6250000000
76555  23.837  3.081  -12.206 0.3750000000
75652  23.149  2.643  -12.734 0.5000000000
76567  24.281  3.727  -12.651 0.1250000000
77446  25.143  4.737  -12.546 0.1250000000
78342  25.488  5.341  -12.560 0.1250000000
79275  26.507  6.205  -11.925 0.1250000000
79282  26.391  6.766  -12.399 0.1250000000
80196  26.191  7.812  -13.324 0.1250000000
81083  25.689  8.258  -14.127 0.1250000000
80209  24.880  8.365  -14.557 0.1250000000
81093  24.365  8.772  -15.005 0.1250000000
81899  24.146  9.339  -15.131 0.2500000000
90479  16.385  20.096  -11.677 0.5000000000
84329  24.459  11.144  -15.309 0.1250000000
83489  24.365  10.803  -14.743 0.2500000000
128309  24.359  12.030  -15.550 0.1250000000
86131  23.540  13.400  -16.988 0.1250000000
91371  16.894  20.569  -11.131 0.3750000000
87103  23.216  14.374  -17.509 0.1250000000
88005  22.496  15.459  -18.622 0.1250000000
87108  22.565  14.223  -18.567 0.1250000000
89708  22.427  18.248  -18.425 0.1250000000
88900  21.619  17.843  -20.090 0.1250000000
93181  19.051  22.822  -9.250 0.1250000000
94898  23.493  24.479  -13.325 0.2500000000
94907  23.496  24.655  -14.240 0.1250000000
95705  22.710  25.523  -15.625 0.1250000000
94099  22.098  23.763  -16.587 0.1250000000
92338  21.376  21.525  -18.185 0.1250000000
90535  21.468  19.464  -19.948 0.1250000000
77477  22.158  4.240  -15.065 0.7500000000
81884  21.445  9.753  -13.703 0.7500000000
88845  14.857  18.150  -13.006 0.3750000000
87064  19.626  15.534  -12.886 0.8750000000
75669  20.705  2.425  -14.091 0.8750000000
74757  17.902  1.849  -11.492 0.7500000000
74756  18.549  1.481  -12.105 0.8750000000
74790  19.340  2.399  -13.782 0.8750000000
88852  18.214  17.402  -13.761 0.8750000000
129153  19.126  17.284  -12.961 0.8750000000
94050  22.407  23.363  -12.004 0.3750000000
131945  23.008  25.051  -12.762 0.1250000000
72919  18.433  -1.071  -10.902 0.7500000000
71171  18.170  -2.136  -10.024 0.7500000000
71167  20.869  -2.163  -10.459 0.7500000000
72058  20.782  -1.287  -11.602 0.7500000000
131193  19.549  -0.999  -11.748 0.7500000000
72949  19.608  -0.368  -12.143 0.7500000000
73805  17.743  0.643  -10.728 0.7500000000
75624  16.642  2.120  -9.980 0.6250000000
73834  19.734  0.424  -12.662 0.8750000000
74786  21.719  2.039  -13.594 0.7500000000
74787  21.092  2.067  -13.801 0.8750000000
76581  22.474  3.420  -14.243 0.7500000000
76568  23.573  3.335  -13.131 0.5000000000
77463  24.267  4.748  -13.789 0.5000000000
80199  24.168  6.789  -14.261 0.5000000000
80211  23.668  7.259  -14.337 0.5000000000
80197  25.551  7.431  -13.713 0.1250000000
80210  24.128  8.067  -14.469 0.1250000000
81883  22.244  9.786  -13.600 0.6250000000
87062  22.193  15.504  -12.179 0.7500000000
84310  23.181  12.670  -12.631 0.5000000000
87965  21.334  16.201  -12.070 0.7500000000
130015  19.923  17.328  -12.115 0.7500000000
129763  23.032  15.935  -12.158 0.6250000000
85160  23.438  13.754  -12.590 0.5000000000
85179  24.495  13.128  -14.665 0.1250000000
130100  24.458  12.354  -14.424 0.2500000000
132437  20.513  20.124  -12.269 0.7500000000
89649  21.870  19.100  -11.729 0.7500000000
130840  24.382  15.853  -12.956 0.3750000000
87974  24.196  16.606  -12.694 0.3750000000
87983  24.521  16.548  -14.325 0.3750000000
87088  24.468  14.881  -14.478 0.1250000000
87992  24.318  16.514  -15.359 0.1250000000
87097  24.273  15.121  -15.440 0.1250000000
89674  24.678  18.797  -13.190 0.3750000000
90485  24.329  19.715  -12.110 0.3750000000
131550  24.440  17.875  -15.372 0.2500000000
87998  23.906  16.401  -16.390 0.1250000000
87999  23.318  16.087  -17.470 0.1250000000
87102  23.843  14.752  -16.392 0.1250000000
89682  24.662  18.780  -14.205 0.2500000000
88880  23.610  17.202  -16.878 0.1250000000
89697  23.513  18.195  -16.926 0.1250000000
89696  24.084  18.052  -16.113 0.1250000000
93201  23.102  22.604  -11.925 0.3750000000
92303  24.324  21.862  -14.350 0.3750000000
91391  24.589  20.196  -13.315 0.3750000000
126564  23.150  17.555  -17.554 0.1250000000
90517  23.247  19.027  -17.149 0.1250000000
130879  22.720  18.882  -17.778 0.1250000000
90506  24.079  19.721  -15.654 0.1250000000
88887  22.511  17.352  -18.400 0.1250000000
94082  23.972  23.811  -13.988 0.2500000000
94888  23.179  24.236  -12.518 0.2500000000
94088  23.839  23.402  -14.881 0.2500000000
91421  22.740  20.710  -17.112 0.1250000000
90510  23.433  19.973  -16.611 0.1250000000
91442  22.014  19.922  -18.342 0.1250000000
130892  23.633  24.100  -14.788 0.1250000000
94089  23.128  23.801  -15.628 0.1250000000
92328  22.751  21.493  -16.749 0.1250000000
90525  21.823  19.280  -19.081 0.1250000000
91420  23.263  20.878  -16.475 0.1250000000
130135  21.903  25.544  -16.656 0.1250000000
94914  23.269  24.736  -15.201 0.1250000000
71154  18.493  -2.885  -9.849 0.7500000000
73792  16.634  0.673  -9.384 0.5000000000
74755  22.427  1.058  -12.159 0.6250000000
75638  22.785  1.863  -12.441 0.5000000000
81091  26.076  9.065  -14.280 0.1250000000
85188  24.164  12.965  -15.935 0.1250000000
127676  21.853  17.409  -19.353 0.1250000000
89717  21.944  18.427  -19.182 0.1250000000
71155  17.824  -2.517  -9.437 0.7500000000
70273  20.223  -3.707  -9.692 0.6250000000
71153  20.381  -3.178  -10.055 0.6250000000
71151  21.745  -2.209  -9.289 0.3750000000
71152  21.001  -2.663  -9.875 0.6250000000
72030  22.178  -1.450  -9.571 0.2500000000
72043  21.774  -1.333  -10.328 0.3750000000
91360  17.782  21.076  -11.046 0.2500000000
128480  19.522  -3.229  -10.145 0.6250000000
74742  22.884  0.749  -11.310 0.3750000000
71143  22.174  -2.432  -8.521 0.5000000000
70262  20.170  -4.284  -9.158 0.6250000000
72032  16.817  -0.963  -8.752 0.3750000000
72023  16.755  -1.738  -8.389 0.3750000000
70274  19.519  -3.947  -9.494 0.6250000000
70275  18.712  -3.582  -9.528 0.6250000000
70276  17.928  -3.185  -9.219 0.6250000000
118839  22.055  -3.129  -7.984 0.3750000000
70261  20.797  -3.772  -9.046 0.5000000000
72902  16.393  -0.215  -8.473 0.2500000000
72901  22.741  -0.857  -9.357 0.2500000000
72021  22.749  -1.327  -8.835 0.2500000000
72917  22.395  -0.658  -10.246 0.2500000000
73804  22.611  0.068  -10.862 0.3750000000
74754  23.177  1.537  -11.608 0.2500000000
75637  23.461  2.355  -11.850 0.2500000000
81042  13.291  9.278  -9.849 0.1250000000
76554  24.484  3.535  -11.727 0.2500000000
123513  13.402  14.524  -9.846 0.3750000000
135509  12.906  13.527  -9.873 0.2500000000
88835  14.637  17.476  -12.533 0.2500000000
127255  14.088  8.740  -10.535 0.2500000000
76524  16.131  2.876  -9.807 0.2500000000
85142  13.994  13.706  -10.981 0.3750000000
72930  21.365  -0.633  -11.783 0.5000000000
72022  17.412  -1.725  -9.249 0.5000000000
72031  21.463  -1.913  -10.056 0.5000000000
75636  24.099  2.837  -11.340 0.2500000000
72909  16.867  -0.164  -9.179 0.3750000000
73791  17.320  0.284  -9.943 0.3750000000
70272  20.756  -3.298  -9.559 0.5000000000
119286  22.302  -1.831  -8.868 0.2500000000
72929  21.990  -0.399  -11.125 0.3750000000
70260  21.411  -3.035  -8.928 0.5000000000
118899  21.388  -3.764  -8.245 0.3750000000
73790  23.015  -0.008  -10.201 0.2500000000
74741  23.542  1.267  -10.807 0.2500000000
81041  13.482  9.134  -9.946 0.1250000000
69381  18.450  -4.665  -8.682 0.5000000000
69369  21.343  -4.472  -7.763 0.2500000000
69370  20.654  -5.073  -7.927 0.3750000000
68493  20.086  -4.887  -8.646 0.5000000000
68496  17.904  -5.197  -8.182 0.3750000000
70265  17.183  -3.648  -7.792 0.5000000000
70263  18.100  -3.913  -8.954 0.5000000000
69382  17.613  -4.281  -8.207 0.5000000000
70264  17.504  -3.443  -8.466 0.3750000000
68472  17.108  -5.429  -6.256 0.1250000000
69371  17.358  -4.763  -7.514 0.3750000000
71145  16.955  -3.003  -7.874 0.2500000000
66632  17.600  -7.921  -6.753 0.1250000000
68471  17.380  -6.028  -6.783 0.2500000000
68484  18.312  -5.917  -8.054 0.3750000000
138667  21.296  -5.045  -7.401 0.2500000000
130259  19.783  -6.189  -7.936 0.3750000000
68482  19.934  -5.542  -8.288 0.5000000000
67562  17.232  -6.396  -6.159 0.1250000000
68485  17.677  -5.773  -7.548 0.3750000000
68483  19.138  -5.799  -8.234 0.3750000000
69354  16.883  -4.667  -6.508 0.1250000000
71115  16.726  -3.243  -7.417 0.1250000000
71144  17.268  -2.556  -8.641 0.3750000000
69379  20.747  -4.381  -8.474 0.3750000000
69389  18.816  -4.139  -9.158 0.5000000000
69380  19.399  -4.527  -8.964 0.5000000000
127325  16.698  -2.326  -8.000 0.2500000000
69368  22.141  -3.978  -7.488 0.2500000000
68495  18.553  -5.362  -8.382 0.5000000000
68494  19.280  -5.140  -8.569 0.5000000000
69383  17.098  -4.086  -7.454 0.1250000000
70252  16.724  -3.559  -7.262 0.1250000000
68486  17.144  -5.092  -6.849 0.2500000000
69372  16.810  -4.290  -6.939 0.1250000000
71134  16.561  -2.732  -7.678 0.1250000000
66633  17.216  -7.358  -6.144 0.1250000000
67561  17.483  -6.992  -6.786 0.1250000000
67571  18.110  -6.640  -7.680 0.3750000000
140361  20.362  -5.770  -7.830 0.2500000000
66640  18.700  -7.265  -7.504 0.2500000000
143526  19.728  -6.929  -7.424 0.2500000000
119820  16.180  0.916  -8.670 0.2500000000
68481  20.930  -5.614  -7.340 0.2500000000
66641  17.917  -7.471  -7.299 0.1250000000
67572  17.713  -6.618  -7.291 0.1250000000
121669  18.922  -6.484  -7.858 0.2500000000
88844  15.313  18.676  -12.676 0.1250000000
89651  15.948  19.046  -12.097 0.1250000000
89641  15.811  19.533  -11.540 0.1250000000
91372  16.062  20.270  -11.091 0.1250000000
90468  15.977  20.062  -10.889 0.1250000000
90480  15.937  19.802  -11.469 0.1250000000
91362  16.298  20.451  -10.299 0.1250000000
88834  15.091  18.032  -12.268 0.1250000000
90463  16.387  19.913  -8.765 0.1250000000
87958  14.729  17.398  -11.937 0.1250000000
85134  12.597  12.789  -9.331 0.1250000000
125206  16.256  -0.984  -8.012 0.1250000000
73774  16.300  0.332  -8.630 0.1250000000
130521  13.158  14.850  -8.929 0.1250000000
87957  15.155  17.949  -12.053 0.1250000000
88833  15.481  18.656  -12.078 0.1250000000
141317  16.252  18.452  -10.283 0.1250000000
89631  16.354  19.086  -8.873 0.1250000000
90462  16.775  20.247  -8.213 0.1250000000
91352  16.918  20.837  -8.983 0.1250000000
75607  15.900  2.533  -9.225 0.1250000000
74726  16.408  1.476  -9.436 0.1250000000
143252  16.389  0.286  -8.905 0.1250000000
72886  16.098  -0.605  -8.489 0.1250000000
85118  12.773  13.788  -9.214 0.1250000000
74727  16.208  2.096  -9.395 0.1250000000
74698  16.479  1.820  -7.835 0.1250000000
74709  15.792  1.039  -9.057 0.1250000000
89636  16.060  18.799  -9.707 0.1250000000
91356  16.422  20.557  -9.656 0.1250000000
90465  16.166  20.338  -10.200 0.1250000000
89640  17.234  18.091  -10.307 0.1250000000
70251  22.855  -3.374  -7.441 0.1250000000
71133  22.823  -2.593  -7.867 0.1250000000
71142  22.793  -1.898  -8.332 0.1250000000
72020  23.286  -1.408  -8.352 0.1250000000
72900  23.388  -0.751  -8.795 0.1250000000
72908  23.148  -0.305  -9.559 0.1250000000
73789  23.561  0.326  -9.795 0.1250000000
73803  23.268  0.556  -10.512 0.1250000000
73787  24.934  1.019  -8.965 0.1250000000
74725  23.889  0.988  -10.080 0.1250000000
75606  24.915  2.093  -9.965 0.1250000000
75622  23.769  2.085  -11.033 0.1250000000
121880  25.573  2.365  -9.608 0.1250000000
75621  24.486  2.500  -10.621 0.1250000000
67570  20.450  -6.280  -7.407 0.1250000000
68470  21.683  -5.443  -6.928 0.1250000000
69353  21.943  -4.758  -7.189 0.1250000000
70233  22.910  -4.011  -7.041 0.1250000000
70250  23.601  -2.881  -7.353 0.1250000000
70232  23.591  -3.703  -6.969 0.1250000000
71132  23.581  -1.972  -7.774 0.1250000000
72019  23.965  -1.188  -8.137 0.1250000000
72899  24.275  -0.469  -8.485 0.1250000000
73773  23.843  -0.012  -9.095 0.1250000000
73771  25.418  0.497  -8.472 0.1250000000
76541  24.782  3.258  -10.952 0.1250000000
76540  25.402  3.584  -10.717 0.1250000000
75620  25.355  2.882  -10.266 0.1250000000
74740  24.196  1.713  -10.362 0.1250000000
69352  22.599  -4.500  -6.970 0.1250000000
67559  21.242  -6.239  -6.760 0.1250000000
72010  24.496  -1.682  -7.595 0.1250000000
74724  24.568  1.378  -9.658 0.1250000000
73788  24.232  0.664  -9.388 0.1250000000
74723  25.305  1.724  -9.294 0.1250000000
125541  21.841  -6.622  -6.245 0.1250000000
127006  23.025  -5.855  -6.356 0.1250000000
71131  25.104  -2.225  -7.190 0.1250000000
76539  25.970  3.555  -10.256 0.1250000000
77478  21.445  4.026  -14.949 1.0000000000
81841  13.206  9.460  -9.878 0.1250000000
81854  14.106  9.222  -10.734 0.1250000000
82697  16.741  10.387  -14.346 1.0000000000
83508  17.011  12.046  -15.126 1.0000000000
84332  16.088  13.315  -15.127 1.0000000000
84338  18.021  12.204  -15.505 1.0000000000
85184  15.867  14.039  -15.221 1.0000000000
86088  14.164  13.986  -11.266 0.3750000000
86120  16.972  14.225  -15.479 1.0000000000
86122  15.919  14.816  -15.274 1.0000000000
87090  16.755  16.010  -15.064 1.0000000000
90497  24.609  19.526  -12.834 0.3750000000
91365  24.316  20.528  -11.955 0.3750000000
91366  23.837  20.605  -11.547 0.3750000000
91431  22.097  20.677  -17.847 0.1250000000
92263  23.386  21.319  -11.642 0.3750000000
93230  24.279  22.916  -14.225 0.2500000000
93242  23.378  22.392  -15.755 0.1250000000
94073  23.765  23.726  -12.972 0.2500000000
129219  22.154  22.093  -17.066 0.1250000000
131580  24.505  20.791  -12.777 0.3750000000
136120  20.220  24.809  -11.085 0.1250000000
136242  17.089  12.711  -15.377 1.0000000000
137896  15.603  16.595  -14.565 1.0000000000
138206  18.062  8.759  -14.501 1.0000000000
140732  13.815  8.944  -9.838 0.1250000000
142170  20.192  8.587  -14.393 1.0000000000
