#!ascii label  , from subject sub-v1s0x0050654_ses-1 vox2ras=TkReg
2079
35555  36.575  -38.773  -11.650 0.6000000238
34568  36.113  -39.884  -10.272 0.5000000000
38431  34.044  -35.601  -10.781 0.6999999881
38430  34.735  -35.821  -11.256 0.6000000238
38435  35.430  -35.111  -12.125 0.6000000238
39317  34.756  -34.902  -11.688 0.6000000238
36571  35.342  -38.326  -11.002 0.6999999881
37553  35.417  -37.284  -11.316 0.6000000238
37557  36.239  -36.494  -12.103 0.5000000000
38433  36.716  -36.078  -12.763 0.5000000000
38434  36.095  -35.462  -12.569 0.5000000000
39320  35.580  -34.896  -12.639 0.6000000238
39322  34.526  -34.360  -12.074 0.6000000238
35549  34.994  -39.024  -10.435 0.5000000000
35548  35.821  -39.106  -10.874 0.5000000000
141933  36.781  -37.962  -12.072 0.6000000238
40248  33.911  -33.942  -12.466 0.6000000238
33628  36.790  -41.240  -9.694 0.5000000000
122302  36.746  -41.918  -9.473 0.5000000000
136937  32.974  -33.913  -9.947 0.6000000238
127146  32.733  -33.150  -9.975 0.6999999881
38425  33.324  -36.318  -9.888 0.6000000238
39311  33.467  -35.292  -10.212 0.6999999881
40238  33.363  -34.430  -10.402 0.6000000238
40245  33.232  -33.562  -10.923 0.6000000238
36572  33.843  -37.820  -10.252 0.6000000238
37542  33.924  -36.662  -10.528 0.6999999881
41247  33.333  -33.447  -12.189 0.6000000238
36560  34.248  -38.822  -10.034 0.5000000000
36561  33.231  -38.053  -9.456 0.5000000000
34551  36.154  -40.228  -9.491 0.5000000000
41250  32.785  -32.724  -12.918 0.6000000238
34550  36.511  -40.758  -9.304 0.5000000000
41254  32.172  -32.678  -13.355 0.6000000238
43382  31.116  -31.050  -13.826 0.6999999881
42325  31.858  -31.666  -13.818 0.6000000238
130966  30.332  -30.788  -13.067 0.6999999881
41256  30.945  -32.328  -13.581 0.6000000238
127468  30.282  -32.635  -12.663 0.6000000238
41243  30.545  -33.510  -10.436 0.6000000238
128671  30.367  -32.729  -11.185 0.6000000238
43320  30.698  -30.939  -5.607 0.5000000000
46343  29.991  -29.134  -4.881 0.6999999881
43307  30.256  -31.511  -5.029 0.6000000238
121789  29.225  -28.856  -5.088 0.8000000119
44343  29.161  -30.854  -4.743 0.6999999881
42298  32.605  -32.503  -9.237 0.6000000238
43347  32.687  -31.598  -9.736 0.6999999881
40233  32.647  -34.606  -8.666 0.6999999881
40239  32.889  -34.408  -9.538 0.6999999881
41242  32.716  -33.870  -9.147 0.6000000238
42303  32.684  -32.174  -10.438 0.6999999881
43357  32.669  -31.297  -10.857 0.6999999881
38426  32.754  -36.439  -8.979 0.6000000238
39306  32.673  -35.579  -8.638 0.6000000238
42310  32.694  -31.585  -11.786 0.8000000119
37514  32.506  -37.423  -7.490 0.5000000000
37529  32.614  -37.365  -8.391 0.5000000000
43366  32.559  -30.308  -12.162 0.8000000119
138362  32.721  -31.961  -12.787 0.6000000238
36543  33.162  -38.841  -8.046 0.5000000000
36544  32.823  -38.204  -8.677 0.5000000000
44408  32.235  -30.049  -13.322 0.8000000119
43373  32.649  -31.004  -13.182 0.6000000238
34538  36.214  -40.548  -8.608 0.5000000000
44409  31.622  -29.531  -12.995 0.8000000119
44399  31.325  -29.159  -12.123 0.8000000119
43381  32.150  -30.881  -13.807 0.6999999881
44391  30.795  -30.041  -11.165 0.6999999881
43348  31.009  -30.674  -8.545 0.6999999881
44377  30.847  -30.339  -9.765 0.6999999881
43367  30.420  -30.893  -11.572 0.6999999881
44363  31.308  -30.164  -7.892 0.6000000238
42304  30.493  -32.020  -9.363 0.6000000238
42311  30.393  -31.919  -10.604 0.6000000238
128816  31.257  -30.465  -6.944 0.6999999881
131428  30.607  -32.053  -8.278 0.6999999881
43349  30.675  -31.277  -8.985 0.6000000238
44352  30.695  -30.115  -5.418 0.6999999881
43326  31.014  -31.105  -6.477 0.6000000238
45353  30.081  -30.001  -4.956 0.8000000119
45366  30.616  -29.356  -5.197 0.8000000119
43327  30.647  -31.909  -5.834 0.6000000238
125053  29.873  -28.401  -5.060 0.8999999762
44355  28.094  -30.127  -5.253 0.6999999881
47405  29.469  -27.759  -5.387 0.8000000119
44354  28.833  -30.188  -4.851 0.6999999881
43346  32.832  -30.795  -9.288 0.6000000238
44388  33.206  -29.866  -9.723 0.6999999881
123487  32.684  -31.816  -8.623 0.6000000238
45414  33.385  -29.035  -10.199 0.6000000238
126707  32.626  -32.589  -7.146 0.4000000060
41238  32.568  -33.742  -8.162 0.6000000238
42293  32.593  -32.735  -8.147 0.6000000238
44389  32.837  -29.900  -10.415 0.6999999881
123795  32.533  -33.903  -7.152 0.6000000238
45415  32.706  -28.915  -10.895 0.8000000119
38402  32.445  -36.647  -7.171 0.4000000060
39293  32.548  -35.822  -7.670 0.5000000000
44398  32.534  -29.403  -11.588 0.8000000119
36528  32.651  -38.222  -7.793 0.5000000000
45428  32.124  -28.671  -11.757 0.8000000119
35511  34.012  -39.281  -8.234 0.4000000060
45429  31.763  -28.658  -11.679 0.8000000119
128978  35.903  -40.072  -8.166 0.5000000000
45402  31.588  -28.882  -9.637 0.8000000119
46380  32.234  -28.331  -7.832 0.8000000119
46396  31.847  -28.583  -8.895 0.6999999881
45416  31.688  -28.543  -10.779 0.8000000119
46370  31.858  -28.865  -6.752 0.8000000119
45385  31.530  -29.334  -8.373 0.6999999881
46357  32.007  -27.909  -5.592 0.8999999762
141059  31.601  -29.187  -6.245 0.8999999762
137499  31.768  -28.959  -7.735 0.6999999881
45365  31.265  -29.478  -5.763 0.8999999762
43337  31.112  -30.988  -7.490 0.6999999881
44358  31.168  -30.318  -6.101 0.6000000238
47404  30.458  -27.735  -5.183 0.8999999762
46359  30.536  -28.605  -5.145 0.8999999762
121347  28.480  -27.103  -6.781 0.8000000119
45377  27.215  -29.619  -6.485 0.8000000119
47417  28.733  -27.531  -6.021 0.8000000119
45369  27.806  -29.501  -5.689 0.8000000119
141280  29.245  -27.244  -5.757 0.8000000119
47406  28.857  -28.218  -5.493 0.6999999881
45401  33.766  -29.741  -8.994 0.6999999881
123232  34.848  -28.367  -10.210 0.6000000238
44375  33.439  -30.416  -8.537 0.6000000238
47473  35.124  -27.537  -11.064 0.6999999881
43324  33.207  -31.230  -7.119 0.4000000060
44362  33.561  -30.581  -7.535 0.5000000000
43335  33.042  -31.130  -8.058 0.6000000238
46428  33.903  -27.903  -10.497 0.6999999881
41222  32.566  -33.258  -6.689 0.5000000000
45427  32.641  -28.149  -11.041 0.6999999881
42279  32.624  -32.707  -5.263 0.5000000000
40213  32.516  -34.664  -6.790 0.6000000238
39266  32.241  -35.549  -4.967 0.4000000060
120280  32.336  -35.014  -5.923 0.4000000060
48414  34.224  -26.398  -9.965 0.8000000119
140402  32.428  -27.820  -10.831 0.8000000119
120835  32.354  -37.018  -5.757 0.4000000060
47461  32.561  -27.492  -9.765 0.8000000119
46413  32.282  -27.689  -10.314 0.8000000119
46430  32.114  -28.225  -11.206 0.8000000119
35497  34.981  -39.438  -7.346 0.3000000119
48379  33.755  -26.629  -7.201 0.8000000119
48378  34.270  -26.231  -7.710 0.8000000119
47443  32.944  -27.282  -9.134 0.8000000119
48369  34.187  -25.979  -6.657 0.8000000119
47444  32.649  -27.667  -8.584 0.8000000119
48356  33.128  -25.992  -5.636 0.8999999762
47415  32.631  -27.490  -6.066 0.8999999762
48357  32.403  -26.301  -5.491 0.8999999762
47402  32.219  -27.095  -5.488 0.8999999762
50341  32.602  -24.818  -5.629 0.8999999762
47403  31.417  -27.397  -5.285 0.8999999762
48358  31.614  -26.547  -5.339 0.8999999762
46372  27.632  -28.372  -7.088 0.8000000119
45386  27.132  -29.103  -7.402 0.8000000119
48359  30.681  -26.752  -5.325 0.8999999762
48360  29.777  -27.014  -5.532 0.8999999762
48380  29.011  -25.985  -6.924 0.8000000119
48371  29.857  -26.051  -5.946 0.8000000119
46410  35.300  -28.756  -9.504 0.6000000238
45413  34.075  -29.154  -9.447 0.6000000238
46427  35.328  -28.293  -10.590 0.6000000238
46394  34.870  -28.982  -8.844 0.6000000238
44357  33.587  -30.599  -6.652 0.4000000060
45375  33.969  -30.061  -7.082 0.4000000060
45400  34.373  -29.515  -8.385 0.5000000000
47474  34.365  -27.395  -10.818 0.6999999881
47490  34.775  -26.826  -11.261 0.6999999881
43305  33.247  -31.270  -5.189 0.5000000000
43318  33.217  -31.216  -6.185 0.4000000060
48428  34.363  -26.527  -10.745 0.6999999881
43306  32.902  -31.977  -4.777 0.5000000000
49390  35.416  -25.473  -10.659 0.8000000119
48429  33.942  -26.857  -10.517 0.8000000119
49343  35.192  -25.188  -7.621 0.8000000119
48400  33.399  -26.912  -9.099 0.8000000119
50350  35.078  -24.592  -6.827 0.8000000119
49320  33.825  -24.844  -5.835 0.8999999762
48370  33.570  -26.374  -6.192 0.8999999762
50340  33.222  -24.617  -5.710 0.8999999762
50342  32.000  -25.096  -5.552 0.8999999762
49333  31.261  -25.122  -5.800 1.0000000000
49346  28.484  -26.205  -8.110 0.8000000119
50355  30.750  -24.531  -6.565 1.0000000000
48381  28.575  -26.590  -7.122 0.8000000119
140878  30.177  -24.875  -6.703 1.0000000000
49335  29.618  -25.236  -6.914 0.8000000119
46443  35.740  -28.278  -11.063 0.6000000238
47497  35.764  -27.393  -12.297 0.6000000238
46409  36.033  -28.635  -9.565 0.6000000238
47506  35.945  -27.019  -12.866 0.6999999881
46378  35.232  -28.504  -7.218 0.4000000060
46393  35.367  -28.598  -8.107 0.4000000060
46392  35.588  -28.611  -8.908 0.4000000060
45364  33.899  -30.043  -6.312 0.4000000060
48438  35.185  -26.396  -11.737 0.6999999881
44350  33.945  -30.081  -4.792 0.5000000000
46367  35.130  -28.448  -6.316 0.4000000060
48427  34.884  -26.089  -11.091 0.8000000119
49378  34.736  -25.856  -9.265 0.8000000119
50421  36.156  -24.996  -11.186 0.8000000119
50383  36.435  -24.027  -8.795 0.8000000119
49364  34.729  -25.770  -8.213 0.8000000119
51384  35.457  -23.589  -7.230 0.8000000119
49344  34.740  -25.532  -7.160 0.8000000119
49332  33.793  -25.619  -5.920 0.8999999762
50353  32.761  -24.111  -5.935 0.8999999762
52470  33.709  -23.035  -6.594 0.8999999762
51388  32.203  -23.614  -6.570 1.0000000000
50363  31.296  -23.790  -6.894 1.0000000000
49365  29.297  -24.802  -8.097 0.8000000119
47427  27.613  -27.893  -7.908 0.8000000119
51403  30.992  -23.470  -7.739 1.0000000000
50385  29.902  -24.142  -8.124 0.8000000119
50365  30.028  -24.578  -7.271 0.8000000119
46442  36.634  -29.072  -11.122 0.6000000238
132955  35.629  -28.680  -9.983 0.6000000238
46453  35.987  -28.200  -11.813 0.6000000238
48443  35.820  -26.393  -12.763 0.6999999881
49416  36.517  -25.615  -13.413 0.6999999881
47442  35.884  -28.172  -8.337 0.4000000060
135440  36.105  -28.374  -8.963 0.5000000000
49409  36.008  -25.822  -12.862 0.8000000119
143656  36.834  -24.962  -13.377 0.8000000119
49401  36.037  -25.437  -12.134 0.8000000119
47412  36.142  -27.364  -6.854 0.4000000060
47422  36.240  -27.539  -7.802 0.4000000060
50413  36.068  -24.850  -10.143 0.8000000119
50399  36.129  -24.651  -9.333 0.8000000119
51422  36.076  -23.867  -7.977 0.8000000119
51386  33.988  -23.578  -6.316 0.8999999762
52480  35.382  -22.515  -7.463 0.8000000119
52471  33.196  -22.745  -6.992 1.0000000000
51401  32.545  -23.045  -6.953 1.0000000000
53510  34.574  -21.192  -8.322 1.0000000000
52483  32.519  -22.567  -7.616 1.0000000000
52509  32.027  -21.922  -9.981 1.0000000000
51425  30.082  -23.737  -8.951 0.8999999762
48401  27.966  -26.781  -8.871 0.8000000119
50401  28.707  -24.845  -9.743 0.8999999762
51424  30.721  -23.306  -8.602 1.0000000000
51437  30.449  -23.219  -9.789 1.0000000000
51438  29.666  -23.742  -10.000 1.0000000000
120203  32.737  -21.456  -10.631 1.0000000000
54484  34.031  -19.990  -12.089 1.0000000000
53543  32.485  -21.109  -12.022 1.0000000000
137928  32.882  -19.850  -12.911 1.0000000000
55364  34.246  -19.399  -13.380 1.0000000000
54494  33.682  -19.711  -12.952 1.0000000000
47517  36.691  -27.514  -14.126 0.6999999881
48460  36.537  -26.882  -13.918 0.6999999881
48459  37.081  -26.848  -14.198 0.6999999881
46451  37.153  -29.452  -12.684 0.6000000238
46460  36.690  -28.594  -13.119 0.6000000238
49425  36.802  -26.163  -13.883 0.6999999881
121829  37.225  -29.303  -11.120 0.6000000238
47458  37.224  -28.020  -9.733 0.5000000000
50437  37.481  -24.662  -13.602 0.8000000119
48413  37.625  -26.888  -9.305 0.4000000060
50428  37.059  -24.470  -12.855 0.8000000119
128792  36.864  -24.304  -11.315 0.8000000119
51447  37.292  -23.831  -10.652 0.8000000119
52508  36.974  -23.380  -9.219 0.8000000119
51435  37.050  -23.852  -9.971 0.8000000119
51399  35.999  -23.087  -7.703 0.6999999881
51421  36.473  -23.194  -8.336 0.8000000119
53492  35.299  -21.636  -7.874 0.8999999762
53508  36.526  -21.588  -8.495 0.8000000119
53493  34.428  -21.925  -7.510 0.8999999762
54447  36.123  -20.778  -8.630 1.0000000000
129222  35.416  -21.078  -8.344 1.0000000000
137046  33.857  -21.506  -8.033 1.0000000000
54448  35.182  -20.612  -8.980 1.0000000000
55333  35.765  -19.694  -9.879 1.0000000000
140655  33.306  -21.679  -8.425 1.0000000000
55345  35.531  -19.469  -10.719 1.0000000000
54463  34.626  -20.364  -9.824 1.0000000000
55346  34.748  -19.746  -11.359 1.0000000000
54474  33.355  -20.882  -11.014 1.0000000000
52511  30.471  -23.017  -11.014 1.0000000000
51448  29.971  -23.441  -10.755 1.0000000000
55356  34.503  -19.619  -12.467 1.0000000000
53544  31.811  -21.764  -11.485 1.0000000000
53555  31.173  -21.865  -12.340 1.0000000000
54486  32.097  -20.499  -12.985 1.0000000000
56253  34.556  -18.614  -14.074 1.0000000000
47516  37.267  -27.932  -14.481 0.6999999881
49424  37.618  -25.959  -14.041 0.6999999881
45453  37.490  -29.939  -13.272 0.5000000000
135795  37.193  -25.366  -13.783 0.6999999881
46441  37.159  -29.516  -11.729 0.6000000238
46424  37.810  -28.782  -11.049 0.5000000000
132221  37.531  -29.459  -11.585 0.5000000000
51474  37.814  -24.066  -13.335 0.8000000119
124372  37.664  -23.877  -12.419 0.8000000119
129280  37.536  -23.804  -11.480 0.6999999881
51460  38.199  -23.296  -11.824 0.8000000119
52525  38.022  -22.778  -10.245 0.8000000119
51434  37.557  -23.310  -10.006 0.8000000119
138425  37.137  -21.790  -8.888 0.6999999881
52507  37.518  -22.488  -9.452 0.6999999881
137417  37.305  -20.654  -9.336 0.8999999762
128760  38.448  -20.821  -10.728 0.8000000119
55352  39.326  -19.696  -12.501 0.8000000119
55370  41.274  -19.068  -15.154 0.8000000119
54461  36.714  -20.288  -9.146 0.8999999762
54472  37.917  -20.001  -10.432 0.8000000119
55353  38.690  -19.583  -11.700 0.8000000119
55332  36.516  -19.735  -9.724 1.0000000000
55342  37.971  -19.364  -11.043 0.8999999762
55362  38.835  -18.831  -12.352 0.8999999762
125511  40.377  -18.741  -14.237 0.8000000119
55343  37.051  -19.204  -10.480 0.8999999762
129056  36.223  -19.370  -10.286 1.0000000000
55334  34.996  -19.864  -10.313 1.0000000000
54464  33.958  -20.659  -10.120 1.0000000000
56241  36.449  -18.339  -13.323 1.0000000000
55363  35.038  -19.282  -13.007 1.0000000000
54495  32.300  -19.512  -12.920 1.0000000000
56251  36.772  -17.963  -14.342 1.0000000000
55371  34.584  -19.072  -13.726 1.0000000000
55374  33.165  -19.060  -13.289 1.0000000000
138550  35.947  -18.209  -14.383 1.0000000000
57149  36.329  -17.402  -15.124 1.0000000000
122795  34.989  -17.764  -14.439 1.0000000000
120196  37.756  -28.936  -14.741 0.6999999881
47515  38.326  -27.663  -14.676 0.6999999881
121458  39.086  -26.482  -14.529 0.6999999881
49423  38.520  -25.654  -14.371 0.6999999881
140349  37.598  -29.917  -14.534 0.6000000238
50445  38.959  -24.627  -14.657 0.6999999881
45440  37.703  -29.844  -12.377 0.5000000000
50436  38.622  -24.077  -14.517 0.6999999881
45452  37.947  -30.386  -13.398 0.5000000000
51482  38.448  -23.667  -13.986 0.8000000119
51473  38.300  -23.428  -12.986 0.6999999881
52550  38.799  -22.697  -12.432 0.6999999881
52558  39.013  -22.906  -13.700 0.6999999881
52524  38.510  -22.465  -11.126 0.6999999881
53542  38.092  -21.990  -10.088 0.6999999881
53526  37.543  -21.472  -9.376 0.6999999881
53541  38.488  -21.543  -10.670 0.6999999881
54493  39.632  -20.485  -12.857 0.8000000119
128733  41.363  -19.840  -15.241 0.8000000119
55369  41.742  -19.437  -14.747 0.8000000119
54502  40.840  -19.675  -14.947 0.8000000119
55376  41.490  -19.389  -15.083 0.8000000119
56248  41.629  -18.654  -14.706 0.8000000119
55354  37.473  -18.779  -11.378 1.0000000000
56238  39.408  -18.385  -13.369 0.8999999762
56258  41.347  -18.488  -15.121 0.8000000119
56250  40.029  -17.973  -14.233 1.0000000000
56249  40.957  -18.169  -15.070 0.8000000119
55344  36.152  -19.015  -11.051 1.0000000000
56231  37.936  -18.491  -12.137 1.0000000000
56233  35.992  -18.657  -12.238 1.0000000000
57147  37.780  -17.119  -15.166 1.0000000000
57132  33.726  -18.321  -13.584 1.0000000000
56244  32.798  -18.937  -13.087 1.0000000000
57139  36.859  -17.534  -15.014 1.0000000000
58043  37.801  -16.693  -15.295 1.0000000000
58044  36.300  -17.162  -15.184 1.0000000000
57141  34.248  -18.014  -14.058 1.0000000000
58940  38.298  -16.034  -15.096 1.0000000000
48457  40.481  -26.249  -14.908 0.6999999881
50444  40.177  -24.378  -14.918 0.6000000238
122693  40.536  -23.461  -15.115 0.6000000238
51481  39.437  -23.298  -14.602 0.6999999881
52557  40.099  -22.295  -14.460 0.6999999881
52562  40.476  -22.762  -15.000 0.6999999881
52549  39.505  -21.988  -13.096 0.6999999881
52541  39.043  -22.040  -11.990 0.6999999881
123556  41.040  -20.401  -15.224 0.8000000119
53552  39.328  -21.277  -12.173 0.6999999881
54503  40.366  -20.589  -14.158 0.8000000119
56229  41.298  -18.998  -12.405 0.8000000119
56237  41.469  -18.426  -13.303 0.8000000119
57127  41.516  -17.857  -14.134 0.8000000119
57146  41.116  -17.502  -15.265 0.8000000119
126798  41.549  -17.179  -14.652 0.8000000119
57137  38.824  -17.240  -14.816 1.0000000000
57136  40.070  -17.303  -14.885 1.0000000000
119378  41.366  -17.004  -15.332 0.6999999881
139328  40.502  -16.854  -15.478 1.0000000000
137958  41.694  -16.370  -14.903 0.8999999762
125808  39.069  -16.698  -15.272 1.0000000000
58042  39.986  -16.371  -15.538 1.0000000000
58947  40.861  -15.559  -15.685 1.0000000000
56225  32.574  -18.953  -12.440 1.0000000000
58949  38.926  -16.273  -15.418 1.0000000000
135749  39.025  -15.821  -15.244 1.0000000000
58036  35.442  -17.183  -14.380 1.0000000000
57140  34.737  -17.491  -13.850 1.0000000000
57125  33.634  -18.081  -12.811 1.0000000000
58035  36.055  -16.877  -14.908 1.0000000000
49422  39.703  -25.368  -14.695 0.6999999881
51485  41.217  -22.618  -15.226 0.6000000238
52560  41.416  -22.116  -15.120 0.6999999881
53567  40.724  -21.310  -14.958 0.6999999881
52561  40.919  -21.946  -15.185 0.6999999881
53561  39.800  -21.181  -13.211 0.6999999881
53566  41.613  -20.970  -14.780 0.8000000119
137020  41.723  -19.681  -13.886 0.6999999881
55351  40.998  -19.612  -11.706 0.6999999881
56230  40.948  -18.291  -12.060 0.6999999881
57123  40.556  -17.463  -11.678 0.6999999881
127589  40.881  -17.050  -12.496 0.6999999881
58939  41.347  -15.907  -13.793 0.8000000119
58028  40.993  -16.357  -12.872 0.6999999881
58040  41.442  -16.238  -15.499 0.8999999762
58046  41.189  -15.970  -15.703 1.0000000000
131285  41.879  -15.239  -15.660 1.0000000000
57124  34.265  -17.699  -12.085 1.0000000000
58948  39.845  -15.825  -15.526 1.0000000000
58029  35.992  -16.539  -13.873 1.0000000000
143175  38.812  -15.435  -14.637 1.0000000000
49421  41.148  -25.069  -15.068 0.6000000238
50443  41.324  -24.076  -15.299 0.6000000238
132182  41.783  -23.843  -15.171 0.6000000238
51480  41.918  -23.390  -14.861 0.6000000238
129824  41.417  -23.369  -15.267 0.6000000238
135929  41.887  -23.120  -14.192 0.6000000238
52556  41.732  -22.495  -14.812 0.6000000238
127138  41.719  -21.724  -14.373 0.6000000238
53573  41.294  -21.119  -15.187 0.6000000238
53560  41.695  -20.964  -13.831 0.6999999881
54480  41.217  -20.270  -11.988 0.6999999881
56210  40.249  -18.880  -10.388 0.6999999881
56220  40.414  -18.208  -11.073 0.6999999881
56221  39.983  -18.057  -10.286 0.6999999881
57117  40.124  -17.598  -10.829 0.6999999881
58005  39.932  -16.836  -10.941 0.6999999881
59780  42.853  -13.936  -6.442 0.3000000119
58931  40.967  -15.586  -12.886 0.6999999881
58020  40.438  -16.570  -11.859 0.6999999881
60727  43.315  -13.227  -7.114 0.3000000119
59866  41.337  -15.012  -13.468 0.8000000119
53530  28.508  -22.127  -9.676 0.8999999762
58946  41.785  -15.642  -15.396 1.0000000000
54465  30.999  -20.364  -10.486 1.0000000000
55347  32.274  -19.377  -11.529 1.0000000000
55348  31.580  -19.894  -11.107 1.0000000000
60815  42.068  -13.873  -15.903 1.0000000000
60804  39.753  -14.147  -14.598 1.0000000000
59867  39.476  -15.156  -14.922 1.0000000000
58942  36.687  -16.373  -14.310 1.0000000000
57130  34.797  -17.277  -12.640 1.0000000000
59869  38.225  -15.390  -13.908 1.0000000000
50435  42.188  -24.524  -14.127 0.6000000238
142480  42.065  -24.027  -14.771 0.6000000238
51458  41.376  -23.799  -11.848 0.6000000238
51472  41.686  -23.314  -12.989 0.6000000238
143349  40.737  -22.915  -10.756 0.6000000238
52523  40.666  -22.264  -10.628 0.6999999881
53551  40.903  -21.669  -11.380 0.6999999881
127192  41.242  -21.913  -12.142 0.6000000238
54481  40.844  -20.858  -11.259 0.6999999881
124865  42.835  -22.827  -6.342 0.3000000119
52448  41.806  -22.074  -5.829 0.3000000119
55341  40.555  -19.571  -10.842 0.6999999881
141784  39.790  -18.497  -9.775 0.6999999881
59781  42.676  -14.826  -6.004 0.3000000119
59770  42.167  -14.174  -5.749 0.4000000060
61689  42.648  -13.024  -6.469 0.4000000060
61681  41.928  -12.750  -5.939 0.4000000060
134822  26.544  -23.681  -9.390 0.6999999881
53532  27.053  -22.601  -8.690 0.6999999881
65646  42.031  -8.801  -6.592 0.3000000119
61699  42.947  -12.541  -6.928 0.3000000119
121962  40.724  -15.034  -12.543 0.6999999881
136586  29.801  -21.194  -9.375 0.8999999762
64708  42.510  -9.509  -7.081 0.3000000119
61690  42.435  -12.244  -6.529 0.3000000119
59865  41.938  -14.702  -14.390 0.8000000119
54466  30.420  -20.823  -9.920 0.8999999762
128932  42.286  -10.503  -6.705 0.3000000119
61691  41.826  -11.866  -6.147 0.3000000119
60803  42.336  -14.112  -14.677 0.8000000119
136984  42.562  -13.347  -15.428 1.0000000000
56223  33.790  -18.204  -11.576 1.0000000000
60811  41.461  -13.689  -15.705 1.0000000000
58022  36.100  -16.295  -12.455 1.0000000000
129582  40.710  -14.173  -15.420 1.0000000000
58932  37.347  -15.689  -13.543 1.0000000000
59868  38.988  -14.706  -13.993 1.0000000000
134678  37.722  -14.969  -12.958 1.0000000000
60805  38.963  -13.810  -13.727 1.0000000000
51445  40.581  -22.931  -10.041 0.6999999881
52506  40.444  -22.173  -9.622 0.6999999881
50349  42.064  -23.960  -6.885 0.3000000119
51382  41.738  -23.281  -6.489 0.4000000060
53525  40.320  -21.249  -9.567 0.6999999881
54470  40.477  -20.559  -10.329 0.6999999881
143847  40.504  -20.015  -10.555 0.6999999881
53468  41.416  -21.326  -5.605 0.4000000060
55331  39.833  -19.159  -9.564 0.6999999881
127738  41.951  -19.960  -5.474 0.3000000119
54405  41.348  -20.452  -5.443 0.5000000000
56211  39.456  -18.614  -9.106 0.6999999881
57090  39.112  -18.163  -8.772 0.6999999881
55266  41.246  -19.570  -5.311 0.5000000000
57103  38.809  -16.955  -9.137 0.6999999881
122800  42.301  -16.324  -5.527 0.4000000060
131516  40.803  -17.023  -4.950 0.6000000238
58849  41.161  -15.460  -5.095 0.5000000000
57990  39.367  -16.692  -9.968 0.6999999881
58848  42.478  -15.630  -5.707 0.3000000119
58006  39.558  -15.992  -10.660 0.6999999881
64694  38.944  -9.178  -5.478 0.4000000060
59772  40.572  -14.441  -5.264 0.4000000060
58925  39.798  -15.351  -11.243 0.6999999881
52499  26.231  -22.660  -8.420 0.6999999881
64693  39.792  -9.138  -5.459 0.4000000060
60707  41.659  -13.564  -5.655 0.4000000060
126321  41.066  -13.004  -5.614 0.4000000060
52514  25.941  -23.373  -8.771 0.6000000238
128326  41.037  -9.969  -5.745 0.3000000119
64692  40.620  -9.187  -5.622 0.4000000060
129937  40.384  -13.271  -5.443 0.4000000060
59862  40.790  -14.312  -12.687 0.6999999881
126016  39.761  -14.050  -11.527 0.6999999881
53531  27.863  -22.476  -9.094 0.6999999881
132523  40.129  -9.851  -5.445 0.4000000060
61682  41.167  -12.195  -5.735 0.4000000060
61683  40.249  -12.538  -5.470 0.4000000060
59861  41.594  -14.040  -13.598 0.8000000119
64709  41.818  -9.716  -6.360 0.3000000119
63714  41.090  -10.871  -5.797 0.3000000119
62744  40.484  -11.567  -5.540 0.4000000060
139712  42.121  -13.520  -14.115 0.8000000119
56224  33.197  -18.774  -11.084 1.0000000000
61776  42.837  -12.605  -15.003 0.8999999762
61782  42.327  -13.268  -15.708 1.0000000000
58926  37.156  -15.216  -12.464 1.0000000000
61778  40.091  -12.427  -14.548 1.0000000000
127394  40.437  -13.357  -14.925 1.0000000000
61783  42.014  -13.005  -15.890 1.0000000000
59863  38.165  -14.103  -13.084 1.0000000000
58927  36.580  -15.540  -11.875 1.0000000000
130248  38.585  -13.117  -13.257 1.0000000000
59850  37.343  -14.386  -12.324 1.0000000000
131904  40.637  -23.602  -9.680 0.6000000238
51420  40.596  -23.297  -8.224 0.6000000238
52494  40.358  -22.498  -8.601 0.6000000238
127996  40.231  -21.789  -8.917 0.6999999881
51398  40.801  -23.225  -7.363 0.5000000000
130541  40.635  -22.620  -6.962 0.6000000238
53506  40.013  -21.135  -8.685 0.6999999881
52449  41.160  -22.015  -5.822 0.5000000000
53469  40.742  -21.532  -5.819 0.4000000060
54458  40.074  -20.468  -9.393 0.6999999881
54459  39.823  -19.813  -9.249 0.6999999881
54419  40.307  -20.904  -5.922 0.6000000238
55301  39.413  -19.516  -7.678 0.6999999881
54406  40.720  -20.229  -5.487 0.6000000238
55313  39.548  -19.344  -8.705 0.6999999881
56146  40.713  -18.977  -5.271 0.6000000238
132060  40.570  -18.295  -5.187 0.6000000238
56195  38.870  -18.025  -8.236 0.6999999881
134390  38.613  -17.042  -8.440 0.6999999881
57049  41.128  -17.655  -5.009 0.5000000000
57940  39.779  -16.096  -5.299 0.6000000238
57951  38.725  -16.711  -6.334 0.6000000238
63733  37.667  -10.258  -7.210 0.4000000060
59771  41.083  -14.889  -5.188 0.4000000060
58850  40.357  -15.284  -5.171 0.4000000060
58851  39.376  -15.342  -5.503 0.5000000000
133322  38.539  -15.971  -6.569 0.6000000238
57991  38.781  -16.099  -9.363 0.6999999881
64710  38.333  -9.236  -5.812 0.4000000060
59773  39.740  -14.586  -5.362 0.5000000000
58905  39.246  -15.135  -10.464 0.6999999881
139477  39.378  -9.733  -5.421 0.4000000060
63732  37.948  -9.946  -6.243 0.5000000000
127141  40.058  -13.860  -5.309 0.4000000060
60709  39.667  -13.228  -5.430 0.4000000060
131817  39.559  -14.576  -11.118 0.6999999881
54467  29.081  -21.488  -8.913 0.8999999762
54468  28.278  -21.718  -8.470 0.6999999881
133023  38.960  -11.822  -5.449 0.4000000060
60794  41.565  -13.147  -13.382 0.6999999881
60795  40.866  -13.459  -12.749 0.6999999881
62745  39.551  -11.250  -5.376 0.4000000060
55314  32.433  -19.423  -8.993 0.8999999762
137015  42.600  -12.609  -15.471 0.8999999762
56213  33.467  -18.547  -9.590 0.8999999762
58023  35.486  -16.716  -11.866 1.0000000000
56212  33.968  -18.229  -10.288 1.0000000000
132434  42.433  -12.537  -15.684 1.0000000000
57119  34.937  -17.225  -11.294 1.0000000000
62854  41.796  -12.073  -15.602 1.0000000000
58928  35.944  -15.922  -11.297 1.0000000000
58007  35.212  -16.399  -10.674 1.0000000000
62847  40.628  -11.756  -14.979 1.0000000000
62835  38.741  -11.497  -13.767 0.8999999762
62848  39.534  -11.381  -14.403 1.0000000000
62834  39.330  -12.156  -13.965 1.0000000000
60778  36.895  -13.959  -11.725 1.0000000000
59851  36.779  -14.688  -11.668 1.0000000000
61757  38.156  -12.359  -12.901 1.0000000000
61758  37.492  -12.472  -12.449 1.0000000000
60779  36.588  -13.250  -11.573 0.8999999762
62817  38.244  -11.706  -13.248 1.0000000000
61759  36.817  -12.550  -11.998 0.8999999762
121885  40.229  -21.915  -7.038 0.6000000238
53491  39.865  -21.124  -7.671 0.6999999881
54430  39.662  -20.336  -7.192 0.6999999881
54420  39.850  -20.325  -6.251 0.6999999881
56184  39.140  -18.781  -6.939 0.6999999881
55268  39.823  -19.645  -5.873 0.6000000238
131157  39.502  -19.051  -6.134 0.6000000238
56185  38.825  -18.073  -7.497 0.6999999881
56167  39.347  -18.282  -5.967 0.6999999881
57067  38.998  -17.462  -6.145 0.6000000238
57068  38.617  -17.313  -7.034 0.6000000238
57970  38.481  -16.756  -7.766 0.6000000238
126235  37.655  -8.959  -8.027 0.3000000119
133600  39.928  -18.120  -5.417 0.6000000238
57051  39.618  -17.531  -5.534 0.6000000238
57982  38.499  -16.351  -8.532 0.6000000238
64726  37.643  -9.788  -7.996 0.4000000060
64725  37.868  -9.416  -8.643 0.4000000060
58852  38.737  -15.350  -6.035 0.6000000238
58859  38.461  -15.325  -6.755 0.6000000238
59782  38.579  -14.694  -6.396 0.5000000000
137301  38.433  -15.381  -8.720 0.6000000238
137490  38.693  -13.950  -6.029 0.4000000060
125161  38.840  -14.512  -9.938 0.6000000238
63746  37.703  -10.620  -8.087 0.5000000000
61685  38.668  -12.439  -5.791 0.4000000060
60710  38.899  -13.219  -5.685 0.4000000060
59832  39.175  -14.371  -10.565 0.6000000238
62768  37.715  -11.090  -7.350 0.5000000000
127593  38.443  -11.646  -5.847 0.4000000060
61740  40.274  -12.843  -12.111 0.6000000238
62767  37.944  -11.519  -6.556 0.4000000060
142445  37.897  -12.086  -6.850 0.4000000060
55336  30.985  -20.362  -9.137 0.8999999762
61769  42.234  -12.855  -14.106 0.8000000119
55315  31.773  -19.413  -8.660 0.8999999762
56196  32.928  -18.703  -8.854 0.8999999762
141145  33.929  -17.356  -9.401 0.8999999762
57104  34.264  -17.580  -9.859 0.8999999762
62853  42.510  -11.800  -15.716 1.0000000000
63813  40.815  -11.029  -15.390 1.0000000000
58907  35.483  -15.417  -10.581 1.0000000000
59833  36.361  -14.034  -11.004 0.8999999762
124956  36.991  -11.899  -12.312 1.0000000000
61742  36.089  -12.458  -11.587 1.0000000000
60780  35.897  -13.118  -11.032 0.8999999762
62806  35.567  -11.823  -11.895 1.0000000000
61743  35.313  -12.431  -11.327 0.8999999762
55290  39.518  -19.622  -6.639 0.6999999881
65665  37.710  -8.457  -7.308 0.3000000119
64732  38.286  -9.533  -9.421 0.3000000119
141296  38.199  -14.952  -7.977 0.6000000238
63753  38.327  -10.514  -9.478 0.5000000000
64745  38.682  -10.077  -10.170 0.4000000060
135649  38.303  -14.055  -6.814 0.5000000000
125591  38.370  -13.139  -6.419 0.5000000000
60742  38.124  -13.616  -8.335 0.5000000000
60758  38.478  -13.817  -9.343 0.5000000000
62775  37.962  -10.971  -8.847 0.5000000000
60728  38.040  -13.435  -7.398 0.5000000000
62785  38.350  -11.362  -9.471 0.5000000000
123032  37.864  -12.870  -7.996 0.5000000000
60777  39.708  -13.367  -11.505 0.6000000238
130296  38.008  -11.729  -8.880 0.5000000000
61701  37.785  -11.912  -7.454 0.5000000000
61756  40.961  -12.736  -12.781 0.6999999881
62797  39.153  -11.415  -10.681 0.5000000000
61731  38.691  -11.835  -10.078 0.5000000000
62833  42.324  -12.041  -14.046 0.6000000238
62846  43.041  -11.701  -15.220 0.8999999762
63824  43.486  -10.713  -15.776 0.8999999762
62852  42.899  -11.629  -15.583 0.8999999762
63830  43.067  -10.416  -16.039 0.8999999762
63827  39.905  -10.239  -15.282 0.8999999762
64798  40.697  -10.131  -15.621 0.8999999762
63832  41.537  -10.212  -15.799 0.8999999762
63826  41.833  -11.052  -15.679 1.0000000000
58908  34.736  -15.700  -10.091 0.8999999762
58008  34.604  -16.413  -9.948 0.8999999762
59834  35.610  -14.479  -10.550 0.8999999762
63799  37.862  -10.919  -13.616 0.8000000119
62819  36.656  -11.279  -12.597 0.6999999881
139137  34.269  -15.199  -9.866 0.8999999762
61732  35.111  -13.103  -10.765 0.8999999762
122326  34.828  -13.900  -10.372 0.8999999762
65671  37.776  -8.130  -8.076 0.3000000119
65670  38.075  -8.645  -8.884 0.3000000119
65675  38.410  -8.724  -9.694 0.4000000060
65685  38.911  -8.553  -11.029 0.3000000119
122914  38.662  -9.144  -10.261 0.3000000119
137185  39.402  -8.946  -11.478 0.4000000060
64756  39.716  -9.736  -11.598 0.4000000060
59811  38.307  -14.449  -8.566 0.6000000238
63776  39.975  -10.565  -11.712 0.5000000000
64755  40.353  -9.965  -12.195 0.4000000060
60765  38.690  -12.825  -9.947 0.5000000000
123725  38.924  -13.756  -10.290 0.5000000000
63784  40.606  -10.919  -12.338 0.5000000000
143879  38.050  -12.232  -8.895 0.5000000000
124631  39.229  -13.107  -10.815 0.5000000000
125720  40.051  -12.107  -11.797 0.5000000000
61741  39.629  -12.577  -11.391 0.5000000000
62803  40.084  -11.390  -11.786 0.5000000000
62816  40.689  -11.947  -12.462 0.5000000000
63798  41.958  -10.596  -13.490 0.5000000000
63797  42.950  -10.745  -14.337 0.6000000238
62832  42.959  -11.637  -14.750 0.6000000238
65741  44.959  -8.102  -14.774 0.6999999881
138636  44.727  -9.536  -15.665 0.6999999881
62845  43.639  -10.736  -15.438 0.6999999881
65751  44.347  -8.517  -15.816 0.6999999881
65752  43.523  -8.701  -16.048 0.8000000119
64803  44.199  -9.452  -16.089 0.8000000119
58895  33.921  -15.991  -9.557 0.8999999762
64806  40.921  -9.348  -15.992 0.8999999762
64805  42.136  -9.736  -16.047 0.8999999762
63815  38.554  -10.677  -14.284 0.6999999881
59825  33.653  -15.053  -9.729 0.8999999762
60767  33.887  -13.733  -10.434 0.8999999762
62807  34.827  -11.819  -11.847 1.0000000000
65700  39.211  -7.891  -11.990 0.3000000119
65707  40.281  -8.521  -12.992 0.4000000060
64764  39.935  -8.885  -12.188 0.4000000060
65708  39.502  -7.907  -12.908 0.3000000119
64763  40.656  -9.400  -12.817 0.4000000060
65723  40.595  -8.164  -13.651 0.4000000060
63783  41.053  -10.325  -12.883 0.4000000060
64774  41.047  -8.933  -13.401 0.4000000060
65743  42.152  -7.591  -14.318 0.4000000060
64762  41.456  -9.771  -13.336 0.4000000060
65721  42.721  -8.699  -14.226 0.4000000060
64772  43.045  -9.793  -14.213 0.5000000000
132629  42.319  -10.063  -13.714 0.5000000000
66717  43.683  -7.766  -15.726 0.6000000238
65753  42.531  -8.832  -16.076 0.8000000119
140761  40.309  -9.457  -15.785 0.6999999881
61734  33.720  -13.065  -10.997 0.8999999762
122525  32.902  -13.598  -10.828 0.8999999762
62808  34.032  -11.929  -11.995 0.8999999762
60781  33.040  -12.917  -11.559 0.8000000119
61745  33.239  -12.317  -12.180 0.6999999881
61760  32.668  -12.158  -12.841 0.8000000119
66671  38.668  -6.981  -12.404 0.3000000119
66676  38.746  -7.162  -13.085 0.3000000119
66687  40.042  -7.491  -14.127 0.3000000119
66688  39.149  -7.189  -13.893 0.4000000060
66686  40.984  -7.530  -14.240 0.4000000060
66707  40.445  -6.718  -14.605 0.4000000060
67632  42.021  -5.438  -14.916 0.5000000000
67631  43.223  -5.615  -14.937 0.5000000000
68555  41.553  -4.904  -15.998 0.5000000000
66704  44.171  -6.425  -14.813 0.5000000000
67642  42.260  -6.106  -15.915 0.5000000000
67639  43.274  -6.163  -15.396 0.5000000000
129179  41.939  -7.073  -15.962 0.6000000238
65754  41.530  -8.675  -16.076 0.6999999881
64807  40.022  -8.769  -15.872 0.6999999881
131210  38.344  -9.868  -14.845 0.6999999881
63816  37.670  -10.118  -14.385 0.6999999881
63785  37.016  -10.732  -13.222 0.6999999881
130725  36.514  -10.216  -13.897 0.6999999881
124321  35.200  -11.365  -12.350 0.8000000119
62821  34.531  -11.256  -12.751 0.6999999881
65701  38.699  -7.386  -11.347 0.3000000119
66677  38.152  -6.443  -13.207 0.3000000119
66689  38.326  -6.939  -13.833 0.4000000060
126845  39.721  -7.112  -14.600 0.4000000060
140338  40.284  -6.389  -14.897 0.4000000060
66709  38.907  -7.324  -14.378 0.3000000119
67640  40.285  -6.254  -15.661 0.5000000000
67644  40.715  -6.143  -16.027 0.6000000238
66716  39.219  -7.606  -15.017 0.3000000119
66715  39.816  -7.146  -15.520 0.5000000000
65744  38.413  -7.947  -14.863 0.4000000060
131619  41.133  -6.828  -16.048 0.6999999881
66721  40.011  -7.658  -15.997 0.6999999881
64800  38.919  -8.498  -15.243 0.6000000238
139641  39.420  -8.915  -15.525 0.6999999881
64799  39.845  -9.527  -15.575 0.6999999881
64789  38.272  -8.932  -15.052 0.6999999881
142366  37.357  -9.633  -14.545 0.6000000238
66710  38.010  -7.583  -14.316 0.3000000119
66690  37.627  -7.217  -13.791 0.3000000119
66691  36.729  -7.831  -13.582 0.3000000119
65725  37.153  -8.356  -14.292 0.4000000060
126537  37.710  -9.384  -14.752 0.5000000000
128436  37.742  -8.499  -14.720 0.5000000000
65726  36.210  -8.834  -14.255 0.5000000000
64791  36.724  -9.176  -14.427 0.6000000238
64775  36.251  -9.649  -14.286 0.6000000238
67604  37.640  -5.870  -12.695 0.4000000060
142128  37.694  -6.311  -12.931 0.3000000119
131563  37.041  -6.397  -12.827 0.3000000119
66678  37.277  -6.862  -13.218 0.3000000119
121503  36.345  -7.234  -12.898 0.3000000119
65709  35.856  -8.179  -13.475 0.3000000119
65710  34.933  -8.284  -13.545 0.4000000060
64776  35.613  -9.493  -14.319 0.6000000238
65727  35.314  -8.916  -14.229 0.4000000060
65728  34.452  -8.877  -14.307 0.4000000060
64777  34.823  -9.703  -14.475 0.5000000000
62838  32.366  -11.306  -13.946 0.6999999881
61761  31.397  -12.610  -13.027 0.8000000119
122126  36.855  -5.675  -12.610 0.4000000060
67605  36.348  -6.425  -12.614 0.3000000119
67606  35.623  -6.725  -12.529 0.3000000119
66679  35.356  -7.573  -12.883 0.3000000119
66680  34.424  -7.656  -12.939 0.4000000060
65711  34.061  -8.264  -13.603 0.4000000060
127604  33.761  -8.735  -14.231 0.4000000060
65729  33.174  -8.868  -14.252 0.4000000060
63802  34.764  -10.560  -13.830 0.6000000238
64778  33.744  -9.516  -14.575 0.4000000060
62837  33.159  -11.188  -13.910 0.6999999881
63817  33.034  -9.990  -14.548 0.4000000060
63818  32.288  -9.933  -14.512 0.4000000060
63805  31.961  -10.706  -14.291 0.6000000238
63819  31.517  -10.094  -14.385 0.5000000000
62839  31.566  -11.349  -13.882 0.6000000238
62823  31.986  -12.001  -13.403 0.6999999881
62840  30.666  -11.131  -13.753 0.6999999881
120150  37.078  -4.805  -12.557 0.3000000119
120629  35.884  -5.904  -12.388 0.3000000119
119417  35.011  -6.105  -12.302 0.3000000119
67607  34.751  -6.918  -12.532 0.3000000119
121526  33.982  -7.042  -12.579 0.4000000060
66681  33.455  -7.563  -13.101 0.3000000119
66682  32.710  -7.087  -13.096 0.3000000119
66692  32.554  -7.767  -13.635 0.3000000119
67617  32.106  -7.067  -13.388 0.3000000119
64792  32.846  -9.403  -14.442 0.4000000060
121438  32.750  -8.436  -14.030 0.3000000119
66693  31.551  -7.499  -13.968 0.3000000119
65746  31.496  -8.892  -14.505 0.3000000119
136786  31.312  -8.220  -14.403 0.3000000119
63820  31.080  -9.469  -14.433 0.3000000119
65730  30.703  -8.657  -14.405 0.4000000060
64779  30.341  -9.467  -14.142 0.5000000000
63806  30.807  -10.198  -14.144 0.5000000000
62841  29.669  -11.181  -13.350 0.5000000000
69413  35.549  -4.423  -12.360 0.3000000119
68525  35.285  -5.260  -12.322 0.3000000119
68526  34.399  -5.428  -12.340 0.3000000119
119227  34.136  -6.290  -12.387 0.3000000119
67618  31.533  -6.538  -13.487 0.3000000119
67619  30.678  -6.723  -14.229 0.3000000119
66694  30.722  -7.721  -14.397 0.3000000119
125240  29.980  -8.808  -14.120 0.4000000060
63807  29.991  -10.272  -13.734 0.5000000000
64780  29.524  -9.406  -13.778 0.5000000000
63808  28.924  -10.271  -13.372 0.5000000000
119130  34.666  -4.585  -12.406 0.3000000119
69415  33.781  -4.747  -12.496 0.3000000119
68527  33.500  -5.596  -12.464 0.3000000119
68528  32.652  -5.730  -12.673 0.3000000119
67609  32.305  -6.437  -12.968 0.3000000119
68534  30.923  -5.788  -13.683 0.3000000119
119884  30.022  -8.056  -14.284 0.4000000060
65731  29.298  -8.487  -13.878 0.4000000060
64781  28.605  -9.136  -13.491 0.4000000060
65732  28.317  -8.011  -13.641 0.4000000060
64782  27.636  -8.818  -13.191 0.4000000060
119129  35.783  -3.616  -12.362 0.3000000119
127124  33.272  -4.210  -12.754 0.3000000119
69416  32.863  -4.906  -12.658 0.3000000119
128097  32.328  -5.264  -12.741 0.3000000119
67610  31.798  -5.651  -12.971 0.3000000119
125786  30.356  -4.985  -13.880 0.3000000119
120511  29.911  -6.350  -14.504 0.3000000119
122571  30.037  -7.187  -14.476 0.3000000119
66695  29.283  -7.563  -14.098 0.4000000060
66696  28.550  -6.989  -13.948 0.3000000119
70301  34.541  -3.275  -12.751 0.3000000119
118905  34.033  -3.865  -12.703 0.3000000119
71192  33.909  -3.012  -13.128 0.3000000119
70303  32.481  -4.099  -12.933 0.3000000119
69417  32.004  -4.813  -12.864 0.3000000119
70310  31.482  -4.066  -13.143 0.3000000119
69424  31.150  -4.910  -13.240 0.3000000119
119445  30.781  -3.299  -13.508 0.3000000119
68535  30.180  -5.763  -14.344 0.3000000119
70302  33.151  -3.489  -13.061 0.3000000119
71201  33.043  -2.613  -13.443 0.3000000119
70309  32.007  -3.147  -13.290 0.3000000119
69425  30.548  -4.145  -13.547 0.3000000119
139029  29.875  -4.300  -14.131 0.3000000119
122447  29.640  -4.956  -14.447 0.3000000119
72083  33.023  -1.744  -13.842 0.3000000119
71202  32.013  -2.090  -13.643 0.3000000119
71203  30.960  -2.429  -13.655 0.3000000119
71204  30.071  -2.659  -14.086 0.3000000119
123713  31.009  -1.588  -14.006 0.4000000060
72092  32.036  -1.146  -14.151 0.3000000119
72093  30.923  -0.932  -14.425 0.4000000060
52498  31.821  -22.621  -8.296 1.0000000000
53511  32.997  -21.608  -9.350 1.0000000000
140998  30.426  -23.708  -8.129 0.8999999762
62820  35.843  -11.279  -12.486 0.6999999881
121165  32.734  -11.671  -13.423 0.8000000119
62836  33.958  -10.906  -13.742 0.6999999881
39318  34.026  -34.711  -11.176 0.6000000238
41248  32.888  -32.645  -11.592 0.6000000238
35529  34.928  -39.531  -9.514 0.5000000000
35510  35.155  -39.701  -8.370 0.5000000000
124314  31.079  -28.864  -5.398 0.8999999762
43336  32.747  -31.892  -7.611 0.5000000000
119814  32.292  -36.019  -5.939 0.4000000060
124984  32.483  -34.017  -6.134 0.5000000000
36527  33.107  -38.732  -7.134 0.4000000060
46429  32.965  -27.710  -10.827 0.6999999881
47414  33.224  -27.068  -6.635 0.8999999762
47489  35.345  -27.340  -11.698 0.6999999881
130829  32.551  -33.220  -5.938 0.5000000000
41198  32.506  -33.249  -4.453 0.5000000000
49391  34.762  -25.909  -10.260 0.8000000119
36513  32.805  -38.300  -6.410 0.4000000060
131482  33.736  -26.681  -8.217 0.8000000119
44351  33.633  -30.479  -5.610 0.4000000060
51385  34.702  -23.663  -6.618 0.8000000119
138019  28.949  -24.801  -8.928 0.8000000119
46452  36.641  -28.926  -12.111 0.6000000238
47423  35.690  -27.972  -7.508 0.4000000060
47400  35.501  -27.936  -5.769 0.4000000060
139456  37.129  -24.226  -12.022 0.8000000119
52497  32.544  -22.108  -8.612 1.0000000000
47440  36.958  -27.419  -8.957 0.5000000000
46425  37.100  -28.907  -10.438 0.5000000000
52510  31.212  -22.567  -10.169 1.0000000000
46468  37.243  -29.264  -14.354 0.6999999881
53527  34.237  -20.794  -9.230 1.0000000000
56259  34.599  -18.194  -14.206 1.0000000000
127860  35.292  -18.099  -14.543 1.0000000000
54483  38.917  -20.969  -11.329 0.8000000119
57138  38.014  -17.637  -14.153 1.0000000000
57128  41.194  -17.702  -12.813 0.8000000119
57129  39.200  -17.753  -13.944 1.0000000000
56240  37.520  -18.115  -13.041 1.0000000000
54492  41.605  -20.282  -13.215 0.6999999881
58938  41.812  -15.448  -14.644 0.8000000119
59879  42.065  -14.589  -15.770 1.0000000000
59875  40.384  -14.964  -15.392 1.0000000000
60810  42.495  -14.067  -15.330 1.0000000000
52539  41.422  -22.519  -12.541 0.6000000238
127559  41.587  -21.778  -13.149 0.6999999881
132612  42.804  -17.784  -5.706 0.4000000060
53529  29.188  -21.657  -10.179 1.0000000000
127110  32.243  -19.630  -10.045 1.0000000000
135592  41.845  -15.018  -5.430 0.4000000060
56145  42.313  -18.353  -5.502 0.4000000060
132990  41.716  -15.906  -5.263 0.5000000000
57048  41.984  -17.688  -5.343 0.5000000000
62757  38.210  -10.829  -5.950 0.4000000060
62746  38.785  -11.022  -5.496 0.4000000060
124534  37.995  -13.085  -12.713 1.0000000000
131677  39.292  -13.922  -5.541 0.5000000000
142302  33.696  -12.540  -11.561 0.8000000119
63767  38.715  -10.970  -10.110 0.5000000000
61730  39.144  -12.260  -10.717 0.5000000000
62815  41.515  -11.352  -13.149 0.5000000000
63812  43.949  -10.279  -14.905 0.6999999881
65742  43.899  -7.595  -14.418 0.5000000000
66703  44.722  -6.778  -14.979 0.5000000000
66705  42.852  -6.417  -14.531 0.5000000000
63786  36.146  -10.676  -13.139 0.6999999881
63801  35.616  -10.204  -14.029 0.6999999881
63803  33.489  -10.449  -14.385 0.6000000238
67608  33.224  -6.554  -12.652 0.3000000119
127083  30.463  -32.785  -9.853 0.5000000000
42299  30.449  -32.901  -8.662 0.5000000000
43338  30.769  -31.870  -7.159 0.5000000000
39324  30.995  -35.490  -10.962 0.5000000000
40240  30.658  -34.331  -9.827 0.5000000000
39323  31.278  -35.348  -11.524 0.5000000000
126197  30.708  -34.066  -10.957 0.5000000000
40246  30.845  -34.819  -10.801 0.5000000000
124025  31.995  -35.183  -12.179 0.5000000000
38441  33.933  -35.482  -13.370 0.4000000060
40252  31.996  -34.175  -12.654 0.5000000000
39327  34.157  -34.562  -13.123 0.4000000060
39328  32.996  -34.380  -12.716 0.5000000000
39325  35.738  -35.246  -13.056 0.5000000000
40250  33.607  -33.904  -12.720 0.5000000000
47463  26.634  -27.688  -10.317 0.6999999881
128585  25.814  -28.805  -9.605 0.6999999881
130042  27.532  -26.423  -10.494 0.8000000119
48416  27.809  -26.317  -10.398 0.8000000119
47462  27.397  -27.712  -10.187 0.8000000119
50400  29.027  -24.266  -10.369 0.8999999762
48418  26.544  -26.940  -10.123 0.6999999881
49392  27.969  -25.616  -10.652 0.8999999762
50415  28.175  -24.647  -10.622 0.8999999762
123982  28.375  -24.824  -10.509 0.8999999762
51449  29.392  -23.621  -10.897 0.8999999762
51439  26.829  -24.228  -9.827 0.6000000238
50416  27.158  -24.960  -10.246 0.8000000119
51463  28.728  -23.153  -11.254 0.8999999762
51462  29.277  -23.197  -11.413 0.8999999762
52543  29.794  -22.621  -12.007 0.8999999762
143193  31.275  -20.785  -13.001 0.8999999762
130003  42.419  -26.058  -14.093 0.5000000000
49415  42.257  -25.322  -14.405 0.5000000000
49420  42.031  -25.324  -15.172 0.5000000000
48456  41.473  -26.677  -15.312 0.6000000238
122492  41.646  -25.855  -15.202 0.5000000000
47514  39.544  -27.341  -14.775 0.6000000238
50402  26.394  -24.780  -9.690 0.6000000238
52528  27.769  -23.354  -10.441 0.8999999762
51450  28.257  -23.672  -10.727 0.8999999762
51451  27.582  -24.251  -10.427 0.8999999762
52553  29.116  -21.930  -12.090 0.8999999762
53563  29.629  -21.581  -12.425 0.8999999762
54497  30.557  -20.610  -12.906 0.8999999762
50419  41.442  -24.632  -11.463 0.5000000000
51444  41.018  -24.082  -10.870 0.5000000000
49400  41.789  -25.249  -12.047 0.5000000000
49408  42.141  -25.174  -13.243 0.5000000000
50427  41.848  -24.361  -12.803 0.5000000000
135564  42.150  -25.821  -12.510 0.5000000000
52527  28.151  -22.715  -10.441 0.8999999762
52529  27.143  -23.610  -9.853 0.6999999881
51464  28.309  -22.980  -11.075 0.8999999762
138039  29.033  -21.819  -11.770 0.8999999762
54488  30.211  -20.413  -12.571 0.8999999762
54487  30.853  -19.969  -12.900 0.8999999762
50410  41.240  -24.787  -10.443 0.5000000000
51459  40.965  -23.330  -11.218 0.5000000000
49375  41.581  -25.432  -10.014 0.5000000000
130381  42.082  -25.981  -10.511 0.5000000000
53545  29.228  -21.471  -11.481 0.8999999762
54489  29.592  -20.819  -12.078 0.8999999762
55357  31.357  -19.668  -12.606 0.8999999762
50411  40.828  -24.203  -9.957 0.5000000000
50382  40.843  -24.089  -8.887 0.5000000000
125564  41.500  -24.856  -8.720 0.5000000000
135640  41.374  -23.655  -7.060 0.4000000060
55318  28.598  -20.782  -8.138 0.6000000238
123112  27.602  -20.815  -7.721 0.6000000238
132398  28.737  -19.776  -8.161 0.6999999881
137908  28.022  -19.935  -7.852 0.6999999881
56201  27.852  -18.945  -8.237 0.6999999881
128883  26.845  -18.603  -8.389 0.6999999881
55317  29.621  -19.703  -8.349 0.8000000119
55316  30.542  -19.705  -8.517 0.8000000119
56200  28.841  -18.823  -8.362 0.6999999881
57095  28.943  -17.928  -8.701 0.6999999881
57096  28.097  -18.064  -8.606 0.6999999881
126145  29.099  -17.182  -9.141 0.6999999881
57109  28.135  -17.197  -9.080 0.6999999881
57093  31.854  -17.709  -8.545 0.8000000119
57107  30.966  -17.281  -8.710 0.8000000119
57092  32.718  -17.940  -8.676 0.8000000119
57996  29.439  -16.540  -9.490 0.6999999881
57108  29.972  -17.224  -9.045 0.6999999881
57994  31.421  -16.570  -9.046 0.8000000119
57983  33.336  -17.098  -9.116 0.8000000119
58898  30.778  -15.892  -9.654 0.6999999881
58909  32.087  -14.929  -10.140 0.8000000119
59839  30.678  -14.783  -10.795 0.6000000238
133011  33.078  -16.098  -9.314 0.8000000119
58897  32.358  -15.544  -9.607 0.8000000119
59838  31.557  -14.561  -10.653 0.6000000238
59852  31.039  -14.171  -11.301 0.6000000238
59854  29.376  -14.403  -11.320 0.6000000238
59837  32.415  -14.361  -10.444 0.8000000119
123043  30.558  -13.735  -11.840 0.6000000238
59826  32.835  -14.928  -9.872 0.8000000119
138826  30.144  -13.394  -12.232 0.6000000238
60768  31.905  -13.903  -11.100 0.6999999881
61747  31.728  -13.001  -12.373 0.6000000238
61762  30.727  -12.587  -13.089 0.6999999881
61763  30.001  -12.797  -12.707 0.6000000238
139321  30.846  -13.162  -12.531 0.6000000238
62825  30.265  -12.017  -13.285 0.6000000238
60782  32.232  -13.281  -11.646 0.6999999881
61746  32.484  -12.699  -12.228 0.6999999881
38440  36.573  -35.822  -13.100 0.4000000060
39326  35.102  -34.691  -12.962 0.5000000000
41251  31.180  -33.889  -12.527 0.5000000000
130128  30.800  -34.050  -11.818 0.5000000000
118957  30.319  -22.736  -11.757 0.8999999762
135877  41.686  -24.289  -7.482 0.3000000119
56198  31.064  -18.920  -8.430 0.8000000119
38442  33.023  -35.353  -12.708 0.5000000000
49393  27.459  -25.720  -10.503 0.8000000119
48455  42.054  -26.250  -15.255 0.5000000000
57094  30.453  -17.986  -8.558 0.8000000119
139569  29.654  -17.773  -8.741 0.6999999881
57993  32.373  -16.359  -9.123 0.8000000119
58899  29.835  -15.945  -9.858 0.6999999881
58910  31.308  -15.229  -10.040 0.6999999881
47457  37.957  -27.182  -10.049 0.4000000060
47470  39.161  -27.284  -11.131 0.4000000060
46440  38.158  -29.376  -11.772 0.4000000060
47488  38.739  -28.171  -11.425 0.4000000060
45463  38.193  -30.838  -14.026 0.5000000000
46449  39.353  -29.658  -12.832 0.4000000060
139710  40.083  -28.379  -12.241 0.4000000060
46466  39.344  -29.458  -14.854 0.5000000000
123648  39.942  -28.159  -15.081 0.5000000000
44429  39.103  -30.792  -14.160 0.5000000000
45462  39.255  -30.785  -14.051 0.4000000060
45451  38.694  -30.609  -13.632 0.4000000060
46448  40.256  -29.303  -12.906 0.4000000060
45450  39.674  -30.340  -13.527 0.4000000060
46458  40.730  -29.771  -13.362 0.4000000060
47513  41.060  -27.706  -15.364 0.5000000000
45471  38.769  -30.429  -14.405 0.5000000000
44428  40.268  -30.627  -14.474 0.4000000060
45461  40.269  -30.684  -14.065 0.4000000060
44425  43.225  -32.339  -14.483 0.4000000060
44426  42.425  -31.705  -14.702 0.4000000060
45460  41.303  -30.432  -13.856 0.4000000060
142311  43.836  -32.874  -14.180 0.4000000060
44417  42.658  -31.271  -13.811 0.4000000060
46465  40.463  -29.003  -15.218 0.5000000000
45470  39.934  -30.355  -14.811 0.4000000060
141877  48.327  -29.382  -12.586 0.3000000119
44443  40.937  -30.742  -15.157 0.4000000060
44402  47.547  -31.037  -12.601 0.3000000119
43393  42.224  -31.427  -15.231 0.4000000060
44411  48.047  -32.000  -13.431 0.3000000119
44412  47.171  -32.816  -13.434 0.3000000119
44414  45.939  -32.665  -13.814 0.3000000119
44423  45.441  -33.316  -14.689 0.3000000119
43391  44.243  -33.252  -15.224 0.4000000060
43387  43.246  -32.424  -15.120 0.4000000060
44436  42.319  -31.638  -15.054 0.4000000060
44413  46.529  -32.937  -13.486 0.3000000119
42322  45.120  -34.173  -14.779 0.3000000119
42333  44.592  -33.988  -14.991 0.4000000060
47512  42.077  -27.246  -15.489 0.4000000060
46464  41.558  -28.457  -15.536 0.4000000060
45477  41.612  -30.196  -15.478 0.4000000060
46473  41.984  -29.195  -15.578 0.4000000060
45433  47.790  -29.700  -12.124 0.3000000119
45422  46.871  -29.192  -11.014 0.3000000119
45434  47.129  -29.958  -11.796 0.3000000119
44404  46.295  -31.246  -12.722 0.3000000119
45445  45.548  -30.760  -12.789 0.3000000119
44415  45.208  -31.524  -13.957 0.4000000060
44434  44.429  -32.556  -15.392 0.4000000060
43392  42.818  -31.885  -15.329 0.4000000060
44403  46.839  -31.318  -12.619 0.3000000119
44424  44.985  -32.611  -14.996 0.3000000119
48454  42.322  -26.730  -15.108 0.4000000060
46420  45.338  -28.517  -10.503 0.3000000119
46436  43.772  -28.472  -12.216 0.3000000119
45447  43.876  -29.093  -13.317 0.4000000060
47494  43.357  -28.047  -13.140 0.4000000060
47502  43.387  -28.379  -14.010 0.4000000060
47520  42.780  -28.391  -15.365 0.4000000060
143736  46.324  -29.091  -10.814 0.3000000119
45424  45.154  -29.007  -11.164 0.3000000119
46435  44.301  -29.149  -12.288 0.3000000119
45458  43.861  -29.847  -14.407 0.4000000060
46463  43.435  -29.438  -15.072 0.4000000060
46471  43.090  -29.301  -15.510 0.4000000060
45436  45.730  -29.831  -11.814 0.3000000119
45437  44.953  -29.556  -11.945 0.3000000119
125457  44.379  -30.274  -13.757 0.4000000060
133972  43.679  -30.533  -15.150 0.4000000060
129265  43.342  -30.138  -15.410 0.4000000060
45435  46.430  -29.862  -11.651 0.3000000119
45467  43.953  -31.554  -15.409 0.4000000060
44441  42.610  -31.122  -15.447 0.4000000060
119773  42.490  -26.517  -11.157 0.4000000060
48437  42.368  -26.307  -12.008 0.4000000060
48448  42.610  -26.789  -14.311 0.4000000060
47467  43.203  -27.285  -10.947 0.3000000119
47484  42.711  -26.917  -12.038 0.4000000060
47495  42.793  -27.284  -13.114 0.4000000060
46422  43.845  -28.072  -11.275 0.4000000060
47483  43.263  -27.661  -12.101 0.4000000060
47503  43.017  -27.688  -14.172 0.4000000060
47511  42.649  -27.547  -15.104 0.4000000060
57997  28.542  -16.505  -9.534 0.6000000238
57110  27.239  -17.095  -9.353 0.6000000238
59840  29.777  -14.927  -10.874 0.5000000000
58912  29.361  -15.443  -10.357 0.5000000000
60785  29.086  -13.812  -11.694 0.5000000000
60797  29.512  -13.321  -12.141 0.5000000000
62826  29.404  -12.017  -12.870 0.5000000000
128660  28.755  -2.859  -14.946 0.3000000119
130450  27.842  -2.606  -15.084 0.3000000119
72084  30.070  -1.890  -14.337 0.3000000119
128392  29.455  -2.802  -14.592 0.3000000119
71210  27.380  -2.804  -14.586 0.3000000119
72085  27.471  -1.427  -14.502 0.3000000119
119503  30.036  -1.141  -14.651 0.3000000119
72094  29.079  -1.384  -15.255 0.3000000119
71205  29.201  -2.212  -14.902 0.3000000119
71208  28.067  -1.621  -15.334 0.3000000119
72095  27.484  -1.010  -15.160 0.3000000119
71209  27.286  -1.863  -14.991 0.3000000119
72074  28.039  -1.977  -13.256 0.3000000119
138861  29.185  -0.727  -15.341 0.3000000119
72098  28.444  -0.723  -15.422 0.3000000119
72099  27.861  -0.697  -15.327 0.3000000119
138426  27.755  -0.434  -15.212 0.3000000119
72964  27.821  -0.557  -14.633 0.3000000119
72947  28.217  -1.122  -13.579 0.3000000119
72975  30.088  -0.417  -14.976 0.3000000119
72984  28.203  -0.123  -15.321 0.3000000119
72976  28.056  0.076  -15.055 0.3000000119
72963  28.556  0.018  -14.245 0.3000000119
138311  29.012  0.068  -15.496 0.3000000119
143841  28.542  0.253  -15.315 0.3000000119
73849  28.739  0.520  -14.730 0.3000000119
73881  28.996  0.707  -15.319 0.3000000119
74800  29.171  1.207  -15.379 0.3000000119
73863  28.587  0.489  -15.268 0.3000000119
74816  29.491  1.729  -15.725 0.3000000119
45449  41.466  -29.482  -13.088 0.4000000060
48426  38.605  -26.702  -10.186 0.4000000060
48425  39.188  -26.730  -10.552 0.4000000060
46447  41.111  -28.672  -12.535 0.4000000060
47486  40.343  -27.480  -11.475 0.4000000060
43380  44.253  -32.619  -13.316 0.4000000060
44407  42.983  -30.634  -12.612 0.4000000060
45448  42.161  -30.064  -13.202 0.4000000060
45456  48.853  -30.963  -13.842 0.3000000119
44422  48.889  -32.267  -14.299 0.3000000119
121085  46.310  -33.044  -13.249 0.3000000119
43378  45.428  -33.805  -14.208 0.3000000119
42324  44.549  -33.708  -14.436 0.3000000119
136487  48.271  -30.442  -12.819 0.3000000119
46434  47.520  -28.913  -11.408 0.3000000119
138984  45.982  -28.606  -10.406 0.3000000119
46418  47.190  -28.550  -10.800 0.3000000119
49374  42.320  -25.850  -9.423 0.4000000060
48410  42.886  -26.578  -10.023 0.4000000060
47466  44.069  -27.754  -10.372 0.3000000119
46404  44.845  -27.986  -10.032 0.3000000119
138898  41.700  -25.302  -9.266 0.4000000060
57097  27.496  -17.584  -8.897 0.6000000238
72974  31.321  -0.373  -14.718 0.3000000119
73862  30.433  0.308  -15.319 0.3000000119
74815  29.844  0.967  -15.800 0.3000000119
126195  48.656  -28.660  -12.930 0.3000000119
47472  37.702  -28.145  -10.386 0.4000000060
45472  37.985  -30.554  -14.322 0.5000000000
44442  41.839  -30.890  -15.342 0.4000000060
74829  29.914  1.999  -16.454 0.3000000119
48397  37.400  -26.601  -8.465 0.3000000119
48412  38.363  -26.380  -9.566 0.3000000119
141285  27.774  -30.698  -5.418 0.6000000238
43328  27.183  -31.026  -5.994 0.6999999881
139856  26.742  -31.654  -6.390 0.6999999881
48424  39.797  -26.934  -11.024 0.3000000119
37490  32.671  -37.812  -5.755 0.3000000119
40189  32.333  -34.749  -4.144 0.3000000119
44378  26.601  -30.469  -9.022 0.6999999881
47399  36.105  -27.319  -5.709 0.3000000119
43339  26.555  -31.267  -8.229 0.6999999881
125590  26.516  -31.932  -7.237 0.6999999881
48367  37.308  -26.455  -6.697 0.3000000119
49376  38.898  -25.839  -8.997 0.3000000119
44360  26.863  -30.334  -6.669 0.6999999881
49361  38.698  -25.836  -8.154 0.3000000119
47456  40.957  -26.947  -9.518 0.3000000119
48395  39.786  -26.095  -8.942 0.3000000119
48411  40.019  -26.512  -9.985 0.3000000119
46407  41.932  -28.147  -10.321 0.3000000119
46438  41.684  -28.320  -11.404 0.3000000119
47469  40.656  -27.080  -10.523 0.3000000119
140280  32.366  -33.973  -4.544 0.3000000119
44340  33.594  -30.672  -4.508 0.4000000060
45404  26.706  -29.537  -9.409 0.6999999881
47388  35.744  -27.852  -4.935 0.3000000119
46342  34.773  -28.990  -4.929 0.3000000119
45387  26.793  -29.713  -8.276 0.6999999881
44364  26.657  -30.433  -7.734 0.6999999881
133417  37.372  -26.489  -5.950 0.3000000119
49340  39.346  -25.839  -7.576 0.3000000119
48394  40.577  -26.391  -8.292 0.3000000119
47454  42.168  -27.939  -9.431 0.3000000119
136264  33.261  -31.403  -4.183 0.4000000060
44392  26.311  -30.522  -9.904 0.6999999881
45351  35.028  -29.083  -3.955 0.3000000119
46341  35.405  -28.469  -4.419 0.3000000119
48355  37.841  -26.349  -5.471 0.3000000119
47387  36.517  -27.412  -4.595 0.3000000119
46397  27.405  -28.347  -8.892 0.6999999881
49329  39.261  -25.888  -6.729 0.3000000119
46381  27.336  -28.531  -7.963 0.6999999881
45439  42.587  -29.646  -12.009 0.3000000119
141344  41.748  -28.652  -11.990 0.3000000119
45426  42.840  -29.363  -11.044 0.3000000119
45417  27.050  -28.712  -9.719 0.6999999881
46340  36.112  -28.031  -4.019 0.3000000119
48417  27.698  -26.955  -9.854 0.6999999881
48338  38.816  -26.680  -4.723 0.3000000119
48339  37.962  -26.619  -4.710 0.3000000119
47445  27.621  -27.560  -9.060 0.6999999881
45438  43.282  -30.160  -11.519 0.3000000119
47378  36.934  -27.787  -3.759 0.3000000119
123581  28.166  -26.225  -9.538 0.6999999881
48392  43.155  -26.311  -8.978 0.3000000119
43309  28.744  -31.516  -4.819 0.5000000000
42283  26.692  -33.130  -6.204 0.6999999881
43321  27.922  -31.368  -5.270 0.6000000238
42282  27.380  -32.866  -5.513 0.6000000238
127936  28.419  -30.788  -5.018 0.6000000238
127405  26.468  -33.048  -9.513 0.6999999881
43350  26.432  -31.405  -9.553 0.6999999881
41182  32.448  -33.822  -3.775 0.3000000119
43359  26.182  -31.604  -10.244 0.6999999881
43292  33.371  -31.668  -3.398 0.4000000060
45418  26.559  -29.204  -9.776 0.6999999881
44332  34.408  -30.341  -3.233 0.4000000060
44339  34.039  -30.140  -3.920 0.4000000060
47478  26.991  -27.939  -10.625 0.6999999881
45342  35.430  -29.383  -3.194 0.3000000119
44318  35.142  -30.158  -2.798 0.3000000119
45327  35.905  -29.746  -2.763 0.3000000119
48376  37.299  -26.459  -7.577 0.3000000119
45430  26.943  -28.548  -10.193 0.6999999881
130578  27.279  -31.913  -5.677 0.6000000238
47377  37.705  -27.737  -3.689 0.3000000119
44319  34.528  -30.925  -2.750 0.3000000119
41239  30.535  -34.085  -8.704 0.5000000000
42280  30.393  -32.819  -5.563 0.5000000000
140851  30.398  -33.959  -6.483 0.5000000000
42294  30.530  -32.766  -7.570 0.4000000060
33600  26.846  -41.804  -6.893 0.4000000060
31535  25.244  -43.083  -8.499 0.5000000000
42287  30.574  -32.714  -6.506 0.4000000060
42271  30.270  -32.313  -5.128 0.5000000000
29542  23.794  -45.059  -9.046 0.4000000060
28601  22.763  -46.199  -9.602 0.4000000060
32552  26.183  -42.423  -7.553 0.5000000000
43308  29.546  -31.549  -4.719 0.4000000060
29552  22.713  -45.589  -10.193 0.4000000060
28602  22.140  -46.913  -9.876 0.4000000060
30525  23.987  -44.069  -9.407 0.4000000060
33602  25.612  -41.860  -8.453 0.5000000000
32564  25.251  -42.422  -8.792 0.4000000060
34519  26.701  -40.194  -6.938 0.5000000000
130701  26.856  -37.680  -6.168 0.4000000060
132794  28.345  -33.033  -4.910 0.5000000000
40203  27.586  -35.015  -5.382 0.4000000060
37494  26.960  -37.003  -5.910 0.4000000060
41213  27.884  -33.691  -5.105 0.4000000060
28613  21.761  -46.272  -10.470 0.4000000060
118938  18.611  -45.016  -9.746 0.4000000060
31543  23.572  -43.729  -10.172 0.4000000060
131252  20.126  -43.067  -9.677 0.4000000060
33616  25.339  -41.048  -9.167 0.5000000000
32565  24.767  -42.731  -9.262 0.4000000060
31544  20.958  -42.687  -9.739 0.4000000060
33615  25.763  -41.010  -8.179 0.5000000000
34557  22.073  -40.715  -9.613 0.4000000060
33634  21.452  -41.327  -9.613 0.4000000060
34532  25.972  -40.242  -7.893 0.5000000000
36530  26.314  -38.497  -7.592 0.5000000000
36565  23.063  -38.783  -9.439 0.4000000060
36549  22.389  -38.314  -8.776 0.4000000060
35491  26.690  -39.246  -6.790 0.5000000000
138993  26.480  -37.715  -7.123 0.6000000238
129524  26.802  -36.183  -6.062 0.6000000238
40204  26.844  -34.585  -5.966 0.5000000000
29553  19.089  -45.815  -9.875 0.4000000060
132770  20.047  -43.777  -9.738 0.4000000060
29562  22.305  -45.509  -10.430 0.4000000060
31545  20.981  -43.645  -10.074 0.4000000060
33630  24.882  -40.926  -9.940 0.5000000000
133954  24.255  -42.302  -9.933 0.4000000060
31559  21.852  -43.034  -10.290 0.4000000060
34540  25.520  -40.311  -8.859 0.5000000000
34556  22.915  -40.730  -10.101 0.4000000060
32596  21.713  -42.160  -9.873 0.4000000060
35513  25.659  -39.566  -8.679 0.5000000000
37516  26.443  -36.927  -8.003 0.5000000000
36548  23.333  -38.068  -9.141 0.4000000060
121994  26.516  -36.105  -7.189 0.6000000238
41224  26.626  -33.774  -6.591 0.6000000238
30528  20.369  -44.452  -10.035 0.4000000060
31557  23.219  -43.535  -10.473 0.4000000060
121616  21.324  -44.574  -10.401 0.4000000060
120609  22.022  -43.906  -10.444 0.4000000060
34571  23.281  -41.188  -10.464 0.4000000060
35514  25.355  -39.716  -9.588 0.5000000000
34570  23.678  -40.600  -10.759 0.4000000060
35535  22.815  -39.547  -9.613 0.4000000060
36546  25.994  -38.077  -8.557 0.5000000000
42288  26.493  -32.918  -7.217 0.6000000238
40215  26.551  -34.543  -7.067 0.6000000238
121673  26.580  -35.281  -7.740 0.6000000238
29563  21.572  -45.408  -10.523 0.4000000060
120544  23.205  -42.714  -10.406 0.4000000060
32595  22.569  -42.463  -10.331 0.4000000060
34553  25.161  -40.276  -9.876 0.5000000000
33631  24.319  -41.259  -10.427 0.5000000000
33632  24.073  -40.602  -10.880 0.5000000000
133365  24.977  -38.987  -10.183 0.5000000000
35533  24.533  -39.484  -10.422 0.5000000000
37531  26.136  -37.343  -9.117 0.5000000000
130345  25.360  -38.964  -9.703 0.5000000000
36563  25.164  -38.306  -9.891 0.5000000000
35534  23.883  -39.300  -10.261 0.4000000060
39295  26.598  -35.979  -8.508 0.6000000238
37548  24.340  -37.890  -9.633 0.5000000000
37532  23.702  -37.311  -8.806 0.4000000060
40227  26.607  -34.532  -8.342 0.6000000238
38419  26.438  -36.436  -9.241 0.6000000238
37546  25.522  -37.439  -9.606 0.5000000000
37547  25.077  -37.717  -9.852 0.5000000000
40235  26.769  -35.240  -9.165 0.6000000238
39314  26.421  -35.996  -9.707 0.6000000238
128926  25.519  -36.915  -9.681 0.5000000000
41240  26.547  -33.846  -8.986 0.6000000238
42295  26.492  -32.283  -8.608 0.6000000238
44380  25.732  -30.827  -10.119 0.5000000000
43360  25.907  -31.511  -10.426 0.6000000238
42307  25.426  -32.287  -10.046 0.5000000000
42312  25.975  -31.830  -10.422 0.6000000238
42306  25.973  -32.450  -10.520 0.6000000238
41246  25.497  -33.206  -10.267 0.5000000000
40236  24.527  -34.674  -8.970 0.5000000000
125371  26.617  -35.511  -9.682 0.6000000238
39315  26.139  -35.367  -9.860 0.5000000000
38429  25.360  -36.463  -9.579 0.5000000000
38420  24.837  -36.242  -9.264 0.5000000000
38421  23.999  -36.385  -8.498 0.5000000000
44379  25.825  -30.063  -9.892 0.5000000000
45405  25.691  -29.269  -9.528 0.5000000000
45419  26.265  -29.221  -9.835 0.6000000238
125854  26.106  -30.228  -9.951 0.6000000238
130817  25.577  -33.924  -10.209 0.6000000238
40243  25.319  -34.772  -9.798 0.5000000000
41245  25.964  -33.431  -10.446 0.6000000238
41211  29.808  -33.830  -5.030 0.4000000060
41200  29.001  -33.001  -4.600 0.4000000060
44342  29.874  -30.822  -4.838 0.5000000000
42272  29.849  -32.269  -4.766 0.4000000060
41244  26.298  -33.874  -9.961 0.6000000238
40226  30.512  -34.466  -7.908 0.5000000000
39281  30.370  -35.257  -6.772 0.5000000000
40214  30.471  -34.133  -7.170 0.5000000000
40200  30.137  -34.158  -5.729 0.5000000000
123216  26.102  -41.619  -7.640 0.5000000000
30526  23.438  -44.525  -10.031 0.4000000060
30540  23.203  -44.152  -10.473 0.4000000060
136757  20.132  -41.693  -9.403 0.4000000060
35536  21.779  -39.843  -9.318 0.4000000060
123969  22.804  -44.106  -10.606 0.4000000060
32594  23.729  -42.014  -10.321 0.4000000060
29564  20.692  -45.252  -10.383 0.4000000060
40242  25.987  -34.342  -10.120 0.6000000238
31546  19.318  -43.415  -9.650 0.3000000119
33635  20.604  -41.177  -9.371 0.3000000119
32582  19.290  -42.687  -9.517 0.3000000119
35516  21.086  -39.150  -8.729 0.3000000119
33617  19.786  -41.207  -8.990 0.3000000119
34541  20.318  -40.492  -8.982 0.3000000119
34542  19.319  -40.439  -8.588 0.3000000119
28612  22.379  -46.100  -10.213 0.4000000060
28614  20.956  -46.015  -10.578 0.4000000060
29551  23.159  -45.334  -9.833 0.4000000060
29565  19.723  -45.123  -9.972 0.4000000060
30527  22.882  -44.850  -10.420 0.4000000060
30529  19.289  -44.260  -9.723 0.4000000060
31542  24.157  -43.207  -9.741 0.4000000060
31558  22.676  -43.315  -10.488 0.4000000060
32553  25.617  -42.599  -8.215 0.5000000000
32576  36.516  -42.667  -9.481 0.5000000000
32579  24.950  -41.808  -9.494 0.5000000000
32580  23.707  -42.940  -10.266 0.4000000060
32581  20.087  -42.277  -9.555 0.4000000060
33601  26.424  -40.982  -7.367 0.5000000000
33612  36.498  -41.347  -8.902 0.5000000000
33633  22.495  -41.531  -10.039 0.4000000060
33644  23.744  -41.179  -10.639 0.4000000060
33645  23.204  -41.835  -10.413 0.4000000060
34554  24.522  -40.241  -10.573 0.5000000000
34555  24.057  -39.985  -10.940 0.5000000000
34558  21.136  -40.536  -9.388 0.3000000119
35498  33.824  -39.092  -7.535 0.3000000119
35499  26.179  -39.419  -7.707 0.5000000000
35509  35.708  -39.945  -8.965 0.5000000000
35515  22.111  -39.023  -9.063 0.4000000060
35528  35.578  -39.705  -9.953 0.5000000000
35530  34.109  -39.281  -9.139 0.5000000000
35532  24.999  -39.572  -10.199 0.5000000000
35537  20.846  -39.892  -9.082 0.3000000119
35547  36.501  -39.734  -10.966 0.5000000000
36516  26.744  -38.451  -6.506 0.4000000060
36547  25.590  -38.108  -9.342 0.5000000000
36564  23.901  -38.551  -9.726 0.4000000060
36574  37.393  -38.216  -12.453 0.6000000238
36575  36.111  -37.891  -11.671 0.6000000238
37474  32.624  -37.265  -4.916 0.3000000119
37505  32.457  -37.481  -6.559 0.4000000060
37543  32.920  -37.291  -9.248 0.6000000238
37545  26.059  -36.676  -9.636 0.5000000000
37554  34.667  -36.951  -10.911 0.6999999881
37558  35.478  -36.090  -11.723 0.6000000238
38377  32.307  -36.468  -5.186 0.4000000060
38391  32.374  -36.644  -6.441 0.4000000060
38393  26.611  -36.935  -6.676 0.6000000238
38417  32.562  -36.531  -8.059 0.5000000000
38428  25.911  -36.201  -9.729 0.5000000000
38436  31.501  -35.947  -11.618 0.5000000000
39269  27.609  -35.831  -5.475 0.4000000060
39270  26.985  -35.392  -5.809 0.5000000000
39280  32.454  -35.950  -6.838 0.4000000060
39282  26.633  -35.342  -6.571 0.6000000238
39308  26.641  -35.810  -9.414 0.6000000238
39309  24.540  -35.495  -8.897 0.5000000000
39312  32.974  -35.006  -9.504 0.6999999881
39316  25.417  -35.773  -9.564 0.5000000000
39321  35.133  -34.649  -12.437 0.6000000238
39329  34.913  -35.028  -13.472 0.4000000060
40199  32.325  -34.482  -5.156 0.4000000060
40225  32.551  -34.528  -7.673 0.6000000238
40241  26.487  -34.851  -9.791 0.6000000238
40244  33.805  -34.060  -11.600 0.6000000238
40247  34.503  -34.405  -12.688 0.6000000238
40249  31.062  -34.684  -11.577 0.5000000000
40251  32.677  -33.517  -12.951 0.5000000000
41199  29.977  -33.006  -4.931 0.4000000060
41209  32.459  -33.596  -5.256 0.5000000000
41210  30.166  -33.459  -5.375 0.5000000000
41214  27.063  -33.725  -5.731 0.6000000238
41223  30.504  -33.443  -6.954 0.5000000000
41231  32.560  -33.240  -7.468 0.6000000238
41232  30.482  -33.617  -7.927 0.5000000000
41233  26.530  -33.790  -7.693 0.6000000238
41249  30.515  -33.436  -11.733 0.6000000238
41252  30.607  -33.315  -12.808 0.6000000238
41253  33.197  -33.299  -12.897 0.6000000238
41255  31.230  -33.115  -13.232 0.6000000238
42255  32.698  -32.935  -3.573 0.4000000060
42270  32.688  -32.571  -4.372 0.4000000060
42273  29.125  -32.312  -4.658 0.4000000060
42281  28.240  -32.241  -5.092 0.5000000000
42286  32.642  -32.576  -6.255 0.5000000000
42300  26.361  -32.216  -9.982 0.6000000238
42305  26.098  -32.166  -10.388 0.6000000238
42316  32.522  -31.756  -13.548 0.6000000238
42317  30.280  -31.795  -12.053 0.6999999881
42323  45.098  -34.076  -14.529 0.3000000119
42330  44.932  -34.152  -15.056 0.4000000060
42331  44.943  -34.229  -14.859 0.4000000060
43277  33.888  -31.757  -2.693 0.3000000119
43291  33.770  -30.906  -3.435 0.4000000060
43293  32.949  -32.113  -3.867 0.4000000060
43319  32.855  -31.907  -5.742 0.5000000000
43322  26.686  -32.392  -6.299 0.6999999881
43325  32.819  -31.873  -6.687 0.4000000060
43329  26.626  -31.089  -7.002 0.6999999881
43358  30.551  -31.091  -10.167 0.6000000238
43385  45.238  -34.082  -14.894 0.3000000119
43386  43.964  -33.279  -14.860 0.4000000060
43390  45.008  -33.584  -15.254 0.4000000060
43394  43.466  -32.365  -15.357 0.4000000060
44341  30.311  -30.680  -5.145 0.6000000238
44353  29.490  -30.301  -4.794 0.6999999881
44359  27.428  -30.197  -5.860 0.6999999881
44376  31.242  -29.699  -9.263 0.6999999881
44390  31.285  -29.311  -10.740 0.8000000119
44400  30.852  -29.967  -12.545 0.8000000119
44416  43.450  -31.789  -13.374 0.4000000060
44418  31.689  -30.242  -13.640 0.8000000119
44427  41.400  -31.046  -14.621 0.4000000060
44430  38.429  -30.955  -14.083 0.5000000000
44435  43.790  -32.177  -15.452 0.4000000060
44437  41.485  -31.163  -15.005 0.4000000060
44440  43.218  -31.604  -15.475 0.4000000060
45341  36.225  -29.126  -2.968 0.3000000119
45343  34.685  -29.721  -3.515 0.3000000119
45352  34.407  -29.573  -4.416 0.4000000060
45363  34.209  -29.656  -5.529 0.4000000060
45367  29.390  -29.657  -4.861 0.8000000119
45368  28.586  -29.508  -5.146 0.6999999881
45374  34.319  -29.555  -6.562 0.4000000060
45376  31.469  -29.606  -6.932 0.8000000119
45378  26.815  -29.811  -7.256 0.6999999881
45383  34.396  -29.547  -7.442 0.4000000060
45384  33.960  -30.010  -7.947 0.5000000000
45403  27.076  -28.993  -8.671 0.6999999881
45423  45.818  -29.184  -10.919 0.3000000119
45431  26.751  -28.621  -10.103 0.6999999881
45441  31.812  -28.834  -12.416 0.8000000119
45446  44.704  -30.002  -12.873 0.3000000119
45457  44.344  -31.266  -14.761 0.4000000060
45459  41.970  -30.945  -14.177 0.4000000060
45464  37.502  -30.285  -14.132 0.5000000000
45468  43.506  -31.094  -15.469 0.4000000060
45469  41.024  -29.817  -15.409 0.4000000060
45475  43.110  -30.523  -15.562 0.4000000060
45476  42.469  -29.983  -15.587 0.4000000060
46327  37.399  -28.367  -3.352 0.3000000119
46328  36.568  -28.458  -3.343 0.3000000119
46329  35.754  -28.691  -3.567 0.3000000119
46355  35.183  -28.425  -5.374 0.3000000119
46356  34.687  -28.989  -5.956 0.4000000060
46358  31.684  -28.713  -5.827 0.8999999762
46360  28.340  -28.837  -5.573 0.6999999881
46361  27.642  -28.901  -6.335 0.8000000119
46368  34.756  -29.008  -6.900 0.4000000060
46369  32.269  -28.215  -6.428 0.8999999762
46371  28.193  -28.232  -6.187 0.8000000119
46379  34.851  -29.056  -7.811 0.4000000060
46395  32.229  -27.966  -9.369 0.8000000119
46398  25.749  -28.222  -9.362 0.6999999881
46408  36.657  -28.654  -9.857 0.5000000000
46411  34.436  -28.642  -9.796 0.6000000238
46412  33.561  -28.404  -10.415 0.6000000238
46414  31.935  -28.076  -10.317 0.8000000119
46415  27.142  -28.235  -10.323 0.6999999881
46416  26.715  -28.220  -10.340 0.6000000238
46417  26.296  -28.551  -9.904 0.6000000238
46421  44.605  -28.367  -10.750 0.3000000119
46423  42.416  -28.733  -10.677 0.3000000119
46426  36.256  -28.785  -10.273 0.6000000238
46431  27.007  -28.265  -10.509 0.6999999881
46437  42.225  -28.922  -11.563 0.3000000119
46439  39.036  -28.764  -12.188 0.4000000060
46445  48.136  -28.726  -12.155 0.3000000119
46446  41.884  -29.110  -12.442 0.4000000060
46450  38.391  -29.889  -12.705 0.4000000060
46457  43.563  -28.943  -14.396 0.4000000060
46459  37.093  -29.405  -13.732 0.6000000238
46467  38.233  -29.784  -14.690 0.6000000238
46472  42.641  -28.901  -15.576 0.4000000060
47386  37.412  -27.191  -4.255 0.3000000119
47401  32.929  -26.753  -5.782 0.8999999762
47413  35.568  -27.870  -6.572 0.4000000060
47416  29.085  -26.765  -6.256 0.8000000119
47424  33.237  -27.173  -8.014 0.8000000119
47425  32.775  -27.711  -7.191 0.8000000119
47426  28.040  -27.072  -7.783 0.8000000119
47441  36.392  -27.803  -8.615 0.4000000060
47452  44.406  -27.431  -9.627 0.3000000119
47455  41.450  -27.513  -9.948 0.3000000119
47459  36.555  -28.211  -9.305 0.5000000000
47460  33.001  -27.141  -9.977 0.8000000119
47468  41.182  -27.650  -10.973 0.3000000119
47471  38.466  -27.505  -10.716 0.4000000060
47475  33.424  -27.339  -10.473 0.6999999881
47476  32.696  -27.508  -10.521 0.8000000119
47477  27.117  -27.834  -10.548 0.6999999881
47482  47.586  -28.095  -11.058 0.3000000119
47485  40.888  -27.904  -11.879 0.3000000119
47487  39.534  -27.743  -11.586 0.4000000060
47496  36.228  -27.904  -12.635 0.6000000238
47504  36.778  -28.407  -14.008 0.6000000238
47505  36.395  -27.508  -13.507 0.6999999881
47510  43.190  -28.421  -14.944 0.4000000060
47521  42.394  -28.173  -15.529 0.4000000060
48354  38.446  -26.136  -5.786 0.3000000119
48366  37.871  -26.160  -6.217 0.3000000119
48368  36.751  -26.817  -6.256 0.3000000119
48377  36.712  -26.903  -7.226 0.4000000060
48396  38.113  -26.125  -8.767 0.3000000119
48398  36.754  -27.046  -8.144 0.4000000060
48399  34.087  -26.399  -8.940 0.8000000119
48415  33.607  -26.812  -9.957 0.8000000119
48419  26.341  -26.119  -9.703 0.6999999881
48430  27.364  -27.102  -10.443 0.8000000119
48431  27.100  -27.257  -10.600 0.6999999881
48444  35.552  -26.733  -12.298 0.6999999881
48449  36.199  -26.463  -13.392 0.6999999881
48458  37.936  -26.737  -14.377 0.6999999881
49319  39.051  -26.012  -6.058 0.3000000119
49321  33.222  -25.248  -5.631 0.8999999762
49322  32.545  -25.545  -5.522 0.8999999762
49323  31.807  -25.749  -5.446 0.8999999762
49324  30.929  -25.890  -5.551 0.8999999762
49330  38.506  -25.965  -6.503 0.3000000119
49331  34.413  -25.168  -6.333 0.8000000119
49334  30.409  -25.260  -6.194 1.0000000000
49341  38.595  -25.857  -7.306 0.3000000119
49342  37.878  -26.044  -7.028 0.3000000119
49345  28.958  -25.475  -7.730 0.8000000119
49357  43.480  -25.863  -8.321 0.3000000119
49358  42.177  -25.378  -8.600 0.4000000060
49359  39.987  -25.983  -7.928 0.3000000119
49360  39.363  -25.865  -8.325 0.3000000119
49362  37.929  -26.000  -7.897 0.3000000119
49363  35.323  -25.278  -8.494 0.8000000119
49366  28.639  -25.372  -8.880 0.8000000119
49377  35.484  -25.281  -9.545 0.8000000119
49379  28.278  -25.607  -10.230 0.8000000119
49380  26.741  -25.541  -10.054 0.6000000238
49389  41.608  -25.382  -10.966 0.5000000000
49399  42.009  -25.908  -11.507 0.5000000000
49402  35.477  -25.715  -11.545 0.8000000119
49407  42.309  -25.765  -13.472 0.5000000000
49410  35.607  -26.067  -12.264 0.8000000119
49414  42.253  -26.047  -14.859 0.5000000000
50351  34.314  -24.319  -6.241 0.8000000119
50352  33.571  -24.110  -5.964 0.8999999762
50354  31.815  -24.403  -6.067 1.0000000000
50362  35.596  -24.555  -7.731 0.8000000119
50364  30.544  -24.012  -7.417 1.0000000000
50384  35.901  -24.660  -8.617 0.8000000119
50386  29.352  -24.324  -9.174 0.8000000119
50397  41.229  -24.793  -9.554 0.5000000000
50398  36.601  -24.229  -9.634 0.8000000119
50412  36.654  -24.339  -10.483 0.8000000119
50414  28.739  -23.920  -10.879 0.8999999762
50420  36.574  -24.731  -12.073 0.8000000119
50429  36.459  -25.146  -12.819 0.8000000119
50442  42.058  -24.580  -14.984 0.6000000238
50446  38.072  -24.944  -14.127 0.6999999881
51381  42.481  -23.418  -6.527 0.3000000119
51383  41.088  -22.990  -6.628 0.5000000000
51387  33.139  -23.408  -6.380 1.0000000000
51400  34.750  -22.808  -6.927 0.8999999762
51402  31.778  -23.115  -7.424 1.0000000000
51419  41.006  -23.913  -7.815 0.4000000060
51423  31.279  -23.024  -8.177 1.0000000000
51426  25.396  -23.917  -8.719 0.6000000238
51433  40.524  -23.120  -9.152 0.6000000238
51436  31.175  -22.797  -8.997 1.0000000000
51446  37.964  -23.292  -10.810 0.8000000119
51461  29.873  -23.193  -11.428 0.8999999762
51484  41.550  -22.889  -15.114 0.6000000238
51487  41.410  -22.321  -15.166 0.6999999881
52466  42.140  -22.768  -6.141 0.3000000119
52467  41.408  -22.606  -6.117 0.5000000000
52468  40.753  -22.240  -6.257 0.5000000000
52469  34.242  -23.088  -6.607 0.8999999762
52479  40.416  -22.599  -7.696 0.6000000238
52481  33.943  -22.523  -6.949 0.8999999762
52482  33.378  -22.077  -7.663 1.0000000000
52495  36.843  -22.447  -8.669 0.6999999881
52496  36.120  -22.237  -8.006 0.8000000119
52512  27.368  -23.019  -9.706 0.6999999881
52513  26.676  -23.149  -9.177 0.6999999881
52526  31.040  -22.446  -11.537 1.0000000000
52540  40.984  -22.523  -11.503 0.6999999881
52542  30.483  -22.143  -12.375 0.8999999762
52544  29.132  -22.572  -11.712 0.8999999762
52545  28.780  -22.403  -11.393 0.8999999762
52548  41.753  -22.496  -13.733 0.6000000238
52551  30.166  -21.416  -12.755 0.8999999762
52552  29.500  -22.142  -12.213 0.8999999762
52563  41.306  -21.786  -15.178 0.6999999881
53467  42.217  -21.424  -5.739 0.3000000119
53483  42.725  -22.017  -6.090 0.3000000119
53484  39.991  -21.054  -6.674 0.6999999881
53507  36.958  -21.016  -8.847 0.8000000119
53509  35.898  -21.409  -8.205 1.0000000000
53512  27.446  -21.912  -8.149 0.6999999881
53528  33.504  -21.089  -9.801 1.0000000000
53540  40.585  -21.445  -10.464 0.6999999881
53546  28.711  -22.030  -10.973 0.8999999762
53550  41.342  -21.098  -12.371 0.6999999881
53553  38.860  -21.641  -11.361 0.6999999881
53554  31.625  -21.290  -12.688 1.0000000000
53556  29.385  -21.365  -12.176 0.8999999762
53562  30.873  -21.378  -12.862 0.8999999762
53568  40.175  -21.499  -14.006 0.6999999881
53570  41.366  -20.950  -15.146 0.8000000119
53571  41.153  -21.042  -15.261 0.6999999881
54404  42.129  -20.679  -5.588 0.3000000119
54407  40.230  -20.225  -5.749 0.6000000238
54446  39.721  -20.258  -8.383 0.6999999881
54460  37.267  -19.988  -9.718 0.8999999762
54462  35.961  -20.125  -9.236 1.0000000000
54471  38.509  -20.221  -11.173 0.8000000119
54473  34.138  -20.309  -11.023 1.0000000000
54475  30.748  -20.056  -12.153 0.8999999762
54476  30.173  -20.534  -11.538 0.8999999762
54477  29.717  -21.124  -10.812 1.0000000000
54482  39.157  -20.405  -11.870 0.8000000119
54485  33.208  -20.377  -12.291 1.0000000000
54496  31.280  -20.086  -13.012 0.8999999762
54498  29.775  -20.899  -12.678 0.8999999762
54501  41.742  -20.117  -14.609 0.6999999881
54504  33.289  -19.355  -13.245 1.0000000000
54506  41.532  -20.286  -15.114 0.8000000119
54507  41.370  -20.477  -15.190 0.8000000119
55267  40.419  -19.593  -5.482 0.6000000238
55320  26.152  -19.182  -8.077 0.6999999881
55330  40.234  -19.775  -10.034 0.6999999881
55335  32.883  -19.204  -9.827 0.8999999762
55337  30.217  -20.515  -8.812 0.8999999762
55338  29.412  -20.650  -8.504 0.8000000119
55355  35.331  -19.291  -11.777 1.0000000000
55361  41.486  -19.647  -12.738 0.6999999881
55365  33.790  -19.315  -13.529 1.0000000000
55366  32.025  -19.364  -12.798 1.0000000000
55367  31.389  -19.694  -12.939 1.0000000000
55372  34.070  -19.090  -13.901 1.0000000000
55373  33.644  -19.042  -13.671 1.0000000000
55378  41.529  -19.962  -15.148 0.8000000119
56147  39.985  -18.866  -5.547 0.6000000238
56168  38.924  -17.998  -6.684 0.6000000238
56194  39.154  -18.674  -8.151 0.6999999881
56197  32.096  -18.665  -8.514 0.8000000119
56199  29.874  -18.690  -8.436 0.8000000119
56222  36.735  -18.699  -11.349 1.0000000000
56232  37.017  -18.422  -12.122 1.0000000000
56234  33.146  -18.590  -12.524 1.0000000000
56239  38.533  -18.104  -12.972 1.0000000000
56242  35.356  -18.631  -13.732 1.0000000000
56243  33.301  -18.566  -13.208 1.0000000000
56252  36.117  -17.799  -14.916 1.0000000000
56254  33.975  -18.601  -13.966 1.0000000000
56255  33.418  -18.745  -13.520 1.0000000000
57050  40.338  -17.585  -5.142 0.6000000238
57086  38.654  -17.487  -7.954 0.6999999881
57091  38.849  -17.596  -8.708 0.6999999881
57102  39.397  -17.753  -9.510 0.6999999881
57105  33.806  -17.848  -9.407 0.8999999762
57106  31.630  -17.148  -8.705 0.8000000119
57118  39.753  -17.396  -10.299 0.6999999881
57120  34.674  -17.073  -10.266 1.0000000000
57131  34.102  -17.781  -13.335 1.0000000000
57145  41.365  -17.835  -15.021 0.8000000119
57148  36.849  -17.138  -15.194 1.0000000000
57150  35.792  -17.475  -14.933 1.0000000000
57937  42.537  -17.001  -5.598 0.4000000060
57938  41.621  -16.823  -5.168 0.5000000000
57939  40.794  -16.202  -4.968 0.5000000000
57941  38.941  -16.062  -5.783 0.5000000000
57950  39.294  -16.806  -5.656 0.6000000238
57984  32.285  -17.141  -8.750 0.8000000119
57992  34.178  -16.912  -9.573 0.8999999762
57995  30.373  -16.567  -9.323 0.6999999881
58021  39.990  -16.082  -11.342 0.6999999881
58027  41.316  -17.145  -13.493 0.6999999881
58030  35.393  -16.887  -13.251 1.0000000000
58034  36.778  -16.834  -15.139 1.0000000000
58041  40.923  -16.568  -15.648 0.8999999762
58047  40.572  -16.108  -15.688 1.0000000000
58871  38.320  -15.779  -7.586 0.6000000238
58893  39.124  -15.845  -10.030 0.6999999881
58894  38.797  -15.282  -9.645 0.6000000238
58896  33.194  -15.515  -9.555 0.8000000119
58900  28.951  -15.917  -9.889 0.6000000238
58906  36.261  -15.035  -11.002 1.0000000000
58911  30.269  -15.371  -10.286 0.6000000238
58924  40.403  -15.658  -12.060 0.6999999881
58933  36.674  -15.929  -13.059 1.0000000000
58941  37.472  -16.260  -14.732 1.0000000000
58953  41.588  -15.699  -15.625 1.0000000000
59774  38.981  -14.649  -5.723 0.5000000000
59792  38.305  -14.844  -7.218 0.6000000238
59824  38.553  -14.691  -9.255 0.6000000238
59835  34.160  -14.490  -10.040 0.8999999762
59836  33.302  -14.321  -10.144 0.8000000119
59853  30.204  -14.344  -11.364 0.6000000238
59872  42.287  -14.292  -15.627 1.0000000000
59873  42.214  -14.782  -15.367 1.0000000000
59874  41.437  -14.646  -15.735 1.0000000000
59880  41.580  -15.345  -15.703 1.0000000000
60708  40.863  -13.734  -5.424 0.4000000060
60718  42.282  -13.481  -5.998 0.4000000060
60764  39.358  -13.871  -10.994 0.6000000238
60766  35.599  -13.702  -10.653 0.8999999762
60776  40.222  -13.771  -12.076 0.6999999881
60783  31.378  -13.556  -11.816 0.6000000238
60784  29.811  -13.849  -11.786 0.6000000238
60796  37.333  -13.414  -12.254 1.0000000000
60802  42.597  -13.445  -14.884 0.8999999762
60814  42.312  -13.913  -15.701 1.0000000000
61684  39.268  -12.547  -5.478 0.4000000060
61692  38.198  -12.244  -6.379 0.4000000060
61700  37.918  -12.603  -7.159 0.4000000060
61708  37.878  -12.208  -8.315 0.5000000000
61721  38.317  -12.140  -9.377 0.5000000000
61733  34.409  -13.245  -10.696 0.8999999762
61744  34.441  -12.551  -11.252 0.8000000119
61770  39.440  -13.054  -13.970 1.0000000000
61771  38.754  -12.318  -13.476 1.0000000000
61777  41.130  -12.737  -15.351 1.0000000000
62743  41.275  -11.515  -5.863 0.4000000060
62755  42.352  -11.439  -6.638 0.3000000119
62756  41.734  -11.101  -6.230 0.3000000119
62758  37.841  -10.737  -6.594 0.5000000000
62776  37.782  -11.429  -8.182 0.5000000000
62804  39.579  -11.795  -11.283 0.5000000000
62805  36.323  -11.844  -12.087 1.0000000000
62818  37.547  -11.558  -12.789 0.8000000119
62822  33.483  -11.635  -12.972 0.8000000119
62824  31.102  -12.026  -13.494 0.6999999881
63715  40.309  -10.656  -5.478 0.4000000060
63716  39.446  -10.430  -5.388 0.4000000060
63717  38.645  -10.057  -5.589 0.4000000060
63731  41.600  -10.430  -6.159 0.3000000119
63745  37.916  -10.144  -8.777 0.4000000060
63766  39.157  -10.579  -10.699 0.5000000000
63777  39.572  -11.017  -11.230 0.5000000000
63787  35.329  -10.773  -12.991 0.6999999881
63800  36.964  -9.775  -14.337 0.6000000238
63804  32.730  -10.629  -14.354 0.4000000060
63811  44.407  -10.096  -15.624 0.6999999881
63814  40.038  -10.917  -14.918 1.0000000000
63823  44.163  -10.349  -15.883 0.6999999881
63825  42.812  -11.115  -15.781 1.0000000000
63829  43.962  -10.175  -16.074 0.8000000119
63831  42.288  -10.577  -15.864 1.0000000000
64691  41.352  -9.096  -5.973 0.3000000119
64744  39.165  -9.636  -10.897 0.4000000060
64773  41.965  -9.312  -13.809 0.4000000060
64786  44.545  -9.342  -15.138 0.6999999881
64787  43.948  -9.043  -14.596 0.5000000000
64788  39.071  -9.506  -15.237 0.6999999881
64790  37.228  -9.150  -14.587 0.6000000238
64793  31.708  -9.499  -14.489 0.4000000060
64797  44.551  -9.928  -15.981 0.8000000119
64802  44.728  -9.169  -15.808 0.6999999881
64804  43.276  -9.627  -16.127 0.8000000119
65628  40.286  -8.466  -5.554 0.4000000060
65686  38.555  -8.193  -10.368 0.3000000119
65712  33.297  -8.293  -13.778 0.3000000119
65722  41.513  -8.422  -13.998 0.4000000060
65724  39.853  -7.894  -13.494 0.3000000119
65740  44.904  -8.696  -15.278 0.6999999881
65745  32.170  -9.156  -14.473 0.3000000119
65749  44.782  -8.316  -15.401 0.6999999881
65750  39.535  -8.112  -15.517 0.6999999881
66638  37.796  -7.672  -7.359 0.3000000119
66706  41.461  -6.482  -14.528 0.4000000060
66708  39.903  -6.841  -14.992 0.3000000119
66713  44.571  -7.456  -15.346 0.5000000000
66714  43.774  -6.977  -15.465 0.5000000000
66718  42.784  -7.914  -16.009 0.6000000238
66719  41.290  -7.643  -16.052 0.6999999881
66720  40.499  -7.184  -16.062 0.6999999881
67620  29.349  -6.716  -14.345 0.4000000060
67629  44.145  -6.611  -15.251 0.5000000000
67630  43.926  -6.065  -15.054 0.5000000000
67633  40.900  -5.615  -14.992 0.4000000060
67634  40.525  -5.839  -15.372 0.4000000060
67641  42.939  -7.009  -15.652 0.5000000000
67643  41.423  -6.095  -16.076 0.5000000000
67645  40.200  -6.676  -15.908 0.6000000238
68544  43.077  -5.578  -15.169 0.5000000000
68545  42.261  -5.208  -15.346 0.5000000000
68546  41.313  -5.027  -15.568 0.5000000000
68547  40.834  -5.219  -15.639 0.4000000060
68554  42.346  -5.414  -15.666 0.5000000000
68556  40.979  -4.943  -15.973 0.5000000000
68559  41.685  -5.411  -16.059 0.5000000000
68560  41.097  -5.236  -16.070 0.5000000000
68561  40.657  -5.470  -15.823 0.5000000000
69414  34.960  -3.804  -12.476 0.3000000119
118895  31.766  -22.400  -9.184 1.0000000000
120095  38.845  -28.558  -14.822 0.5000000000
120279  32.543  -35.224  -7.265 0.6000000238
120326  18.596  -43.715  -9.640 0.3000000119
120327  22.222  -44.744  -10.514 0.4000000060
120435  40.510  -27.169  -15.069 0.6000000238
120593  43.574  -11.143  -14.987 0.6999999881
120706  38.059  -24.278  -13.973 0.8000000119
120941  34.843  -14.847  -10.221 0.8999999762
121039  41.259  -23.097  -11.985 0.6000000238
121432  40.514  -26.536  -9.074 0.3000000119
121442  38.130  -12.829  -8.918 0.5000000000
121512  31.632  -15.886  -9.467 0.8000000119
121782  40.037  -19.675  -13.588 0.8000000119
122147  27.699  -16.508  -9.604 0.6000000238
122549  33.745  -21.254  -8.775 1.0000000000
122564  40.694  -18.942  -11.395 0.6999999881
123018  26.165  -32.822  -10.344 0.6000000238
123084  40.731  -20.155  -11.102 0.6999999881
123366  20.798  -41.856  -9.587 0.4000000060
123477  39.218  -10.408  -14.816 0.8999999762
123497  24.811  -33.925  -9.637 0.5000000000
124132  32.605  -8.864  -14.294 0.4000000060
124208  39.457  -23.904  -14.771 0.6000000238
124219  45.102  -7.638  -14.995 0.6999999881
124499  40.111  -21.873  -8.094 0.6999999881
124869  37.969  -20.881  -9.956 0.6999999881
124883  33.317  -38.885  -8.909 0.5000000000
124891  28.094  -27.683  -6.925 0.8000000119
125126  27.364  -28.155  -9.757 0.6999999881
125691  44.421  -28.755  -11.543 0.3000000119
125995  41.653  -19.818  -15.080 0.8000000119
126250  41.562  -12.344  -13.271 0.6999999881
126263  38.173  -14.228  -7.717 0.5000000000
126447  41.642  -19.115  -13.683 0.8000000119
127016  30.852  -31.399  -8.070 0.6999999881
127163  26.507  -33.177  -8.368 0.6000000238
127219  39.544  -19.063  -13.152 0.8000000119
127337  26.983  -26.356  -10.438 0.8000000119
127684  32.599  -33.240  -8.899 0.6000000238
127722  34.684  -38.068  -10.676 0.6999999881
127987  32.716  -30.579  -10.603 0.6999999881
128412  37.203  -10.340  -13.910 0.6999999881
128560  40.782  -20.863  -5.590 0.5000000000
128618  41.551  -21.706  -14.926 0.6000000238
128817  34.184  -10.262  -14.403 0.6000000238
128844  35.308  -20.096  -9.592 1.0000000000
128931  23.411  -40.044  -10.379 0.4000000060
129166  32.995  -35.705  -9.458 0.6000000238
129208  31.698  -19.939  -9.449 0.8999999762
129375  40.080  -16.874  -5.171 0.6000000238
129686  31.299  -10.713  -14.135 0.5000000000
129690  41.387  -14.298  -5.424 0.4000000060
130249  26.260  -37.731  -8.098 0.5000000000
130294  35.306  -30.950  -2.553 0.3000000119
130354  22.597  -40.195  -9.704 0.4000000060
130375  32.063  -8.394  -14.230 0.3000000119
130418  31.454  -34.671  -12.063 0.5000000000
130466  26.838  -21.284  -7.689 0.6000000238
130823  24.774  -37.022  -9.527 0.5000000000
131565  41.449  -18.532  -5.232 0.6000000238
131698  39.506  -10.320  -11.228 0.4000000060
132035  39.127  -26.206  -9.784 0.3000000119
132047  37.940  -7.969  -6.616 0.3000000119
132355  29.118  -12.709  -12.363 0.5000000000
132491  39.663  -11.952  -5.410 0.4000000060
133155  38.582  -30.934  -14.027 0.5000000000
133593  42.046  -23.802  -14.043 0.6000000238
133679  40.646  -8.239  -16.070 0.6999999881
133895  31.240  -28.212  -5.298 0.8999999762
134163  34.398  -17.714  -10.812 1.0000000000
134372  31.282  -18.107  -8.456 0.8000000119
134801  32.628  -38.141  -7.040 0.5000000000
134802  31.259  -19.736  -8.686 0.8999999762
135285  42.457  -26.442  -13.046 0.4000000060
135345  30.350  -34.571  -6.517 0.5000000000
135418  38.413  -26.369  -5.190 0.3000000119
135504  32.126  -29.266  -12.584 0.8000000119
135687  31.815  -33.458  -13.103 0.5000000000
135744  38.478  -16.518  -7.056 0.6000000238
135826  24.685  -38.647  -10.085 0.5000000000
135900  41.960  -8.047  -16.064 0.6000000238
135901  40.374  -21.563  -6.258 0.4000000060
136063  37.082  -26.754  -5.213 0.3000000119
136471  30.215  -31.716  -13.374 0.6999999881
136857  32.570  -35.131  -8.012 0.6000000238
136985  41.812  -24.549  -15.217 0.6000000238
137007  40.170  -14.669  -11.865 0.6999999881
137021  25.891  -30.849  -10.275 0.6000000238
137092  30.509  -33.533  -9.301 0.5000000000
137113  41.405  -16.616  -13.964 0.6999999881
137190  31.071  -30.217  -13.371 0.6999999881
137464  29.913  -22.025  -12.462 0.8999999762
137818  38.695  -21.275  -11.002 0.8000000119
137900  41.318  -21.503  -15.163 0.6999999881
138233  32.448  -35.369  -6.552 0.5000000000
138359  26.638  -34.524  -9.390 0.6000000238
138405  27.510  -34.310  -5.356 0.4000000060
138439  38.178  -18.961  -11.648 0.8999999762
138781  27.389  -18.150  -8.605 0.6999999881
139174  40.728  -23.538  -10.407 0.5000000000
139228  33.665  -38.629  -9.584 0.5000000000
139254  25.835  -38.772  -8.583 0.5000000000
139319  36.289  -35.836  -13.399 0.4000000060
139397  44.957  -7.161  -14.797 0.5000000000
139690  30.408  -33.439  -6.070 0.5000000000
140026  25.939  -31.175  -10.345 0.6000000238
140356  42.413  -11.311  -13.913 0.5000000000
140539  31.549  -22.203  -10.795 1.0000000000
140638  29.367  -28.301  -5.222 0.8000000119
140866  24.649  -43.567  -8.903 0.4000000060
141028  33.310  -18.029  -8.920 0.8999999762
141614  41.373  -24.442  -8.145 0.5000000000
141636  28.729  -32.662  -4.739 0.5000000000
142002  41.053  -17.005  -15.500 1.0000000000
142105  27.742  -25.117  -10.618 0.8999999762
142169  33.394  -37.248  -9.891 0.6000000238
142537  31.432  -29.123  -10.097 0.8000000119
142760  37.813  -12.404  -7.744 0.5000000000
142815  32.044  -12.518  -12.804 0.8000000119
142848  26.208  -28.005  -9.836 0.6999999881
142914  42.483  -8.845  -7.118 0.3000000119
142973  29.491  -32.812  -4.685 0.4000000060
143638  30.483  -33.534  -8.615 0.5000000000
143655  40.400  -6.074  -15.824 0.5000000000
143759  40.502  -20.562  -5.674 0.6000000238
143902  28.726  -22.764  -11.381 0.8999999762
