#!ascii label  , from subject sub-v1s0x0050654_ses-1 vox2ras=TkReg
294
26586  53.798  -47.736  6.388 0.0000000000
125806  44.535  -55.325  -0.517 0.0000000000
21199  51.303  -55.131  6.380 0.0000000000
127869  49.492  -52.596  4.491 0.0000000000
17469  46.439  -57.697  -0.169 0.0000000000
18355  48.928  -57.401  3.364 0.0000000000
17444  45.370  -58.408  2.365 0.0000000000
21273  47.317  -55.207  2.413 0.0000000000
23955  47.160  -51.364  3.616 0.0000000000
139196  53.754  -51.932  7.082 0.0000000000
21237  51.757  -54.716  4.698 0.0000000000
132406  49.836  -55.727  1.924 0.0000000000
19383  47.465  -55.581  -1.317 0.0000000000
17493  45.045  -57.956  -3.099 0.0000000000
122573  50.379  -48.562  6.789 0.0000000000
25695  52.931  -50.224  9.363 0.0000000000
23041  49.299  -52.377  7.761 0.0000000000
25801  50.657  -50.030  2.962 0.0000000000
18382  45.391  -57.940  3.328 0.0000000000
20302  45.898  -55.311  0.827 0.0000000000
21260  45.289  -54.519  3.365 0.0000000000
22133  52.446  -54.242  6.873 0.0000000000
20233  51.789  -55.312  6.193 0.0000000000
17441  47.912  -57.861  1.732 0.0000000000
18378  49.567  -56.930  2.563 0.0000000000
18398  48.573  -57.232  1.209 0.0000000000
20315  48.563  -55.706  0.079 0.0000000000
18420  47.669  -56.524  -0.861 0.0000000000
18469  45.188  -57.438  -4.361 0.0000000000
23863  51.696  -50.849  10.098 0.0000000000
23881  51.990  -51.319  9.179 0.0000000000
125630  49.890  -51.669  9.150 0.0000000000
136658  51.040  -51.686  4.622 0.0000000000
24906  50.349  -51.013  4.346 0.0000000000
23956  46.177  -51.262  3.132 0.0000000000
24929  47.122  -50.552  2.341 0.0000000000
20251  48.022  -56.059  5.108 0.0000000000
20250  49.882  -56.142  5.201 0.0000000000
19328  47.866  -57.162  4.022 0.0000000000
18381  46.660  -57.995  3.043 0.0000000000
17454  45.857  -58.446  1.471 0.0000000000
22185  48.024  -54.310  3.661 0.0000000000
23080  48.500  -52.634  4.403 0.0000000000
22162  47.283  -53.586  4.110 0.0000000000
22163  45.782  -53.089  4.088 0.0000000000
19386  43.411  -55.871  -2.203 0.0000000000
24881  54.243  -50.176  6.992 0.0000000000
23077  52.091  -52.352  4.850 0.0000000000
22159  51.035  -53.614  4.398 0.0000000000
19302  50.611  -56.216  4.485 0.0000000000
20278  50.333  -55.581  3.198 0.0000000000
21256  50.034  -55.057  3.074 0.0000000000
21272  48.577  -55.240  2.155 0.0000000000
20301  47.146  -55.312  0.164 0.0000000000
20332  45.821  -55.247  -0.937 0.0000000000
18422  45.659  -57.359  -1.651 0.0000000000
18445  46.205  -56.263  -3.102 0.0000000000
20358  46.219  -55.420  -2.910 0.0000000000
118843  44.488  -55.338  -2.273 0.0000000000
27470  51.413  -47.229  6.067 0.0000000000
27453  52.553  -47.398  6.332 0.0000000000
26575  52.405  -48.685  7.674 0.0000000000
25765  54.004  -48.810  7.730 0.0000000000
23897  54.016  -51.292  8.410 0.0000000000
126262  52.873  -52.966  7.900 0.0000000000
22113  49.756  -53.442  7.095 0.0000000000
22114  48.588  -53.000  7.232 0.0000000000
21202  47.989  -54.684  5.995 0.0000000000
126804  49.064  -50.738  3.587 0.0000000000
27468  53.289  -47.230  5.545 0.0000000000
27496  53.380  -47.014  4.719 0.0000000000
27467  53.814  -47.536  5.369 0.0000000000
20319  45.238  -55.319  0.098 0.0000000000
20303  44.714  -55.299  1.134 0.0000000000
21182  52.019  -54.636  6.836 0.0000000000
21198  52.229  -54.776  6.421 0.0000000000
17453  47.439  -57.990  1.271 0.0000000000
18409  47.746  -57.304  0.270 0.0000000000
18408  48.408  -56.807  0.389 0.0000000000
18410  47.169  -57.377  -0.254 0.0000000000
16571  44.807  -58.909  -4.835 0.0000000000
23882  50.938  -51.499  9.246 0.0000000000
23079  50.489  -52.603  4.564 0.0000000000
23938  49.884  -51.716  4.524 0.0000000000
24930  46.410  -50.794  2.550 0.0000000000
19305  47.410  -56.534  4.619 0.0000000000
19329  46.783  -57.059  4.141 0.0000000000
17424  44.920  -58.219  2.968 0.0000000000
17443  46.326  -58.359  2.205 0.0000000000
17455  44.699  -58.502  1.687 0.0000000000
21258  47.713  -54.888  3.177 0.0000000000
22186  46.936  -54.271  3.791 0.0000000000
22187  45.834  -53.999  3.829 0.0000000000
22164  44.932  -53.439  3.922 0.0000000000
23083  45.173  -52.518  3.898 0.0000000000
24891  53.905  -50.127  5.846 0.0000000000
23922  53.780  -51.185  6.397 0.0000000000
125585  51.678  -53.439  4.758 0.0000000000
22158  51.428  -54.250  4.399 0.0000000000
19303  49.474  -56.670  4.472 0.0000000000
140283  50.177  -56.400  4.731 0.0000000000
138905  50.060  -56.592  4.078 0.0000000000
19350  49.875  -56.246  2.208 0.0000000000
126001  50.167  -55.967  2.651 0.0000000000
20279  49.940  -55.520  2.434 0.0000000000
136701  49.786  -55.301  2.474 0.0000000000
21257  49.064  -55.083  2.956 0.0000000000
20280  49.540  -55.445  1.946 0.0000000000
20316  48.074  -55.575  -0.578 0.0000000000
129864  48.003  -55.456  -0.147 0.0000000000
20317  47.474  -55.395  -0.756 0.0000000000
20318  46.438  -55.290  -0.345 0.0000000000
132485  46.818  -55.302  -1.075 0.0000000000
138559  44.868  -62.227  -3.401 0.0000000000
16540  44.510  -59.706  -3.593 0.0000000000
16525  44.413  -58.847  -2.743 0.0000000000
17482  44.897  -57.970  -2.138 0.0000000000
18431  46.456  -56.507  -2.217 0.0000000000
18432  45.598  -57.133  -2.669 0.0000000000
19431  45.306  -56.408  -4.590 0.0000000000
122865  45.958  -56.190  -3.717 0.0000000000
20377  45.961  -55.654  -3.537 0.0000000000
20347  45.576  -55.200  -2.334 0.0000000000
20359  45.315  -55.413  -3.161 0.0000000000
27471  50.408  -47.231  5.728 0.0000000000
26606  50.679  -47.887  6.268 0.0000000000
26588  51.653  -48.167  6.759 0.0000000000
135526  52.479  -49.999  9.445 0.0000000000
25745  51.849  -49.277  8.432 0.0000000000
25744  52.950  -49.144  8.472 0.0000000000
26574  53.490  -48.479  7.661 0.0000000000
25743  53.722  -49.223  8.375 0.0000000000
132344  54.146  -49.573  8.301 0.0000000000
24860  53.554  -50.298  9.126 0.0000000000
23021  51.256  -51.957  8.457 0.0000000000
23020  52.407  -52.062  8.469 0.0000000000
23040  50.662  -52.808  7.673 0.0000000000
23039  51.991  -53.007  7.933 0.0000000000
22137  45.617  -53.781  6.911 0.0000000000
22136  46.540  -53.705  6.829 0.0000000000
22135  47.805  -53.730  6.713 0.0000000000
23940  47.848  -51.800  4.216 0.0000000000
23954  48.305  -51.120  3.798 0.0000000000
25809  48.745  -50.199  2.238 0.0000000000
20287  46.904  -55.293  1.362 0.0000000000
21274  46.110  -55.147  2.592 0.0000000000
23059  53.437  -52.691  7.267 0.0000000000
23911  53.361  -52.244  6.382 0.0000000000
22132  52.647  -54.168  6.549 0.0000000000
21219  52.031  -55.112  5.570 0.0000000000
18380  48.352  -57.703  2.904 0.0000000000
18354  49.438  -57.173  3.168 0.0000000000
18392  48.583  -57.566  2.133 0.0000000000
18397  49.132  -56.864  1.486 0.0000000000
19355  49.400  -56.205  1.183 0.0000000000
20299  49.141  -55.748  0.851 0.0000000000
18407  48.940  -56.272  0.637 0.0000000000
19362  48.475  -55.970  -0.215 0.0000000000
19370  47.609  -55.882  -1.406 0.0000000000
138260  45.040  -57.916  -3.813 0.0000000000
17511  44.886  -58.429  -4.344 0.0000000000
17524  45.252  -56.987  -4.891 0.0000000000
24842  52.161  -50.406  9.686 0.0000000000
23861  53.004  -50.664  9.285 0.0000000000
23862  52.372  -50.814  9.481 0.0000000000
23022  50.049  -51.888  8.421 0.0000000000
24912  50.907  -50.461  3.950 0.0000000000
132445  49.936  -50.611  3.702 0.0000000000
23941  46.363  -51.811  3.794 0.0000000000
119013  47.625  -50.841  3.083 0.0000000000
24913  46.882  -50.932  2.970 0.0000000000
21221  48.755  -55.509  5.523 0.0000000000
20235  50.603  -55.806  5.575 0.0000000000
139796  48.984  -56.313  4.997 0.0000000000
19304  48.481  -56.687  4.512 0.0000000000
19327  48.826  -57.192  3.952 0.0000000000
18357  47.223  -57.558  3.516 0.0000000000
122687  47.623  -57.825  3.050 0.0000000000
18393  47.571  -57.981  2.520 0.0000000000
123551  46.758  -58.309  1.606 0.0000000000
22160  49.278  -53.492  4.216 0.0000000000
22161  48.257  -53.542  4.121 0.0000000000
23081  47.550  -52.671  4.302 0.0000000000
23082  46.585  -52.651  4.185 0.0000000000
142482  46.462  -53.571  4.073 0.0000000000
23942  45.484  -51.784  3.538 0.0000000000
142647  44.980  -51.590  3.266 0.0000000000
126762  43.540  -55.429  -0.807 0.0000000000
123307  54.324  -49.130  6.504 0.0000000000
126531  54.103  -49.020  5.414 0.0000000000
23078  51.334  -52.724  4.678 0.0000000000
137307  50.200  -53.457  4.316 0.0000000000
20268  51.532  -55.424  4.794 0.0000000000
19325  50.411  -56.153  3.576 0.0000000000
20269  50.989  -55.681  4.014 0.0000000000
21238  51.318  -54.965  4.096 0.0000000000
22182  50.974  -54.439  3.991 0.0000000000
22183  50.223  -54.320  3.840 0.0000000000
22184  49.161  -54.335  3.691 0.0000000000
20286  48.138  -55.307  1.271 0.0000000000
20300  48.531  -55.548  0.478 0.0000000000
142432  45.202  -55.217  -1.165 0.0000000000
136957  44.890  -58.287  -0.050 0.0000000000
15574  44.526  -60.698  -3.426 0.0000000000
128100  44.806  -58.010  -1.093 0.0000000000
17470  45.674  -57.737  -0.603 0.0000000000
18421  46.716  -57.030  -1.121 0.0000000000
18430  47.230  -56.160  -1.758 0.0000000000
19384  47.134  -55.712  -1.834 0.0000000000
140101  45.497  -57.018  -3.620 0.0000000000
19385  46.788  -55.886  -2.486 0.0000000000
19398  46.682  -55.595  -2.382 0.0000000000
20346  46.432  -55.325  -2.178 0.0000000000
123652  45.762  -55.175  -1.648 0.0000000000
20333  44.701  -55.238  -1.473 0.0000000000
20348  43.740  -55.468  -1.573 0.0000000000
28407  50.744  -46.244  4.685 0.0000000000
28386  50.103  -46.564  5.115 0.0000000000
28385  51.115  -46.628  5.432 0.0000000000
132276  51.967  -46.882  5.686 0.0000000000
27452  53.219  -47.397  6.178 0.0000000000
25718  51.292  -49.511  9.365 0.0000000000
26576  51.144  -48.921  7.524 0.0000000000
139696  52.845  -48.034  7.077 0.0000000000
127540  54.125  -48.473  6.983 0.0000000000
139496  54.285  -49.309  7.534 0.0000000000
24872  54.304  -50.294  8.036 0.0000000000
23910  54.100  -51.187  7.483 0.0000000000
23880  53.696  -51.015  8.994 0.0000000000
23898  53.604  -51.722  8.508 0.0000000000
23038  53.387  -52.457  7.959 0.0000000000
22111  52.453  -53.771  7.286 0.0000000000
125948  51.748  -53.749  7.322 0.0000000000
132973  50.120  -54.601  6.413 0.0000000000
22134  49.014  -53.867  6.690 0.0000000000
21201  48.923  -54.606  6.133 0.0000000000
23939  48.839  -51.737  4.404 0.0000000000
24907  49.361  -51.121  4.131 0.0000000000
24927  49.448  -50.329  2.912 0.0000000000
24928  48.486  -50.591  3.048 0.0000000000
17422  46.726  -58.186  2.537 0.0000000000
17423  45.911  -58.242  2.784 0.0000000000
17442  47.145  -58.211  2.035 0.0000000000
17460  46.803  -58.045  0.670 0.0000000000
17525  44.937  -57.912  -5.070 0.0000000000
18356  48.189  -57.516  3.436 0.0000000000
18379  49.054  -57.420  2.762 0.0000000000
18391  49.232  -57.156  2.161 0.0000000000
18396  49.543  -56.551  1.813 0.0000000000
18399  48.053  -57.533  0.995 0.0000000000
18419  48.178  -56.445  -0.336 0.0000000000
18468  45.503  -56.552  -4.253 0.0000000000
19326  49.481  -57.016  3.747 0.0000000000
19346  49.920  -56.627  3.155 0.0000000000
19369  48.022  -55.822  -0.914 0.0000000000
19399  46.280  -55.800  -3.190 0.0000000000
19418  45.815  -55.981  -4.031 0.0000000000
20285  49.649  -55.912  1.480 0.0000000000
20329  47.707  -55.507  -0.985 0.0000000000
20330  47.265  -55.448  -1.279 0.0000000000
20331  46.614  -55.311  -1.565 0.0000000000
20345  46.977  -55.478  -1.768 0.0000000000
20378  45.484  -55.743  -4.010 0.0000000000
20379  44.635  -55.728  -3.681 0.0000000000
21200  50.748  -55.472  6.027 0.0000000000
21220  49.894  -55.400  5.786 0.0000000000
21255  50.762  -55.031  3.563 0.0000000000
21259  46.499  -54.764  3.340 0.0000000000
22110  52.905  -53.495  7.272 0.0000000000
22112  51.042  -54.154  6.952 0.0000000000
23019  53.003  -51.353  8.941 0.0000000000
23037  53.803  -52.006  7.842 0.0000000000
23067  53.053  -53.302  6.510 0.0000000000
24859  54.044  -50.384  8.729 0.0000000000
25715  53.836  -49.810  8.784 0.0000000000
25716  53.191  -49.731  9.026 0.0000000000
25717  52.293  -49.629  9.163 0.0000000000
25810  47.951  -50.503  2.484 0.0000000000
26573  53.848  -48.207  7.167 0.0000000000
26587  53.417  -47.837  6.828 0.0000000000
26605  54.152  -48.247  5.982 0.0000000000
27469  52.687  -46.984  5.603 0.0000000000
122408  49.057  -55.476  1.208 0.0000000000
129198  45.857  -52.301  3.951 0.0000000000
129342  44.716  -58.715  -3.672 0.0000000000
134212  45.124  -55.262  1.711 0.0000000000
134717  47.817  -55.338  0.529 0.0000000000
136039  53.198  -52.156  8.351 0.0000000000
136964  47.059  -51.950  4.101 0.0000000000
137478  45.104  -54.015  3.747 0.0000000000
138263  51.842  -54.036  4.755 0.0000000000
142088  50.665  -54.025  4.135 0.0000000000
142313  49.460  -55.651  1.436 0.0000000000
142689  53.750  -51.914  8.248 0.0000000000
