#!ascii label  , from subject sub-v1s0x0050654_ses-1 vox2ras=TkReg
200
78355  23.664  5.358  -14.524 0.0000000000
72030  22.178  -1.450  -9.571 0.0000000000
82678  20.918  10.640  -13.727 0.0000000000
136544  19.919  19.691  -12.289 0.0000000000
70272  20.756  -3.298  -9.559 0.0000000000
84320  22.730  11.748  -12.826 0.0000000000
86098  22.777  14.646  -12.302 0.0000000000
76594  22.191  3.730  -14.694 0.0000000000
75638  22.785  1.863  -12.441 0.0000000000
76567  24.281  3.727  -12.651 0.0000000000
140252  24.933  7.788  -14.234 0.0000000000
79283  25.865  6.193  -12.640 0.0000000000
81095  21.475  7.937  -14.084 0.0000000000
82692  23.675  9.663  -14.274 0.0000000000
88842  19.373  17.912  -12.603 0.0000000000
87963  23.226  16.645  -12.196 0.0000000000
73789  23.561  0.326  -9.795 0.0000000000
85162  20.706  13.886  -12.824 0.0000000000
86100  20.273  14.746  -12.790 0.0000000000
77476  22.877  4.733  -15.067 0.0000000000
76580  23.194  3.672  -13.974 0.0000000000
77463  24.267  4.748  -13.789 0.0000000000
71151  21.745  -2.209  -9.289 0.0000000000
81901  21.127  8.824  -13.936 0.0000000000
130072  22.618  8.459  -13.921 0.0000000000
81883  22.244  9.786  -13.600 0.0000000000
131064  24.270  12.667  -13.548 0.0000000000
84318  24.308  11.702  -14.117 0.0000000000
90487  19.141  19.760  -12.451 0.0000000000
88853  17.541  18.140  -13.855 0.0000000000
89661  20.011  18.252  -11.945 0.0000000000
127602  24.479  20.965  -13.725 0.0000000000
90502  24.648  19.523  -13.757 0.0000000000
89658  23.720  18.332  -11.970 0.0000000000
124915  24.664  18.037  -13.580 0.0000000000
87973  24.507  16.571  -13.374 0.0000000000
75622  23.769  2.085  -11.033 0.0000000000
74741  23.542  1.267  -10.807 0.0000000000
70262  20.170  -4.284  -9.158 0.0000000000
83492  21.769  11.260  -13.289 0.0000000000
122350  20.677  12.365  -13.333 0.0000000000
85161  22.351  13.290  -12.558 0.0000000000
86109  24.194  14.377  -12.930 0.0000000000
74786  21.719  2.039  -13.594 0.0000000000
76569  22.817  3.005  -13.558 0.0000000000
76555  23.837  3.081  -12.206 0.0000000000
76541  24.782  3.258  -10.952 0.0000000000
80199  24.168  6.789  -14.261 0.0000000000
79284  25.148  5.859  -13.234 0.0000000000
79293  25.363  6.659  -13.402 0.0000000000
124325  22.166  5.818  -15.263 0.0000000000
130602  21.026  7.475  -14.510 0.0000000000
80212  22.817  7.096  -14.482 0.0000000000
126995  23.186  7.832  -14.181 0.0000000000
141068  23.628  8.739  -14.428 0.0000000000
81899  24.146  9.339  -15.131 0.0000000000
83491  23.383  11.122  -13.449 0.0000000000
82675  24.185  10.026  -14.942 0.0000000000
87065  18.772  16.383  -13.375 0.0000000000
90475  22.488  19.879  -11.642 0.0000000000
89660  21.271  18.319  -11.747 0.0000000000
87966  20.759  16.816  -11.908 0.0000000000
87965  21.334  16.201  -12.070 0.0000000000
129763  23.032  15.935  -12.158 0.0000000000
87075  24.110  15.193  -12.638 0.0000000000
72918  21.564  -0.974  -10.967 0.0000000000
74755  22.427  1.058  -12.159 0.0000000000
77446  25.143  4.737  -12.546 0.0000000000
77426  25.813  4.167  -10.869 0.0000000000
87064  19.626  15.534  -12.886 0.0000000000
77464  23.475  4.383  -14.326 0.0000000000
68493  20.086  -4.887  -8.646 0.0000000000
81885  20.497  9.692  -13.968 0.0000000000
81884  21.445  9.753  -13.703 0.0000000000
85169  24.431  13.189  -13.873 0.0000000000
130100  24.458  12.354  -14.424 0.0000000000
90486  19.600  19.093  -12.355 0.0000000000
89650  20.626  19.192  -11.988 0.0000000000
89674  24.678  18.797  -13.190 0.0000000000
131050  24.617  18.001  -14.566 0.0000000000
75621  24.486  2.500  -10.621 0.0000000000
74740  24.196  1.713  -10.362 0.0000000000
71167  20.869  -2.163  -10.459 0.0000000000
85172  20.004  13.113  -13.443 0.0000000000
139471  22.327  14.024  -12.492 0.0000000000
125083  21.614  13.766  -12.602 0.0000000000
85160  23.438  13.754  -12.590 0.0000000000
86097  23.657  14.667  -12.465 0.0000000000
91368  20.157  21.045  -12.358 0.0000000000
75667  22.097  2.735  -13.859 0.0000000000
76581  22.474  3.420  -14.243 0.0000000000
77448  24.000  3.975  -13.549 0.0000000000
76568  23.573  3.335  -13.131 0.0000000000
76554  24.484  3.535  -11.727 0.0000000000
70261  20.797  -3.772  -9.046 0.0000000000
141522  24.345  7.442  -14.263 0.0000000000
80198  24.849  7.099  -13.960 0.0000000000
78367  22.246  5.079  -15.315 0.0000000000
80213  21.914  7.183  -14.517 0.0000000000
81094  22.281  7.747  -14.025 0.0000000000
81882  22.866  9.330  -13.892 0.0000000000
81093  24.365  8.772  -15.005 0.0000000000
138029  22.572  10.988  -13.290 0.0000000000
83490  24.107  11.038  -13.986 0.0000000000
82712  24.544  9.784  -15.420 0.0000000000
88843  18.556  18.172  -13.196 0.0000000000
88852  18.214  17.402  -13.761 0.0000000000
87975  17.921  16.739  -14.136 0.0000000000
129153  19.126  17.284  -12.961 0.0000000000
139900  24.510  20.126  -12.541 0.0000000000
133080  24.380  21.264  -12.222 0.0000000000
90474  23.514  19.907  -11.526 0.0000000000
89648  23.032  19.096  -11.654 0.0000000000
88839  22.943  17.510  -11.934 0.0000000000
133142  21.930  16.903  -11.812 0.0000000000
87964  22.361  16.244  -12.022 0.0000000000
87983  24.521  16.548  -14.325 0.0000000000
130840  24.382  15.853  -12.956 0.0000000000
128003  24.523  15.792  -13.761 0.0000000000
87074  24.416  15.038  -13.342 0.0000000000
74769  22.063  1.460  -13.008 0.0000000000
74725  23.889  0.988  -10.080 0.0000000000
74742  22.884  0.749  -11.310 0.0000000000
73803  23.268  0.556  -10.512 0.0000000000
73790  23.015  -0.008  -10.201 0.0000000000
78343  24.916  5.073  -13.191 0.0000000000
78342  25.488  5.341  -12.560 0.0000000000
86110  19.695  14.120  -13.265 0.0000000000
86099  21.517  14.603  -12.506 0.0000000000
77465  22.738  4.018  -14.710 0.0000000000
77447  24.630  4.383  -13.007 0.0000000000
71152  21.001  -2.663  -9.875 0.0000000000
70260  21.411  -3.035  -8.928 0.0000000000
71143  22.174  -2.432  -8.521 0.0000000000
80209  24.880  8.365  -14.557 0.0000000000
128649  21.864  8.341  -13.849 0.0000000000
81900  22.013  9.079  -13.749 0.0000000000
84319  23.822  12.004  -13.219 0.0000000000
89662  19.242  18.521  -12.617 0.0000000000
91391  24.589  20.196  -13.315 0.0000000000
90485  24.329  19.715  -12.110 0.0000000000
89675  24.455  18.099  -12.654 0.0000000000
88851  23.945  17.398  -12.378 0.0000000000
87974  24.196  16.606  -12.694 0.0000000000
88850  24.514  17.315  -13.032 0.0000000000
88862  24.608  17.287  -13.931 0.0000000000
75637  23.461  2.355  -11.850 0.0000000000
74754  23.177  1.537  -11.608 0.0000000000
70273  20.223  -3.707  -9.692 0.0000000000
72031  21.463  -1.913  -10.056 0.0000000000
72043  21.774  -1.333  -10.328 0.0000000000
83504  20.118  11.178  -13.926 0.0000000000
83493  20.796  11.598  -13.521 0.0000000000
84321  21.573  12.067  -13.019 0.0000000000
84311  22.261  12.532  -12.654 0.0000000000
85171  21.279  12.989  -12.799 0.0000000000
84310  23.181  12.670  -12.631 0.0000000000
130676  23.936  12.909  -12.904 0.0000000000
85170  24.245  13.500  -13.212 0.0000000000
127033  24.468  14.031  -13.835 0.0000000000
91382  18.844  20.304  -12.261 0.0000000000
90477  19.635  20.302  -12.291 0.0000000000
132437  20.513  20.124  -12.269 0.0000000000
75653  22.416  2.266  -13.223 0.0000000000
75652  23.149  2.643  -12.734 0.0000000000
75636  24.099  2.837  -11.340 0.0000000000
75620  25.355  2.882  -10.266 0.0000000000
79295  24.091  6.104  -14.275 0.0000000000
78354  24.475  5.583  -13.808 0.0000000000
79294  24.676  6.359  -13.811 0.0000000000
80197  25.551  7.431  -13.713 0.0000000000
80188  26.003  7.045  -13.014 0.0000000000
79282  26.391  6.766  -12.399 0.0000000000
137130  22.807  5.610  -15.148 0.0000000000
79312  21.520  6.498  -14.918 0.0000000000
79311  22.460  6.443  -15.029 0.0000000000
79310  23.371  6.372  -14.635 0.0000000000
80211  23.668  7.259  -14.337 0.0000000000
80210  24.128  8.067  -14.469 0.0000000000
82677  21.965  10.449  -13.429 0.0000000000
131999  22.958  10.262  -13.623 0.0000000000
82676  23.762  10.421  -13.972 0.0000000000
90476  21.442  19.926  -11.988 0.0000000000
88841  20.909  17.515  -11.765 0.0000000000
89659  22.481  18.299  -11.737 0.0000000000
88840  21.915  17.674  -11.722 0.0000000000
130015  19.923  17.328  -12.115 0.0000000000
87967  19.982  16.405  -12.441 0.0000000000
87063  20.819  15.508  -12.471 0.0000000000
87062  22.193  15.504  -12.179 0.0000000000
87061  23.343  15.312  -12.261 0.0000000000
131113  23.802  15.925  -12.459 0.0000000000
73817  22.003  0.186  -11.784 0.0000000000
72929  21.990  -0.399  -11.125 0.0000000000
72917  22.395  -0.658  -10.246 0.0000000000
77434  25.639  4.738  -11.750 0.0000000000
77435  24.854  4.217  -12.134 0.0000000000
76553  25.147  3.939  -11.337 0.0000000000
90497  24.609  19.526  -12.834 0.0000000000
131580  24.505  20.791  -12.777 0.0000000000
