#!ascii label  , from subject sub-v1s0x0050642_ses-1 vox2ras=TkReg
1045
48364  -40.434  -35.489  32.258 0.0000000000
127766  -22.308  -37.176  31.318 0.0000000000
46258  -31.157  -37.583  31.075 0.0000000000
73453  -44.964  -10.401  17.544 0.0000000000
73493  -52.124  -10.136  9.886 0.0000000000
136768  -13.884  -37.155  36.485 0.0000000000
126778  -44.411  -16.043  18.658 0.0000000000
52462  -39.768  -31.423  33.179 0.0000000000
45155  -36.485  -38.418  32.056 0.0000000000
46222  -17.659  -37.580  33.297 0.0000000000
43271  -16.352  -41.010  35.765 0.0000000000
48382  -37.521  -35.239  31.199 0.0000000000
51455  -36.735  -32.065  32.220 0.0000000000
50387  -26.569  -33.271  31.646 0.0000000000
48360  -33.594  -35.545  30.894 0.0000000000
62078  -39.628  -22.110  18.196 0.0000000000
132760  -45.860  -20.528  15.017 0.0000000000
68864  -47.823  -15.568  16.116 0.0000000000
40380  -8.598  -43.817  37.001 0.0000000000
39387  -6.327  -45.257  39.626 0.0000000000
54575  -35.620  -29.295  30.733 0.0000000000
54670  -34.578  -29.468  24.656 0.0000000000
61080  -36.741  -24.015  21.695 0.0000000000
126215  -11.959  -41.640  35.732 0.0000000000
135561  -21.724  -38.716  33.538 0.0000000000
47255  -23.892  -37.398  33.719 0.0000000000
46246  -38.715  -37.301  31.721 0.0000000000
48335  -21.085  -34.606  33.755 0.0000000000
46237  -19.532  -37.377  32.224 0.0000000000
44232  -18.732  -39.399  32.955 0.0000000000
47282  -37.729  -35.975  33.890 0.0000000000
47313  -35.950  -35.822  30.531 0.0000000000
64040  -40.306  -20.081  17.296 0.0000000000
62111  -42.316  -22.088  16.437 0.0000000000
65052  -42.753  -19.723  15.528 0.0000000000
134839  -45.512  -15.742  16.691 0.0000000000
70705  -44.182  -13.200  16.967 0.0000000000
70707  -47.665  -12.148  16.252 0.0000000000
72587  -45.234  -11.175  14.493 0.0000000000
72617  -47.257  -11.686  12.616 0.0000000000
132925  -34.962  -30.164  33.998 0.0000000000
54545  -35.563  -30.247  31.539 0.0000000000
55657  -34.167  -28.142  32.545 0.0000000000
55729  -32.035  -28.428  26.250 0.0000000000
59094  -32.604  -25.792  23.607 0.0000000000
56929  -35.614  -27.199  22.576 0.0000000000
127013  -34.536  -22.762  22.354 0.0000000000
63069  -36.287  -20.819  20.609 0.0000000000
47310  -28.728  -36.050  31.218 0.0000000000
44168  -10.178  -38.960  36.286 0.0000000000
44185  -11.726  -39.372  35.040 0.0000000000
35298  -6.665  -48.859  39.942 0.0000000000
34385  -5.115  -49.869  40.256 0.0000000000
65949  -43.767  -18.003  18.694 0.0000000000
54549  -40.134  -29.979  32.469 0.0000000000
45166  -33.304  -38.118  31.272 0.0000000000
46183  -15.487  -37.277  35.200 0.0000000000
44208  -14.066  -39.551  34.137 0.0000000000
44230  -16.458  -39.424  33.325 0.0000000000
73517  -53.345  -10.889  8.070 0.0000000000
48401  -38.754  -35.283  30.798 0.0000000000
50408  -38.705  -33.754  31.273 0.0000000000
50391  -37.686  -33.634  31.910 0.0000000000
50384  -22.696  -33.620  31.797 0.0000000000
49399  -24.255  -34.416  31.044 0.0000000000
52479  -25.064  -31.431  30.991 0.0000000000
51484  -28.439  -32.911  30.943 0.0000000000
49416  -30.277  -34.907  30.126 0.0000000000
144034  -31.315  -35.196  32.256 0.0000000000
47327  -32.715  -35.823  29.746 0.0000000000
46272  -34.936  -36.194  29.717 0.0000000000
46274  -37.074  -36.756  29.999 0.0000000000
60080  -40.344  -24.722  20.552 0.0000000000
66892  -44.428  -17.582  16.303 0.0000000000
65982  -47.193  -18.259  15.328 0.0000000000
72626  -49.461  -11.714  11.354 0.0000000000
39402  -7.670  -44.688  37.951 0.0000000000
36220  -8.094  -47.335  39.205 0.0000000000
52474  -38.145  -31.167  32.056 0.0000000000
54547  -37.994  -30.286  31.595 0.0000000000
54576  -37.949  -29.301  30.146 0.0000000000
56832  -32.847  -27.653  29.984 0.0000000000
54603  -34.694  -29.101  28.316 0.0000000000
128488  -38.150  -29.467  27.717 0.0000000000
54673  -38.148  -29.386  24.436 0.0000000000
56912  -38.531  -27.354  23.547 0.0000000000
60061  -39.132  -25.054  21.970 0.0000000000
61098  -38.273  -23.494  20.185 0.0000000000
64021  -38.351  -19.990  18.812 0.0000000000
48320  -25.657  -35.496  34.440 0.0000000000
44138  -8.487  -39.717  38.255 0.0000000000
41405  -9.719  -42.290  36.020 0.0000000000
43269  -14.171  -41.261  35.942 0.0000000000
127352  -3.371  -49.786  40.055 0.0000000000
45147  -21.618  -38.019  31.997 0.0000000000
124524  -22.603  -38.470  33.863 0.0000000000
46240  -22.894  -37.743  32.080 0.0000000000
47300  -39.451  -36.938  32.150 0.0000000000
48352  -21.591  -35.806  31.614 0.0000000000
141231  -20.442  -35.772  32.608 0.0000000000
46253  -21.058  -37.198  31.753 0.0000000000
45146  -20.726  -38.298  32.262 0.0000000000
65014  -41.188  -18.848  17.975 0.0000000000
64055  -41.383  -19.977  16.379 0.0000000000
65029  -42.302  -18.774  16.968 0.0000000000
72534  -43.660  -11.341  18.211 0.0000000000
71635  -43.319  -12.944  17.367 0.0000000000
72555  -43.609  -11.542  16.233 0.0000000000
71654  -44.214  -11.918  15.759 0.0000000000
73460  -44.115  -10.863  15.842 0.0000000000
74324  -45.458  -10.092  15.133 0.0000000000
54535  -34.562  -29.484  33.426 0.0000000000
59080  -32.587  -24.534  24.830 0.0000000000
61076  -33.632  -23.432  23.045 0.0000000000
62018  -33.749  -21.701  23.388 0.0000000000
63959  -34.293  -20.552  23.329 0.0000000000
146446  -29.752  -36.710  30.680 0.0000000000
46242  -29.145  -37.312  32.619 0.0000000000
46244  -30.621  -37.763  31.851 0.0000000000
45074  -11.465  -38.058  36.198 0.0000000000
45075  -12.449  -37.985  35.853 0.0000000000
73502  -51.213  -10.929  9.235 0.0000000000
146536  -5.819  -49.196  39.944 0.0000000000
51445  -40.527  -32.628  33.787 0.0000000000
53496  -39.869  -30.535  32.933 0.0000000000
45153  -34.730  -38.487  31.898 0.0000000000
45136  -35.845  -38.784  32.854 0.0000000000
143220  -18.268  -36.272  34.269 0.0000000000
46186  -17.676  -36.311  34.806 0.0000000000
46161  -16.639  -36.630  35.978 0.0000000000
46205  -16.569  -37.387  34.266 0.0000000000
45124  -16.154  -38.241  33.540 0.0000000000
123303  -16.842  -38.639  33.206 0.0000000000
127937  -19.580  -39.757  34.628 0.0000000000
44186  -18.817  -40.116  34.767 0.0000000000
49417  -38.338  -35.048  30.774 0.0000000000
49403  -38.420  -34.375  31.146 0.0000000000
122270  -37.978  -34.300  31.449 0.0000000000
51439  -23.492  -32.413  33.023 0.0000000000
51466  -23.823  -32.388  31.195 0.0000000000
52456  -24.479  -31.325  32.788 0.0000000000
52469  -27.520  -31.249  32.183 0.0000000000
51472  -28.981  -32.761  31.218 0.0000000000
50423  -29.154  -33.846  30.532 0.0000000000
50406  -29.712  -33.821  31.211 0.0000000000
47295  -33.484  -36.034  32.154 0.0000000000
48359  -32.734  -35.653  31.663 0.0000000000
48376  -31.828  -35.287  30.319 0.0000000000
48397  -33.352  -35.489  29.919 0.0000000000
46271  -34.090  -36.302  29.742 0.0000000000
48379  -34.288  -35.560  30.360 0.0000000000
48381  -36.896  -35.678  30.702 0.0000000000
48380  -36.490  -35.863  30.107 0.0000000000
48399  -37.636  -35.525  30.566 0.0000000000
47333  -38.051  -36.213  30.385 0.0000000000
61115  -40.345  -23.615  19.206 0.0000000000
60081  -41.766  -24.154  19.871 0.0000000000
61132  -41.663  -23.258  18.665 0.0000000000
63120  -43.814  -21.769  15.503 0.0000000000
146493  -44.336  -22.613  16.733 0.0000000000
66885  -43.962  -17.197  18.472 0.0000000000
65960  -43.960  -17.583  17.745 0.0000000000
66893  -44.445  -16.998  17.057 0.0000000000
68862  -45.868  -14.886  16.665 0.0000000000
67839  -46.099  -16.686  15.880 0.0000000000
135927  -46.902  -16.243  15.834 0.0000000000
65971  -48.500  -18.282  16.111 0.0000000000
72618  -48.150  -12.029  12.236 0.0000000000
125221  -48.720  -9.554  12.456 0.0000000000
74344  -49.657  -9.988  11.650 0.0000000000
125927  -7.983  -42.066  37.863 0.0000000000
41380  -7.574  -42.832  38.179 0.0000000000
40371  -7.878  -43.809  37.627 0.0000000000
129497  -9.051  -46.643  38.702 0.0000000000
36198  -8.753  -48.144  40.796 0.0000000000
51456  -37.638  -32.704  31.888 0.0000000000
51457  -38.071  -32.098  31.798 0.0000000000
136581  -37.374  -31.834  31.859 0.0000000000
54560  -35.137  -29.643  31.340 0.0000000000
54546  -36.858  -30.307  31.391 0.0000000000
54561  -36.381  -29.727  31.061 0.0000000000
138383  -37.991  -29.524  30.891 0.0000000000
55694  -36.343  -28.938  29.711 0.0000000000
57915  -32.522  -26.555  29.433 0.0000000000
55737  -32.793  -29.083  24.837 0.0000000000
143677  -32.763  -29.487  26.862 0.0000000000
126642  -34.471  -29.649  26.523 0.0000000000
54625  -36.184  -29.313  27.541 0.0000000000
54639  -36.234  -29.546  26.602 0.0000000000
124606  -37.864  -29.659  25.877 0.0000000000
54672  -36.660  -29.453  24.490 0.0000000000
59115  -36.212  -25.577  22.301 0.0000000000
58056  -36.515  -27.047  22.827 0.0000000000
58080  -36.987  -26.124  22.717 0.0000000000
59095  -38.477  -25.825  23.066 0.0000000000
130949  -38.192  -24.855  21.924 0.0000000000
60067  -38.723  -24.554  21.190 0.0000000000
61091  -37.155  -23.570  21.089 0.0000000000
64980  -36.591  -19.415  20.995 0.0000000000
64006  -37.172  -19.911  19.841 0.0000000000
64982  -38.184  -18.742  20.339 0.0000000000
49400  -24.956  -33.435  31.448 0.0000000000
48336  -24.820  -34.799  32.810 0.0000000000
49368  -25.853  -34.452  33.442 0.0000000000
42360  -10.579  -40.874  35.435 0.0000000000
43267  -9.807  -40.823  35.732 0.0000000000
42351  -11.164  -41.826  35.664 0.0000000000
43300  -14.797  -40.282  34.264 0.0000000000
43299  -13.857  -40.313  34.509 0.0000000000
124603  -15.096  -41.192  35.792 0.0000000000
45091  -20.767  -39.332  35.019 0.0000000000
45093  -22.163  -38.683  35.536 0.0000000000
46188  -23.446  -38.056  35.240 0.0000000000
47233  -24.896  -36.804  35.428 0.0000000000
45170  -37.337  -38.154  31.753 0.0000000000
132083  -37.206  -38.573  32.560 0.0000000000
47253  -19.934  -35.039  34.061 0.0000000000
47272  -19.147  -36.241  33.267 0.0000000000
46223  -18.322  -37.318  33.002 0.0000000000
44245  -18.035  -38.921  32.794 0.0000000000
44246  -19.328  -38.958  32.653 0.0000000000
44234  -20.269  -39.270  33.522 0.0000000000
48363  -37.580  -35.243  32.105 0.0000000000
49373  -37.836  -34.691  33.257 0.0000000000
121883  -34.236  -36.309  32.573 0.0000000000
47296  -35.017  -35.750  30.873 0.0000000000
47298  -36.678  -36.040  32.361 0.0000000000
63099  -39.907  -20.708  17.498 0.0000000000
62095  -40.872  -21.893  17.240 0.0000000000
63118  -41.395  -20.816  16.274 0.0000000000
63131  -42.866  -20.545  15.336 0.0000000000
143948  -44.184  -20.223  14.778 0.0000000000
68833  -44.998  -15.867  17.505 0.0000000000
69762  -44.659  -14.525  17.825 0.0000000000
144890  -45.331  -14.413  17.248 0.0000000000
69770  -46.562  -14.196  16.576 0.0000000000
123173  -47.228  -13.564  16.481 0.0000000000
71646  -45.910  -12.689  16.074 0.0000000000
71656  -45.986  -12.197  15.318 0.0000000000
71665  -46.990  -12.182  14.359 0.0000000000
72604  -46.058  -11.280  13.507 0.0000000000
74331  -46.429  -9.798  13.804 0.0000000000
40381  -9.541  -43.766  36.565 0.0000000000
140728  -9.566  -45.156  37.397 0.0000000000
39403  -10.394  -45.343  37.913 0.0000000000
142782  -35.477  -31.539  33.404 0.0000000000
52471  -35.491  -31.356  32.562 0.0000000000
137591  -34.665  -30.267  33.062 0.0000000000
54544  -34.615  -29.803  32.284 0.0000000000
130450  -34.817  -28.990  31.220 0.0000000000
57997  -31.819  -26.610  27.115 0.0000000000
58020  -32.105  -25.782  25.763 0.0000000000
56894  -32.301  -27.356  24.230 0.0000000000
55764  -32.842  -28.117  23.764 0.0000000000
55766  -34.580  -28.635  23.274 0.0000000000
58076  -33.551  -26.471  22.693 0.0000000000
135101  -34.249  -24.969  22.425 0.0000000000
61078  -34.978  -23.542  22.128 0.0000000000
61090  -36.220  -23.016  21.342 0.0000000000
63055  -35.010  -20.925  21.933 0.0000000000
140226  -27.876  -34.246  31.510 0.0000000000
48355  -27.599  -34.826  32.800 0.0000000000
48356  -28.053  -35.745  32.946 0.0000000000
44169  -10.900  -38.970  35.648 0.0000000000
43285  -12.117  -40.376  34.905 0.0000000000
37238  -6.753  -46.953  39.162 0.0000000000
38280  -6.072  -45.699  40.000 0.0000000000
37212  -5.970  -47.244  39.552 0.0000000000
37211  -5.187  -47.226  40.171 0.0000000000
127916  -4.183  -47.268  40.739 0.0000000000
54565  -40.247  -29.685  31.544 0.0000000000
45165  -32.414  -38.031  31.563 0.0000000000
45150  -32.044  -38.359  32.552 0.0000000000
46135  -15.549  -36.635  36.952 0.0000000000
46159  -15.109  -37.044  36.012 0.0000000000
46181  -13.854  -37.899  35.066 0.0000000000
46203  -15.077  -37.854  34.431 0.0000000000
44209  -15.305  -39.861  33.827 0.0000000000
43289  -16.427  -40.719  34.691 0.0000000000
124896  -17.982  -39.666  33.175 0.0000000000
43303  -17.263  -40.526  34.316 0.0000000000
43290  -17.219  -40.817  35.314 0.0000000000
73494  -53.070  -10.413  9.742 0.0000000000
48384  -39.792  -35.573  31.642 0.0000000000
133101  -39.967  -34.899  31.664 0.0000000000
49404  -38.928  -34.488  30.934 0.0000000000
50407  -38.159  -33.637  31.510 0.0000000000
51443  -37.140  -32.919  32.433 0.0000000000
50375  -37.502  -33.846  32.919 0.0000000000
51430  -37.044  -33.142  33.472 0.0000000000
51442  -36.424  -32.531  33.040 0.0000000000
52450  -35.289  -31.131  34.147 0.0000000000
126859  -22.100  -35.019  31.475 0.0000000000
47322  -22.992  -35.915  30.577 0.0000000000
146844  -23.378  -33.916  30.641 0.0000000000
50419  -24.128  -33.062  30.741 0.0000000000
51468  -25.843  -32.095  30.862 0.0000000000
53475  -26.068  -30.778  32.427 0.0000000000
52481  -27.147  -31.574  31.455 0.0000000000
50404  -27.243  -32.708  31.236 0.0000000000
49413  -28.408  -33.872  30.782 0.0000000000
48393  -29.510  -35.299  30.117 0.0000000000
47325  -30.600  -36.350  29.897 0.0000000000
49389  -30.254  -34.291  31.822 0.0000000000
48375  -30.881  -35.022  30.378 0.0000000000
48395  -31.141  -35.373  29.883 0.0000000000
46269  -32.224  -36.728  30.031 0.0000000000
46270  -33.223  -36.495  29.876 0.0000000000
46261  -34.667  -37.117  29.987 0.0000000000
46262  -35.690  -36.978  29.932 0.0000000000
47330  -35.900  -36.176  29.965 0.0000000000
46273  -36.414  -36.647  29.838 0.0000000000
46263  -36.592  -37.304  30.231 0.0000000000
46265  -38.164  -37.196  30.998 0.0000000000
47316  -38.900  -36.512  31.314 0.0000000000
49366  -21.917  -34.183  33.393 0.0000000000
62097  -42.799  -22.736  17.371 0.0000000000
65958  -43.305  -18.233  16.845 0.0000000000
65978  -44.140  -18.972  15.371 0.0000000000
138566  -45.364  -18.944  14.972 0.0000000000
66899  -45.294  -17.087  16.061 0.0000000000
66909  -46.049  -17.467  15.503 0.0000000000
65056  -46.350  -19.747  15.042 0.0000000000
65970  -47.766  -18.864  15.672 0.0000000000
72633  -50.110  -11.575  10.654 0.0000000000
73501  -50.533  -10.846  10.126 0.0000000000
74346  -51.129  -9.243  11.065 0.0000000000
40359  -6.799  -43.591  39.432 0.0000000000
39401  -7.044  -44.571  38.777 0.0000000000
38320  -8.290  -45.526  37.823 0.0000000000
37260  -8.254  -46.240  38.249 0.0000000000
37239  -7.506  -46.928  38.845 0.0000000000
36219  -7.419  -47.570  39.298 0.0000000000
50392  -39.633  -33.511  32.000 0.0000000000
136963  -39.382  -32.863  32.248 0.0000000000
52475  -38.928  -31.633  32.379 0.0000000000
53493  -36.084  -30.944  31.753 0.0000000000
53494  -37.459  -30.706  31.635 0.0000000000
53495  -39.160  -30.724  32.462 0.0000000000
54548  -38.869  -30.221  31.923 0.0000000000
54564  -39.284  -29.792  31.385 0.0000000000
54591  -39.714  -29.552  29.839 0.0000000000
55665  -33.725  -27.977  31.223 0.0000000000
55677  -34.001  -28.421  30.483 0.0000000000
55705  -32.363  -28.309  28.455 0.0000000000
55706  -33.051  -28.757  28.854 0.0000000000
55708  -35.094  -28.806  28.992 0.0000000000
55709  -36.029  -28.869  29.001 0.0000000000
54606  -37.535  -29.265  28.461 0.0000000000
55768  -36.557  -28.500  23.346 0.0000000000
55754  -38.676  -28.825  23.964 0.0000000000
60068  -39.640  -24.887  21.250 0.0000000000
61099  -39.014  -23.753  19.957 0.0000000000
61113  -38.570  -22.912  19.479 0.0000000000
62051  -36.789  -21.719  20.385 0.0000000000
62061  -37.828  -21.963  19.527 0.0000000000
62077  -39.039  -21.758  18.453 0.0000000000
64030  -38.980  -20.031  18.304 0.0000000000
65013  -40.393  -19.013  18.274 0.0000000000
47292  -24.036  -36.228  31.879 0.0000000000
134680  -24.710  -36.022  33.886 0.0000000000
49352  -26.480  -35.153  34.125 0.0000000000
42341  -8.374  -41.373  37.293 0.0000000000
135584  -8.943  -39.876  37.053 0.0000000000
42342  -8.864  -41.138  36.610 0.0000000000
41394  -9.353  -42.879  36.289 0.0000000000
40382  -10.637  -43.854  36.709 0.0000000000
142319  -12.895  -38.911  34.578 0.0000000000
43298  -13.015  -40.289  34.685 0.0000000000
42362  -12.406  -41.239  35.407 0.0000000000
33463  -4.935  -50.756  41.619 0.0000000000
34384  -3.927  -49.821  40.266 0.0000000000
35291  -3.538  -47.968  40.432 0.0000000000
45164  -22.305  -37.686  31.725 0.0000000000
45148  -22.254  -38.150  32.318 0.0000000000
46255  -22.877  -37.222  31.369 0.0000000000
47301  -40.096  -36.234  32.209 0.0000000000
47307  -21.872  -36.676  31.376 0.0000000000
47291  -21.050  -36.394  31.927 0.0000000000
46254  -21.711  -37.470  31.605 0.0000000000
46239  -21.098  -37.779  31.875 0.0000000000
65015  -42.031  -18.637  17.883 0.0000000000
141374  -42.675  -18.401  17.968 0.0000000000
73452  -43.973  -10.719  17.333 0.0000000000
72546  -43.358  -11.369  17.172 0.0000000000
73455  -43.785  -10.899  16.564 0.0000000000
73456  -44.551  -10.421  16.537 0.0000000000
128708  -44.807  -10.452  15.701 0.0000000000
62005  -33.280  -22.525  24.320 0.0000000000
46257  -30.624  -37.353  30.909 0.0000000000
133864  -29.942  -37.253  31.276 0.0000000000
46156  -13.139  -37.221  36.655 0.0000000000
46157  -13.408  -37.636  35.801 0.0000000000
73492  -51.241  -10.280  9.755 0.0000000000
73503  -52.048  -10.639  9.135 0.0000000000
52463  -40.427  -31.280  33.729 0.0000000000
53477  -39.799  -30.965  33.153 0.0000000000
45154  -35.551  -38.418  31.876 0.0000000000
46207  -17.951  -36.865  33.795 0.0000000000
46185  -16.965  -36.771  35.043 0.0000000000
46206  -17.295  -37.116  34.104 0.0000000000
46221  -16.966  -37.849  33.520 0.0000000000
49402  -37.951  -34.838  30.992 0.0000000000
134332  -37.861  -34.911  31.764 0.0000000000
51440  -23.939  -31.962  32.640 0.0000000000
145077  -29.503  -32.788  32.832 0.0000000000
143330  -28.825  -32.122  32.230 0.0000000000
126997  -29.194  -32.581  32.003 0.0000000000
50389  -29.374  -33.124  31.401 0.0000000000
50390  -29.724  -33.436  32.204 0.0000000000
48377  -32.898  -35.346  30.406 0.0000000000
48378  -33.688  -35.387  30.135 0.0000000000
62063  -39.946  -22.929  18.647 0.0000000000
61131  -40.803  -23.138  18.597 0.0000000000
63134  -45.354  -21.237  15.126 0.0000000000
63121  -44.785  -21.861  15.575 0.0000000000
64072  -46.681  -20.557  15.530 0.0000000000
131886  -44.110  -16.820  19.222 0.0000000000
67812  -44.459  -16.502  17.803 0.0000000000
68863  -46.737  -15.191  16.271 0.0000000000
67840  -47.937  -16.481  15.899 0.0000000000
41381  -8.133  -42.976  37.362 0.0000000000
143069  -36.462  -29.234  30.405 0.0000000000
55679  -35.814  -28.995  30.182 0.0000000000
54669  -33.547  -29.386  24.744 0.0000000000
54653  -34.076  -29.667  25.576 0.0000000000
144875  -34.801  -29.657  25.934 0.0000000000
54638  -35.409  -29.607  26.188 0.0000000000
54654  -35.143  -29.614  25.409 0.0000000000
54655  -36.249  -29.591  25.530 0.0000000000
54671  -35.655  -29.486  24.592 0.0000000000
60059  -36.278  -24.664  22.085 0.0000000000
59116  -36.942  -25.343  22.318 0.0000000000
121825  -37.801  -25.495  22.582 0.0000000000
130082  -37.265  -24.782  22.039 0.0000000000
60060  -37.572  -24.312  21.484 0.0000000000
50386  -25.825  -33.172  31.638 0.0000000000
49386  -25.442  -33.695  32.192 0.0000000000
49387  -26.092  -33.853  32.645 0.0000000000
42361  -11.532  -41.027  35.312 0.0000000000
133352  -11.403  -42.577  36.146 0.0000000000
41407  -11.997  -42.187  36.289 0.0000000000
43288  -15.505  -40.891  35.005 0.0000000000
146203  -15.693  -41.109  35.775 0.0000000000
39388  -6.455  -44.434  39.715 0.0000000000
45109  -21.048  -39.063  34.209 0.0000000000
45092  -21.375  -38.976  35.242 0.0000000000
45110  -21.957  -38.754  34.566 0.0000000000
128053  -23.310  -37.982  33.719 0.0000000000
140872  -23.203  -38.181  34.476 0.0000000000
46208  -23.780  -37.760  34.534 0.0000000000
47232  -24.167  -37.521  35.371 0.0000000000
127328  -24.370  -37.131  34.597 0.0000000000
45171  -38.066  -37.801  31.677 0.0000000000
45156  -37.999  -38.410  32.616 0.0000000000
48302  -21.060  -34.287  34.895 0.0000000000
48318  -20.507  -34.697  34.504 0.0000000000
47290  -20.177  -36.740  32.046 0.0000000000
47273  -19.783  -35.854  32.976 0.0000000000
47289  -19.474  -36.654  32.480 0.0000000000
46224  -18.947  -36.991  32.697 0.0000000000
46236  -18.859  -37.775  32.479 0.0000000000
45145  -19.613  -38.262  32.259 0.0000000000
45127  -20.887  -38.810  33.085 0.0000000000
45126  -20.036  -38.865  32.750 0.0000000000
44213  -20.278  -39.471  34.428 0.0000000000
47299  -37.383  -35.722  32.816 0.0000000000
48342  -37.836  -35.236  33.064 0.0000000000
142502  -34.845  -36.092  31.892 0.0000000000
47281  -36.942  -36.306  33.431 0.0000000000
63100  -40.410  -20.961  17.074 0.0000000000
63117  -40.894  -20.430  16.769 0.0000000000
65037  -42.100  -19.472  16.227 0.0000000000
64056  -42.059  -20.428  15.742 0.0000000000
65053  -43.506  -19.277  15.397 0.0000000000
69752  -44.093  -14.523  18.475 0.0000000000
70687  -43.490  -13.748  18.658 0.0000000000
70698  -44.876  -13.804  17.326 0.0000000000
69769  -45.747  -13.893  16.895 0.0000000000
70706  -45.314  -13.245  16.705 0.0000000000
127942  -46.322  -13.318  16.576 0.0000000000
72571  -44.759  -11.486  15.133 0.0000000000
71655  -45.033  -12.137  15.435 0.0000000000
72572  -45.385  -11.783  14.725 0.0000000000
72588  -45.713  -11.557  14.062 0.0000000000
71675  -46.441  -11.890  13.800 0.0000000000
72603  -45.595  -11.017  13.943 0.0000000000
74325  -46.300  -9.522  15.014 0.0000000000
74328  -45.960  -9.925  14.316 0.0000000000
53476  -35.005  -30.942  33.264 0.0000000000
55658  -34.360  -28.867  32.957 0.0000000000
55667  -34.499  -29.039  31.989 0.0000000000
55666  -34.170  -28.435  31.722 0.0000000000
60036  -32.674  -24.846  23.837 0.0000000000
59079  -32.358  -25.404  24.423 0.0000000000
58054  -32.482  -26.642  23.722 0.0000000000
138979  -32.756  -27.288  23.451 0.0000000000
56907  -33.370  -27.210  22.908 0.0000000000
59112  -33.148  -25.753  22.958 0.0000000000
62028  -33.985  -22.825  22.797 0.0000000000
60056  -33.847  -24.213  22.705 0.0000000000
61077  -34.253  -23.492  22.550 0.0000000000
60057  -34.640  -24.228  22.309 0.0000000000
61089  -35.301  -22.842  21.847 0.0000000000
62030  -34.754  -21.911  22.145 0.0000000000
63975  -34.864  -20.097  22.616 0.0000000000
48374  -28.431  -35.160  31.042 0.0000000000
134124  -28.195  -35.345  31.940 0.0000000000
139080  -28.469  -36.168  32.184 0.0000000000
46228  -29.479  -37.886  33.143 0.0000000000
45087  -11.721  -38.594  35.457 0.0000000000
43284  -11.087  -40.083  35.186 0.0000000000
36218  -6.631  -47.894  39.478 0.0000000000
36210  -5.743  -48.285  39.683 0.0000000000
35297  -5.166  -48.914  39.982 0.0000000000
36209  -4.760  -47.999  40.254 0.0000000000
36208  -4.162  -48.744  40.232 0.0000000000
53497  -40.662  -30.390  33.122 0.0000000000
143678  -40.684  -29.735  32.039 0.0000000000
45151  -32.905  -38.491  32.299 0.0000000000
45152  -33.827  -38.579  32.236 0.0000000000
46184  -16.274  -37.112  35.186 0.0000000000
122902  -16.287  -36.444  36.768 0.0000000000
46160  -15.961  -36.924  36.076 0.0000000000
46182  -14.670  -37.530  35.146 0.0000000000
45123  -15.488  -39.099  33.534 0.0000000000
44210  -15.869  -39.886  33.645 0.0000000000
43301  -15.729  -40.392  34.159 0.0000000000
43302  -16.494  -40.295  33.845 0.0000000000
143381  -18.458  -39.792  33.422 0.0000000000
44170  -18.670  -40.341  35.717 0.0000000000
43291  -18.024  -40.531  34.976 0.0000000000
48383  -39.174  -35.717  31.115 0.0000000000
129626  -39.368  -35.019  31.124 0.0000000000
49356  -37.700  -34.410  33.954 0.0000000000
50366  -37.367  -33.759  33.939 0.0000000000
51429  -36.284  -32.777  35.012 0.0000000000
140757  -36.516  -32.804  34.030 0.0000000000
52451  -35.850  -32.070  34.128 0.0000000000
137570  -22.493  -34.292  31.364 0.0000000000
49398  -22.664  -34.823  30.805 0.0000000000
50399  -23.020  -33.899  30.926 0.0000000000
51467  -24.438  -31.801  31.105 0.0000000000
51481  -24.233  -32.445  30.781 0.0000000000
51482  -24.810  -31.944  30.775 0.0000000000
51483  -25.266  -32.035  30.756 0.0000000000
52480  -25.707  -31.619  30.945 0.0000000000
52470  -28.018  -31.829  31.583 0.0000000000
51470  -27.733  -32.344  31.202 0.0000000000
51469  -26.615  -31.960  31.074 0.0000000000
50421  -28.143  -33.078  30.962 0.0000000000
49415  -29.494  -34.646  30.298 0.0000000000
48407  -29.972  -35.253  29.947 0.0000000000
47340  -30.084  -35.798  29.853 0.0000000000
48394  -30.460  -35.431  29.803 0.0000000000
48341  -31.904  -35.601  32.585 0.0000000000
131835  -31.222  -35.363  33.410 0.0000000000
48340  -30.748  -34.817  32.591 0.0000000000
48357  -30.979  -34.910  31.257 0.0000000000
48396  -32.663  -35.468  30.021 0.0000000000
121731  -32.031  -35.559  29.891 0.0000000000
47326  -31.530  -36.068  29.761 0.0000000000
45168  -35.146  -37.916  30.792 0.0000000000
47331  -36.698  -36.204  29.952 0.0000000000
46264  -37.422  -37.472  30.756 0.0000000000
46275  -37.779  -36.752  30.359 0.0000000000
47334  -38.559  -35.967  30.707 0.0000000000
50373  -22.530  -33.581  32.907 0.0000000000
50363  -22.392  -33.541  34.006 0.0000000000
49384  -22.195  -34.287  32.269 0.0000000000
140464  -41.084  -25.177  21.038 0.0000000000
61116  -42.501  -23.765  19.694 0.0000000000
62096  -41.787  -22.402  17.223 0.0000000000
65031  -43.459  -18.046  18.076 0.0000000000
65969  -44.339  -18.299  15.682 0.0000000000
65979  -44.799  -18.950  15.080 0.0000000000
65980  -45.334  -18.176  15.345 0.0000000000
67825  -45.087  -16.420  16.810 0.0000000000
146906  -45.658  -16.374  16.299 0.0000000000
67853  -46.709  -17.104  15.545 0.0000000000
66910  -46.703  -17.703  15.340 0.0000000000
65981  -46.364  -18.252  15.186 0.0000000000
127332  -46.860  -18.983  15.145 0.0000000000
65057  -47.198  -19.757  15.598 0.0000000000
145757  -47.746  -12.940  16.448 0.0000000000
71693  -47.916  -12.283  12.785 0.0000000000
73484  -48.722  -11.439  11.792 0.0000000000
71708  -49.534  -12.603  11.853 0.0000000000
125525  -49.980  -9.342  11.858 0.0000000000
73486  -50.050  -10.356  10.947 0.0000000000
74345  -50.290  -9.602  11.265 0.0000000000
74353  -50.675  -9.924  10.482 0.0000000000
40370  -7.275  -43.697  38.467 0.0000000000
41368  -7.106  -42.716  39.150 0.0000000000
38338  -9.719  -45.741  38.013 0.0000000000
146335  -9.013  -45.512  37.627 0.0000000000
37261  -9.009  -46.019  38.127 0.0000000000
36221  -9.009  -47.275  39.470 0.0000000000
37240  -8.254  -46.843  38.774 0.0000000000
37259  -7.672  -46.397  38.500 0.0000000000
36211  -8.280  -47.832  39.887 0.0000000000
35293  -8.137  -48.651  41.242 0.0000000000
50409  -39.240  -33.900  31.323 0.0000000000
50410  -39.888  -34.216  31.805 0.0000000000
51474  -38.972  -33.213  31.574 0.0000000000
51458  -38.827  -32.440  31.995 0.0000000000
53492  -35.047  -30.690  32.315 0.0000000000
136900  -38.535  -30.575  31.928 0.0000000000
142050  -39.030  -30.492  32.162 0.0000000000
54563  -38.391  -29.851  31.402 0.0000000000
125979  -38.879  -29.548  30.407 0.0000000000
144606  -38.489  -29.393  29.547 0.0000000000
56815  -32.804  -27.022  30.455 0.0000000000
56798  -33.222  -27.025  31.300 0.0000000000
55676  -33.250  -27.767  30.577 0.0000000000
55691  -33.408  -28.375  29.756 0.0000000000
56862  -31.807  -27.673  26.618 0.0000000000
122738  -31.970  -27.679  27.680 0.0000000000
55720  -32.056  -28.574  26.983 0.0000000000
54623  -34.371  -29.465  27.495 0.0000000000
54601  -32.752  -29.060  28.014 0.0000000000
54602  -33.627  -29.231  28.231 0.0000000000
55707  -34.002  -28.923  29.045 0.0000000000
54604  -35.658  -29.018  28.318 0.0000000000
54626  -37.192  -29.369  27.637 0.0000000000
123845  -38.538  -29.436  28.640 0.0000000000
54657  -38.420  -29.653  25.186 0.0000000000
56909  -35.112  -27.959  22.816 0.0000000000
55767  -35.605  -28.606  23.280 0.0000000000
56910  -36.078  -27.889  22.936 0.0000000000
58057  -37.364  -26.919  23.122 0.0000000000
56911  -37.776  -27.604  23.343 0.0000000000
55769  -38.240  -28.218  23.588 0.0000000000
132570  -38.723  -25.423  22.600 0.0000000000
59096  -39.161  -25.831  23.211 0.0000000000
59117  -39.518  -25.541  22.638 0.0000000000
59118  -40.320  -25.663  22.635 0.0000000000
60062  -39.939  -25.290  21.960 0.0000000000
60066  -38.034  -23.924  20.930 0.0000000000
60078  -38.675  -24.036  20.556 0.0000000000
62042  -36.199  -21.886  20.934 0.0000000000
62043  -36.881  -22.683  20.718 0.0000000000
64020  -37.748  -19.935  19.318 0.0000000000
63079  -37.412  -20.827  19.537 0.0000000000
63080  -38.010  -20.924  19.016 0.0000000000
62062  -38.511  -21.892  18.918 0.0000000000
63086  -38.636  -20.950  18.504 0.0000000000
64999  -40.109  -18.572  19.076 0.0000000000
48392  -23.617  -34.989  30.645 0.0000000000
47309  -23.349  -36.428  31.009 0.0000000000
48373  -23.848  -35.552  31.023 0.0000000000
48337  -25.330  -34.880  33.727 0.0000000000
142539  -24.791  -35.438  33.437 0.0000000000
48319  -25.122  -35.605  34.241 0.0000000000
48303  -25.361  -36.035  34.961 0.0000000000
48338  -27.433  -35.415  33.657 0.0000000000
49370  -26.976  -34.831  33.574 0.0000000000
145334  -27.239  -35.886  34.216 0.0000000000
45149  -31.126  -38.257  32.722 0.0000000000
43246  -8.307  -40.470  37.862 0.0000000000
44151  -10.010  -38.527  36.955 0.0000000000
45049  -9.568  -38.498  37.833 0.0000000000
44167  -9.471  -39.294  36.762 0.0000000000
42350  -9.361  -41.386  36.038 0.0000000000
43266  -9.242  -40.393  36.352 0.0000000000
41404  -8.882  -42.057  36.485 0.0000000000
40397  -10.154  -43.133  36.215 0.0000000000
45106  -13.607  -38.671  34.372 0.0000000000
43286  -13.595  -40.888  35.079 0.0000000000
137407  -12.864  -40.847  35.104 0.0000000000
43268  -13.229  -41.260  35.708 0.0000000000
73504  -53.224  -10.701  8.932 0.0000000000
33471  -3.742  -50.821  40.452 0.0000000000
35296  -3.441  -48.816  40.176 0.0000000000
45128  -21.585  -38.476  32.605 0.0000000000
45129  -22.212  -38.466  32.992 0.0000000000
46225  -22.802  -38.133  32.922 0.0000000000
46226  -23.438  -37.656  32.791 0.0000000000
146381  -39.119  -37.523  32.289 0.0000000000
48334  -20.986  -35.470  32.664 0.0000000000
47254  -20.445  -35.044  33.472 0.0000000000
46238  -20.335  -37.660  31.965 0.0000000000
65027  -40.674  -19.419  17.500 0.0000000000
64054  -40.914  -19.808  16.949 0.0000000000
65028  -41.465  -19.269  17.024 0.0000000000
65038  -42.884  -18.841  16.195 0.0000000000
70686  -43.022  -13.219  18.111 0.0000000000
71624  -42.886  -12.717  18.238 0.0000000000
71643  -43.137  -12.192  17.071 0.0000000000
71644  -43.732  -12.420  16.527 0.0000000000
71645  -44.640  -12.640  16.206 0.0000000000
72570  -44.237  -11.301  15.592 0.0000000000
73461  -44.740  -10.859  15.078 0.0000000000
73465  -45.406  -10.602  14.353 0.0000000000
55648  -34.632  -28.560  33.907 0.0000000000
55647  -34.327  -27.771  33.463 0.0000000000
60047  -32.987  -25.130  23.254 0.0000000000
61065  -33.174  -23.302  23.737 0.0000000000
62017  -33.580  -22.498  23.380 0.0000000000
62029  -34.033  -21.977  22.765 0.0000000000
63040  -34.390  -21.076  22.627 0.0000000000
63039  -34.012  -21.260  23.155 0.0000000000
47311  -29.318  -36.744  31.218 0.0000000000
47294  -28.931  -36.728  31.998 0.0000000000
146328  -29.404  -37.185  31.870 0.0000000000
46243  -29.774  -37.650  32.267 0.0000000000
46229  -30.244  -38.087  32.899 0.0000000000
45088  -12.330  -38.755  35.005 0.0000000000
72647  -50.860  -11.499  9.471 0.0000000000
72648  -51.421  -11.561  8.908 0.0000000000
35292  -7.186  -49.278  41.058 0.0000000000
34386  -6.208  -49.632  40.491 0.0000000000
34375  -5.733  -50.316  41.131 0.0000000000
53478  -40.441  -30.861  33.545 0.0000000000
45167  -34.228  -38.051  30.959 0.0000000000
142127  -35.164  -38.716  32.625 0.0000000000
44237  -35.228  -39.022  33.420 0.0000000000
47230  -19.093  -35.339  35.055 0.0000000000
47229  -18.358  -35.745  34.932 0.0000000000
140935  -17.907  -35.707  35.664 0.0000000000
46162  -17.227  -36.190  35.806 0.0000000000
46204  -15.820  -37.623  34.383 0.0000000000
138936  -19.737  -39.575  33.892 0.0000000000
44212  -19.005  -39.784  33.795 0.0000000000
44187  -19.412  -39.894  35.556 0.0000000000
50385  -23.069  -32.980  32.403 0.0000000000
50400  -23.253  -33.029  31.388 0.0000000000
51452  -23.560  -32.380  32.001 0.0000000000
51453  -24.115  -31.777  31.848 0.0000000000
52466  -24.770  -31.209  31.708 0.0000000000
52459  -27.852  -31.278  33.238 0.0000000000
51454  -28.395  -31.675  32.398 0.0000000000
129097  -28.663  -32.198  31.689 0.0000000000
51471  -28.452  -32.536  31.205 0.0000000000
51485  -28.864  -33.130  30.838 0.0000000000
50405  -29.249  -33.422  30.870 0.0000000000
50424  -29.641  -34.232  30.597 0.0000000000
47277  -32.659  -36.077  32.953 0.0000000000
48358  -31.927  -35.294  31.282 0.0000000000
47328  -33.543  -35.803  29.705 0.0000000000
47329  -34.119  -35.692  29.921 0.0000000000
47314  -36.473  -35.750  31.365 0.0000000000
48398  -37.005  -35.859  30.181 0.0000000000
47332  -37.461  -36.150  30.189 0.0000000000
48400  -38.134  -35.719  30.530 0.0000000000
61101  -40.831  -24.212  19.815 0.0000000000
131187  -41.239  -23.709  19.221 0.0000000000
139358  -41.950  -23.664  19.260 0.0000000000
61133  -42.519  -23.278  18.915 0.0000000000
62112  -43.426  -22.390  16.357 0.0000000000
62113  -44.311  -22.280  16.116 0.0000000000
65950  -43.913  -17.978  19.360 0.0000000000
125744  -46.113  -15.856  16.235 0.0000000000
66911  -47.222  -17.613  15.393 0.0000000000
65983  -47.836  -17.914  15.589 0.0000000000
66900  -47.525  -17.083  15.634 0.0000000000
66901  -48.541  -17.296  15.985 0.0000000000
73474  -47.200  -10.535  12.575 0.0000000000
73477  -47.906  -11.111  12.107 0.0000000000
73478  -48.837  -10.352  12.023 0.0000000000
73485  -49.418  -10.800  11.439 0.0000000000
74337  -49.381  -9.459  12.186 0.0000000000
41369  -7.477  -41.790  38.862 0.0000000000
51473  -38.344  -32.976  31.556 0.0000000000
54562  -37.501  -29.879  31.236 0.0000000000
132292  -37.264  -29.427  30.686 0.0000000000
54588  -37.154  -29.093  29.930 0.0000000000
56831  -32.515  -27.106  29.714 0.0000000000
55736  -32.268  -28.689  25.449 0.0000000000
54636  -32.421  -29.214  26.399 0.0000000000
144456  -33.833  -29.634  26.973 0.0000000000
141901  -35.283  -29.254  27.759 0.0000000000
54624  -35.365  -29.504  27.054 0.0000000000
124596  -36.893  -29.506  26.963 0.0000000000
54640  -37.804  -29.548  26.773 0.0000000000
54656  -37.068  -29.568  26.171 0.0000000000
137254  -37.400  -29.610  25.147 0.0000000000
141409  -37.427  -29.352  24.305 0.0000000000
133584  -35.499  -25.852  22.326 0.0000000000
58079  -36.024  -26.390  22.491 0.0000000000
58081  -37.912  -26.243  23.101 0.0000000000
58058  -38.740  -26.450  23.414 0.0000000000
145826  -38.123  -24.444  21.361 0.0000000000
61097  -37.576  -23.208  20.463 0.0000000000
63990  -36.001  -19.949  21.009 0.0000000000
64005  -36.610  -19.926  20.413 0.0000000000
64996  -37.691  -19.322  19.826 0.0000000000
64997  -38.382  -19.152  19.444 0.0000000000
48354  -24.400  -35.176  31.761 0.0000000000
49385  -24.848  -34.218  32.022 0.0000000000
49367  -25.410  -34.229  32.912 0.0000000000
43283  -10.092  -39.883  35.783 0.0000000000
134934  -10.158  -41.629  35.692 0.0000000000
41406  -10.615  -42.477  35.956 0.0000000000
43287  -14.488  -40.887  35.012 0.0000000000
45076  -20.817  -39.303  35.831 0.0000000000
45077  -21.550  -38.892  36.169 0.0000000000
46187  -22.918  -38.347  35.818 0.0000000000
128665  -22.743  -38.476  34.927 0.0000000000
47231  -19.691  -35.134  34.851 0.0000000000
145958  -20.131  -35.286  33.236 0.0000000000
47252  -19.379  -35.473  34.059 0.0000000000
47251  -18.814  -35.947  34.211 0.0000000000
47271  -18.547  -36.573  33.494 0.0000000000
45143  -18.136  -38.083  32.730 0.0000000000
45144  -18.761  -38.576  32.562 0.0000000000
44233  -19.521  -39.374  33.185 0.0000000000
48361  -34.257  -35.837  31.406 0.0000000000
47297  -35.722  -36.053  31.783 0.0000000000
48362  -37.129  -35.570  31.730 0.0000000000
62079  -40.404  -22.435  18.003 0.0000000000
123005  -40.964  -21.155  16.717 0.0000000000
125638  -41.926  -21.334  16.012 0.0000000000
63119  -42.760  -21.449  15.639 0.0000000000
63132  -43.422  -21.021  15.154 0.0000000000
63133  -44.338  -20.916  14.919 0.0000000000
65069  -44.622  -20.201  14.710 0.0000000000
68832  -44.622  -15.325  18.094 0.0000000000
68847  -45.232  -15.127  17.323 0.0000000000
70697  -43.785  -13.759  17.834 0.0000000000
69771  -47.477  -14.536  16.322 0.0000000000
142237  -46.978  -12.724  16.347 0.0000000000
71647  -46.844  -12.165  15.976 0.0000000000
72605  -46.644  -11.672  13.191 0.0000000000
72616  -46.547  -10.950  13.024 0.0000000000
73473  -46.025  -10.507  13.679 0.0000000000
138323  -46.704  -10.064  13.220 0.0000000000
41393  -8.710  -42.994  36.682 0.0000000000
39416  -9.290  -44.462  37.015 0.0000000000
52460  -35.966  -31.890  32.854 0.0000000000
52472  -36.146  -31.560  32.168 0.0000000000
128226  -31.825  -26.721  26.107 0.0000000000
59064  -32.481  -25.011  25.535 0.0000000000
58019  -31.987  -26.808  25.131 0.0000000000
56873  -31.934  -27.711  25.754 0.0000000000
55748  -32.492  -28.397  24.531 0.0000000000
55749  -33.158  -28.887  24.149 0.0000000000
55750  -34.067  -29.112  23.960 0.0000000000
55751  -35.098  -29.145  23.868 0.0000000000
55765  -33.622  -28.526  23.433 0.0000000000
56908  -34.060  -27.872  22.814 0.0000000000
58077  -34.312  -26.482  22.425 0.0000000000
136254  -33.450  -24.990  22.794 0.0000000000
59113  -33.848  -25.732  22.532 0.0000000000
59114  -34.723  -25.767  22.345 0.0000000000
60058  -35.287  -25.030  22.200 0.0000000000
140576  -35.422  -24.227  22.105 0.0000000000
61079  -35.853  -23.726  21.872 0.0000000000
62041  -35.447  -21.945  21.478 0.0000000000
63056  -35.617  -20.866  21.184 0.0000000000
63989  -35.374  -19.973  21.690 0.0000000000
64967  -36.184  -19.271  21.780 0.0000000000
64968  -37.163  -19.008  21.515 0.0000000000
50388  -27.254  -33.428  31.500 0.0000000000
49388  -26.944  -34.030  32.563 0.0000000000
47293  -28.494  -36.710  32.974 0.0000000000
124363  -11.200  -37.513  37.064 0.0000000000
45073  -10.644  -38.256  36.557 0.0000000000
122957  -16.597  -41.174  36.678 0.0000000000
38297  -6.479  -46.038  39.205 0.0000000000
145737  -6.174  -46.493  39.537 0.0000000000
38279  -5.563  -46.272  40.293 0.0000000000
37188  -4.805  -46.342  40.825 0.0000000000
36197  -4.530  -47.066  40.638 0.0000000000
65018  -44.332  -18.591  19.995 0.0000000000
66874  -44.338  -17.743  20.139 0.0000000000
67797  -44.641  -16.499  20.041 0.0000000000
54578  -40.935  -29.619  30.576 0.0000000000
130980  -31.882  -37.527  30.820 0.0000000000
46245  -31.545  -37.928  31.800 0.0000000000
45137  -36.725  -38.907  33.184 0.0000000000
135027  -14.641  -36.894  36.715 0.0000000000
46158  -14.251  -37.324  35.879 0.0000000000
45090  -14.359  -38.199  34.436 0.0000000000
45107  -14.282  -38.843  34.038 0.0000000000
45108  -15.441  -38.262  33.862 0.0000000000
128281  -14.858  -38.579  33.923 0.0000000000
44229  -14.766  -39.377  33.873 0.0000000000
45125  -17.464  -38.384  33.040 0.0000000000
44231  -17.327  -39.229  33.091 0.0000000000
43307  -17.271  -39.991  33.517 0.0000000000
44211  -18.126  -40.160  33.928 0.0000000000
143924  -39.477  -34.484  31.290 0.0000000000
49390  -37.771  -34.495  32.278 0.0000000000
123879  -35.632  -31.280  34.937 0.0000000000
48371  -22.399  -35.794  30.846 0.0000000000
47308  -22.664  -36.595  30.928 0.0000000000
48390  -22.906  -35.335  30.566 0.0000000000
48391  -23.219  -35.333  30.535 0.0000000000
50418  -23.631  -33.216  30.762 0.0000000000
50401  -24.466  -33.284  30.911 0.0000000000
50402  -25.338  -32.632  30.985 0.0000000000
50403  -26.254  -32.501  31.200 0.0000000000
142947  -25.077  -30.991  33.370 0.0000000000
124682  -25.279  -30.844  32.501 0.0000000000
52467  -25.686  -30.970  31.542 0.0000000000
52468  -26.618  -30.994  31.910 0.0000000000
121463  -26.347  -31.378  31.316 0.0000000000
135598  -27.838  -33.365  31.134 0.0000000000
49401  -28.511  -34.653  30.707 0.0000000000
50422  -28.799  -33.608  30.636 0.0000000000
49414  -28.983  -34.517  30.365 0.0000000000
47323  -28.962  -35.430  30.420 0.0000000000
126998  -29.315  -36.234  30.526 0.0000000000
139108  -30.318  -36.873  30.434 0.0000000000
46268  -31.167  -37.020  30.233 0.0000000000
124466  -30.278  -34.503  30.815 0.0000000000
47341  -30.756  -35.808  29.717 0.0000000000
46259  -32.793  -37.467  30.549 0.0000000000
46260  -33.726  -37.309  30.286 0.0000000000
45169  -36.029  -37.873  30.960 0.0000000000
47312  -35.010  -35.790  30.069 0.0000000000
141041  -36.786  -37.906  31.076 0.0000000000
47315  -38.328  -36.594  30.748 0.0000000000
143287  -38.529  -36.925  31.187 0.0000000000
47317  -39.513  -36.187  31.675 0.0000000000
49350  -21.694  -33.971  34.440 0.0000000000
48353  -21.549  -34.891  32.539 0.0000000000
144066  -41.919  -24.608  20.342 0.0000000000
62080  -41.260  -22.722  17.933 0.0000000000
62081  -42.141  -22.921  18.054 0.0000000000
133808  -42.829  -22.937  18.288 0.0000000000
62098  -43.868  -22.764  17.403 0.0000000000
65030  -42.952  -18.291  17.402 0.0000000000
65959  -43.752  -17.909  16.991 0.0000000000
65968  -43.639  -18.543  15.980 0.0000000000
65054  -44.280  -19.639  14.891 0.0000000000
65055  -45.289  -19.679  14.761 0.0000000000
130866  -45.961  -18.954  14.912 0.0000000000
72634  -50.492  -11.631  10.069 0.0000000000
73491  -49.895  -11.006  10.872 0.0000000000
74354  -51.661  -9.685  10.425 0.0000000000
74339  -51.640  -8.817  11.770 0.0000000000
134508  -6.757  -45.357  38.988 0.0000000000
39415  -8.537  -44.757  37.356 0.0000000000
38319  -7.476  -45.617  38.309 0.0000000000
38298  -7.097  -46.238  38.763 0.0000000000
35299  -7.412  -48.266  39.793 0.0000000000
35300  -8.048  -48.363  40.423 0.0000000000
131827  -7.527  -48.754  40.446 0.0000000000
51444  -39.690  -32.204  32.966 0.0000000000
52473  -36.884  -31.390  31.801 0.0000000000
52461  -39.217  -31.123  32.626 0.0000000000
137694  -39.412  -30.371  32.351 0.0000000000
135850  -39.514  -29.949  32.040 0.0000000000
54577  -39.925  -29.612  30.596 0.0000000000
56784  -33.965  -27.046  32.857 0.0000000000
57884  -33.266  -26.255  31.549 0.0000000000
56799  -33.720  -27.508  32.016 0.0000000000
143101  -34.316  -28.595  31.033 0.0000000000
55678  -34.975  -28.816  30.428 0.0000000000
56848  -32.219  -27.217  28.833 0.0000000000
55690  -32.620  -27.964  29.316 0.0000000000
128017  -32.282  -28.643  27.695 0.0000000000
55692  -34.505  -28.709  29.741 0.0000000000
55693  -35.488  -28.816  29.645 0.0000000000
55695  -36.925  -29.021  29.120 0.0000000000
54605  -36.587  -29.121  28.347 0.0000000000
54589  -37.785  -29.216  29.300 0.0000000000
54590  -39.215  -29.522  29.307 0.0000000000
54592  -40.450  -29.614  29.814 0.0000000000
122693  -38.838  -29.671  26.968 0.0000000000
55752  -36.121  -29.108  23.814 0.0000000000
127820  -36.968  -27.762  23.128 0.0000000000
137244  -37.426  -28.366  23.444 0.0000000000
141260  -40.346  -25.136  21.318 0.0000000000
60079  -39.360  -24.394  20.524 0.0000000000
61100  -39.881  -24.045  19.872 0.0000000000
61114  -39.451  -23.377  19.275 0.0000000000
127812  -39.177  -22.555  18.805 0.0000000000
62052  -37.378  -22.374  20.162 0.0000000000
63070  -36.875  -20.756  20.068 0.0000000000
142675  -37.243  -21.556  19.923 0.0000000000
141167  -37.927  -22.828  19.959 0.0000000000
63087  -39.332  -21.033  17.968 0.0000000000
64031  -39.616  -20.027  17.795 0.0000000000
65011  -38.852  -19.364  18.807 0.0000000000
65012  -39.552  -19.240  18.432 0.0000000000
65026  -40.062  -19.539  17.813 0.0000000000
65001  -41.914  -18.585  18.886 0.0000000000
46241  -23.460  -37.145  31.862 0.0000000000
47274  -23.950  -36.930  32.815 0.0000000000
131724  -24.517  -35.577  32.568 0.0000000000
47275  -24.481  -36.199  33.037 0.0000000000
142440  -24.422  -36.726  33.802 0.0000000000
47256  -24.838  -36.356  34.556 0.0000000000
49369  -26.370  -34.544  33.483 0.0000000000
49351  -25.969  -34.909  34.067 0.0000000000
48322  -26.896  -36.017  34.726 0.0000000000
49342  -26.500  -35.750  34.662 0.0000000000
48321  -26.118  -35.558  34.597 0.0000000000
48304  -25.862  -35.985  35.148 0.0000000000
42332  -7.951  -41.124  38.314 0.0000000000
130070  -8.366  -42.302  37.091 0.0000000000
44149  -8.632  -39.962  37.572 0.0000000000
43247  -8.686  -40.518  37.101 0.0000000000
40398  -11.098  -43.182  36.403 0.0000000000
45089  -13.045  -38.312  35.029 0.0000000000
44207  -13.288  -39.559  34.386 0.0000000000
44206  -12.513  -39.521  34.666 0.0000000000
43270  -15.785  -41.250  36.508 0.0000000000
121478  -14.922  -41.377  36.671 0.0000000000
42353  -13.595  -41.495  36.532 0.0000000000
42352  -12.744  -41.728  36.292 0.0000000000
34374  -4.964  -50.520  40.868 0.0000000000
33462  -4.343  -50.942  41.111 0.0000000000
33472  -4.401  -50.470  40.559 0.0000000000
138877  -3.142  -48.760  39.997 0.0000000000
36207  -3.271  -47.895  40.324 0.0000000000
46256  -29.901  -36.335  30.137 0.0000000000
47324  -29.542  -35.845  30.123 0.0000000000
48372  -23.407  -35.683  30.682 0.0000000000
49353  -26.896  -35.446  34.183 0.0000000000
49411  -23.218  -34.629  30.595 0.0000000000
49412  -23.792  -33.973  30.696 0.0000000000
50420  -24.699  -32.502  30.814 0.0000000000
52486  -25.194  -31.733  30.802 0.0000000000
54621  -32.486  -29.195  27.230 0.0000000000
54622  -33.245  -29.491  27.354 0.0000000000
54637  -33.312  -29.640  26.444 0.0000000000
54652  -32.941  -29.482  25.525 0.0000000000
55753  -37.850  -28.884  23.857 0.0000000000
56883  -32.102  -27.826  25.002 0.0000000000
56927  -33.981  -27.096  22.551 0.0000000000
56928  -34.703  -27.229  22.484 0.0000000000
57940  -32.382  -26.486  28.850 0.0000000000
58035  -32.243  -26.320  24.299 0.0000000000
58055  -32.911  -26.516  23.190 0.0000000000
58078  -35.157  -26.507  22.364 0.0000000000
59063  -32.132  -25.871  24.972 0.0000000000
63012  -33.517  -21.771  24.089 0.0000000000
63027  -33.902  -21.087  23.821 0.0000000000
63088  -40.047  -21.564  17.600 0.0000000000
63101  -41.484  -21.669  16.564 0.0000000000
64069  -43.559  -20.166  15.001 0.0000000000
64070  -45.088  -20.527  14.751 0.0000000000
71634  -42.908  -12.669  17.726 0.0000000000
71737  -50.779  -12.052  9.857 0.0000000000
72545  -43.012  -12.097  17.854 0.0000000000
74332  -47.072  -9.379  13.696 0.0000000000
131251  -33.156  -24.262  23.289 0.0000000000
137726  -37.026  -28.978  23.821 0.0000000000
137812  -33.279  -27.851  23.208 0.0000000000
142755  -38.059  -26.876  23.373 0.0000000000
143974  -29.116  -34.139  30.398 0.0000000000
