#!ascii label  , from subject sub-v1s0x0050642_ses-1 vox2ras=TkReg
1841
88104  -46.308  6.489  18.742 0.0000000000
86571  -53.969  4.533  1.593 0.0000000000
97276  -49.277  17.949  18.853 0.0000000000
88150  -55.600  7.008  11.479 0.0000000000
82963  -53.683  0.718  16.086 0.0000000000
90462  -50.044  9.922  15.186 0.0000000000
96645  -55.800  17.654  7.084 0.0000000000
98830  -42.861  20.490  3.170 0.0000000000
82908  -45.584  0.360  20.874 0.0000000000
87327  -51.436  5.685  15.363 0.0000000000
129557  -56.385  9.715  15.564 0.0000000000
89661  -52.312  8.189  20.493 0.0000000000
101033  -51.740  22.923  19.102 0.0000000000
96570  -55.283  18.127  15.223 0.0000000000
98061  -50.432  19.154  12.962 0.0000000000
138503  -47.993  16.127  6.923 0.0000000000
99536  -46.711  21.972  8.929 0.0000000000
85683  -50.068  2.823  3.897 0.0000000000
91292  -42.183  10.440  17.448 0.0000000000
92078  -47.669  11.081  18.284 0.0000000000
86488  -60.082  4.613  9.735 0.0000000000
83865  -54.211  1.825  11.594 0.0000000000
84684  -48.562  2.647  13.678 0.0000000000
122743  -46.968  0.509  16.674 0.0000000000
88178  -52.203  5.875  9.053 0.0000000000
135575  -49.958  8.938  7.378 0.0000000000
94416  -53.457  14.244  18.999 0.0000000000
94479  -51.772  14.129  10.813 0.0000000000
92989  -55.019  12.466  3.954 0.0000000000
146211  -52.330  15.804  -0.181 0.0000000000
95990  -45.770  16.185  0.466 0.0000000000
88117  -48.595  6.669  16.456 0.0000000000
88878  -51.453  7.453  18.031 0.0000000000
88867  -48.846  7.527  18.961 0.0000000000
101057  -48.307  22.940  16.071 0.0000000000
99497  -52.022  21.574  15.732 0.0000000000
99502  -47.963  21.957  14.196 0.0000000000
98069  -46.633  19.239  11.569 0.0000000000
85699  -52.484  3.322  2.736 0.0000000000
132180  -39.935  12.751  16.466 0.0000000000
139191  -42.977  13.531  16.468 0.0000000000
82993  -54.087  0.523  13.943 0.0000000000
132467  -51.174  1.766  13.274 0.0000000000
82990  -51.012  0.508  14.298 0.0000000000
127558  -46.446  0.406  18.714 0.0000000000
85555  -41.371  3.090  16.661 0.0000000000
87303  -40.777  5.327  18.596 0.0000000000
86405  -39.541  4.502  18.442 0.0000000000
89705  -57.497  9.709  11.181 0.0000000000
90465  -52.870  9.538  16.020 0.0000000000
90500  -53.534  9.532  11.595 0.0000000000
89701  -50.463  8.593  11.539 0.0000000000
87382  -49.655  5.616  8.647 0.0000000000
90511  -48.458  9.754  10.749 0.0000000000
143380  -47.933  14.819  17.571 0.0000000000
92886  -50.759  12.742  19.908 0.0000000000
95121  -50.206  15.732  17.123 0.0000000000
124279  -56.616  18.031  11.569 0.0000000000
95131  -54.494  15.991  12.821 0.0000000000
124971  -55.938  15.560  8.876 0.0000000000
93758  -53.254  13.724  7.129 0.0000000000
95184  -56.599  15.764  4.989 0.0000000000
94557  -55.896  14.469  0.198 0.0000000000
125991  -54.581  16.600  4.183 0.0000000000
96653  -44.718  17.754  5.972 0.0000000000
95938  -47.439  16.359  3.980 0.0000000000
97407  -45.356  18.259  2.963 0.0000000000
95979  -43.377  16.575  0.813 0.0000000000
97412  -43.033  18.556  0.328 0.0000000000
87339  -53.148  5.731  14.417 0.0000000000
88894  -56.220  8.573  14.176 0.0000000000
88130  -54.348  7.142  16.539 0.0000000000
88873  -55.087  7.709  18.724 0.0000000000
137788  -55.741  10.307  19.086 0.0000000000
98706  -51.844  20.476  21.085 0.0000000000
97284  -51.447  19.064  17.249 0.0000000000
98751  -54.309  20.776  17.274 0.0000000000
98053  -54.534  20.045  13.368 0.0000000000
96605  -53.388  17.942  10.065 0.0000000000
125023  -51.875  16.587  6.994 0.0000000000
136626  -49.371  17.057  10.109 0.0000000000
96611  -45.429  17.989  9.298 0.0000000000
99558  -44.287  21.393  6.525 0.0000000000
146557  -49.168  4.957  4.152 0.0000000000
126718  -44.232  7.997  19.695 0.0000000000
89660  -46.625  8.531  20.187 0.0000000000
91294  -44.897  10.770  17.674 0.0000000000
93702  -45.739  13.688  16.786 0.0000000000
96557  -46.545  17.462  18.055 0.0000000000
98008  -44.397  19.871  20.119 0.0000000000
98724  -48.034  20.111  20.289 0.0000000000
87373  -56.771  5.755  9.146 0.0000000000
85609  -56.847  3.076  9.892 0.0000000000
86466  -54.250  4.356  10.861 0.0000000000
86458  -52.446  3.983  13.072 0.0000000000
86440  -49.879  4.383  14.412 0.0000000000
83807  -53.164  1.714  18.549 0.0000000000
83785  -48.461  1.684  21.110 0.0000000000
83803  -49.638  1.553  19.025 0.0000000000
82960  -50.295  0.524  16.659 0.0000000000
145088  -47.302  1.269  14.984 0.0000000000
87312  -44.646  5.084  18.033 0.0000000000
87423  -55.949  5.367  4.101 0.0000000000
91322  -55.879  10.010  12.502 0.0000000000
88180  -54.129  7.121  7.973 0.0000000000
86537  -54.035  3.759  4.528 0.0000000000
85656  -51.207  2.932  6.157 0.0000000000
87411  -49.689  4.525  6.357 0.0000000000
88979  -51.126  8.063  5.467 0.0000000000
136753  -50.147  9.442  21.367 0.0000000000
133697  -53.272  11.187  22.525 0.0000000000
92907  -52.671  11.580  18.131 0.0000000000
95844  -51.899  16.508  14.971 0.0000000000
127799  -51.339  13.944  14.534 0.0000000000
93714  -49.320  12.780  13.221 0.0000000000
92960  -49.724  12.384  8.937 0.0000000000
91391  -52.161  10.972  5.720 0.0000000000
90580  -52.742  9.981  3.377 0.0000000000
95192  -51.101  15.744  4.138 0.0000000000
121937  -49.067  15.649  0.267 0.0000000000
94572  -45.547  13.329  -1.504 0.0000000000
94544  -43.800  14.388  1.198 0.0000000000
95196  -43.056  15.335  3.397 0.0000000000
129125  -47.331  6.761  17.310 0.0000000000
88875  -48.448  7.371  18.002 0.0000000000
88866  -47.918  7.383  18.858 0.0000000000
100277  -48.438  22.337  14.844 0.0000000000
124784  -46.458  22.927  12.186 0.0000000000
86557  -53.464  4.100  1.957 0.0000000000
141648  -53.995  0.553  14.712 0.0000000000
82991  -52.633  0.405  13.995 0.0000000000
121993  -52.048  0.348  15.434 0.0000000000
84658  -41.325  2.377  16.212 0.0000000000
85548  -40.627  3.353  17.314 0.0000000000
88920  -56.807  7.777  10.738 0.0000000000
88906  -56.637  8.391  11.694 0.0000000000
90464  -51.579  9.566  15.528 0.0000000000
122236  -51.731  9.454  14.342 0.0000000000
90477  -49.826  9.624  13.494 0.0000000000
90497  -49.129  9.243  11.839 0.0000000000
91316  -49.065  9.985  13.096 0.0000000000
95817  -48.351  16.795  18.271 0.0000000000
95109  -49.107  15.230  17.497 0.0000000000
96559  -49.276  17.185  17.913 0.0000000000
96620  -56.782  17.962  8.906 0.0000000000
138752  -57.500  16.764  10.095 0.0000000000
95887  -58.386  16.653  7.752 0.0000000000
95171  -56.725  15.752  6.644 0.0000000000
95917  -56.774  16.824  6.115 0.0000000000
95945  -56.198  16.629  4.246 0.0000000000
95930  -55.731  17.200  5.364 0.0000000000
98118  -43.781  19.153  4.854 0.0000000000
97399  -45.186  18.164  3.872 0.0000000000
98129  -44.183  19.068  2.842 0.0000000000
97405  -44.064  18.641  1.787 0.0000000000
98127  -42.810  19.695  1.887 0.0000000000
87328  -52.222  5.789  15.302 0.0000000000
88133  -53.746  6.391  14.954 0.0000000000
88129  -52.712  6.311  15.863 0.0000000000
88870  -51.981  7.831  18.853 0.0000000000
88880  -53.362  7.495  18.185 0.0000000000
89678  -53.831  7.875  19.504 0.0000000000
89664  -55.755  8.499  19.618 0.0000000000
89640  -55.139  8.674  20.545 0.0000000000
100217  -52.582  22.651  20.830 0.0000000000
98727  -53.527  21.007  19.327 0.0000000000
100248  -52.859  22.324  18.127 0.0000000000
98772  -51.635  20.490  13.777 0.0000000000
98763  -53.172  20.968  14.641 0.0000000000
98051  -52.728  20.022  13.011 0.0000000000
98070  -54.150  19.246  11.729 0.0000000000
97322  -51.621  18.407  11.725 0.0000000000
96603  -51.477  17.565  10.401 0.0000000000
97320  -49.663  18.024  11.956 0.0000000000
98784  -45.882  20.456  10.633 0.0000000000
97335  -46.069  18.545  10.650 0.0000000000
98790  -45.383  20.576  9.470 0.0000000000
98098  -44.126  19.669  7.767 0.0000000000
99542  -45.830  21.754  7.817 0.0000000000
85666  -49.370  3.600  3.945 0.0000000000
89677  -43.023  8.918  19.028 0.0000000000
90413  -44.351  9.121  19.505 0.0000000000
145252  -43.552  10.568  17.518 0.0000000000
95118  -43.433  15.716  16.499 0.0000000000
93701  -44.303  13.506  16.571 0.0000000000
95120  -44.937  16.091  17.001 0.0000000000
95105  -45.688  16.093  17.396 0.0000000000
142622  -44.985  17.373  17.457 0.0000000000
99433  -43.398  21.304  20.912 0.0000000000
98722  -45.997  20.524  20.242 0.0000000000
128060  -47.085  21.628  21.246 0.0000000000
99438  -48.687  21.587  21.648 0.0000000000
100213  -46.806  22.609  21.247 0.0000000000
87387  -58.539  6.204  8.378 0.0000000000
86499  -58.468  5.479  8.526 0.0000000000
84720  -57.157  2.682  10.682 0.0000000000
84707  -55.525  2.032  10.937 0.0000000000
85608  -55.757  3.303  9.865 0.0000000000
85595  -53.915  3.308  11.066 0.0000000000
86459  -53.025  4.225  12.273 0.0000000000
132967  -53.051  2.725  12.031 0.0000000000
84685  -49.416  2.390  13.576 0.0000000000
85578  -49.920  3.081  13.595 0.0000000000
86449  -48.676  3.789  13.856 0.0000000000
82910  -47.099  1.164  21.508 0.0000000000
82919  -48.202  0.977  19.230 0.0000000000
146140  -48.088  0.553  17.575 0.0000000000
82926  -49.984  1.089  18.212 0.0000000000
138203  -48.891  0.502  16.973 0.0000000000
82976  -49.136  0.548  15.553 0.0000000000
82974  -47.417  0.834  15.482 0.0000000000
87307  -44.325  5.399  18.708 0.0000000000
86409  -42.961  4.860  18.207 0.0000000000
88232  -56.902  6.476  3.888 0.0000000000
89686  -56.564  9.287  15.723 0.0000000000
136892  -56.216  9.349  13.429 0.0000000000
91313  -55.688  9.922  13.900 0.0000000000
89732  -52.725  8.240  9.998 0.0000000000
89733  -53.539  8.669  9.686 0.0000000000
88179  -53.670  6.310  7.981 0.0000000000
87405  -54.326  5.377  6.824 0.0000000000
86517  -53.267  4.079  6.841 0.0000000000
85658  -53.114  3.253  5.717 0.0000000000
86516  -52.426  3.735  7.219 0.0000000000
88965  -49.149  7.044  8.223 0.0000000000
87404  -49.668  4.815  7.229 0.0000000000
145140  -49.570  6.484  7.126 0.0000000000
88210  -50.019  6.477  5.390 0.0000000000
88978  -50.467  7.690  6.255 0.0000000000
128208  -47.372  9.856  19.426 0.0000000000
89635  -48.542  8.668  20.668 0.0000000000
91255  -48.744  10.083  20.508 0.0000000000
144799  -52.305  13.605  20.493 0.0000000000
92051  -51.610  11.452  21.908 0.0000000000
92880  -54.079  13.449  21.297 0.0000000000
92889  -54.980  12.712  20.438 0.0000000000
92898  -54.165  13.246  18.758 0.0000000000
97293  -53.814  18.590  15.899 0.0000000000
96567  -52.024  17.809  15.646 0.0000000000
96573  -53.390  17.290  14.668 0.0000000000
94469  -53.053  15.015  12.212 0.0000000000
125662  -52.134  14.747  13.656 0.0000000000
94467  -51.601  14.223  12.559 0.0000000000
93711  -49.887  13.028  14.031 0.0000000000
93720  -50.182  13.527  12.204 0.0000000000
142292  -49.081  12.617  10.427 0.0000000000
93742  -50.727  13.590  9.621 0.0000000000
124134  -53.954  12.966  5.594 0.0000000000
92974  -52.659  12.312  6.274 0.0000000000
92979  -53.944  12.105  4.951 0.0000000000
91404  -52.716  10.736  4.997 0.0000000000
92189  -53.880  11.222  3.289 0.0000000000
91424  -52.785  10.744  2.443 0.0000000000
93013  -55.004  12.321  2.226 0.0000000000
124598  -54.725  15.785  0.010 0.0000000000
93828  -54.167  14.118  -0.680 0.0000000000
95912  -50.270  16.214  6.872 0.0000000000
95927  -51.503  16.206  5.633 0.0000000000
95925  -49.485  15.756  5.582 0.0000000000
95967  -47.431  16.450  2.088 0.0000000000
95968  -48.244  16.009  1.861 0.0000000000
138151  -47.529  15.824  0.095 0.0000000000
95252  -47.144  15.170  -1.366 0.0000000000
95250  -45.561  14.748  -0.930 0.0000000000
94555  -44.154  13.867  -0.282 0.0000000000
95235  -44.468  15.141  0.227 0.0000000000
95978  -42.578  16.387  1.200 0.0000000000
95965  -43.103  15.954  1.451 0.0000000000
95951  -42.790  16.374  2.834 0.0000000000
95935  -42.136  16.350  4.345 0.0000000000
88126  -50.090  6.150  15.858 0.0000000000
88120  -51.477  6.670  16.490 0.0000000000
88110  -50.001  7.205  17.150 0.0000000000
88877  -50.436  7.486  18.022 0.0000000000
88859  -50.316  7.926  19.821 0.0000000000
100264  -51.812  22.084  17.119 0.0000000000
100274  -50.448  21.827  16.085 0.0000000000
99504  -49.743  21.504  14.663 0.0000000000
98769  -48.908  20.430  13.632 0.0000000000
98059  -48.748  19.148  12.963 0.0000000000
98779  -47.335  20.334  12.694 0.0000000000
99518  -46.412  21.635  11.563 0.0000000000
85684  -51.058  2.636  3.738 0.0000000000
92097  -41.094  11.782  16.675 0.0000000000
92098  -42.224  11.779  16.695 0.0000000000
93698  -41.287  13.388  16.492 0.0000000000
136500  -54.284  1.194  12.278 0.0000000000
83858  -52.702  1.542  12.618 0.0000000000
83006  -53.010  0.860  12.904 0.0000000000
82999  -51.081  0.803  13.741 0.0000000000
83849  -49.785  1.479  13.741 0.0000000000
127972  -45.862  0.400  19.270 0.0000000000
82938  -45.235  0.364  17.309 0.0000000000
85556  -42.112  3.567  16.670 0.0000000000
86408  -42.118  4.826  18.223 0.0000000000
86412  -40.940  4.076  17.864 0.0000000000
87302  -39.939  5.246  18.777 0.0000000000
122796  -55.729  10.048  16.552 0.0000000000
90482  -54.831  10.116  13.642 0.0000000000
122941  -52.872  9.567  13.941 0.0000000000
122760  -51.921  9.035  12.148 0.0000000000
88934  -51.009  7.004  10.032 0.0000000000
87384  -50.730  4.926  8.792 0.0000000000
88933  -49.803  6.826  10.015 0.0000000000
88949  -48.700  7.665  9.543 0.0000000000
90535  -48.814  9.064  8.716 0.0000000000
92905  -48.290  13.306  17.677 0.0000000000
92065  -49.456  11.743  19.193 0.0000000000
93678  -49.954  13.279  18.527 0.0000000000
93679  -50.690  13.822  18.832 0.0000000000
94425  -51.832  14.486  18.432 0.0000000000
96577  -56.172  17.763  13.749 0.0000000000
121716  -54.933  16.983  13.978 0.0000000000
95853  -56.330  16.872  12.164 0.0000000000
95137  -55.281  15.860  11.292 0.0000000000
95146  -53.779  15.162  10.334 0.0000000000
94492  -53.074  14.351  8.641 0.0000000000
123007  -54.611  15.052  8.096 0.0000000000
94518  -55.371  14.516  5.808 0.0000000000
94525  -56.128  14.497  4.336 0.0000000000
93793  -55.978  13.482  2.182 0.0000000000
94540  -56.525  14.877  2.661 0.0000000000
134881  -55.692  15.855  1.682 0.0000000000
95209  -53.899  16.348  1.526 0.0000000000
95908  -46.342  16.661  6.342 0.0000000000
138104  -48.131  15.871  5.385 0.0000000000
96664  -46.196  17.086  4.747 0.0000000000
96676  -46.258  17.428  3.131 0.0000000000
96696  -46.049  17.286  1.797 0.0000000000
95989  -44.918  16.145  0.576 0.0000000000
96694  -44.850  17.669  1.225 0.0000000000
96693  -43.632  17.402  0.542 0.0000000000
96703  -41.785  17.118  -0.025 0.0000000000
87343  -54.006  6.036  13.122 0.0000000000
88139  -55.295  7.418  13.233 0.0000000000
125528  -54.659  6.854  14.646 0.0000000000
88890  -55.486  7.504  15.317 0.0000000000
88886  -55.907  8.132  16.898 0.0000000000
88113  -53.075  7.183  17.356 0.0000000000
88885  -54.850  7.486  17.450 0.0000000000
90454  -56.453  9.198  17.562 0.0000000000
90453  -56.386  9.151  18.430 0.0000000000
90451  -54.175  10.014  17.894 0.0000000000
90450  -52.657  9.839  17.509 0.0000000000
98014  -50.717  19.636  20.127 0.0000000000
97277  -50.107  18.655  18.624 0.0000000000
98024  -51.832  19.880  18.904 0.0000000000
98031  -53.448  20.151  17.825 0.0000000000
98038  -54.998  19.949  16.596 0.0000000000
99492  -53.293  21.625  16.840 0.0000000000
98756  -54.413  20.858  15.792 0.0000000000
98044  -55.965  19.575  14.776 0.0000000000
98066  -55.765  19.405  12.753 0.0000000000
97340  -55.310  18.573  10.534 0.0000000000
96619  -55.195  17.934  9.059 0.0000000000
95901  -53.581  17.083  7.060 0.0000000000
96630  -52.149  17.093  8.913 0.0000000000
95884  -50.684  16.715  8.404 0.0000000000
124200  -48.848  16.662  8.875 0.0000000000
96586  -48.311  17.624  11.147 0.0000000000
96613  -47.696  17.054  10.030 0.0000000000
122643  -46.433  16.767  8.129 0.0000000000
97370  -44.663  18.026  7.867 0.0000000000
98105  -43.746  19.454  6.839 0.0000000000
99585  -43.097  21.273  4.739 0.0000000000
88096  -45.229  6.880  19.511 0.0000000000
88098  -46.955  7.543  19.762 0.0000000000
89659  -45.783  8.521  20.069 0.0000000000
90437  -45.782  9.745  19.128 0.0000000000
91276  -46.334  10.345  18.443 0.0000000000
92100  -43.763  11.859  16.748 0.0000000000
92087  -45.621  12.110  16.955 0.0000000000
92089  -47.012  12.071  17.438 0.0000000000
125936  -47.102  14.170  17.437 0.0000000000
95829  -47.469  16.157  17.944 0.0000000000
123843  -48.063  17.741  19.104 0.0000000000
97271  -44.424  18.825  18.418 0.0000000000
98021  -45.843  19.365  18.874 0.0000000000
98011  -47.559  19.279  19.594 0.0000000000
98012  -48.636  19.083  20.033 0.0000000000
98705  -50.526  20.506  21.197 0.0000000000
130877  -50.359  22.291  21.955 0.0000000000
131521  -50.390  23.457  20.809 0.0000000000
88172  -57.366  6.772  9.148 0.0000000000
87366  -55.947  5.969  9.892 0.0000000000
85596  -58.783  3.772  11.032 0.0000000000
85622  -58.345  4.009  9.536 0.0000000000
85621  -56.661  3.796  9.447 0.0000000000
87365  -55.453  5.115  10.005 0.0000000000
87354  -54.473  5.467  11.285 0.0000000000
87345  -53.456  5.169  12.532 0.0000000000
87341  -52.572  5.098  13.898 0.0000000000
86442  -51.485  4.707  14.408 0.0000000000
84688  -51.955  2.701  12.986 0.0000000000
86452  -51.230  4.001  13.967 0.0000000000
87335  -50.226  4.963  14.931 0.0000000000
88125  -49.126  6.117  15.819 0.0000000000
84608  -49.767  2.505  21.060 0.0000000000
83791  -47.791  1.033  19.982 0.0000000000
83792  -48.558  1.494  20.146 0.0000000000
141694  -50.404  2.498  20.172 0.0000000000
83805  -51.299  1.573  18.813 0.0000000000
82928  -51.827  1.025  18.057 0.0000000000
124589  -52.060  0.467  16.482 0.0000000000
121994  -50.772  0.377  15.791 0.0000000000
82988  -48.911  0.873  14.760 0.0000000000
84677  -48.076  2.176  13.992 0.0000000000
87309  -45.955  5.847  18.319 0.0000000000
88103  -44.791  6.036  19.200 0.0000000000
88853  -43.503  7.706  19.521 0.0000000000
137608  -42.393  8.670  19.088 0.0000000000
90447  -40.830  9.752  18.066 0.0000000000
88264  -56.666  6.868  0.790 0.0000000000
87454  -56.086  5.885  2.093 0.0000000000
86559  -55.218  4.853  2.692 0.0000000000
89693  -56.360  9.069  12.924 0.0000000000
91327  -56.708  10.309  11.341 0.0000000000
90501  -54.474  9.966  11.802 0.0000000000
89734  -54.365  9.178  9.440 0.0000000000
88954  -55.182  8.269  8.022 0.0000000000
87406  -55.091  5.774  6.316 0.0000000000
86547  -55.205  4.669  3.768 0.0000000000
85687  -53.939  3.772  3.178 0.0000000000
85686  -53.113  3.377  3.347 0.0000000000
85685  -52.174  2.877  3.655 0.0000000000
122288  -50.760  2.704  4.571 0.0000000000
86505  -50.880  3.971  7.771 0.0000000000
85643  -50.210  3.566  6.183 0.0000000000
86536  -49.844  3.581  5.345 0.0000000000
135420  -49.602  5.414  5.499 0.0000000000
130357  -49.868  6.288  4.572 0.0000000000
88211  -50.593  7.142  4.576 0.0000000000
138982  -47.681  7.751  20.078 0.0000000000
88836  -49.250  8.260  20.675 0.0000000000
89637  -51.130  8.482  21.169 0.0000000000
143875  -50.221  11.000  20.886 0.0000000000
91248  -50.958  9.946  21.804 0.0000000000
90398  -53.112  9.411  22.095 0.0000000000
91257  -55.354  10.422  21.445 0.0000000000
92081  -54.851  11.352  19.032 0.0000000000
91296  -51.422  10.609  17.272 0.0000000000
96564  -50.354  17.385  16.562 0.0000000000
95841  -50.741  16.630  16.076 0.0000000000
141948  -52.133  14.710  17.072 0.0000000000
95127  -53.217  16.043  13.832 0.0000000000
94456  -51.772  14.873  15.520 0.0000000000
93689  -52.717  13.732  17.412 0.0000000000
93704  -51.641  13.184  16.339 0.0000000000
92925  -50.282  12.269  15.552 0.0000000000
92107  -49.332  11.109  14.746 0.0000000000
92113  -48.296  11.110  12.051 0.0000000000
91370  -49.760  10.360  7.746 0.0000000000
93756  -51.922  13.408  7.668 0.0000000000
138628  -51.313  11.838  7.002 0.0000000000
90561  -50.604  9.509  6.808 0.0000000000
89778  -51.447  8.817  5.484 0.0000000000
89790  -52.076  8.895  4.458 0.0000000000
93038  -54.685  12.916  0.722 0.0000000000
128220  -52.885  16.556  5.290 0.0000000000
95956  -52.916  16.257  3.515 0.0000000000
124158  -52.231  15.933  1.632 0.0000000000
95190  -49.621  15.610  4.116 0.0000000000
122248  -49.833  15.502  1.893 0.0000000000
95222  -50.681  15.633  0.555 0.0000000000
95266  -49.096  15.375  -1.832 0.0000000000
94574  -46.949  14.098  -2.122 0.0000000000
133746  -45.357  12.065  -0.669 0.0000000000
95218  -44.024  15.260  0.899 0.0000000000
94539  -43.514  14.626  2.073 0.0000000000
99631  -43.006  21.578  1.849 0.0000000000
98854  -42.699  20.026  0.516 0.0000000000
98142  -42.705  19.094  -0.053 0.0000000000
96708  -41.196  17.685  -0.392 0.0000000000
96702  -40.734  17.343  0.168 0.0000000000
88107  -46.722  6.483  17.951 0.0000000000
88108  -47.547  7.091  18.018 0.0000000000
88105  -47.010  7.059  18.924 0.0000000000
82964  -54.433  1.020  16.205 0.0000000000
82982  -55.017  1.125  15.697 0.0000000000
82981  -54.236  0.763  15.438 0.0000000000
82980  -53.484  0.470  15.209 0.0000000000
82962  -52.852  0.432  15.834 0.0000000000
137350  -40.691  1.884  16.284 0.0000000000
88151  -56.232  7.576  11.337 0.0000000000
88905  -55.989  7.883  12.015 0.0000000000
90463  -50.580  9.756  15.577 0.0000000000
90471  -50.619  9.619  14.697 0.0000000000
143895  -50.223  9.600  14.066 0.0000000000
134713  -49.295  10.117  13.785 0.0000000000
96545  -48.731  17.246  18.494 0.0000000000
95831  -48.846  16.527  17.751 0.0000000000
96634  -57.566  17.808  8.081 0.0000000000
124509  -58.138  17.235  8.294 0.0000000000
96635  -58.057  17.328  7.307 0.0000000000
96647  -57.708  16.810  6.769 0.0000000000
96646  -56.875  17.260  6.864 0.0000000000
145984  -56.269  17.193  5.614 0.0000000000
96657  -55.921  17.402  6.135 0.0000000000
98117  -43.477  19.726  4.272 0.0000000000
98123  -44.019  19.110  3.850 0.0000000000
98122  -43.592  19.572  3.304 0.0000000000
98128  -43.461  19.295  2.332 0.0000000000
98836  -43.082  19.940  2.800 0.0000000000
88128  -51.888  6.232  15.863 0.0000000000
88861  -52.669  8.007  19.641 0.0000000000
89662  -53.448  8.073  20.325 0.0000000000
89663  -54.644  8.108  20.093 0.0000000000
100222  -52.229  22.963  19.425 0.0000000000
100223  -52.867  22.798  19.854 0.0000000000
100234  -52.256  22.713  18.634 0.0000000000
133495  -51.137  19.745  13.213 0.0000000000
145709  -52.016  20.115  13.258 0.0000000000
98062  -51.972  19.583  12.749 0.0000000000
97312  -52.212  19.032  12.185 0.0000000000
97311  -51.168  18.888  12.517 0.0000000000
97321  -50.638  18.187  11.897 0.0000000000
97310  -50.112  18.569  12.538 0.0000000000
99527  -46.323  21.688  9.444 0.0000000000
98791  -45.712  20.810  9.890 0.0000000000
98800  -45.881  21.401  9.259 0.0000000000
98799  -45.259  20.772  8.866 0.0000000000
99535  -46.121  21.745  8.594 0.0000000000
85698  -49.835  3.103  2.318 0.0000000000
85682  -49.497  3.174  3.185 0.0000000000
90449  -42.687  9.947  17.979 0.0000000000
90434  -43.210  9.528  18.577 0.0000000000
129588  -43.026  10.506  17.475 0.0000000000
95838  -43.557  16.401  16.696 0.0000000000
95119  -44.148  15.841  16.629 0.0000000000
95839  -44.233  16.484  16.859 0.0000000000
95826  -44.615  16.906  17.184 0.0000000000
96555  -44.287  17.651  17.394 0.0000000000
99436  -46.547  21.949  21.167 0.0000000000
99423  -47.344  22.230  21.540 0.0000000000
87376  -59.870  5.052  8.696 0.0000000000
87388  -59.293  5.858  8.221 0.0000000000
87375  -59.382  4.994  8.798 0.0000000000
84706  -54.544  2.371  10.953 0.0000000000
85594  -53.253  3.357  11.719 0.0000000000
84705  -53.661  2.456  11.568 0.0000000000
85577  -49.042  3.147  13.600 0.0000000000
85576  -48.357  3.257  13.665 0.0000000000
136663  -48.270  4.361  14.200 0.0000000000
86448  -47.902  3.744  13.840 0.0000000000
82909  -46.355  0.729  21.203 0.0000000000
82940  -47.529  0.490  17.302 0.0000000000
141816  -48.239  0.478  17.016 0.0000000000
82957  -47.673  0.543  16.284 0.0000000000
123245  -46.764  0.643  15.995 0.0000000000
86415  -43.281  4.578  17.555 0.0000000000
87311  -43.810  4.934  18.158 0.0000000000
88980  -55.892  7.357  6.697 0.0000000000
90467  -56.536  9.567  15.099 0.0000000000
90474  -56.163  9.804  14.817 0.0000000000
88951  -52.632  6.828  9.167 0.0000000000
140350  -52.989  6.317  8.639 0.0000000000
87397  -53.622  5.378  7.559 0.0000000000
121801  -52.898  4.531  7.647 0.0000000000
86498  -52.191  4.642  8.273 0.0000000000
89759  -49.485  7.983  7.744 0.0000000000
88189  -49.352  6.369  7.780 0.0000000000
88966  -49.724  7.180  7.208 0.0000000000
88199  -49.904  6.673  6.353 0.0000000000
89767  -50.221  8.217  6.962 0.0000000000
91277  -47.288  10.400  18.695 0.0000000000
133141  -47.806  10.241  19.299 0.0000000000
91262  -48.384  10.520  19.642 0.0000000000
133948  -52.680  14.029  19.939 0.0000000000
93661  -53.132  13.748  20.802 0.0000000000
93669  -53.420  14.148  19.850 0.0000000000
93663  -54.509  13.504  20.353 0.0000000000
93680  -53.757  13.837  18.678 0.0000000000
97294  -54.976  18.754  15.897 0.0000000000
94480  -52.392  14.516  10.969 0.0000000000
94468  -52.300  14.609  12.371 0.0000000000
94471  -51.835  14.266  11.632 0.0000000000
93721  -50.995  13.884  11.934 0.0000000000
93725  -51.145  13.866  11.055 0.0000000000
93735  -50.516  13.629  10.435 0.0000000000
93736  -51.313  13.886  10.225 0.0000000000
92980  -54.589  12.765  4.747 0.0000000000
92988  -54.415  12.073  4.311 0.0000000000
92178  -53.884  11.408  4.215 0.0000000000
92190  -54.517  11.802  3.609 0.0000000000
92201  -54.483  11.714  2.744 0.0000000000
92999  -55.069  12.291  3.078 0.0000000000
95243  -53.858  15.684  -0.372 0.0000000000
95257  -53.639  15.112  -0.791 0.0000000000
123074  -52.853  15.561  -0.821 0.0000000000
95256  -51.796  15.682  -0.875 0.0000000000
95897  -49.372  16.205  7.178 0.0000000000
95926  -50.403  15.922  5.865 0.0000000000
95911  -49.505  15.945  6.340 0.0000000000
127802  -46.910  16.442  1.331 0.0000000000
95219  -47.538  16.141  1.101 0.0000000000
95991  -46.698  16.055  0.454 0.0000000000
95238  -46.878  15.586  -0.571 0.0000000000
95237  -46.098  15.530  -0.338 0.0000000000
95236  -45.274  15.411  -0.124 0.0000000000
96682  -41.904  16.825  1.400 0.0000000000
95964  -42.638  16.456  1.854 0.0000000000
88119  -50.534  6.699  16.452 0.0000000000
88109  -49.012  7.188  17.146 0.0000000000
88876  -49.427  7.477  18.011 0.0000000000
88868  -49.853  7.614  18.979 0.0000000000
88869  -50.897  7.768  18.919 0.0000000000
100262  -49.857  22.186  16.588 0.0000000000
100261  -49.031  22.502  16.322 0.0000000000
100276  -47.651  22.756  14.464 0.0000000000
100278  -49.254  21.964  15.125 0.0000000000
99503  -48.861  21.695  14.451 0.0000000000
99513  -49.322  21.069  14.060 0.0000000000
99512  -48.350  21.151  13.789 0.0000000000
136658  -48.268  20.480  13.411 0.0000000000
99511  -47.444  21.542  13.474 0.0000000000
101077  -46.561  23.314  11.721 0.0000000000
100284  -46.473  22.453  11.543 0.0000000000
100286  -46.431  21.879  10.630 0.0000000000
86569  -52.243  3.882  1.426 0.0000000000
122658  -51.885  3.393  2.044 0.0000000000
122385  -51.498  2.934  2.872 0.0000000000
132179  -40.787  12.686  16.521 0.0000000000
133268  -41.679  12.569  16.559 0.0000000000
93697  -40.373  13.527  16.443 0.0000000000
83853  -54.803  0.820  13.691 0.0000000000
83002  -54.171  0.745  13.137 0.0000000000
83007  -53.661  0.867  12.811 0.0000000000
83001  -53.364  0.553  13.454 0.0000000000
122195  -51.905  0.364  14.517 0.0000000000
122979  -51.851  0.612  13.727 0.0000000000
82998  -50.398  0.847  13.948 0.0000000000
84665  -42.598  2.273  15.590 0.0000000000
142907  -42.101  2.854  16.006 0.0000000000
130583  -42.793  3.490  16.115 0.0000000000
85550  -42.142  4.030  17.260 0.0000000000
85549  -41.497  3.724  17.276 0.0000000000
86406  -40.422  4.605  18.344 0.0000000000
90466  -54.260  9.758  16.392 0.0000000000
128679  -54.082  9.802  14.557 0.0000000000
122894  -53.736  9.672  15.508 0.0000000000
90499  -50.936  8.937  12.160 0.0000000000
90489  -51.388  9.213  12.774 0.0000000000
89702  -51.481  8.706  11.565 0.0000000000
88919  -51.727  7.925  10.441 0.0000000000
89718  -51.015  8.236  11.001 0.0000000000
88918  -50.457  7.549  10.542 0.0000000000
89717  -49.914  8.102  10.961 0.0000000000
145516  -48.635  9.125  10.861 0.0000000000
89715  -48.726  8.523  10.558 0.0000000000
90523  -48.530  9.066  10.303 0.0000000000
89744  -48.613  8.367  9.300 0.0000000000
90534  -48.528  9.086  9.563 0.0000000000
93687  -47.940  14.201  17.556 0.0000000000
93677  -49.126  13.183  18.025 0.0000000000
93688  -48.787  13.971  17.804 0.0000000000
94435  -50.094  14.967  17.645 0.0000000000
94423  -50.106  14.130  18.203 0.0000000000
94424  -50.958  14.456  18.278 0.0000000000
94413  -51.484  14.119  19.085 0.0000000000
95099  -51.181  15.034  17.536 0.0000000000
96583  -56.486  17.506  12.186 0.0000000000
96581  -56.269  17.426  13.056 0.0000000000
124665  -56.622  16.950  11.515 0.0000000000
95156  -56.776  16.007  9.288 0.0000000000
95148  -56.306  16.003  10.348 0.0000000000
95147  -54.890  15.496  10.381 0.0000000000
94488  -54.353  15.219  9.573 0.0000000000
94493  -53.935  14.905  8.742 0.0000000000
94494  -54.965  15.253  8.860 0.0000000000
95176  -56.654  15.883  5.813 0.0000000000
94511  -55.583  15.039  6.580 0.0000000000
94519  -56.339  15.047  5.177 0.0000000000
93775  -55.630  14.241  4.991 0.0000000000
94526  -56.518  15.197  4.459 0.0000000000
128659  -56.488  14.864  3.612 0.0000000000
95193  -56.578  15.662  4.159 0.0000000000
130651  -55.653  16.688  3.929 0.0000000000
144760  -56.108  16.060  2.856 0.0000000000
95958  -55.042  16.421  3.323 0.0000000000
95210  -54.986  16.212  1.575 0.0000000000
95970  -54.442  16.361  2.484 0.0000000000
96654  -45.534  17.100  6.149 0.0000000000
145407  -46.562  16.591  5.755 0.0000000000
96663  -45.529  17.376  5.250 0.0000000000
96675  -45.782  17.775  3.446 0.0000000000
96684  -46.440  17.199  2.532 0.0000000000
96683  -45.850  17.754  2.515 0.0000000000
96695  -45.442  17.766  1.751 0.0000000000
97414  -44.872  18.248  1.731 0.0000000000
97413  -43.600  18.196  0.818 0.0000000000
130526  -44.264  18.034  1.138 0.0000000000
96692  -42.497  16.714  0.540 0.0000000000
96704  -42.985  17.573  -0.092 0.0000000000
88137  -53.892  6.230  14.061 0.0000000000
88138  -54.674  6.774  13.669 0.0000000000
129458  -53.547  6.580  15.792 0.0000000000
88134  -54.501  6.956  15.585 0.0000000000
88887  -55.334  7.486  16.243 0.0000000000
88111  -50.995  7.116  17.195 0.0000000000
88121  -52.404  6.702  16.530 0.0000000000
88112  -51.981  7.080  17.245 0.0000000000
88872  -54.108  7.684  18.765 0.0000000000
88881  -54.272  7.541  17.990 0.0000000000
88882  -55.478  7.761  18.232 0.0000000000
88883  -55.740  7.890  17.603 0.0000000000
89681  -56.254  8.340  18.143 0.0000000000
90460  -56.091  9.834  17.484 0.0000000000
90418  -55.796  9.503  19.962 0.0000000000
90440  -56.089  9.555  19.039 0.0000000000
90439  -55.126  10.365  18.477 0.0000000000
91280  -53.403  10.341  18.216 0.0000000000
97994  -51.387  20.028  20.626 0.0000000000
98015  -51.588  19.929  19.883 0.0000000000
98725  -52.208  20.324  20.376 0.0000000000
99462  -53.720  21.340  18.714 0.0000000000
98026  -53.785  20.637  18.283 0.0000000000
146282  -54.273  20.536  17.469 0.0000000000
98037  -54.617  20.046  17.051 0.0000000000
98753  -54.667  20.371  16.749 0.0000000000
99490  -51.427  21.776  16.313 0.0000000000
99491  -52.412  21.752  16.566 0.0000000000
146424  -53.708  20.713  14.144 0.0000000000
98764  -54.137  20.842  14.900 0.0000000000
98774  -54.617  20.391  14.188 0.0000000000
98765  -54.957  20.413  15.232 0.0000000000
128863  -55.397  19.861  13.613 0.0000000000
98054  -56.088  19.408  13.451 0.0000000000
98065  -54.853  19.705  12.804 0.0000000000
97324  -53.599  18.828  11.300 0.0000000000
97325  -54.688  18.936  11.214 0.0000000000
97339  -54.059  18.486  10.617 0.0000000000
97351  -54.596  18.169  9.887 0.0000000000
96618  -53.814  17.733  9.278 0.0000000000
96631  -53.076  17.387  8.684 0.0000000000
96617  -52.731  17.541  9.470 0.0000000000
96602  -50.593  17.401  10.553 0.0000000000
96615  -50.956  17.131  9.830 0.0000000000
95871  -50.390  16.868  9.220 0.0000000000
135830  -49.776  16.658  8.616 0.0000000000
95870  -49.521  16.862  9.433 0.0000000000
97307  -47.386  18.931  12.068 0.0000000000
97319  -48.738  18.028  11.897 0.0000000000
97318  -47.112  18.494  11.437 0.0000000000
97350  -45.732  18.275  10.031 0.0000000000
141888  -46.343  17.879  10.313 0.0000000000
96612  -46.273  17.466  9.625 0.0000000000
95880  -46.752  16.834  8.963 0.0000000000
96629  -45.876  17.278  8.755 0.0000000000
136400  -45.523  17.192  7.803 0.0000000000
96628  -45.200  17.771  8.544 0.0000000000
98811  -43.950  20.484  7.108 0.0000000000
98810  -43.618  20.770  6.222 0.0000000000
98818  -43.326  20.664  5.489 0.0000000000
99557  -43.560  21.317  5.672 0.0000000000
86545  -48.992  4.476  3.733 0.0000000000
88221  -49.308  5.761  3.988 0.0000000000
88854  -44.824  7.612  19.738 0.0000000000
88855  -45.517  7.732  19.887 0.0000000000
89658  -44.872  8.449  19.898 0.0000000000
91274  -44.470  10.197  18.223 0.0000000000
90436  -44.861  9.727  19.013 0.0000000000
91275  -45.365  10.284  18.354 0.0000000000
91295  -45.819  11.010  17.723 0.0000000000
134201  -42.949  12.875  16.518 0.0000000000
131798  -42.984  12.173  16.617 0.0000000000
92916  -43.490  12.544  16.580 0.0000000000
145595  -44.982  13.788  16.637 0.0000000000
92918  -45.066  12.940  16.699 0.0000000000
141329  -45.870  12.874  16.793 0.0000000000
92903  -46.377  12.465  17.073 0.0000000000
92919  -46.405  13.255  17.002 0.0000000000
145656  -46.872  13.571  17.303 0.0000000000
93703  -46.438  14.012  17.168 0.0000000000
95828  -46.224  16.633  17.699 0.0000000000
137360  -46.834  16.184  17.804 0.0000000000
96558  -47.089  16.798  18.048 0.0000000000
95816  -47.810  16.770  18.315 0.0000000000
96543  -47.449  17.481  18.598 0.0000000000
97990  -43.687  20.142  20.680 0.0000000000
97256  -43.168  18.956  19.736 0.0000000000
98019  -43.962  19.157  19.436 0.0000000000
98020  -44.911  19.373  19.076 0.0000000000
98723  -46.989  20.332  20.181 0.0000000000
98010  -46.436  19.800  19.496 0.0000000000
97991  -49.031  19.976  20.555 0.0000000000
97992  -49.934  19.942  20.676 0.0000000000
133011  -49.008  22.829  22.184 0.0000000000
99425  -49.458  22.123  22.012 0.0000000000
100207  -49.870  22.925  22.014 0.0000000000
100215  -50.590  23.161  21.414 0.0000000000
101012  -49.720  23.495  21.386 0.0000000000
135774  -59.438  7.281  7.690 0.0000000000
87374  -57.765  6.007  8.704 0.0000000000
88181  -58.216  6.841  8.619 0.0000000000
88171  -56.635  6.770  9.858 0.0000000000
84709  -58.078  3.117  11.202 0.0000000000
85610  -57.995  3.372  10.247 0.0000000000
136820  -57.438  3.593  9.550 0.0000000000
130963  -57.474  4.199  9.087 0.0000000000
86476  -55.121  4.210  10.170 0.0000000000
87364  -54.834  5.050  10.567 0.0000000000
87346  -54.177  5.806  12.180 0.0000000000
87353  -53.812  4.965  11.671 0.0000000000
86454  -52.834  4.790  13.111 0.0000000000
144675  -52.452  4.574  13.488 0.0000000000
86443  -52.047  5.014  14.325 0.0000000000
86453  -52.011  4.392  13.827 0.0000000000
83857  -51.907  1.827  12.960 0.0000000000
84694  -52.526  2.464  12.540 0.0000000000
84687  -51.366  2.517  13.258 0.0000000000
86451  -50.363  3.814  13.998 0.0000000000
86441  -50.721  4.481  14.469 0.0000000000
87325  -49.683  5.503  15.357 0.0000000000
87334  -49.369  4.914  14.804 0.0000000000
83815  -52.711  1.084  17.933 0.0000000000
83770  -48.375  1.702  21.834 0.0000000000
122562  -49.103  2.014  21.383 0.0000000000
83771  -49.599  2.401  21.822 0.0000000000
82918  -46.575  0.485  19.565 0.0000000000
127348  -47.304  0.631  19.183 0.0000000000
83802  -48.922  1.374  19.177 0.0000000000
83793  -49.406  1.811  19.888 0.0000000000
83794  -50.067  1.996  19.700 0.0000000000
83795  -50.800  2.119  19.609 0.0000000000
83804  -50.406  1.573  18.902 0.0000000000
136237  -50.311  0.737  17.511 0.0000000000
82927  -50.884  0.970  18.029 0.0000000000
82942  -50.843  0.603  17.232 0.0000000000
82943  -51.515  0.659  17.302 0.0000000000
82961  -51.166  0.444  16.566 0.0000000000
142652  -51.466  0.357  15.873 0.0000000000
82975  -48.280  0.703  15.518 0.0000000000
82987  -47.992  1.070  14.908 0.0000000000
83842  -48.428  1.456  14.304 0.0000000000
83841  -47.654  1.667  14.486 0.0000000000
87316  -44.812  5.103  17.030 0.0000000000
87317  -45.626  5.396  16.729 0.0000000000
87313  -45.447  5.372  17.768 0.0000000000
87314  -46.180  5.792  17.398 0.0000000000
87308  -45.182  5.535  18.593 0.0000000000
88101  -42.854  6.094  19.022 0.0000000000
88102  -43.831  6.081  19.113 0.0000000000
87304  -41.625  5.385  18.559 0.0000000000
88099  -41.091  6.003  18.777 0.0000000000
89675  -40.906  8.790  18.853 0.0000000000
146033  -40.854  9.303  18.501 0.0000000000
91290  -40.344  10.301  17.479 0.0000000000
88253  -57.419  7.348  1.251 0.0000000000
88252  -56.886  6.684  1.988 0.0000000000
87434  -56.426  5.890  3.543 0.0000000000
87444  -56.344  5.928  2.735 0.0000000000
134072  -55.840  5.332  3.225 0.0000000000
87453  -55.407  5.369  1.821 0.0000000000
145846  -55.829  8.106  13.576 0.0000000000
88895  -56.218  8.686  13.336 0.0000000000
91318  -56.060  9.641  12.874 0.0000000000
146850  -54.034  9.839  13.034 0.0000000000
90492  -54.684  10.095  12.661 0.0000000000
88937  -53.895  8.285  8.946 0.0000000000
89720  -54.015  9.469  10.234 0.0000000000
88953  -54.361  7.854  8.293 0.0000000000
89746  -54.786  8.737  8.716 0.0000000000
88967  -54.785  7.449  7.697 0.0000000000
88191  -55.104  7.030  7.073 0.0000000000
88200  -54.757  6.238  6.918 0.0000000000
86518  -54.082  4.475  6.306 0.0000000000
86526  -54.724  4.652  5.493 0.0000000000
129289  -54.661  4.276  4.645 0.0000000000
86546  -54.645  4.254  3.055 0.0000000000
86538  -54.404  3.983  3.844 0.0000000000
85671  -53.655  3.532  3.948 0.0000000000
140410  -52.558  2.885  5.272 0.0000000000
85669  -52.390  2.816  4.553 0.0000000000
124491  -51.609  2.691  5.215 0.0000000000
85668  -51.597  2.635  4.354 0.0000000000
88176  -50.086  5.481  9.077 0.0000000000
86496  -50.558  4.538  8.287 0.0000000000
87383  -50.015  4.962  8.521 0.0000000000
86515  -50.170  4.025  7.130 0.0000000000
86524  -49.596  4.357  5.525 0.0000000000
88991  -50.604  7.323  5.387 0.0000000000
88992  -51.219  7.740  4.645 0.0000000000
88834  -47.121  8.041  20.189 0.0000000000
90405  -48.816  9.365  20.894 0.0000000000
89636  -49.344  8.984  21.029 0.0000000000
137792  -50.166  8.579  21.048 0.0000000000
92066  -50.171  11.638  20.186 0.0000000000
122592  -52.435  11.365  22.319 0.0000000000
91249  -51.699  10.558  22.143 0.0000000000
91250  -52.661  10.371  22.349 0.0000000000
138543  -51.894  9.522  22.006 0.0000000000
90399  -54.095  9.295  21.969 0.0000000000
91252  -54.820  10.622  22.121 0.0000000000
127644  -54.434  12.215  18.914 0.0000000000
92067  -55.171  12.073  19.659 0.0000000000
92080  -53.610  11.285  18.660 0.0000000000
91279  -52.682  10.778  18.276 0.0000000000
92090  -51.859  11.003  17.752 0.0000000000
98029  -51.040  19.318  18.201 0.0000000000
97283  -50.451  18.545  17.557 0.0000000000
97286  -50.809  18.232  16.728 0.0000000000
133792  -52.128  17.253  15.160 0.0000000000
95843  -51.422  16.941  15.467 0.0000000000
95124  -51.370  15.839  15.805 0.0000000000
95110  -51.661  15.126  16.895 0.0000000000
125105  -51.774  15.036  16.177 0.0000000000
95849  -55.306  16.689  13.295 0.0000000000
95848  -54.201  16.346  13.538 0.0000000000
95130  -53.605  15.784  13.324 0.0000000000
94459  -51.705  14.407  14.202 0.0000000000
94460  -52.056  15.013  14.460 0.0000000000
94455  -51.658  14.444  15.026 0.0000000000
93709  -51.853  14.298  15.833 0.0000000000
93705  -52.046  13.808  16.464 0.0000000000
93708  -51.447  13.641  15.507 0.0000000000
92929  -50.065  12.666  14.869 0.0000000000
92928  -49.536  12.364  14.424 0.0000000000
92924  -49.630  11.804  15.060 0.0000000000
92110  -49.123  11.756  14.191 0.0000000000
92112  -48.466  11.280  12.998 0.0000000000
92934  -48.464  11.842  12.526 0.0000000000
92955  -49.510  12.745  9.752 0.0000000000
92954  -48.872  12.106  9.962 0.0000000000
92132  -49.278  11.647  8.799 0.0000000000
92138  -49.462  11.038  8.220 0.0000000000
94499  -52.778  13.886  7.820 0.0000000000
93751  -52.229  13.910  8.528 0.0000000000
93757  -52.585  13.428  7.211 0.0000000000
92151  -52.228  11.618  6.172 0.0000000000
92973  -51.916  12.078  6.682 0.0000000000
92150  -51.576  11.221  6.410 0.0000000000
92149  -50.815  11.220  6.990 0.0000000000
91389  -51.052  10.378  6.536 0.0000000000
90562  -51.275  9.530  6.061 0.0000000000
91390  -51.653  10.330  5.866 0.0000000000
91414  -52.829  10.235  4.154 0.0000000000
90571  -52.376  9.819  4.663 0.0000000000
90579  -52.503  9.385  3.856 0.0000000000
89789  -51.676  8.204  4.078 0.0000000000
90586  -52.381  9.217  3.135 0.0000000000
93797  -56.010  13.555  1.309 0.0000000000
93026  -55.410  13.178  0.913 0.0000000000
93805  -55.834  13.775  0.453 0.0000000000
93812  -53.037  13.408  -0.672 0.0000000000
93813  -53.922  13.561  -0.403 0.0000000000
95900  -52.629  16.831  7.402 0.0000000000
95915  -53.720  16.931  6.275 0.0000000000
95914  -52.700  16.700  6.543 0.0000000000
95941  -51.711  16.045  4.721 0.0000000000
95955  -51.990  15.924  3.818 0.0000000000
129018  -52.297  15.949  2.709 0.0000000000
95200  -51.252  15.679  3.202 0.0000000000
121882  -47.828  15.979  4.736 0.0000000000
138411  -48.803  15.702  4.812 0.0000000000
95939  -48.108  15.893  4.143 0.0000000000
143602  -49.057  15.652  0.978 0.0000000000
95207  -49.515  15.550  2.421 0.0000000000
95221  -49.728  15.570  1.007 0.0000000000
124267  -50.571  15.549  1.597 0.0000000000
95240  -49.900  15.605  -0.150 0.0000000000
95255  -50.056  15.565  -1.356 0.0000000000
95254  -49.076  15.679  -0.862 0.0000000000
95263  -46.656  14.522  -1.775 0.0000000000
94573  -46.305  13.920  -1.794 0.0000000000
93811  -45.793  12.884  -1.515 0.0000000000
93045  -45.068  12.517  -1.190 0.0000000000
93044  -44.576  12.544  -0.928 0.0000000000
94554  -43.899  13.775  0.391 0.0000000000
93803  -43.947  13.090  -0.023 0.0000000000
93796  -43.679  13.248  0.965 0.0000000000
135332  -43.491  13.709  1.821 0.0000000000
95980  -44.381  16.758  0.775 0.0000000000
132702  -44.297  15.897  0.740 0.0000000000
125539  -43.675  15.891  0.826 0.0000000000
95205  -43.227  15.564  2.300 0.0000000000
94532  -43.308  14.730  2.787 0.0000000000
98869  -42.910  19.558  -0.465 0.0000000000
98147  -42.385  18.699  -0.955 0.0000000000
97427  -41.615  18.197  -0.991 0.0000000000
122249  -48.074  7.034  17.205 0.0000000000
100272  -48.745  22.434  15.570 0.0000000000
100280  -46.626  22.917  12.948 0.0000000000
101075  -46.525  23.657  12.520 0.0000000000
101850  -46.731  24.184  12.023 0.0000000000
101078  -46.983  23.746  11.172 0.0000000000
85713  -52.771  3.763  1.983 0.0000000000
93696  -39.461  13.459  16.428 0.0000000000
143286  -40.371  14.132  16.435 0.0000000000
82994  -54.743  0.812  14.672 0.0000000000
82992  -53.378  0.406  14.330 0.0000000000
82979  -52.714  0.315  14.856 0.0000000000
82978  -51.264  0.322  15.102 0.0000000000
84657  -40.619  2.617  16.691 0.0000000000
88921  -57.549  8.390  10.377 0.0000000000
89722  -57.224  8.808  11.288 0.0000000000
89695  -56.804  9.101  11.990 0.0000000000
90472  -52.750  9.542  14.970 0.0000000000
90478  -50.845  9.414  13.636 0.0000000000
90488  -50.389  9.287  12.775 0.0000000000
89700  -49.474  8.660  11.394 0.0000000000
90487  -49.491  9.505  12.597 0.0000000000
90496  -48.633  9.625  11.473 0.0000000000
136959  -48.471  15.511  17.590 0.0000000000
94433  -48.506  14.804  17.591 0.0000000000
133800  -48.764  15.874  17.516 0.0000000000
121513  -49.388  15.799  17.275 0.0000000000
95832  -49.506  16.527  17.225 0.0000000000
97327  -56.809  17.824  10.661 0.0000000000
95864  -57.020  16.820  10.657 0.0000000000
130714  -57.927  17.078  9.371 0.0000000000
95166  -58.073  16.326  8.678 0.0000000000
95165  -56.897  15.901  8.374 0.0000000000
95164  -55.731  15.398  8.148 0.0000000000
140127  -57.763  16.147  7.031 0.0000000000
95177  -57.203  16.434  6.672 0.0000000000
124101  -56.705  16.355  5.566 0.0000000000
95931  -56.519  16.309  4.655 0.0000000000
121837  -56.355  16.892  5.131 0.0000000000
95944  -55.681  16.925  4.614 0.0000000000
122922  -54.692  16.848  5.071 0.0000000000
97385  -44.193  18.490  5.379 0.0000000000
97392  -44.898  17.926  4.847 0.0000000000
97391  -44.458  18.571  4.359 0.0000000000
97398  -44.718  18.658  3.383 0.0000000000
97406  -44.838  18.592  2.458 0.0000000000
98135  -43.245  18.928  1.318 0.0000000000
87338  -52.456  5.464  14.675 0.0000000000
87329  -52.956  5.985  15.193 0.0000000000
129602  -53.296  6.830  16.530 0.0000000000
88879  -52.464  7.427  18.062 0.0000000000
88871  -53.048  7.735  18.813 0.0000000000
89679  -55.031  7.854  19.339 0.0000000000
89680  -56.031  8.095  18.949 0.0000000000
99439  -52.824  21.684  21.011 0.0000000000
98726  -52.968  20.718  19.890 0.0000000000
99448  -53.245  22.068  20.198 0.0000000000
100224  -53.381  22.109  19.285 0.0000000000
99477  -53.855  21.333  17.835 0.0000000000
99506  -51.599  21.366  14.973 0.0000000000
99507  -52.593  21.294  15.191 0.0000000000
98762  -52.147  21.008  14.420 0.0000000000
98773  -52.727  20.553  13.783 0.0000000000
142993  -53.687  20.269  13.393 0.0000000000
98052  -54.095  19.915  12.869 0.0000000000
98063  -52.695  19.563  12.499 0.0000000000
97323  -52.603  18.623  11.507 0.0000000000
97338  -52.991  18.237  10.804 0.0000000000
96604  -52.385  17.747  10.236 0.0000000000
97337  -52.033  18.002  11.006 0.0000000000
96589  -51.083  17.872  11.132 0.0000000000
96601  -49.726  17.274  10.663 0.0000000000
97317  -46.459  18.719  11.127 0.0000000000
98087  -45.588  19.977  10.354 0.0000000000
97334  -45.544  19.160  10.311 0.0000000000
97349  -45.169  18.892  9.693 0.0000000000
97360  -44.807  18.599  8.876 0.0000000000
98092  -44.562  19.827  8.580 0.0000000000
98798  -44.643  20.567  8.087 0.0000000000
99541  -44.858  21.277  7.546 0.0000000000
86556  -48.911  3.944  3.180 0.0000000000
89657  -43.688  8.574  19.484 0.0000000000
90412  -43.648  9.200  19.135 0.0000000000
90435  -44.009  9.681  18.793 0.0000000000
125420  -44.074  10.637  17.577 0.0000000000
139104  -42.929  15.083  16.426 0.0000000000
94448  -43.534  14.125  16.473 0.0000000000
133616  -43.890  15.060  16.473 0.0000000000
135251  -44.741  15.188  16.710 0.0000000000
94450  -45.264  14.458  16.781 0.0000000000
94430  -45.628  15.265  17.187 0.0000000000
95827  -45.348  16.742  17.420 0.0000000000
96556  -45.672  17.423  17.690 0.0000000000
98721  -45.077  20.546  20.498 0.0000000000
98009  -45.446  19.949  19.693 0.0000000000
140870  -45.633  21.062  20.679 0.0000000000
141222  -46.457  21.186  20.823 0.0000000000
98702  -47.466  20.993  20.806 0.0000000000
98703  -48.426  20.878  20.982 0.0000000000
99437  -47.841  21.630  21.471 0.0000000000
99424  -48.301  22.375  21.984 0.0000000000
88183  -59.358  6.614  7.851 0.0000000000
136362  -57.527  5.086  8.789 0.0000000000
84708  -56.491  2.134  11.193 0.0000000000
84719  -56.152  2.515  10.370 0.0000000000
84718  -55.299  2.632  10.417 0.0000000000
85607  -54.744  3.315  10.446 0.0000000000
86465  -53.551  4.145  11.527 0.0000000000
85585  -52.712  3.328  12.364 0.0000000000
84686  -50.444  2.218  13.420 0.0000000000
86450  -49.487  3.771  13.918 0.0000000000
86439  -49.056  4.351  14.289 0.0000000000
140612  -48.658  4.808  14.628 0.0000000000
135239  -46.197  0.437  17.724 0.0000000000
123792  -47.037  0.465  18.087 0.0000000000
82924  -47.918  0.644  18.238 0.0000000000
141423  -48.585  0.905  18.548 0.0000000000
82925  -49.226  1.018  18.354 0.0000000000
82941  -48.644  0.647  17.729 0.0000000000
138760  -49.544  0.678  17.405 0.0000000000
82959  -49.410  0.501  16.424 0.0000000000
82958  -48.598  0.502  16.270 0.0000000000
86422  -44.267  4.529  16.377 0.0000000000
87306  -43.411  5.393  18.671 0.0000000000
88242  -56.977  6.536  3.058 0.0000000000
88222  -56.725  6.427  4.630 0.0000000000
87414  -56.076  5.754  4.960 0.0000000000
88891  -56.187  8.440  15.067 0.0000000000
89692  -56.406  9.098  13.893 0.0000000000
89689  -56.547  9.173  14.762 0.0000000000
90483  -56.012  9.640  13.840 0.0000000000
91317  -55.809  9.843  13.232 0.0000000000
89719  -52.600  8.625  10.688 0.0000000000
90512  -53.362  9.239  10.874 0.0000000000
88936  -53.090  7.780  9.342 0.0000000000
88952  -53.533  7.223  8.597 0.0000000000
144889  -54.164  5.998  7.351 0.0000000000
86525  -53.974  3.862  5.397 0.0000000000
85670  -53.280  3.290  4.782 0.0000000000
127726  -53.495  3.766  6.175 0.0000000000
85646  -52.783  3.409  6.492 0.0000000000
85645  -51.869  3.188  6.769 0.0000000000
130596  -49.256  6.277  8.585 0.0000000000
87396  -49.638  5.147  8.027 0.0000000000
146451  -49.441  5.770  8.136 0.0000000000
140289  -49.491  5.764  7.289 0.0000000000
130326  -49.599  5.600  6.328 0.0000000000
90416  -47.141  9.181  19.939 0.0000000000
89634  -47.289  8.538  20.340 0.0000000000
90417  -47.934  9.736  19.991 0.0000000000
90404  -48.326  9.359  20.574 0.0000000000
90406  -49.412  9.812  21.115 0.0000000000
92887  -51.550  13.109  20.480 0.0000000000
92878  -50.963  12.283  20.666 0.0000000000
93660  -52.330  13.094  21.220 0.0000000000
92052  -52.366  12.325  21.966 0.0000000000
92867  -53.956  12.746  22.112 0.0000000000
92054  -54.262  11.620  22.413 0.0000000000
139939  -54.649  13.124  20.932 0.0000000000
92888  -54.718  13.052  19.525 0.0000000000
92897  -53.635  12.412  18.318 0.0000000000
97288  -53.335  19.085  16.500 0.0000000000
97287  -51.979  18.588  16.387 0.0000000000
97292  -52.768  18.430  15.866 0.0000000000
96568  -52.930  17.822  15.255 0.0000000000
134409  -52.565  17.084  14.812 0.0000000000
141196  -54.120  15.470  11.977 0.0000000000
94465  -53.437  15.406  12.841 0.0000000000
94464  -52.628  14.944  12.984 0.0000000000
142091  -52.054  14.537  13.033 0.0000000000
146378  -51.392  14.036  14.004 0.0000000000
123480  -50.670  13.373  14.706 0.0000000000
93712  -50.819  13.691  13.824 0.0000000000
93715  -50.035  13.378  13.111 0.0000000000
93719  -49.434  13.078  12.423 0.0000000000
92939  -48.958  12.799  11.876 0.0000000000
93723  -49.544  13.222  11.588 0.0000000000
93741  -50.070  13.345  9.900 0.0000000000
92956  -50.165  13.106  9.204 0.0000000000
93766  -53.640  13.377  6.443 0.0000000000
93765  -52.901  13.112  6.650 0.0000000000
139032  -53.276  12.790  6.119 0.0000000000
92978  -53.336  12.171  5.632 0.0000000000
92163  -52.766  11.528  5.664 0.0000000000
91403  -52.140  10.279  5.294 0.0000000000
92164  -53.373  11.430  5.027 0.0000000000
91405  -53.234  10.908  4.401 0.0000000000
129072  -53.267  10.752  3.710 0.0000000000
91417  -53.025  10.714  3.018 0.0000000000
92200  -53.653  11.292  2.514 0.0000000000
95244  -55.440  15.079  -0.170 0.0000000000
93815  -55.456  14.131  -0.139 0.0000000000
95258  -54.515  15.199  -0.481 0.0000000000
94577  -53.510  14.469  -1.040 0.0000000000
95898  -51.065  16.544  7.504 0.0000000000
138886  -51.892  16.484  6.296 0.0000000000
95913  -51.168  16.309  6.534 0.0000000000
95191  -50.385  15.663  4.382 0.0000000000
95953  -47.459  16.482  3.062 0.0000000000
95954  -48.112  16.109  2.803 0.0000000000
95220  -48.405  15.837  0.817 0.0000000000
95239  -48.269  15.736  -0.346 0.0000000000
145485  -47.548  15.608  -0.794 0.0000000000
95251  -46.367  14.992  -1.158 0.0000000000
94563  -44.554  13.502  -0.920 0.0000000000
94556  -44.808  14.397  -0.632 0.0000000000
94545  -44.055  14.525  0.473 0.0000000000
95936  -42.667  16.155  3.692 0.0000000000
95950  -42.143  16.914  3.424 0.0000000000
88127  -51.004  6.193  15.860 0.0000000000
88860  -51.453  8.121  19.868 0.0000000000
100247  -52.115  22.467  17.868 0.0000000000
100246  -51.169  22.435  17.653 0.0000000000
100263  -50.802  22.082  16.862 0.0000000000
99496  -51.037  21.585  15.533 0.0000000000
99495  -50.109  21.711  15.344 0.0000000000
99505  -50.646  21.403  14.825 0.0000000000
98760  -50.229  21.007  14.207 0.0000000000
98771  -50.670  20.380  13.791 0.0000000000
98050  -50.137  19.690  13.412 0.0000000000
98060  -49.626  19.074  13.017 0.0000000000
98049  -49.260  19.706  13.408 0.0000000000
98058  -47.843  19.526  12.700 0.0000000000
98057  -46.978  19.785  12.149 0.0000000000
99510  -46.803  21.939  12.885 0.0000000000
99515  -46.589  21.418  12.226 0.0000000000
98781  -46.308  20.201  11.475 0.0000000000
129621  -46.208  21.025  11.012 0.0000000000
99520  -46.085  21.315  10.152 0.0000000000
124618  -47.103  22.079  9.016 0.0000000000
121955  -50.419  2.798  3.023 0.0000000000
91303  -41.699  11.023  16.981 0.0000000000
91304  -42.619  11.021  17.021 0.0000000000
93699  -42.234  13.310  16.494 0.0000000000
132176  -40.899  14.124  16.456 0.0000000000
132175  -41.727  14.123  16.444 0.0000000000
134232  -42.088  14.893  16.438 0.0000000000
83860  -55.301  1.263  12.391 0.0000000000
83864  -53.736  1.727  11.940 0.0000000000
83859  -53.426  1.309  12.398 0.0000000000
83000  -52.244  0.969  13.070 0.0000000000
138896  -52.632  0.650  13.414 0.0000000000
83851  -51.486  1.130  13.347 0.0000000000
83850  -50.724  1.307  13.571 0.0000000000
83848  -48.894  1.908  13.845 0.0000000000
122561  -46.132  0.467  20.201 0.0000000000
140582  -45.218  0.316  19.840 0.0000000000
145848  -45.186  0.357  18.953 0.0000000000
82923  -45.607  0.392  18.362 0.0000000000
82937  -44.376  0.277  17.527 0.0000000000
86420  -42.824  4.116  16.861 0.0000000000
86414  -42.513  4.444  17.669 0.0000000000
86413  -41.748  4.308  17.775 0.0000000000
86407  -41.278  4.743  18.252 0.0000000000
124281  -56.068  10.020  15.661 0.0000000000
90473  -55.483  10.054  14.710 0.0000000000
122842  -55.024  10.047  15.584 0.0000000000
90481  -53.768  9.758  13.611 0.0000000000
90480  -53.063  9.531  12.990 0.0000000000
90479  -52.009  9.392  13.358 0.0000000000
122196  -52.239  9.293  12.665 0.0000000000
89703  -52.535  8.990  11.455 0.0000000000
131944  -51.891  8.513  11.020 0.0000000000
88935  -52.170  7.363  9.773 0.0000000000
88170  -51.603  6.428  9.548 0.0000000000
87385  -51.768  5.081  8.769 0.0000000000
88177  -51.086  5.574  9.235 0.0000000000
88169  -50.391  6.168  9.597 0.0000000000
88168  -49.504  6.295  9.276 0.0000000000
89716  -49.080  8.202  10.790 0.0000000000
88932  -49.085  7.132  9.765 0.0000000000
88950  -48.890  6.932  9.086 0.0000000000
89745  -48.802  7.884  8.686 0.0000000000
90547  -49.281  8.671  8.079 0.0000000000
144501  -48.280  11.501  18.419 0.0000000000
92064  -48.714  11.218  19.095 0.0000000000
92079  -48.916  11.838  18.588 0.0000000000
92896  -49.383  12.472  18.534 0.0000000000
92885  -50.084  12.500  19.210 0.0000000000
94434  -49.366  14.466  17.787 0.0000000000
93666  -50.537  13.191  19.201 0.0000000000
93667  -51.149  13.519  19.597 0.0000000000
93668  -51.886  13.828  19.842 0.0000000000
94414  -52.272  14.292  19.254 0.0000000000
97300  -56.067  18.156  14.509 0.0000000000
96575  -55.569  17.625  14.476 0.0000000000
96580  -56.115  17.472  13.542 0.0000000000
95850  -56.146  17.106  13.031 0.0000000000
95852  -55.636  16.553  12.572 0.0000000000
95138  -56.621  16.743  11.357 0.0000000000
95134  -55.959  16.427  11.817 0.0000000000
95133  -55.099  16.034  12.130 0.0000000000
95136  -54.234  15.392  11.058 0.0000000000
139518  -53.259  15.018  11.230 0.0000000000
94481  -52.873  14.700  10.265 0.0000000000
130272  -52.112  14.176  10.173 0.0000000000
94487  -53.363  14.826  9.486 0.0000000000
94500  -53.720  14.413  7.803 0.0000000000
142234  -55.137  15.206  7.710 0.0000000000
94501  -54.714  14.850  7.272 0.0000000000
94509  -54.059  14.066  6.918 0.0000000000
93767  -54.438  13.775  6.146 0.0000000000
93774  -54.878  13.601  5.298 0.0000000000
93779  -55.384  13.497  4.333 0.0000000000
92990  -55.510  13.028  3.393 0.0000000000
94533  -55.929  13.945  3.535 0.0000000000
93787  -56.281  14.133  2.783 0.0000000000
94547  -56.460  14.811  1.841 0.0000000000
95972  -56.365  15.924  3.093 0.0000000000
95211  -56.156  15.757  2.359 0.0000000000
95227  -56.160  15.365  1.413 0.0000000000
135852  -54.646  16.182  0.778 0.0000000000
95225  -53.909  16.135  0.434 0.0000000000
134743  -53.047  16.139  1.050 0.0000000000
95909  -47.185  16.351  6.824 0.0000000000
95910  -47.876  16.017  6.135 0.0000000000
134749  -47.011  16.340  5.931 0.0000000000
95923  -46.747  16.553  5.191 0.0000000000
95937  -46.769  16.747  4.313 0.0000000000
96668  -45.648  17.605  4.327 0.0000000000
96669  -46.266  17.294  3.887 0.0000000000
95952  -46.801  16.900  3.356 0.0000000000
138365  -46.957  16.773  2.582 0.0000000000
95966  -46.655  16.798  1.908 0.0000000000
95982  -46.240  16.644  1.183 0.0000000000
95981  -45.388  17.003  1.141 0.0000000000
142338  -44.180  17.366  0.771 0.0000000000
96691  -41.274  17.023  0.803 0.0000000000
88141  -54.681  6.641  12.707 0.0000000000
127684  -55.353  7.250  12.335 0.0000000000
88893  -55.534  7.616  14.251 0.0000000000
88888  -56.156  8.327  16.048 0.0000000000
89684  -56.454  8.959  16.788 0.0000000000
88122  -53.939  7.217  17.165 0.0000000000
142468  -55.235  7.570  16.972 0.0000000000
89682  -56.276  8.531  17.491 0.0000000000
138385  -56.293  9.678  16.517 0.0000000000
90459  -55.046  10.035  17.347 0.0000000000
138360  -56.266  8.709  19.097 0.0000000000
90452  -55.719  10.058  18.154 0.0000000000
90458  -53.409  9.703  17.018 0.0000000000
90457  -52.072  9.678  16.610 0.0000000000
90456  -51.003  9.855  16.308 0.0000000000
97259  -49.865  18.958  19.616 0.0000000000
98023  -50.794  19.437  19.264 0.0000000000
98030  -52.228  19.740  17.970 0.0000000000
98742  -53.378  20.702  19.051 0.0000000000
98025  -52.946  20.323  18.615 0.0000000000
98036  -54.007  19.798  17.204 0.0000000000
97289  -54.627  19.441  16.569 0.0000000000
97290  -55.306  19.399  16.247 0.0000000000
99476  -53.406  21.794  17.615 0.0000000000
99493  -53.958  21.339  17.076 0.0000000000
99508  -53.579  21.148  15.477 0.0000000000
99499  -53.867  21.261  16.310 0.0000000000
99500  -54.446  20.854  16.572 0.0000000000
98757  -55.011  20.277  16.122 0.0000000000
98758  -55.541  19.952  15.436 0.0000000000
97296  -55.918  18.572  15.158 0.0000000000
97301  -56.274  18.392  13.999 0.0000000000
98067  -56.323  18.849  12.857 0.0000000000
97314  -56.145  18.785  11.979 0.0000000000
98071  -55.114  19.293  11.966 0.0000000000
97326  -55.813  18.826  11.219 0.0000000000
137246  -56.431  18.399  11.185 0.0000000000
97352  -56.031  18.270  9.761 0.0000000000
96633  -55.885  17.851  8.057 0.0000000000
96644  -54.556  17.512  7.526 0.0000000000
96632  -54.251  17.630  8.417 0.0000000000
96643  -53.378  17.237  7.882 0.0000000000
95886  -52.444  16.940  8.166 0.0000000000
96616  -51.818  17.331  9.653 0.0000000000
95872  -51.267  16.938  9.066 0.0000000000
95885  -51.575  16.796  8.296 0.0000000000
125932  -50.053  16.460  7.763 0.0000000000
123308  -48.519  16.230  7.425 0.0000000000
97309  -49.166  18.482  12.555 0.0000000000
96587  -49.239  17.560  11.306 0.0000000000
95863  -48.912  17.228  10.614 0.0000000000
97336  -46.856  18.036  10.827 0.0000000000
96600  -47.601  17.516  10.664 0.0000000000
95869  -48.621  16.945  9.820 0.0000000000
122828  -47.781  16.691  9.142 0.0000000000
95882  -48.215  16.406  8.230 0.0000000000
95896  -47.710  16.307  7.559 0.0000000000
95894  -46.332  16.671  7.274 0.0000000000
95893  -45.695  16.934  6.918 0.0000000000
96642  -45.001  17.417  6.949 0.0000000000
138703  -44.405  18.978  8.240 0.0000000000
97369  -44.160  18.762  7.372 0.0000000000
97378  -44.041  18.564  6.411 0.0000000000
98112  -43.617  19.261  5.870 0.0000000000
98825  -43.098  20.489  4.623 0.0000000000
98824  -42.809  20.857  3.884 0.0000000000
88097  -46.148  7.078  19.457 0.0000000000
88856  -46.352  7.885  20.039 0.0000000000
90414  -45.272  9.179  19.710 0.0000000000
90415  -46.190  9.157  19.803 0.0000000000
90438  -46.692  9.775  19.243 0.0000000000
92076  -46.915  11.119  17.848 0.0000000000
92099  -43.025  11.550  16.805 0.0000000000
91305  -43.503  11.012  17.105 0.0000000000
92086  -44.374  11.249  17.143 0.0000000000
92917  -44.161  12.664  16.621 0.0000000000
92101  -44.712  12.012  16.837 0.0000000000
132076  -45.194  11.437  17.257 0.0000000000
143604  -45.723  11.546  17.296 0.0000000000
92088  -46.261  11.694  17.335 0.0000000000
92077  -47.717  11.765  17.849 0.0000000000
92904  -47.688  12.643  17.589 0.0000000000
93686  -47.483  13.469  17.469 0.0000000000
94432  -47.393  14.845  17.575 0.0000000000
94431  -46.529  14.864  17.463 0.0000000000
95107  -47.051  15.545  17.724 0.0000000000
95108  -47.850  15.426  17.685 0.0000000000
96544  -48.198  17.269  18.746 0.0000000000
97275  -48.621  17.778  19.120 0.0000000000
97280  -44.938  18.179  17.756 0.0000000000
97272  -45.360  18.850  18.329 0.0000000000
128212  -46.124  18.767  18.440 0.0000000000
98022  -46.718  18.999  18.905 0.0000000000
97273  -46.725  18.214  18.481 0.0000000000
97274  -47.510  18.295  19.055 0.0000000000
97257  -48.315  18.322  19.492 0.0000000000
97258  -49.052  18.414  19.657 0.0000000000
135922  -49.468  19.213  20.154 0.0000000000
97993  -50.685  19.883  20.714 0.0000000000
142402  -51.175  20.246  21.095 0.0000000000
98704  -49.507  20.914  21.301 0.0000000000
98692  -50.407  21.477  21.729 0.0000000000
98693  -51.220  20.926  21.477 0.0000000000
99428  -52.029  22.208  21.532 0.0000000000
101013  -51.157  23.279  20.634 0.0000000000
101024  -51.510  23.157  19.788 0.0000000000
101022  -49.617  23.579  20.249 0.0000000000
88182  -58.956  6.741  8.175 0.0000000000
88939  -57.999  7.768  9.314 0.0000000000
88938  -57.236  7.509  9.855 0.0000000000
88160  -56.049  6.839  10.670 0.0000000000
86485  -56.701  4.677  9.197 0.0000000000
86484  -55.928  4.323  9.589 0.0000000000
87372  -56.111  5.136  9.474 0.0000000000
87355  -55.234  6.029  10.767 0.0000000000
88149  -54.852  6.414  11.770 0.0000000000
87342  -53.299  5.511  13.529 0.0000000000
146733  -53.408  4.644  11.960 0.0000000000
87337  -51.785  5.293  14.837 0.0000000000
85584  -52.277  3.190  12.883 0.0000000000
85579  -51.763  3.430  13.400 0.0000000000
136222  -50.864  3.179  13.601 0.0000000000
87336  -51.047  5.074  14.945 0.0000000000
87326  -50.582  5.565  15.403 0.0000000000
88116  -47.671  6.555  16.583 0.0000000000
82945  -54.006  1.037  16.888 0.0000000000
83772  -50.071  2.569  22.358 0.0000000000
84609  -50.330  3.012  21.602 0.0000000000
84622  -50.969  3.298  21.104 0.0000000000
139170  -47.017  0.808  20.377 0.0000000000
83784  -47.779  1.319  20.854 0.0000000000
83786  -49.267  1.954  20.689 0.0000000000
83787  -49.902  2.314  20.400 0.0000000000
84630  -51.095  2.856  20.311 0.0000000000
83796  -51.692  2.244  19.514 0.0000000000
83806  -52.233  1.629  18.713 0.0000000000
82944  -53.035  0.770  16.907 0.0000000000
82977  -50.481  0.410  14.983 0.0000000000
121995  -49.964  0.466  15.696 0.0000000000
124588  -49.721  0.559  14.892 0.0000000000
82989  -50.250  0.616  14.444 0.0000000000
83843  -49.132  1.292  14.143 0.0000000000
83834  -46.563  1.167  15.314 0.0000000000
83840  -46.883  1.783  14.662 0.0000000000
83839  -46.075  1.908  14.869 0.0000000000
84676  -47.272  2.342  14.144 0.0000000000
84682  -46.931  2.959  13.985 0.0000000000
84683  -47.709  2.958  13.782 0.0000000000
127841  -45.629  6.225  19.004 0.0000000000
88095  -44.245  6.995  19.504 0.0000000000
90433  -42.310  9.301  18.596 0.0000000000
87305  -42.499  5.408  18.616 0.0000000000
89655  -42.068  7.998  19.302 0.0000000000
90432  -41.394  9.321  18.509 0.0000000000
90448  -41.779  9.873  18.010 0.0000000000
91291  -41.266  10.389  17.483 0.0000000000
91302  -40.742  10.935  16.995 0.0000000000
133580  -40.319  12.132  16.549 0.0000000000
91289  -39.478  10.223  17.448 0.0000000000
133581  -39.588  12.032  16.531 0.0000000000
142883  -55.978  6.859  -0.042 0.0000000000
88251  -56.052  6.080  1.370 0.0000000000
88263  -55.842  6.305  0.628 0.0000000000
87466  -55.277  5.728  0.890 0.0000000000
87452  -54.620  5.087  1.206 0.0000000000
86572  -54.697  4.713  2.023 0.0000000000
88897  -55.825  8.058  12.827 0.0000000000
88898  -56.376  8.631  12.486 0.0000000000
90493  -56.399  9.411  12.403 0.0000000000
90502  -56.999  9.744  11.628 0.0000000000
91321  -55.448  10.132  13.026 0.0000000000
91325  -55.302  10.186  12.143 0.0000000000
89721  -54.863  9.935  9.938 0.0000000000
89747  -55.672  9.193  8.430 0.0000000000
88212  -55.822  6.103  5.830 0.0000000000
86527  -55.378  4.966  4.783 0.0000000000
142134  -54.684  4.485  2.537 0.0000000000
86558  -54.130  4.190  2.405 0.0000000000
85700  -53.341  3.731  2.588 0.0000000000
141445  -52.945  3.159  4.048 0.0000000000
86506  -51.908  4.051  7.866 0.0000000000
85635  -51.597  3.587  7.375 0.0000000000
85644  -50.937  3.413  6.969 0.0000000000
86504  -50.092  4.529  7.873 0.0000000000
85655  -50.552  2.980  5.397 0.0000000000
85667  -49.886  3.177  4.694 0.0000000000
86535  -49.377  4.184  4.663 0.0000000000
87422  -49.453  5.146  4.785 0.0000000000
145382  -47.533  7.497  19.504 0.0000000000
88857  -48.267  7.610  19.687 0.0000000000
134533  -47.820  8.260  20.358 0.0000000000
88835  -48.456  7.974  20.333 0.0000000000
88858  -49.257  7.762  19.932 0.0000000000
141623  -49.915  8.082  20.451 0.0000000000
88837  -50.711  8.185  20.561 0.0000000000
88838  -51.981  8.417  21.193 0.0000000000
91263  -49.206  10.951  19.874 0.0000000000
138944  -49.642  10.629  20.711 0.0000000000
91256  -50.274  10.394  21.361 0.0000000000
92059  -50.793  11.414  21.244 0.0000000000
144083  -51.018  10.728  21.821 0.0000000000
90397  -50.974  9.101  21.532 0.0000000000
89628  -51.675  8.815  21.586 0.0000000000
89638  -53.005  8.362  21.102 0.0000000000
89630  -53.622  8.764  21.621 0.0000000000
90419  -55.394  9.443  21.044 0.0000000000
91265  -55.637  10.367  20.477 0.0000000000
92060  -55.396  11.540  20.771 0.0000000000
136466  -55.431  11.181  19.819 0.0000000000
91281  -54.557  10.768  18.714 0.0000000000
144292  -53.407  10.720  18.514 0.0000000000
91297  -52.155  10.394  17.697 0.0000000000
91309  -50.219  10.335  15.851 0.0000000000
97282  -49.744  17.895  17.848 0.0000000000
96560  -49.774  17.255  17.183 0.0000000000
95840  -50.129  16.522  16.703 0.0000000000
96565  -51.126  17.631  16.042 0.0000000000
95122  -50.865  15.742  16.660 0.0000000000
94436  -52.080  14.686  17.733 0.0000000000
94426  -52.675  14.377  18.549 0.0000000000
96574  -54.518  17.460  14.605 0.0000000000
95846  -53.780  16.769  14.110 0.0000000000
95845  -52.674  16.435  14.411 0.0000000000
95129  -52.752  15.374  13.601 0.0000000000
95126  -52.440  15.689  14.201 0.0000000000
126036  -51.867  15.609  14.990 0.0000000000
94452  -52.105  14.398  16.629 0.0000000000
93690  -53.214  14.051  18.203 0.0000000000
126160  -52.904  12.759  17.669 0.0000000000
92906  -51.944  11.927  17.466 0.0000000000
93707  -50.658  12.970  15.334 0.0000000000
92926  -50.954  12.752  15.976 0.0000000000
92102  -51.082  11.246  16.994 0.0000000000
92104  -49.756  11.020  15.519 0.0000000000
91308  -49.672  10.460  15.044 0.0000000000
91315  -48.835  10.702  13.545 0.0000000000
91320  -48.567  10.514  12.681 0.0000000000
136516  -48.371  10.438  11.315 0.0000000000
92938  -48.476  12.113  11.697 0.0000000000
91357  -49.142  10.137  8.429 0.0000000000
129119  -49.497  9.497  7.938 0.0000000000
93743  -51.606  13.852  9.294 0.0000000000
93749  -50.874  13.376  8.784 0.0000000000
92961  -50.378  12.688  8.419 0.0000000000
92968  -52.197  12.884  6.907 0.0000000000
92967  -51.498  12.594  7.279 0.0000000000
92140  -50.700  12.093  7.597 0.0000000000
92139  -50.111  11.203  7.576 0.0000000000
91371  -50.401  10.415  7.153 0.0000000000
144897  -50.447  8.842  6.849 0.0000000000
89768  -50.846  8.666  6.272 0.0000000000
90570  -51.858  9.489  5.283 0.0000000000
146695  -51.796  8.857  5.012 0.0000000000
135728  -51.615  8.373  4.827 0.0000000000
93014  -55.491  12.967  1.748 0.0000000000
93025  -54.889  12.551  1.437 0.0000000000
93814  -54.727  13.816  -0.237 0.0000000000
125783  -53.933  12.682  0.510 0.0000000000
96656  -54.704  17.348  6.650 0.0000000000
95929  -53.745  16.767  5.547 0.0000000000
95943  -53.627  16.591  4.790 0.0000000000
125021  -52.194  16.343  5.191 0.0000000000
95942  -52.650  16.332  4.490 0.0000000000
140661  -53.489  16.442  4.079 0.0000000000
95969  -53.369  16.297  2.591 0.0000000000
141009  -52.952  16.194  1.907 0.0000000000
95224  -52.277  15.896  0.674 0.0000000000
121467  -48.747  15.834  5.827 0.0000000000
95183  -49.931  15.683  4.974 0.0000000000
95199  -50.383  15.599  3.624 0.0000000000
95206  -48.852  15.734  2.611 0.0000000000
95198  -49.556  15.586  3.186 0.0000000000
126810  -50.359  15.523  2.613 0.0000000000
95208  -51.363  15.660  2.178 0.0000000000
95223  -51.444  15.726  1.160 0.0000000000
123309  -51.583  15.763  0.135 0.0000000000
95241  -50.875  15.680  -0.553 0.0000000000
140977  -49.779  15.217  -2.062 0.0000000000
95275  -49.229  14.862  -2.319 0.0000000000
95253  -48.097  15.414  -1.448 0.0000000000
95265  -48.372  14.825  -2.107 0.0000000000
139105  -48.135  13.963  -2.391 0.0000000000
93059  -46.488  13.162  -1.537 0.0000000000
93804  -44.264  12.965  -0.762 0.0000000000
93030  -43.905  12.623  0.569 0.0000000000
95217  -43.559  15.279  1.494 0.0000000000
95189  -42.523  15.448  4.245 0.0000000000
99544  -47.485  22.199  7.945 0.0000000000
99573  -44.976  22.131  6.087 0.0000000000
100338  -44.557  22.280  5.192 0.0000000000
100350  -43.304  21.913  4.322 0.0000000000
99599  -42.877  21.499  3.760 0.0000000000
99598  -42.665  20.987  3.031 0.0000000000
99647  -43.245  21.171  0.442 0.0000000000
99630  -42.784  20.999  1.121 0.0000000000
98835  -42.680  20.429  2.410 0.0000000000
98843  -42.596  20.299  1.489 0.0000000000
98134  -42.756  19.450  0.885 0.0000000000
97421  -42.454  18.261  -0.422 0.0000000000
96709  -41.989  17.733  -0.370 0.0000000000
84621  -50.372  2.886  20.713 0.0000000000
84695  -53.188  2.037  12.168 0.0000000000
85657  -52.224  2.911  5.985 0.0000000000
86497  -51.342  4.480  8.345 0.0000000000
86507  -53.676  4.749  7.060 0.0000000000
87386  -52.817  5.401  8.347 0.0000000000
87412  -54.726  5.120  6.123 0.0000000000
87413  -55.336  5.361  5.609 0.0000000000
87424  -56.450  5.931  4.236 0.0000000000
87443  -55.777  5.464  2.511 0.0000000000
88190  -54.430  6.689  7.492 0.0000000000
88201  -55.483  6.549  6.491 0.0000000000
88916  -48.868  7.851  10.187 0.0000000000
88917  -49.384  7.537  10.404 0.0000000000
88968  -55.552  7.810  7.361 0.0000000000
89629  -52.523  8.803  21.707 0.0000000000
89639  -54.151  8.349  20.933 0.0000000000
89676  -41.720  8.746  18.963 0.0000000000
89690  -56.366  9.465  14.401 0.0000000000
89699  -48.887  8.866  11.152 0.0000000000
89731  -48.623  8.352  9.955 0.0000000000
90400  -54.871  9.684  21.901 0.0000000000
90403  -47.815  8.938  20.430 0.0000000000
90407  -54.608  8.931  21.397 0.0000000000
90470  -49.757  9.894  14.412 0.0000000000
90486  -48.838  9.845  12.295 0.0000000000
90490  -52.836  9.354  12.179 0.0000000000
90491  -53.773  9.710  12.353 0.0000000000
90498  -49.963  9.058  12.039 0.0000000000
91251  -53.903  10.258  22.334 0.0000000000
91264  -55.570  10.627  19.450 0.0000000000
91278  -48.039  10.798  18.874 0.0000000000
91293  -43.582  10.135  17.991 0.0000000000
91306  -50.838  10.487  16.681 0.0000000000
91307  -51.589  10.084  17.052 0.0000000000
91311  -48.986  11.104  14.119 0.0000000000
91312  -49.261  10.562  14.298 0.0000000000
91323  -56.404  9.926  12.047 0.0000000000
92053  -53.231  12.151  22.366 0.0000000000
92055  -55.071  11.351  21.780 0.0000000000
92095  -39.304  11.320  16.712 0.0000000000
92096  -40.156  11.482  16.709 0.0000000000
92105  -50.310  11.033  16.239 0.0000000000
92109  -48.762  11.393  13.657 0.0000000000
92126  -48.477  11.404  10.211 0.0000000000
92127  -48.798  11.492  9.446 0.0000000000
92133  -49.872  11.884  8.182 0.0000000000
92879  -51.582  12.314  21.307 0.0000000000
92881  -54.774  12.486  21.532 0.0000000000
92895  -48.533  12.369  18.014 0.0000000000
92908  -53.499  13.424  18.129 0.0000000000
92915  -42.418  12.532  16.562 0.0000000000
92920  -50.610  11.848  16.230 0.0000000000
92921  -51.389  12.333  16.680 0.0000000000
92922  -52.196  13.030  16.987 0.0000000000
92931  -48.771  12.044  13.316 0.0000000000
92935  -48.827  12.482  12.518 0.0000000000
92948  -48.578  12.096  10.731 0.0000000000
92962  -51.090  13.042  7.966 0.0000000000
93000  -55.519  12.868  2.568 0.0000000000
93039  -55.161  13.501  0.254 0.0000000000
93053  -53.590  13.059  -0.052 0.0000000000
93054  -54.376  13.242  0.125 0.0000000000
93651  -53.210  13.081  21.811 0.0000000000
93662  -53.916  13.910  20.403 0.0000000000
93670  -54.120  13.869  19.471 0.0000000000
93700  -43.572  13.201  16.519 0.0000000000
93716  -50.850  13.832  12.856 0.0000000000
93724  -50.319  13.608  11.298 0.0000000000
93734  -49.665  13.223  10.628 0.0000000000
93750  -51.511  13.566  8.414 0.0000000000
93786  -55.868  13.469  2.872 0.0000000000
93798  -56.366  14.156  1.961 0.0000000000
93810  -44.702  12.970  -1.166 0.0000000000
93821  -46.429  13.507  -1.824 0.0000000000
93822  -47.360  13.762  -2.142 0.0000000000
93827  -53.456  13.908  -0.855 0.0000000000
94415  -52.940  14.303  19.340 0.0000000000
94437  -52.570  14.343  17.619 0.0000000000
94447  -42.583  14.175  16.428 0.0000000000
94449  -44.468  14.353  16.562 0.0000000000
94451  -45.926  14.460  17.086 0.0000000000
94463  -51.528  14.196  13.464 0.0000000000
94472  -52.569  14.684  11.695 0.0000000000
94486  -52.550  14.275  9.409 0.0000000000
94502  -55.809  15.334  7.317 0.0000000000
94510  -54.764  14.457  6.557 0.0000000000
94546  -56.255  14.425  1.029 0.0000000000
94564  -45.079  13.797  -1.253 0.0000000000
94565  -45.875  14.221  -1.538 0.0000000000
94566  -54.175  14.683  -0.716 0.0000000000
94567  -54.847  14.500  -0.515 0.0000000000
94575  -47.787  14.255  -2.263 0.0000000000
94580  -48.624  14.364  -2.416 0.0000000000
95106  -46.315  15.758  17.585 0.0000000000
95149  -57.017  16.663  10.604 0.0000000000
95155  -55.501  15.547  9.577 0.0000000000
95157  -57.552  16.475  9.775 0.0000000000
95172  -58.072  16.080  7.676 0.0000000000
95197  -48.693  15.749  3.607 0.0000000000
95201  -56.528  15.518  3.358 0.0000000000
95212  -56.466  15.495  2.749 0.0000000000
95226  -55.481  15.784  0.718 0.0000000000
95228  -56.443  15.287  2.200 0.0000000000
95242  -53.069  15.925  0.084 0.0000000000
95245  -55.983  15.090  0.502 0.0000000000
95830  -48.214  16.126  17.929 0.0000000000
95854  -56.349  17.155  12.420 0.0000000000
95881  -47.315  16.534  8.284 0.0000000000
95883  -49.134  16.435  8.012 0.0000000000
95895  -47.000  16.524  7.613 0.0000000000
95899  -51.905  16.703  7.681 0.0000000000
95902  -58.088  16.556  7.161 0.0000000000
95916  -54.747  17.110  5.842 0.0000000000
95924  -47.451  16.140  5.350 0.0000000000
95928  -52.336  16.514  5.805 0.0000000000
95940  -50.849  15.828  4.971 0.0000000000
95946  -56.461  16.137  3.805 0.0000000000
95957  -53.927  16.404  3.373 0.0000000000
95959  -56.026  16.329  3.399 0.0000000000
95971  -55.542  16.127  2.522 0.0000000000
96563  -43.867  17.073  17.035 0.0000000000
96569  -54.152  18.014  15.245 0.0000000000
96576  -56.022  17.739  14.157 0.0000000000
96579  -55.874  17.296  13.766 0.0000000000
96585  -47.556  17.961  11.168 0.0000000000
96588  -50.157  17.682  11.268 0.0000000000
96590  -56.850  17.296  11.097 0.0000000000
96599  -46.939  17.414  10.229 0.0000000000
96606  -57.348  17.201  10.225 0.0000000000
96614  -50.101  17.035  9.986 0.0000000000
96621  -57.959  17.940  8.833 0.0000000000
96641  -44.434  18.039  6.926 0.0000000000
96655  -46.150  16.874  5.560 0.0000000000
97281  -45.909  18.191  18.033 0.0000000000
97295  -55.684  18.820  15.717 0.0000000000
97299  -55.902  18.139  14.972 0.0000000000
97304  -56.429  18.076  13.139 0.0000000000
97308  -48.261  18.656  12.388 0.0000000000
97313  -53.245  19.266  12.011 0.0000000000
97315  -56.481  18.259  12.356 0.0000000000
97341  -56.450  18.430  10.503 0.0000000000
97342  -57.332  17.982  9.758 0.0000000000
97415  -45.330  18.186  2.259 0.0000000000
98013  -50.139  19.500  20.261 0.0000000000
98016  -52.539  20.340  19.506 0.0000000000
98032  -54.214  20.385  17.566 0.0000000000
98033  -54.537  20.318  17.111 0.0000000000
98035  -52.729  19.475  17.146 0.0000000000
98040  -55.434  19.635  16.050 0.0000000000
98041  -55.843  19.241  15.428 0.0000000000
98045  -56.222  19.155  14.113 0.0000000000
98047  -47.908  20.180  13.092 0.0000000000
98048  -48.473  19.871  13.257 0.0000000000
98055  -56.357  18.779  13.516 0.0000000000
98064  -54.135  19.600  12.299 0.0000000000
98077  -45.944  19.458  10.932 0.0000000000
98086  -45.299  19.893  9.895 0.0000000000
98093  -44.891  19.716  9.276 0.0000000000
98104  -43.496  20.098  6.180 0.0000000000
98111  -43.359  19.917  5.273 0.0000000000
98699  -43.372  20.609  21.000 0.0000000000
98707  -52.641  20.833  20.785 0.0000000000
98708  -53.204  21.245  20.162 0.0000000000
98743  -53.774  20.870  18.624 0.0000000000
98750  -54.008  20.800  17.954 0.0000000000
98761  -51.159  20.976  14.325 0.0000000000
98768  -47.685  20.787  13.243 0.0000000000
98770  -49.756  20.376  13.760 0.0000000000
98775  -55.468  20.043  14.591 0.0000000000
98778  -46.724  20.631  12.174 0.0000000000
98831  -43.155  20.178  3.685 0.0000000000
99426  -51.201  21.911  21.807 0.0000000000
99427  -52.051  21.261  21.470 0.0000000000
99449  -53.483  21.533  19.535 0.0000000000
99498  -52.997  21.449  16.016 0.0000000000
99516  -47.022  21.110  12.786 0.0000000000
99537  -47.513  22.188  8.505 0.0000000000
99572  -44.164  21.828  5.730 0.0000000000
99586  -43.658  21.912  5.051 0.0000000000
99612  -42.651  20.985  2.113 0.0000000000
99613  -42.925  21.563  2.822 0.0000000000
99632  -43.479  21.693  1.144 0.0000000000
100208  -50.808  22.635  21.770 0.0000000000
100216  -51.525  22.875  21.225 0.0000000000
100233  -51.514  22.730  18.449 0.0000000000
100235  -52.901  22.589  18.941 0.0000000000
100249  -53.404  21.952  18.410 0.0000000000
100265  -52.705  22.015  17.378 0.0000000000
100273  -49.559  22.065  15.827 0.0000000000
101014  -52.018  23.111  20.315 0.0000000000
101851  -47.385  24.552  11.530 0.0000000000
101855  -47.818  24.075  10.792 0.0000000000
121466  -49.075  15.659  1.681 0.0000000000
121629  -46.977  22.111  8.454 0.0000000000
121939  -48.674  16.012  6.645 0.0000000000
122202  -49.200  12.106  9.354 0.0000000000
122708  -53.414  19.812  12.648 0.0000000000
125022  -53.037  16.689  5.898 0.0000000000
125496  -47.055  16.964  9.650 0.0000000000
125636  -47.874  18.232  11.726 0.0000000000
126142  -56.367  16.379  11.133 0.0000000000
126720  -53.250  8.869  10.292 0.0000000000
127506  -46.977  12.909  17.310 0.0000000000
129515  -50.139  17.887  17.110 0.0000000000
132177  -39.841  14.144  16.422 0.0000000000
132950  -49.279  12.422  13.850 0.0000000000
133733  -48.491  10.294  11.977 0.0000000000
134325  -47.227  16.338  4.711 0.0000000000
134856  -56.852  15.855  7.535 0.0000000000
135214  -49.690  0.888  14.275 0.0000000000
135860  -48.956  12.756  11.142 0.0000000000
137005  -50.065  9.754  7.397 0.0000000000
138265  -47.941  16.092  3.522 0.0000000000
138693  -52.242  0.746  17.353 0.0000000000
138701  -46.519  22.224  12.222 0.0000000000
139070  -51.477  8.246  20.705 0.0000000000
139082  -56.136  18.812  14.744 0.0000000000
139126  -45.353  21.269  8.262 0.0000000000
140310  -48.235  17.247  10.465 0.0000000000
140512  -51.595  15.472  -1.397 0.0000000000
141463  -56.262  15.262  5.968 0.0000000000
142233  -46.447  20.966  11.689 0.0000000000
142244  -55.909  19.723  14.091 0.0000000000
142343  -56.816  17.575  7.506 0.0000000000
143892  -56.845  16.789  10.976 0.0000000000
143943  -44.284  8.563  19.692 0.0000000000
144159  -42.973  21.441  1.368 0.0000000000
145437  -46.891  13.491  -1.837 0.0000000000
145522  -50.052  11.552  15.741 0.0000000000
146213  -51.376  22.430  21.629 0.0000000000
146489  -49.483  13.804  18.075 0.0000000000
146490  -44.617  19.257  8.784 0.0000000000
146909  -54.885  1.253  16.294 0.0000000000
