#!ascii label  , from subject sub-v1s0x0050642_ses-1 vox2ras=TkReg
1035
40301  -17.426  -43.359  43.395 0.0000000000
46066  -46.593  -37.705  40.946 0.0000000000
54505  -51.269  -29.992  35.919 0.0000000000
59984  -53.972  -25.456  27.087 0.0000000000
44109  -43.263  -40.189  41.448 0.0000000000
58944  -53.517  -25.842  31.977 0.0000000000
66840  -54.353  -17.506  23.584 0.0000000000
71588  -59.343  -13.255  22.200 0.0000000000
45082  -47.023  -38.090  36.139 0.0000000000
122816  -52.001  -35.027  36.253 0.0000000000
138806  -48.920  -33.139  37.735 0.0000000000
122854  -18.460  -41.053  45.401 0.0000000000
142483  -22.511  -40.390  45.246 0.0000000000
44039  -26.407  -40.267  46.455 0.0000000000
41264  -31.530  -42.812  45.866 0.0000000000
144433  -36.402  -43.583  43.997 0.0000000000
40325  -40.736  -43.566  42.397 0.0000000000
42319  -45.597  -41.496  40.578 0.0000000000
51459  -54.907  -32.473  32.433 0.0000000000
71618  -60.433  -12.571  19.852 0.0000000000
123348  -47.148  -37.914  39.072 0.0000000000
48275  -46.990  -34.871  36.716 0.0000000000
49279  -45.681  -35.307  38.923 0.0000000000
44071  -18.534  -39.831  43.469 0.0000000000
43112  -19.942  -41.091  45.155 0.0000000000
128945  -37.129  -42.114  43.103 0.0000000000
40306  -38.504  -43.509  43.363 0.0000000000
42280  -39.480  -41.379  42.661 0.0000000000
134163  -45.437  -39.341  42.057 0.0000000000
134684  -45.920  -40.463  41.597 0.0000000000
42304  -49.064  -41.396  42.017 0.0000000000
43244  -47.188  -40.189  39.029 0.0000000000
136368  -53.560  -32.589  39.074 0.0000000000
48315  -52.689  -34.123  34.973 0.0000000000
53459  -53.446  -30.820  35.017 0.0000000000
58994  -54.134  -26.281  29.510 0.0000000000
127164  -56.583  -27.602  30.909 0.0000000000
59016  -56.138  -27.015  28.185 0.0000000000
60010  -55.095  -25.064  26.379 0.0000000000
66824  -57.552  -17.872  25.468 0.0000000000
134312  -54.985  -18.443  26.838 0.0000000000
43198  -40.559  -40.635  40.627 0.0000000000
58010  -52.181  -26.591  27.069 0.0000000000
68800  -56.665  -15.177  22.979 0.0000000000
67760  -58.760  -16.597  23.278 0.0000000000
67822  -61.021  -15.735  18.500 0.0000000000
44224  -49.069  -39.576  34.083 0.0000000000
46175  -49.329  -37.112  35.530 0.0000000000
49309  -51.849  -33.944  37.115 0.0000000000
41257  -18.391  -42.171  45.240 0.0000000000
42239  -23.650  -41.121  45.186 0.0000000000
44036  -24.183  -40.392  45.689 0.0000000000
42232  -25.424  -41.230  45.880 0.0000000000
41244  -27.684  -42.309  46.310 0.0000000000
39310  -29.707  -44.388  46.321 0.0000000000
38221  -31.812  -45.087  45.857 0.0000000000
41267  -33.729  -43.526  45.164 0.0000000000
38251  -37.557  -45.767  43.245 0.0000000000
43142  -42.026  -41.018  42.643 0.0000000000
144728  -43.847  -42.683  41.357 0.0000000000
39397  -44.112  -44.343  39.504 0.0000000000
40394  -46.006  -42.811  37.841 0.0000000000
42357  -47.370  -41.539  36.591 0.0000000000
54554  -55.257  -29.374  32.961 0.0000000000
63924  -52.587  -20.575  27.947 0.0000000000
61966  -53.929  -22.774  28.086 0.0000000000
127509  -17.064  -43.200  45.108 0.0000000000
122972  -47.103  -38.291  40.145 0.0000000000
47171  -46.444  -36.553  39.154 0.0000000000
48226  -46.067  -36.490  40.012 0.0000000000
42298  -37.321  -41.359  41.828 0.0000000000
125423  -38.131  -41.785  42.825 0.0000000000
43175  -38.443  -40.930  41.750 0.0000000000
125446  -46.023  -38.779  41.820 0.0000000000
44065  -47.585  -40.298  43.446 0.0000000000
44097  -47.248  -39.812  41.538 0.0000000000
44111  -47.052  -40.472  41.043 0.0000000000
52417  -52.073  -32.645  36.773 0.0000000000
54507  -52.281  -30.075  35.774 0.0000000000
57927  -54.129  -26.701  28.596 0.0000000000
58996  -55.277  -26.450  29.519 0.0000000000
59986  -55.018  -26.847  27.704 0.0000000000
59054  -55.877  -26.320  26.976 0.0000000000
59996  -54.596  -25.877  26.902 0.0000000000
65904  -58.223  -18.497  24.724 0.0000000000
64937  -57.871  -19.066  25.554 0.0000000000
63972  -57.378  -20.132  24.081 0.0000000000
69725  -55.926  -14.246  21.341 0.0000000000
69718  -58.235  -14.220  23.086 0.0000000000
139883  -58.528  -15.571  23.607 0.0000000000
69710  -59.199  -14.463  22.943 0.0000000000
67777  -59.516  -15.949  22.149 0.0000000000
136503  -60.028  -13.891  21.923 0.0000000000
69749  -61.130  -14.744  19.536 0.0000000000
44202  -47.783  -39.291  35.438 0.0000000000
45101  -49.112  -38.431  34.872 0.0000000000
45099  -47.651  -37.805  35.413 0.0000000000
49307  -48.140  -33.585  37.263 0.0000000000
49323  -49.087  -34.262  37.289 0.0000000000
50320  -49.695  -33.236  37.735 0.0000000000
51371  -51.925  -33.219  37.507 0.0000000000
52400  -49.551  -31.977  37.540 0.0000000000
143222  -19.108  -42.114  44.989 0.0000000000
122340  -19.058  -41.774  45.170 0.0000000000
44044  -21.594  -40.686  45.198 0.0000000000
44952  -25.906  -38.924  45.039 0.0000000000
137639  -25.177  -39.841  45.926 0.0000000000
42210  -24.946  -40.813  45.846 0.0000000000
43098  -25.986  -40.724  46.426 0.0000000000
41263  -26.594  -42.253  45.905 0.0000000000
42195  -27.106  -41.084  46.739 0.0000000000
40265  -30.620  -43.571  46.373 0.0000000000
138121  -31.207  -44.731  46.088 0.0000000000
40266  -31.406  -43.774  46.178 0.0000000000
41284  -35.739  -43.331  44.009 0.0000000000
126276  -34.258  -43.241  44.312 0.0000000000
40290  -35.217  -43.681  44.316 0.0000000000
38233  -34.463  -44.410  45.119 0.0000000000
39329  -35.690  -44.693  44.417 0.0000000000
37148  -35.775  -46.203  43.812 0.0000000000
39330  -36.547  -44.323  44.108 0.0000000000
39345  -39.932  -43.756  42.796 0.0000000000
38253  -38.951  -45.138  42.824 0.0000000000
39359  -40.206  -44.419  42.329 0.0000000000
39360  -41.255  -44.187  41.721 0.0000000000
43158  -40.891  -40.771  42.393 0.0000000000
43160  -42.603  -40.796  42.253 0.0000000000
42283  -46.637  -40.826  42.062 0.0000000000
42300  -44.999  -41.083  41.510 0.0000000000
41362  -44.933  -42.179  40.795 0.0000000000
141031  -43.881  -43.685  40.497 0.0000000000
40356  -45.048  -42.816  40.060 0.0000000000
41378  -46.266  -41.998  39.324 0.0000000000
44164  -47.251  -39.526  37.737 0.0000000000
42346  -47.307  -40.940  37.273 0.0000000000
43264  -47.372  -40.156  36.956 0.0000000000
137055  -48.009  -40.615  35.059 0.0000000000
43138  -17.411  -40.300  44.306 0.0000000000
43110  -17.813  -41.177  45.563 0.0000000000
42208  -17.589  -41.724  45.649 0.0000000000
47244  -51.657  -36.662  35.254 0.0000000000
48327  -52.405  -35.955  34.733 0.0000000000
50379  -53.831  -33.241  33.771 0.0000000000
57858  -52.764  -26.551  33.327 0.0000000000
56778  -54.219  -27.963  33.772 0.0000000000
126717  -54.859  -27.111  32.917 0.0000000000
136772  -57.485  -28.762  28.972 0.0000000000
54583  -56.823  -29.891  30.406 0.0000000000
64903  -55.679  -19.835  28.023 0.0000000000
64913  -53.910  -19.513  28.064 0.0000000000
63911  -54.672  -20.654  28.686 0.0000000000
62966  -53.696  -21.840  29.030 0.0000000000
62980  -54.474  -21.660  28.445 0.0000000000
61979  -54.222  -22.485  27.762 0.0000000000
71606  -57.801  -12.399  20.546 0.0000000000
71595  -59.983  -12.844  21.333 0.0000000000
72527  -59.383  -11.715  19.438 0.0000000000
138673  -60.167  -11.825  18.875 0.0000000000
125784  -46.999  -38.086  38.003 0.0000000000
46152  -46.633  -37.404  36.885 0.0000000000
46128  -46.694  -37.205  38.083 0.0000000000
48260  -46.485  -34.668  37.484 0.0000000000
50318  -47.120  -33.340  37.483 0.0000000000
44053  -18.775  -40.124  44.434 0.0000000000
43126  -19.381  -40.581  44.896 0.0000000000
44074  -21.318  -39.575  43.815 0.0000000000
41307  -37.155  -42.648  43.463 0.0000000000
40292  -37.039  -43.540  43.867 0.0000000000
125239  -37.770  -42.524  43.359 0.0000000000
41308  -39.021  -42.300  43.190 0.0000000000
41309  -40.413  -42.138  43.000 0.0000000000
44110  -44.095  -39.259  41.360 0.0000000000
43162  -44.736  -39.988  41.810 0.0000000000
43163  -45.956  -40.143  41.962 0.0000000000
41312  -47.318  -42.325  43.210 0.0000000000
40357  -47.820  -42.594  41.469 0.0000000000
42329  -46.414  -41.190  40.014 0.0000000000
43201  -46.965  -40.987  41.167 0.0000000000
44136  -47.074  -39.733  39.893 0.0000000000
44070  -17.711  -39.987  43.465 0.0000000000
142594  -53.170  -35.238  39.058 0.0000000000
46179  -53.249  -34.805  36.365 0.0000000000
50324  -54.170  -33.635  37.608 0.0000000000
51419  -52.720  -32.973  35.991 0.0000000000
120817  -54.347  -31.515  34.027 0.0000000000
58957  -53.783  -25.792  31.238 0.0000000000
58945  -55.081  -26.269  31.825 0.0000000000
58977  -55.450  -26.196  30.363 0.0000000000
57929  -56.838  -27.021  29.221 0.0000000000
138991  -56.149  -17.403  24.911 0.0000000000
66821  -55.003  -17.829  25.321 0.0000000000
66810  -56.465  -17.900  26.266 0.0000000000
64917  -56.673  -19.013  27.004 0.0000000000
126045  -45.053  -36.670  40.919 0.0000000000
46064  -44.478  -37.297  40.878 0.0000000000
55624  -52.137  -28.712  34.995 0.0000000000
58973  -51.400  -25.396  30.493 0.0000000000
57925  -52.569  -26.714  28.939 0.0000000000
57958  -53.047  -27.080  28.214 0.0000000000
59033  -53.388  -25.997  27.181 0.0000000000
67766  -55.682  -16.654  23.581 0.0000000000
123458  -56.731  -16.447  24.079 0.0000000000
67759  -58.477  -16.788  23.959 0.0000000000
65911  -58.755  -18.038  23.419 0.0000000000
146292  -60.750  -14.303  20.670 0.0000000000
67808  -60.557  -15.644  19.857 0.0000000000
44225  -49.707  -39.048  33.891 0.0000000000
46199  -50.333  -37.709  35.029 0.0000000000
48294  -51.383  -35.623  36.283 0.0000000000
48292  -48.610  -35.636  36.315 0.0000000000
48278  -50.860  -35.259  36.864 0.0000000000
135310  -51.462  -34.774  37.093 0.0000000000
49294  -51.875  -34.154  39.564 0.0000000000
52387  -52.001  -32.856  38.057 0.0000000000
50283  -45.023  -34.199  38.786 0.0000000000
51348  -45.846  -33.067  38.080 0.0000000000
144573  -47.682  -31.980  37.027 0.0000000000
40273  -17.894  -42.736  45.118 0.0000000000
40287  -18.384  -42.872  44.381 0.0000000000
41299  -24.467  -41.502  44.216 0.0000000000
44968  -21.952  -39.090  43.150 0.0000000000
44057  -22.612  -39.621  44.488 0.0000000000
142722  -23.241  -40.237  45.471 0.0000000000
42231  -24.495  -41.017  45.513 0.0000000000
39320  -27.979  -44.382  45.339 0.0000000000
138219  -28.549  -44.696  45.620 0.0000000000
42243  -31.472  -41.928  44.615 0.0000000000
41281  -32.843  -42.694  44.308 0.0000000000
41265  -32.313  -43.104  45.625 0.0000000000
39314  -33.000  -44.121  45.899 0.0000000000
38231  -33.366  -45.681  45.252 0.0000000000
39342  -37.798  -44.882  43.515 0.0000000000
43157  -39.884  -40.811  42.239 0.0000000000
42258  -40.752  -41.440  42.895 0.0000000000
41311  -41.781  -41.911  42.648 0.0000000000
42281  -43.355  -41.086  42.239 0.0000000000
41330  -43.184  -41.833  42.150 0.0000000000
40326  -41.885  -43.426  41.924 0.0000000000
39370  -42.848  -44.014  41.066 0.0000000000
38295  -43.087  -44.939  40.031 0.0000000000
40409  -45.987  -43.061  36.492 0.0000000000
42337  -46.638  -41.583  38.955 0.0000000000
41402  -46.938  -42.099  37.175 0.0000000000
41421  -47.075  -42.310  35.525 0.0000000000
42366  -47.342  -41.523  34.387 0.0000000000
41256  -17.636  -42.405  45.445 0.0000000000
55626  -53.405  -29.119  34.675 0.0000000000
120819  -54.196  -30.040  34.102 0.0000000000
53506  -55.436  -30.681  32.514 0.0000000000
55670  -55.867  -28.413  32.172 0.0000000000
53515  -55.942  -30.321  31.872 0.0000000000
130978  -55.624  -31.809  31.313 0.0000000000
59995  -51.516  -24.712  27.200 0.0000000000
60975  -52.925  -24.033  28.066 0.0000000000
130945  -53.924  -18.547  26.340 0.0000000000
64927  -52.509  -19.368  26.699 0.0000000000
62979  -52.343  -21.475  28.196 0.0000000000
125697  -53.232  -23.138  28.363 0.0000000000
60977  -53.741  -23.947  27.255 0.0000000000
60993  -54.182  -24.645  26.773 0.0000000000
40300  -16.707  -43.648  43.583 0.0000000000
46087  -46.793  -37.577  40.383 0.0000000000
47155  -46.463  -36.838  39.883 0.0000000000
47141  -46.438  -37.097  40.416 0.0000000000
43173  -36.729  -40.966  40.954 0.0000000000
141145  -37.918  -41.105  41.784 0.0000000000
47129  -46.085  -37.675  41.478 0.0000000000
128151  -46.438  -39.903  41.598 0.0000000000
45016  -46.524  -38.816  41.380 0.0000000000
124211  -46.874  -38.775  40.929 0.0000000000
54497  -51.458  -30.789  36.562 0.0000000000
54498  -51.964  -30.793  36.363 0.0000000000
54506  -51.660  -30.052  36.009 0.0000000000
59013  -54.453  -26.975  27.913 0.0000000000
59014  -54.966  -26.825  28.513 0.0000000000
59985  -54.482  -26.396  27.258 0.0000000000
64952  -58.241  -19.212  23.793 0.0000000000
136934  -58.123  -19.224  24.567 0.0000000000
70656  -57.507  -13.350  21.685 0.0000000000
144132  -58.388  -13.715  22.697 0.0000000000
69709  -58.914  -14.397  23.165 0.0000000000
70647  -58.965  -13.758  22.844 0.0000000000
69719  -59.614  -14.672  22.327 0.0000000000
70648  -59.460  -13.836  22.528 0.0000000000
139965  -47.467  -38.567  35.654 0.0000000000
45100  -48.176  -38.504  35.162 0.0000000000
50319  -48.512  -33.207  37.459 0.0000000000
136985  -49.151  -33.602  37.518 0.0000000000
51369  -49.376  -32.579  37.758 0.0000000000
42225  -18.348  -41.627  45.437 0.0000000000
43111  -19.120  -41.262  45.260 0.0000000000
128627  -21.335  -41.172  45.140 0.0000000000
44046  -25.947  -39.561  45.829 0.0000000000
44038  -25.564  -40.290  46.235 0.0000000000
42212  -26.530  -41.214  46.512 0.0000000000
43099  -26.613  -40.762  46.640 0.0000000000
42216  -30.687  -42.520  46.100 0.0000000000
41246  -30.278  -42.936  46.389 0.0000000000
41247  -31.071  -43.188  46.181 0.0000000000
41248  -31.923  -43.381  45.992 0.0000000000
137782  -36.032  -43.396  44.002 0.0000000000
122245  -35.045  -43.421  44.135 0.0000000000
135291  -35.108  -44.173  44.744 0.0000000000
40291  -35.806  -43.887  44.265 0.0000000000
40308  -40.184  -42.939  42.946 0.0000000000
145835  -40.723  -44.256  42.070 0.0000000000
144405  -41.340  -43.508  42.133 0.0000000000
43179  -42.465  -40.576  41.881 0.0000000000
42302  -45.962  -41.003  40.973 0.0000000000
42301  -45.857  -40.891  41.043 0.0000000000
41377  -45.761  -42.325  39.664 0.0000000000
41363  -46.005  -41.608  40.035 0.0000000000
44165  -47.279  -39.162  36.424 0.0000000000
43280  -47.637  -40.020  36.007 0.0000000000
43124  -18.081  -40.543  44.948 0.0000000000
136267  -17.164  -40.815  45.198 0.0000000000
48310  -51.664  -35.989  35.793 0.0000000000
47245  -52.055  -36.498  34.777 0.0000000000
48295  -51.930  -35.692  35.789 0.0000000000
137943  -54.506  -32.585  33.342 0.0000000000
50378  -54.262  -33.051  32.817 0.0000000000
50396  -54.685  -32.638  31.760 0.0000000000
57877  -53.137  -26.069  32.651 0.0000000000
57859  -53.517  -26.475  33.230 0.0000000000
130255  -53.934  -26.130  32.573 0.0000000000
66829  -53.791  -17.986  24.119 0.0000000000
63913  -55.572  -20.301  28.045 0.0000000000
64902  -55.113  -19.984  28.424 0.0000000000
62967  -54.370  -21.344  28.922 0.0000000000
45059  -47.240  -38.641  38.769 0.0000000000
124738  -46.037  -35.998  39.215 0.0000000000
48247  -46.098  -35.600  38.374 0.0000000000
49293  -46.042  -34.786  38.223 0.0000000000
49306  -46.814  -33.927  37.439 0.0000000000
124512  -46.040  -34.086  38.098 0.0000000000
42277  -36.626  -41.864  42.478 0.0000000000
42255  -36.504  -42.487  43.234 0.0000000000
42256  -37.713  -42.147  43.163 0.0000000000
42279  -38.711  -41.604  42.705 0.0000000000
42257  -38.368  -42.074  43.145 0.0000000000
132805  -39.072  -41.732  42.974 0.0000000000
145128  -39.760  -42.393  43.106 0.0000000000
127032  -39.829  -41.676  43.030 0.0000000000
44995  -44.601  -38.958  41.818 0.0000000000
44095  -45.037  -39.472  41.871 0.0000000000
44096  -46.215  -40.115  41.966 0.0000000000
42264  -48.200  -40.788  43.158 0.0000000000
41313  -47.711  -42.113  43.237 0.0000000000
41333  -48.225  -41.984  42.813 0.0000000000
39362  -48.069  -43.023  42.493 0.0000000000
40344  -48.480  -42.488  41.414 0.0000000000
146000  -47.097  -41.004  42.111 0.0000000000
42321  -49.116  -41.373  41.635 0.0000000000
45047  -47.177  -39.037  39.787 0.0000000000
44124  -46.835  -40.043  40.932 0.0000000000
44052  -18.084  -40.057  44.152 0.0000000000
49282  -53.338  -33.562  39.205 0.0000000000
48250  -54.021  -34.947  38.649 0.0000000000
50323  -54.116  -33.376  38.340 0.0000000000
52430  -52.190  -32.821  36.664 0.0000000000
52431  -52.500  -32.939  36.100 0.0000000000
121210  -53.102  -32.482  35.315 0.0000000000
137986  -53.808  -32.183  34.609 0.0000000000
120816  -53.667  -31.689  34.839 0.0000000000
124259  -53.979  -25.893  30.438 0.0000000000
58958  -54.632  -25.942  30.877 0.0000000000
58976  -54.748  -26.090  30.024 0.0000000000
58997  -56.168  -26.860  28.964 0.0000000000
57928  -56.429  -26.654  29.729 0.0000000000
57960  -56.556  -27.233  28.432 0.0000000000
56854  -57.074  -27.609  28.588 0.0000000000
57990  -56.487  -27.176  27.748 0.0000000000
66823  -56.670  -17.508  25.474 0.0000000000
66822  -55.871  -17.666  25.471 0.0000000000
137120  -57.092  -17.704  25.836 0.0000000000
63934  -56.706  -20.257  26.761 0.0000000000
47154  -44.685  -36.698  40.626 0.0000000000
58992  -51.954  -25.912  29.800 0.0000000000
57987  -51.636  -27.115  27.395 0.0000000000
57988  -52.616  -27.115  27.569 0.0000000000
57989  -53.391  -26.886  27.604 0.0000000000
59032  -52.895  -26.565  27.211 0.0000000000
69716  -56.271  -14.725  22.211 0.0000000000
68799  -55.775  -15.471  22.545 0.0000000000
67775  -55.310  -16.203  22.867 0.0000000000
68788  -56.192  -15.929  23.283 0.0000000000
68789  -57.165  -15.676  23.660 0.0000000000
68783  -58.647  -15.984  23.535 0.0000000000
68782  -58.221  -16.249  24.051 0.0000000000
66834  -58.636  -17.409  23.708 0.0000000000
66842  -58.918  -17.268  22.865 0.0000000000
65919  -58.900  -17.951  22.749 0.0000000000
138455  -59.795  -15.820  21.495 0.0000000000
71609  -60.085  -12.474  20.571 0.0000000000
70673  -60.300  -12.944  20.960 0.0000000000
71619  -60.754  -13.329  19.895 0.0000000000
68841  -61.217  -15.398  18.822 0.0000000000
68829  -60.998  -15.309  19.736 0.0000000000
43305  -49.233  -39.549  33.552 0.0000000000
43309  -49.316  -39.508  33.051 0.0000000000
46198  -49.652  -37.756  35.139 0.0000000000
46176  -50.281  -37.221  35.533 0.0000000000
47223  -51.018  -36.578  35.887 0.0000000000
47222  -50.051  -36.634  36.137 0.0000000000
47204  -46.821  -36.329  36.269 0.0000000000
47220  -47.803  -36.218  35.780 0.0000000000
48291  -47.454  -35.490  36.224 0.0000000000
49324  -50.608  -34.511  37.283 0.0000000000
48277  -49.526  -35.186  37.052 0.0000000000
49325  -51.673  -34.412  37.111 0.0000000000
49310  -52.166  -34.102  38.105 0.0000000000
50322  -52.095  -33.682  38.050 0.0000000000
123625  -50.842  -32.425  37.816 0.0000000000
134737  -51.775  -33.153  37.967 0.0000000000
40274  -18.615  -42.455  44.941 0.0000000000
41277  -23.021  -41.466  44.703 0.0000000000
41278  -23.849  -41.391  44.667 0.0000000000
44075  -22.095  -39.424  43.928 0.0000000000
43116  -23.794  -40.673  45.425 0.0000000000
42241  -25.252  -41.522  45.232 0.0000000000
41279  -25.831  -42.061  44.628 0.0000000000
41243  -26.918  -41.912  46.339 0.0000000000
40261  -27.324  -42.639  46.046 0.0000000000
40276  -27.700  -43.470  45.698 0.0000000000
40262  -27.991  -43.046  46.129 0.0000000000
40264  -29.531  -43.601  46.490 0.0000000000
40263  -28.915  -43.166  46.424 0.0000000000
39309  -28.936  -44.014  46.228 0.0000000000
39321  -29.185  -44.953  45.902 0.0000000000
38219  -29.818  -45.109  46.029 0.0000000000
38229  -31.091  -45.279  45.760 0.0000000000
137819  -31.752  -45.698  45.389 0.0000000000
37136  -32.325  -46.063  45.144 0.0000000000
41283  -34.343  -43.506  44.647 0.0000000000
41282  -33.562  -43.084  44.819 0.0000000000
141746  -32.658  -42.868  45.076 0.0000000000
41266  -33.052  -43.333  45.367 0.0000000000
130247  -32.659  -43.581  45.763 0.0000000000
40277  -33.234  -43.701  45.543 0.0000000000
38242  -34.875  -45.151  44.823 0.0000000000
38232  -33.987  -45.048  45.262 0.0000000000
38241  -34.132  -45.942  44.865 0.0000000000
136755  -33.416  -46.291  44.739 0.0000000000
145058  -36.679  -46.141  43.424 0.0000000000
37163  -35.928  -46.651  43.127 0.0000000000
141253  -36.554  -46.618  42.748 0.0000000000
40293  -37.705  -43.430  43.604 0.0000000000
39331  -37.363  -44.217  43.795 0.0000000000
39332  -37.946  -44.082  43.528 0.0000000000
43176  -39.761  -40.583  41.312 0.0000000000
43177  -40.648  -40.592  41.697 0.0000000000
43141  -41.237  -41.064  42.720 0.0000000000
42259  -41.546  -41.322  42.779 0.0000000000
122907  -45.678  -40.154  41.670 0.0000000000
43161  -43.555  -40.517  42.103 0.0000000000
42282  -44.531  -40.648  41.819 0.0000000000
41347  -43.740  -42.152  41.723 0.0000000000
42299  -44.024  -41.445  41.879 0.0000000000
40340  -43.223  -42.678  41.713 0.0000000000
40327  -42.379  -42.476  42.200 0.0000000000
124858  -42.662  -43.367  41.563 0.0000000000
40354  -43.466  -43.408  41.095 0.0000000000
39383  -44.369  -43.650  40.061 0.0000000000
138975  -43.919  -44.150  40.131 0.0000000000
40378  -45.410  -43.199  38.340 0.0000000000
132933  -45.848  -43.001  37.164 0.0000000000
42330  -46.697  -40.823  39.658 0.0000000000
145602  -47.094  -41.531  37.470 0.0000000000
41413  -47.068  -42.282  36.336 0.0000000000
41432  -46.989  -42.188  34.853 0.0000000000
41414  -47.472  -41.760  35.690 0.0000000000
43296  -48.463  -40.062  34.475 0.0000000000
42368  -48.102  -40.562  34.404 0.0000000000
43304  -48.903  -40.012  34.105 0.0000000000
41241  -17.899  -42.027  45.524 0.0000000000
41240  -17.292  -42.181  45.677 0.0000000000
47227  -53.040  -34.498  35.457 0.0000000000
48313  -52.624  -35.077  35.127 0.0000000000
48329  -52.747  -34.739  34.844 0.0000000000
56756  -51.975  -27.637  33.989 0.0000000000
55625  -52.625  -28.635  34.919 0.0000000000
54538  -54.872  -28.915  33.364 0.0000000000
120823  -54.133  -29.300  34.039 0.0000000000
120818  -54.760  -29.727  33.477 0.0000000000
122711  -54.580  -30.565  33.690 0.0000000000
130543  -55.140  -30.191  33.083 0.0000000000
57894  -55.614  -26.582  31.431 0.0000000000
134479  -55.962  -27.460  31.700 0.0000000000
55671  -56.379  -28.383  31.416 0.0000000000
134279  -56.348  -30.029  31.161 0.0000000000
53524  -56.412  -30.666  30.577 0.0000000000
52483  -56.069  -31.300  30.934 0.0000000000
51476  -55.780  -31.588  30.449 0.0000000000
122813  -52.290  -24.144  27.677 0.0000000000
65894  -54.664  -18.117  26.005 0.0000000000
64912  -52.931  -19.737  27.616 0.0000000000
64928  -53.365  -19.048  27.132 0.0000000000
63933  -52.077  -20.025  27.068 0.0000000000
63932  -51.327  -20.309  26.306 0.0000000000
63923  -51.753  -20.890  27.290 0.0000000000
136577  -54.066  -21.991  28.771 0.0000000000
61964  -53.109  -22.553  28.772 0.0000000000
61965  -53.586  -22.564  28.511 0.0000000000
60976  -53.557  -23.702  27.657 0.0000000000
60992  -54.056  -23.540  27.095 0.0000000000
144835  -46.858  -37.043  38.906 0.0000000000
46108  -46.910  -37.306  39.650 0.0000000000
145838  -45.911  -36.024  39.532 0.0000000000
42278  -37.561  -41.780  42.647 0.0000000000
43155  -38.180  -41.415  42.312 0.0000000000
43156  -38.975  -41.148  42.334 0.0000000000
44997  -45.434  -38.681  41.975 0.0000000000
43144  -46.460  -40.396  43.019 0.0000000000
44977  -47.168  -40.603  41.944 0.0000000000
44979  -48.589  -39.231  43.075 0.0000000000
44099  -49.212  -39.742  42.476 0.0000000000
44125  -49.167  -40.229  41.467 0.0000000000
45032  -46.899  -39.540  40.829 0.0000000000
52389  -52.954  -31.937  38.814 0.0000000000
52404  -53.143  -32.658  37.487 0.0000000000
53419  -51.910  -32.322  37.176 0.0000000000
53446  -52.527  -31.732  36.116 0.0000000000
125462  -52.817  -30.435  35.530 0.0000000000
58995  -54.657  -26.599  29.117 0.0000000000
124430  -55.530  -26.784  28.865 0.0000000000
59015  -55.636  -26.940  28.090 0.0000000000
59034  -55.969  -26.779  27.551 0.0000000000
59997  -55.221  -26.439  27.120 0.0000000000
136349  -54.769  -25.426  26.672 0.0000000000
65897  -57.906  -18.315  25.321 0.0000000000
65896  -57.487  -18.492  25.957 0.0000000000
63957  -57.607  -19.905  25.060 0.0000000000
69726  -56.846  -13.997  21.936 0.0000000000
69717  -57.212  -14.467  22.677 0.0000000000
69708  -58.493  -14.953  23.485 0.0000000000
68791  -58.897  -15.122  23.319 0.0000000000
68792  -59.033  -15.769  23.006 0.0000000000
67768  -59.057  -16.371  22.607 0.0000000000
68793  -59.321  -15.561  22.419 0.0000000000
68802  -59.794  -15.424  21.803 0.0000000000
69728  -60.214  -14.749  21.574 0.0000000000
140837  -60.776  -12.943  19.225 0.0000000000
121827  -61.096  -13.960  19.411 0.0000000000
70691  -61.192  -13.541  18.740 0.0000000000
69756  -61.376  -14.546  18.795 0.0000000000
121455  -61.222  -15.879  17.767 0.0000000000
142433  -48.751  -39.561  34.526 0.0000000000
44204  -49.364  -38.970  34.416 0.0000000000
46197  -48.637  -37.764  35.174 0.0000000000
46174  -48.184  -36.996  35.401 0.0000000000
49322  -47.630  -34.198  37.015 0.0000000000
48276  -48.222  -34.837  36.634 0.0000000000
49308  -50.238  -33.875  37.593 0.0000000000
50321  -51.458  -33.477  37.547 0.0000000000
138607  -50.147  -32.227  37.842 0.0000000000
53416  -49.828  -31.487  37.218 0.0000000000
141457  -19.733  -41.712  44.921 0.0000000000
42230  -23.385  -40.887  45.307 0.0000000000
43096  -24.561  -40.623  45.708 0.0000000000
43097  -25.263  -40.678  46.095 0.0000000000
42211  -25.692  -41.018  46.259 0.0000000000
41242  -26.171  -41.548  46.176 0.0000000000
42213  -27.329  -41.646  46.523 0.0000000000
138278  -30.229  -43.956  46.521 0.0000000000
39311  -30.929  -44.175  46.302 0.0000000000
39312  -31.677  -44.402  46.082 0.0000000000
41328  -34.858  -42.773  42.822 0.0000000000
41304  -34.622  -43.076  43.660 0.0000000000
39323  -33.735  -44.146  45.428 0.0000000000
38243  -36.285  -45.412  44.112 0.0000000000
38244  -37.102  -45.173  43.838 0.0000000000
40307  -39.350  -43.108  43.175 0.0000000000
39344  -39.254  -44.188  43.025 0.0000000000
39358  -39.576  -44.858  42.504 0.0000000000
144201  -40.991  -45.006  41.283 0.0000000000
38275  -41.628  -44.841  40.993 0.0000000000
129985  -41.344  -40.643  41.164 0.0000000000
43178  -41.525  -40.600  41.901 0.0000000000
43159  -41.761  -40.823  42.387 0.0000000000
125700  -42.739  -40.928  42.447 0.0000000000
139453  -44.439  -42.025  41.341 0.0000000000
40355  -44.309  -42.962  40.775 0.0000000000
39398  -44.751  -43.667  39.325 0.0000000000
40367  -45.364  -43.106  39.128 0.0000000000
40368  -45.928  -42.685  38.786 0.0000000000
42338  -47.036  -41.088  38.325 0.0000000000
43263  -47.243  -40.409  37.868 0.0000000000
42347  -47.586  -40.742  36.397 0.0000000000
42358  -47.733  -41.125  35.744 0.0000000000
141426  -47.821  -40.520  35.669 0.0000000000
43295  -48.160  -39.946  35.118 0.0000000000
43123  -16.662  -40.609  44.447 0.0000000000
50380  -53.409  -33.413  34.314 0.0000000000
49379  -53.308  -33.872  33.807 0.0000000000
49378  -53.530  -33.632  33.403 0.0000000000
140632  -52.765  -27.027  33.957 0.0000000000
56758  -52.982  -27.460  34.258 0.0000000000
57844  -53.237  -26.932  33.837 0.0000000000
56777  -54.274  -27.328  33.489 0.0000000000
56792  -54.814  -27.997  33.281 0.0000000000
55699  -57.294  -28.441  29.787 0.0000000000
55681  -56.920  -28.369  30.640 0.0000000000
65870  -55.398  -18.878  27.677 0.0000000000
64929  -54.393  -18.878  27.494 0.0000000000
64914  -54.876  -19.451  28.208 0.0000000000
64901  -54.443  -20.155  28.633 0.0000000000
63925  -53.539  -20.337  28.454 0.0000000000
62965  -53.235  -21.225  28.749 0.0000000000
63910  -54.064  -20.950  28.952 0.0000000000
71592  -58.150  -12.736  21.341 0.0000000000
71594  -59.632  -12.903  21.661 0.0000000000
71607  -58.764  -12.224  20.760 0.0000000000
72518  -59.521  -12.011  20.294 0.0000000000
72528  -60.046  -11.945  19.640 0.0000000000
72541  -59.807  -11.653  19.014 0.0000000000
71630  -60.457  -12.285  19.048 0.0000000000
71631  -60.905  -12.672  18.445 0.0000000000
45069  -46.999  -38.508  37.155 0.0000000000
131639  -46.415  -36.398  37.220 0.0000000000
140850  -46.656  -35.664  36.671 0.0000000000
129564  -46.368  -36.377  38.262 0.0000000000
47185  -46.328  -35.512  37.430 0.0000000000
50304  -48.059  -33.145  37.726 0.0000000000
43125  -18.777  -40.688  45.056 0.0000000000
133313  -20.149  -40.329  44.684 0.0000000000
44055  -21.029  -40.234  44.711 0.0000000000
44056  -21.821  -39.922  44.730 0.0000000000
42233  -31.091  -42.161  45.509 0.0000000000
41305  -35.622  -42.938  43.538 0.0000000000
41306  -36.358  -42.987  43.753 0.0000000000
41285  -36.740  -43.125  43.818 0.0000000000
41286  -37.431  -42.945  43.616 0.0000000000
41287  -38.166  -42.742  43.374 0.0000000000
143489  -38.728  -42.853  43.295 0.0000000000
40309  -40.786  -42.675  42.757 0.0000000000
44094  -44.172  -39.776  41.832 0.0000000000
44093  -43.361  -40.357  41.771 0.0000000000
122887  -46.229  -40.775  43.212 0.0000000000
137605  -46.833  -40.730  44.142 0.0000000000
42245  -46.758  -41.785  44.157 0.0000000000
41331  -46.313  -42.154  43.597 0.0000000000
40328  -46.428  -42.646  42.678 0.0000000000
40341  -46.994  -42.515  42.292 0.0000000000
41350  -46.859  -41.122  41.856 0.0000000000
42303  -46.019  -40.869  40.924 0.0000000000
41364  -47.063  -41.120  42.125 0.0000000000
123958  -46.281  -40.922  40.903 0.0000000000
43223  -46.837  -40.297  40.669 0.0000000000
43180  -47.925  -41.090  40.888 0.0000000000
44147  -47.287  -39.329  38.876 0.0000000000
139835  -47.190  -38.825  38.093 0.0000000000
130366  -52.709  -36.237  38.146 0.0000000000
45070  -52.883  -35.987  37.335 0.0000000000
47186  -53.125  -35.814  38.206 0.0000000000
48265  -54.096  -34.706  37.356 0.0000000000
49336  -52.833  -34.210  36.937 0.0000000000
51387  -52.558  -32.719  37.504 0.0000000000
50347  -52.751  -33.780  37.080 0.0000000000
50358  -52.335  -33.737  35.827 0.0000000000
138022  -53.352  -32.804  34.824 0.0000000000
121300  -54.229  -32.334  34.060 0.0000000000
120820  -54.804  -31.867  33.389 0.0000000000
135848  -53.056  -25.733  31.448 0.0000000000
136225  -54.441  -25.965  31.768 0.0000000000
58959  -55.216  -26.122  31.188 0.0000000000
57895  -55.859  -26.337  30.732 0.0000000000
58978  -56.034  -26.390  30.171 0.0000000000
57909  -56.958  -26.952  29.899 0.0000000000
56838  -57.248  -27.621  29.377 0.0000000000
66831  -55.452  -17.532  24.674 0.0000000000
66830  -54.629  -17.741  24.427 0.0000000000
65895  -55.500  -17.947  26.240 0.0000000000
65884  -55.928  -18.374  27.025 0.0000000000
66811  -57.083  -18.138  26.212 0.0000000000
65885  -56.578  -18.488  26.806 0.0000000000
65871  -56.098  -18.989  27.517 0.0000000000
64916  -56.187  -19.475  27.509 0.0000000000
63926  -56.163  -20.107  27.563 0.0000000000
47139  -45.552  -36.906  41.037 0.0000000000
48225  -45.666  -36.444  40.323 0.0000000000
48224  -45.209  -36.320  40.376 0.0000000000
45013  -43.543  -39.503  40.779 0.0000000000
45031  -43.920  -38.528  40.625 0.0000000000
45015  -44.567  -38.434  41.479 0.0000000000
46065  -44.704  -37.796  41.369 0.0000000000
46046  -45.219  -37.711  41.677 0.0000000000
47128  -45.540  -37.442  41.520 0.0000000000
55622  -51.144  -29.553  35.108 0.0000000000
55623  -51.670  -28.975  34.956 0.0000000000
55651  -51.399  -28.015  33.561 0.0000000000
56775  -51.715  -27.157  33.385 0.0000000000
57876  -52.353  -26.110  32.535 0.0000000000
58942  -51.876  -25.666  31.816 0.0000000000
58956  -52.323  -25.537  31.285 0.0000000000
58974  -52.131  -25.514  30.634 0.0000000000
58993  -52.816  -25.958  29.856 0.0000000000
140001  -53.509  -25.955  29.928 0.0000000000
57926  -53.483  -26.638  29.007 0.0000000000
57959  -53.747  -27.008  28.207 0.0000000000
59012  -54.051  -26.468  27.546 0.0000000000
67765  -54.839  -16.894  23.195 0.0000000000
66841  -55.157  -17.283  23.906 0.0000000000
67757  -55.985  -17.098  24.286 0.0000000000
66832  -56.783  -17.047  24.824 0.0000000000
67758  -57.611  -16.774  24.594 0.0000000000
67767  -57.625  -16.113  24.134 0.0000000000
125723  -58.116  -16.950  24.458 0.0000000000
66833  -57.780  -17.339  24.874 0.0000000000
65905  -58.541  -18.061  24.116 0.0000000000
65910  -58.472  -18.640  23.970 0.0000000000
65918  -58.644  -18.648  23.227 0.0000000000
67776  -59.082  -16.788  22.233 0.0000000000
70657  -59.803  -13.278  21.896 0.0000000000
70659  -60.488  -14.076  21.253 0.0000000000
68811  -60.654  -14.875  20.907 0.0000000000
70681  -60.885  -14.124  20.098 0.0000000000
69741  -60.878  -14.854  20.249 0.0000000000
45102  -49.892  -38.231  34.703 0.0000000000
45103  -50.521  -37.939  34.563 0.0000000000
127892  -51.059  -37.754  34.236 0.0000000000
139566  -51.068  -37.408  35.114 0.0000000000
46173  -47.162  -37.103  35.795 0.0000000000
47221  -48.983  -36.437  35.987 0.0000000000
48293  -49.818  -35.934  36.600 0.0000000000
128366  -50.636  -36.044  36.426 0.0000000000
48279  -51.729  -34.876  36.543 0.0000000000
142748  -52.357  -35.856  38.801 0.0000000000
49295  -52.235  -34.321  39.600 0.0000000000
50287  -52.368  -33.339  40.084 0.0000000000
50305  -51.899  -33.558  39.376 0.0000000000
51351  -52.116  -33.025  38.896 0.0000000000
51352  -52.567  -32.480  39.153 0.0000000000
122261  -51.036  -30.495  36.354 0.0000000000
49265  -45.317  -35.824  39.761 0.0000000000
50285  -45.688  -34.562  38.561 0.0000000000
51337  -45.396  -33.698  38.382 0.0000000000
50302  -45.808  -33.677  38.160 0.0000000000
50303  -46.694  -33.190  37.663 0.0000000000
51350  -47.375  -32.880  37.571 0.0000000000
52386  -47.464  -32.573  37.421 0.0000000000
52399  -48.628  -32.302  37.388 0.0000000000
121857  -51.165  -29.864  35.594 0.0000000000
40286  -17.455  -43.234  44.311 0.0000000000
145985  -17.889  -43.152  43.869 0.0000000000
42226  -19.661  -41.483  45.055 0.0000000000
141894  -24.064  -41.093  45.376 0.0000000000
42240  -24.455  -41.351  44.961 0.0000000000
42196  -27.758  -41.486  46.628 0.0000000000
41228  -28.055  -42.106  46.503 0.0000000000
41245  -28.349  -42.725  46.343 0.0000000000
39308  -28.276  -43.835  45.896 0.0000000000
38220  -30.486  -44.736  46.208 0.0000000000
38228  -30.287  -45.462  45.621 0.0000000000
41302  -32.827  -42.639  43.454 0.0000000000
146481  -32.183  -42.443  44.632 0.0000000000
42234  -31.860  -42.587  45.257 0.0000000000
40267  -32.244  -43.957  46.041 0.0000000000
39313  -32.454  -44.674  45.928 0.0000000000
39322  -33.210  -44.873  45.662 0.0000000000
38230  -32.556  -45.481  45.527 0.0000000000
37137  -32.875  -46.070  45.131 0.0000000000
39343  -38.473  -44.542  43.268 0.0000000000
38252  -38.290  -45.437  43.086 0.0000000000
38263  -38.040  -46.093  42.643 0.0000000000
143008  -39.163  -40.789  41.758 0.0000000000
43140  -40.369  -41.169  42.691 0.0000000000
41310  -41.123  -41.990  42.821 0.0000000000
41329  -41.434  -42.785  42.424 0.0000000000
42260  -42.398  -41.390  42.536 0.0000000000
39369  -42.124  -44.094  41.303 0.0000000000
38276  -42.450  -44.689  40.579 0.0000000000
39382  -43.325  -44.211  40.467 0.0000000000
41389  -46.380  -42.252  38.419 0.0000000000
41390  -46.774  -41.847  37.996 0.0000000000
143889  -46.501  -42.347  37.654 0.0000000000
42372  -47.323  -41.286  33.925 0.0000000000
42364  -47.774  -41.205  35.031 0.0000000000
42367  -47.752  -41.063  34.400 0.0000000000
137085  -17.269  -42.790  45.480 0.0000000000
47246  -52.277  -35.034  35.968 0.0000000000
54518  -52.160  -29.319  35.403 0.0000000000
54519  -52.799  -29.393  35.153 0.0000000000
54508  -53.274  -29.872  34.964 0.0000000000
56742  -53.512  -28.361  34.433 0.0000000000
121180  -53.746  -29.672  34.483 0.0000000000
144328  -54.092  -30.921  34.344 0.0000000000
53489  -54.984  -31.049  33.257 0.0000000000
52464  -55.251  -31.494  32.652 0.0000000000
57878  -54.663  -26.422  32.423 0.0000000000
56793  -55.380  -27.723  32.525 0.0000000000
144525  -55.641  -29.090  32.454 0.0000000000
54571  -56.115  -29.322  31.831 0.0000000000
137010  -55.593  -29.820  32.455 0.0000000000
52482  -55.722  -31.231  31.815 0.0000000000
51475  -55.195  -32.224  31.691 0.0000000000
59053  -51.581  -25.879  26.834 0.0000000000
59031  -52.478  -25.574  27.077 0.0000000000
140434  -52.969  -25.000  27.301 0.0000000000
59983  -53.692  -25.079  27.259 0.0000000000
65903  -54.038  -18.131  25.197 0.0000000000
132191  -53.289  -18.518  25.526 0.0000000000
65893  -52.542  -18.719  25.295 0.0000000000
64936  -52.901  -18.820  26.178 0.0000000000
64935  -52.116  -19.105  25.906 0.0000000000
62978  -51.517  -21.799  27.595 0.0000000000
61977  -51.397  -22.569  27.747 0.0000000000
139294  -52.956  -21.959  28.814 0.0000000000
61978  -52.208  -22.425  28.346 0.0000000000
60991  -52.642  -23.252  28.361 0.0000000000
60978  -54.079  -25.008  26.921 0.0000000000
61015  -54.086  -23.468  27.075 0.0000000000
61016  -54.411  -24.506  26.564 0.0000000000
39346  -46.290  -42.897  43.186 0.0000000000
39347  -47.462  -43.268  42.994 0.0000000000
39348  -47.806  -43.141  42.852 0.0000000000
39361  -46.521  -43.579  42.804 0.0000000000
39371  -48.233  -42.881  42.106 0.0000000000
39384  -48.088  -43.205  41.826 0.0000000000
39396  -43.614  -44.545  39.933 0.0000000000
40294  -46.932  -42.297  43.610 0.0000000000
40310  -46.812  -42.343  43.498 0.0000000000
40311  -47.062  -42.818  43.162 0.0000000000
40312  -47.704  -42.820  43.159 0.0000000000
40313  -48.016  -42.141  43.164 0.0000000000
40329  -48.166  -42.766  42.850 0.0000000000
40342  -47.489  -42.201  41.775 0.0000000000
40343  -48.339  -42.935  41.602 0.0000000000
41288  -46.906  -42.126  43.989 0.0000000000
41289  -47.169  -41.819  44.009 0.0000000000
41314  -48.225  -41.744  42.992 0.0000000000
41332  -46.365  -42.202  42.715 0.0000000000
41334  -48.450  -41.517  42.526 0.0000000000
41348  -45.171  -41.508  41.053 0.0000000000
41349  -46.722  -41.341  42.229 0.0000000000
41351  -48.404  -42.094  42.174 0.0000000000
41352  -48.957  -42.043  41.742 0.0000000000
41365  -48.132  -41.935  41.312 0.0000000000
41366  -49.030  -42.025  41.216 0.0000000000
41422  -47.443  -41.727  34.974 0.0000000000
42246  -47.018  -41.114  44.172 0.0000000000
42247  -47.589  -41.245  43.356 0.0000000000
42261  -46.700  -42.078  43.998 0.0000000000
42262  -47.989  -41.300  43.175 0.0000000000
42263  -48.427  -41.058  43.116 0.0000000000
42284  -48.363  -41.269  43.013 0.0000000000
42285  -48.765  -40.974  43.006 0.0000000000
42305  -49.163  -40.989  41.985 0.0000000000
42320  -48.205  -41.239  41.301 0.0000000000
43130  -47.047  -40.807  44.121 0.0000000000
43131  -47.408  -40.730  43.375 0.0000000000
43143  -46.297  -40.415  43.800 0.0000000000
43145  -48.070  -40.542  43.427 0.0000000000
43146  -48.442  -40.033  43.250 0.0000000000
43164  -48.957  -40.163  43.051 0.0000000000
43181  -49.147  -40.910  42.440 0.0000000000
43182  -49.226  -40.430  42.382 0.0000000000
43202  -48.600  -40.841  41.136 0.0000000000
43203  -49.198  -40.755  41.640 0.0000000000
44063  -46.711  -40.447  44.024 0.0000000000
44064  -47.139  -40.592  44.004 0.0000000000
44079  -47.038  -40.432  43.201 0.0000000000
44080  -47.303  -39.822  43.731 0.0000000000
44081  -48.138  -39.792  43.275 0.0000000000
44082  -48.910  -39.514  43.129 0.0000000000
44098  -48.240  -38.883  42.340 0.0000000000
44112  -48.277  -39.828  41.560 0.0000000000
44113  -49.449  -39.689  41.561 0.0000000000
44114  -49.354  -40.378  41.876 0.0000000000
44203  -48.594  -39.139  34.862 0.0000000000
44978  -47.729  -39.463  43.068 0.0000000000
44996  -44.873  -38.374  41.817 0.0000000000
44998  -45.998  -39.967  42.109 0.0000000000
44999  -46.922  -39.170  41.599 0.0000000000
45000  -48.990  -39.072  42.794 0.0000000000
45014  -44.336  -38.067  41.063 0.0000000000
45017  -46.705  -39.851  41.374 0.0000000000
45018  -49.112  -39.245  42.180 0.0000000000
45060  -53.106  -35.842  37.638 0.0000000000
45071  -53.051  -35.943  37.113 0.0000000000
45083  -52.856  -35.421  36.966 0.0000000000
45084  -53.021  -35.889  36.953 0.0000000000
45085  -53.166  -35.253  36.771 0.0000000000
45104  -53.113  -35.053  36.289 0.0000000000
45120  -50.081  -38.532  34.210 0.0000000000
46047  -45.681  -37.948  41.798 0.0000000000
46129  -53.011  -35.515  37.797 0.0000000000
46153  -52.813  -36.320  37.578 0.0000000000
46154  -53.444  -35.195  36.757 0.0000000000
46177  -52.781  -35.581  37.120 0.0000000000
46178  -52.239  -35.012  36.573 0.0000000000
46200  -52.524  -35.280  35.884 0.0000000000
46201  -53.164  -35.118  35.951 0.0000000000
47138  -44.867  -37.150  41.221 0.0000000000
47140  -46.118  -37.001  40.740 0.0000000000
47172  -52.885  -36.005  38.949 0.0000000000
47187  -54.020  -35.122  37.880 0.0000000000
47188  -54.065  -34.947  36.618 0.0000000000
47205  -51.686  -35.406  37.157 0.0000000000
47224  -52.041  -35.093  36.268 0.0000000000
47225  -52.057  -35.353  35.918 0.0000000000
47226  -53.767  -34.817  36.350 0.0000000000
47247  -52.769  -34.878  36.074 0.0000000000
47248  -52.347  -34.645  35.820 0.0000000000
48223  -44.841  -36.134  40.151 0.0000000000
48248  -52.773  -35.327  39.081 0.0000000000
48249  -53.404  -34.750  39.064 0.0000000000
48261  -52.266  -34.695  38.001 0.0000000000
48262  -52.273  -34.926  37.914 0.0000000000
48263  -53.384  -35.317  38.424 0.0000000000
48264  -54.399  -35.008  37.895 0.0000000000
48280  -53.978  -35.004  37.255 0.0000000000
48296  -52.261  -35.629  35.492 0.0000000000
48297  -53.089  -34.147  36.793 0.0000000000
48311  -52.053  -36.132  35.323 0.0000000000
48312  -52.601  -35.377  35.051 0.0000000000
48314  -52.233  -34.291  35.946 0.0000000000
48328  -52.745  -35.123  34.517 0.0000000000
48330  -52.687  -34.452  34.976 0.0000000000
48348  -52.969  -34.054  34.426 0.0000000000
49280  -52.003  -33.615  39.943 0.0000000000
49281  -52.442  -33.664  40.050 0.0000000000
49296  -54.051  -34.008  38.948 0.0000000000
49311  -54.230  -34.385  38.273 0.0000000000
49312  -54.193  -34.355  37.466 0.0000000000
49326  -54.034  -34.292  37.153 0.0000000000
49347  -52.279  -33.854  35.881 0.0000000000
49348  -52.580  -33.785  35.025 0.0000000000
49361  -52.949  -34.334  34.354 0.0000000000
49362  -52.994  -33.694  34.605 0.0000000000
49380  -53.228  -33.644  34.306 0.0000000000
50284  -45.362  -34.448  38.672 0.0000000000
50286  -52.479  -32.838  39.776 0.0000000000
50288  -52.794  -32.927  39.790 0.0000000000
50306  -53.971  -33.179  38.859 0.0000000000
50336  -54.019  -33.525  37.128 0.0000000000
50359  -52.901  -33.292  35.065 0.0000000000
51353  -52.932  -32.387  39.194 0.0000000000
51354  -52.892  -32.427  39.073 0.0000000000
51368  -48.248  -32.722  37.475 0.0000000000
51370  -50.714  -32.787  37.924 0.0000000000
51372  -54.000  -32.855  38.566 0.0000000000
51373  -54.048  -33.155  37.804 0.0000000000
51404  -52.040  -33.395  36.959 0.0000000000
52388  -52.738  -32.008  38.702 0.0000000000
52401  -50.299  -31.829  37.617 0.0000000000
52418  -52.132  -32.936  37.112 0.0000000000
52476  -55.334  -31.934  32.121 0.0000000000
53409  -52.331  -31.975  37.637 0.0000000000
53410  -52.741  -32.007  38.228 0.0000000000
53414  -47.913  -31.890  37.104 0.0000000000
53418  -51.910  -32.336  36.867 0.0000000000
53432  -52.103  -31.776  36.648 0.0000000000
53433  -51.924  -32.635  36.845 0.0000000000
53445  -52.389  -30.916  36.116 0.0000000000
53447  -52.862  -32.163  35.708 0.0000000000
53516  -56.142  -30.741  31.287 0.0000000000
54504  -50.858  -30.299  36.042 0.0000000000
54517  -51.673  -29.483  35.474 0.0000000000
55639  -51.771  -28.325  34.271 0.0000000000
55640  -52.580  -28.045  34.562 0.0000000000
55661  -55.330  -28.574  32.807 0.0000000000
56759  -53.616  -27.571  34.065 0.0000000000
56760  -53.985  -28.229  34.051 0.0000000000
56810  -56.227  -26.866  30.943 0.0000000000
56823  -56.386  -26.629  30.304 0.0000000000
56824  -57.108  -27.574  30.218 0.0000000000
57860  -54.216  -26.647  33.104 0.0000000000
57861  -54.191  -28.247  33.859 0.0000000000
57879  -55.306  -26.867  32.177 0.0000000000
57991  -56.830  -27.496  27.320 0.0000000000
58943  -52.695  -25.798  31.957 0.0000000000
58975  -53.076  -25.695  30.731 0.0000000000
63912  -55.178  -20.388  28.373 0.0000000000
64915  -55.573  -19.434  28.017 0.0000000000
64926  -51.856  -19.641  26.333 0.0000000000
64930  -56.762  -19.622  26.945 0.0000000000
65886  -57.026  -18.600  26.505 0.0000000000
66825  -58.192  -17.628  24.621 0.0000000000
67753  -57.318  -17.389  25.226 0.0000000000
67785  -59.735  -16.111  21.303 0.0000000000
68790  -57.986  -15.545  23.871 0.0000000000
68801  -57.645  -14.941  23.407 0.0000000000
69711  -59.171  -15.075  22.850 0.0000000000
70641  -59.172  -14.064  22.952 0.0000000000
70646  -58.493  -13.256  22.199 0.0000000000
70658  -60.221  -13.321  21.421 0.0000000000
70674  -60.584  -13.511  20.731 0.0000000000
71593  -59.085  -12.717  21.625 0.0000000000
71608  -59.591  -12.483  21.091 0.0000000000
71610  -60.453  -12.903  20.457 0.0000000000
120815  -53.675  -33.031  34.324 0.0000000000
120821  -53.866  -28.871  34.226 0.0000000000
120822  -54.451  -29.313  33.724 0.0000000000
121263  -54.324  -28.599  33.774 0.0000000000
121620  -55.887  -26.491  29.676 0.0000000000
122084  -52.156  -33.623  36.307 0.0000000000
122158  -59.991  -11.567  18.403 0.0000000000
123388  -52.013  -34.043  36.066 0.0000000000
124330  -53.405  -33.598  34.103 0.0000000000
125141  -52.102  -34.950  39.175 0.0000000000
126705  -46.341  -41.391  42.661 0.0000000000
128983  -53.158  -28.749  34.738 0.0000000000
129419  -53.879  -33.122  36.910 0.0000000000
130385  -54.102  -35.118  37.148 0.0000000000
130541  -46.826  -39.924  41.143 0.0000000000
131176  -45.009  -38.910  42.052 0.0000000000
131518  -53.692  -35.072  36.290 0.0000000000
132301  -48.805  -39.928  33.381 0.0000000000
132605  -45.260  -37.156  41.321 0.0000000000
133107  -55.871  -19.412  27.797 0.0000000000
134407  -47.794  -40.869  33.903 0.0000000000
135596  -52.042  -28.128  34.412 0.0000000000
138021  -54.022  -32.850  34.057 0.0000000000
138154  -57.067  -29.088  30.318 0.0000000000
138574  -52.876  -35.783  37.019 0.0000000000
138925  -52.564  -33.200  35.671 0.0000000000
139418  -58.255  -19.236  23.227 0.0000000000
139615  -54.171  -35.092  37.320 0.0000000000
139814  -47.556  -43.267  42.613 0.0000000000
140307  -53.159  -34.105  37.098 0.0000000000
141420  -52.005  -33.228  39.980 0.0000000000
142089  -46.658  -41.164  44.096 0.0000000000
142118  -49.137  -41.843  41.729 0.0000000000
142467  -52.710  -34.397  39.427 0.0000000000
142892  -53.773  -26.931  33.608 0.0000000000
143638  -57.919  -19.698  24.217 0.0000000000
144127  -60.952  -13.448  19.320 0.0000000000
145003  -39.749  -44.303  42.679 0.0000000000
145200  -57.414  -28.212  29.207 0.0000000000
145330  -46.871  -41.260  44.159 0.0000000000
145759  -55.037  -32.109  32.808 0.0000000000
146403  -46.356  -33.970  37.817 0.0000000000
146444  -56.710  -27.069  30.456 0.0000000000
146549  -52.826  -36.054  37.131 0.0000000000
146692  -45.682  -39.795  41.886 0.0000000000
