#!ascii label  , from subject sub-v1s0x0050642_ses-1 vox2ras=TkReg
1684
44258  -48.034  -39.432  31.854 0.0000000000
122847  -33.160  -46.807  43.222 0.0000000000
56936  -48.189  -27.258  21.409 0.0000000000
49514  -40.392  -34.331  22.474 0.0000000000
122199  -51.025  -33.405  25.724 0.0000000000
37283  -41.754  -45.671  37.899 0.0000000000
41439  -31.266  -42.409  33.455 0.0000000000
44291  -35.148  -39.432  26.178 0.0000000000
141309  -24.889  -41.612  43.150 0.0000000000
64964  -57.809  -19.512  22.823 0.0000000000
36271  -27.301  -47.290  34.423 0.0000000000
46322  -44.583  -36.664  26.641 0.0000000000
51538  -45.592  -32.374  25.136 0.0000000000
49423  -49.023  -34.419  30.109 0.0000000000
40439  -45.330  -43.321  34.925 0.0000000000
40492  -39.306  -43.651  30.909 0.0000000000
44275  -41.525  -39.460  29.962 0.0000000000
48421  -37.255  -35.698  25.947 0.0000000000
67819  -58.320  -15.957  19.159 0.0000000000
38225  -28.266  -45.247  44.931 0.0000000000
38324  -24.998  -45.449  38.126 0.0000000000
38307  -28.064  -45.199  39.901 0.0000000000
53618  -51.399  -31.034  21.576 0.0000000000
37231  -37.205  -46.591  40.733 0.0000000000
39409  -32.701  -44.383  38.651 0.0000000000
141177  -36.820  -44.053  35.015 0.0000000000
41491  -33.783  -42.040  29.653 0.0000000000
126114  -21.497  -42.298  42.987 0.0000000000
53553  -56.986  -29.690  27.463 0.0000000000
59084  -54.281  -25.410  23.944 0.0000000000
62981  -55.111  -21.043  28.197 0.0000000000
62037  -51.617  -22.503  22.286 0.0000000000
65021  -52.527  -19.594  18.127 0.0000000000
42336  -23.007  -41.622  37.468 0.0000000000
39450  -28.591  -44.128  35.267 0.0000000000
45204  -46.665  -37.443  29.020 0.0000000000
47358  -46.587  -36.623  28.104 0.0000000000
46287  -48.883  -37.079  30.586 0.0000000000
42383  -47.302  -40.899  33.384 0.0000000000
42379  -43.931  -40.955  32.474 0.0000000000
44267  -44.969  -38.746  31.028 0.0000000000
46294  -42.783  -37.155  28.608 0.0000000000
56949  -49.852  -27.381  19.467 0.0000000000
59154  -48.720  -25.264  19.274 0.0000000000
37143  -29.645  -46.342  44.202 0.0000000000
37174  -28.247  -46.476  42.580 0.0000000000
142441  -30.381  -46.611  42.393 0.0000000000
125199  -40.999  -32.237  21.826 0.0000000000
51527  -48.370  -32.692  25.664 0.0000000000
51550  -46.681  -31.831  23.293 0.0000000000
50537  -49.165  -33.106  22.845 0.0000000000
137179  -49.927  -31.972  20.088 0.0000000000
50540  -51.583  -32.765  22.810 0.0000000000
37255  -40.050  -45.984  39.546 0.0000000000
38346  -37.393  -45.207  37.820 0.0000000000
38363  -39.381  -45.298  36.363 0.0000000000
146854  -37.845  -41.789  28.324 0.0000000000
135674  -36.539  -43.062  30.170 0.0000000000
42427  -34.128  -41.479  27.765 0.0000000000
49475  -39.119  -35.008  24.281 0.0000000000
56900  -56.062  -27.836  25.002 0.0000000000
63022  -53.823  -21.417  24.609 0.0000000000
63985  -54.851  -20.775  22.408 0.0000000000
63075  -52.601  -21.236  20.239 0.0000000000
64991  -54.797  -19.526  20.324 0.0000000000
137191  -55.626  -15.470  17.196 0.0000000000
125167  -22.875  -41.817  43.747 0.0000000000
41357  -21.676  -42.255  40.245 0.0000000000
121738  -24.275  -41.724  39.907 0.0000000000
36241  -25.732  -46.775  35.909 0.0000000000
139818  -24.926  -45.755  34.243 0.0000000000
36294  -26.074  -47.127  33.196 0.0000000000
40420  -31.978  -43.075  35.550 0.0000000000
40390  -30.258  -43.355  37.170 0.0000000000
141924  -29.645  -42.871  34.419 0.0000000000
48438  -42.785  -35.762  24.902 0.0000000000
142500  -43.083  -33.750  23.647 0.0000000000
48441  -44.579  -35.474  25.773 0.0000000000
50465  -47.324  -33.422  27.746 0.0000000000
50468  -49.958  -33.023  28.356 0.0000000000
139179  -43.437  -44.390  36.177 0.0000000000
38405  -40.782  -44.553  34.180 0.0000000000
40474  -42.366  -43.229  32.865 0.0000000000
42395  -40.638  -41.368  29.954 0.0000000000
124411  -38.095  -39.524  27.743 0.0000000000
46318  -35.940  -37.455  26.502 0.0000000000
46307  -39.694  -37.530  27.529 0.0000000000
127128  -40.516  -36.318  26.361 0.0000000000
65937  -58.406  -17.868  21.157 0.0000000000
68810  -60.219  -15.538  21.138 0.0000000000
144436  -26.799  -43.410  44.076 0.0000000000
40353  -25.604  -43.431  40.437 0.0000000000
37195  -26.488  -45.661  41.698 0.0000000000
36231  -26.219  -46.687  39.207 0.0000000000
37280  -26.773  -46.235  37.364 0.0000000000
53586  -43.560  -30.819  22.489 0.0000000000
53630  -50.431  -30.636  19.232 0.0000000000
54695  -50.563  -29.656  22.040 0.0000000000
36204  -35.333  -46.920  42.319 0.0000000000
38290  -32.381  -45.957  40.638 0.0000000000
129520  -35.329  -45.869  39.483 0.0000000000
39438  -34.999  -44.105  36.936 0.0000000000
40450  -33.859  -43.062  33.787 0.0000000000
132001  -38.128  -43.818  32.486 0.0000000000
40487  -35.448  -43.081  31.624 0.0000000000
41465  -32.144  -42.134  31.798 0.0000000000
130062  -50.740  -38.095  33.612 0.0000000000
37147  -34.885  -46.211  44.196 0.0000000000
38264  -39.272  -45.731  42.214 0.0000000000
123014  -41.795  -45.211  40.363 0.0000000000
47303  -51.796  -36.134  33.153 0.0000000000
50412  -52.601  -33.642  31.394 0.0000000000
122618  -53.692  -33.050  28.819 0.0000000000
52487  -56.225  -31.163  30.087 0.0000000000
122660  -54.917  -32.453  26.374 0.0000000000
53578  -54.418  -30.801  24.194 0.0000000000
143965  -53.028  -28.632  23.601 0.0000000000
129572  -50.740  -26.661  23.459 0.0000000000
61014  -53.988  -23.098  26.584 0.0000000000
61073  -52.294  -23.726  23.652 0.0000000000
60064  -49.468  -24.065  21.968 0.0000000000
62056  -49.105  -22.792  19.663 0.0000000000
66890  -55.083  -16.861  18.726 0.0000000000
40364  -19.990  -42.848  39.890 0.0000000000
40444  -22.106  -42.650  33.210 0.0000000000
40387  -24.885  -43.500  37.356 0.0000000000
40446  -24.103  -42.779  33.584 0.0000000000
39408  -30.172  -44.101  39.222 0.0000000000
39436  -27.969  -44.168  37.156 0.0000000000
126122  -28.268  -46.302  35.396 0.0000000000
37298  -30.531  -47.215  34.657 0.0000000000
45182  -47.353  -38.174  30.451 0.0000000000
45196  -47.675  -37.548  29.893 0.0000000000
44272  -48.942  -38.214  31.163 0.0000000000
43316  -47.617  -40.408  32.809 0.0000000000
43323  -45.586  -39.899  32.112 0.0000000000
44256  -46.171  -39.360  31.604 0.0000000000
45180  -45.620  -38.312  30.323 0.0000000000
55794  -48.755  -28.261  20.526 0.0000000000
58102  -48.638  -26.918  20.228 0.0000000000
59144  -48.689  -26.067  19.816 0.0000000000
125365  -48.331  -26.047  20.292 0.0000000000
37158  -31.141  -46.488  43.779 0.0000000000
37176  -29.706  -46.606  43.128 0.0000000000
37177  -31.223  -46.663  42.633 0.0000000000
50554  -39.555  -33.680  21.472 0.0000000000
50555  -40.930  -33.070  22.062 0.0000000000
50494  -49.378  -33.118  25.286 0.0000000000
51541  -48.182  -32.635  24.097 0.0000000000
50507  -50.381  -33.285  23.927 0.0000000000
50538  -50.059  -33.135  22.583 0.0000000000
121935  -51.300  -33.255  23.901 0.0000000000
37270  -40.530  -45.784  38.661 0.0000000000
38332  -39.188  -45.722  37.938 0.0000000000
38349  -40.723  -45.661  37.097 0.0000000000
123237  -36.104  -40.909  27.059 0.0000000000
42414  -36.206  -41.917  28.099 0.0000000000
43351  -35.400  -40.972  26.943 0.0000000000
140425  -33.486  -40.519  26.757 0.0000000000
49495  -40.099  -34.711  23.198 0.0000000000
49493  -38.399  -34.400  23.210 0.0000000000
49512  -38.609  -34.183  22.337 0.0000000000
63970  -55.706  -20.813  23.529 0.0000000000
64003  -56.240  -20.125  22.305 0.0000000000
64001  -54.839  -20.418  21.632 0.0000000000
64976  -56.524  -19.625  21.662 0.0000000000
42270  -24.365  -41.628  42.213 0.0000000000
41341  -23.498  -41.719  41.791 0.0000000000
42271  -25.123  -41.805  41.964 0.0000000000
144271  -26.065  -47.020  35.564 0.0000000000
36269  -25.810  -47.008  34.486 0.0000000000
36270  -26.466  -47.216  34.275 0.0000000000
35361  -27.116  -47.736  32.954 0.0000000000
35346  -27.980  -47.777  33.979 0.0000000000
40432  -31.637  -42.774  34.779 0.0000000000
41420  -30.794  -42.760  35.151 0.0000000000
41438  -30.361  -42.473  33.610 0.0000000000
47378  -43.197  -36.130  25.536 0.0000000000
48440  -43.685  -35.436  25.076 0.0000000000
47380  -44.508  -36.052  26.019 0.0000000000
48413  -47.799  -35.626  29.294 0.0000000000
49438  -46.841  -34.422  28.120 0.0000000000
50446  -47.580  -33.848  28.614 0.0000000000
50466  -48.296  -33.023  28.085 0.0000000000
146678  -49.001  -33.372  29.234 0.0000000000
39457  -44.651  -43.688  35.917 0.0000000000
39468  -43.083  -44.141  34.715 0.0000000000
40455  -43.518  -43.518  33.756 0.0000000000
43322  -42.495  -40.243  31.257 0.0000000000
42388  -41.906  -41.666  31.120 0.0000000000
43329  -41.207  -40.475  30.189 0.0000000000
121696  -39.191  -40.245  28.608 0.0000000000
44274  -40.257  -39.278  29.029 0.0000000000
45200  -39.376  -38.764  28.187 0.0000000000
45201  -40.588  -38.523  28.784 0.0000000000
46295  -43.734  -37.071  27.934 0.0000000000
47346  -42.004  -36.924  28.007 0.0000000000
47355  -43.122  -36.651  26.793 0.0000000000
145788  -41.406  -36.010  25.433 0.0000000000
132048  -27.132  -44.187  44.133 0.0000000000
131566  -26.561  -44.364  42.461 0.0000000000
38249  -27.268  -45.539  42.990 0.0000000000
121664  -27.800  -46.425  41.303 0.0000000000
145768  -26.971  -46.377  40.485 0.0000000000
37248  -26.642  -46.432  39.352 0.0000000000
37265  -26.150  -46.862  38.505 0.0000000000
130119  -27.094  -45.773  38.880 0.0000000000
50503  -44.039  -33.390  24.522 0.0000000000
51563  -43.046  -32.231  23.080 0.0000000000
139619  -44.790  -31.875  24.172 0.0000000000
52563  -47.142  -32.050  21.645 0.0000000000
52561  -45.765  -30.988  21.940 0.0000000000
53615  -46.214  -30.867  20.317 0.0000000000
52577  -50.868  -31.298  20.931 0.0000000000
52587  -50.309  -31.355  19.418 0.0000000000
139632  -50.879  -30.845  20.813 0.0000000000
54719  -50.484  -30.124  19.877 0.0000000000
54709  -51.232  -30.459  21.569 0.0000000000
37204  -35.998  -46.864  41.719 0.0000000000
37229  -35.463  -46.749  40.893 0.0000000000
37250  -35.846  -46.411  40.107 0.0000000000
39441  -37.228  -44.478  36.491 0.0000000000
39427  -35.927  -44.397  37.237 0.0000000000
39439  -35.641  -43.995  36.366 0.0000000000
40422  -34.407  -43.467  35.383 0.0000000000
40423  -35.112  -43.531  34.871 0.0000000000
39500  -40.467  -43.970  32.911 0.0000000000
39479  -39.547  -44.305  33.319 0.0000000000
39513  -38.566  -43.777  31.882 0.0000000000
41480  -35.162  -42.615  30.122 0.0000000000
139311  -35.931  -43.169  31.000 0.0000000000
41468  -34.576  -42.561  30.625 0.0000000000
41467  -34.054  -42.608  31.337 0.0000000000
47361  -36.357  -36.687  26.523 0.0000000000
38274  -40.393  -45.482  41.305 0.0000000000
123895  -44.998  -43.624  38.689 0.0000000000
46232  -51.429  -36.827  33.269 0.0000000000
49377  -53.170  -34.108  33.206 0.0000000000
50395  -54.147  -33.131  32.188 0.0000000000
50437  -52.600  -33.407  29.997 0.0000000000
50431  -54.572  -32.424  30.742 0.0000000000
52492  -56.731  -30.673  28.391 0.0000000000
51506  -55.890  -31.994  27.656 0.0000000000
52510  -56.164  -31.535  26.443 0.0000000000
50511  -54.392  -32.146  25.090 0.0000000000
52531  -55.924  -30.943  25.802 0.0000000000
58045  -55.559  -26.460  24.503 0.0000000000
143417  -55.041  -28.094  24.250 0.0000000000
56918  -53.616  -27.483  23.662 0.0000000000
56916  -51.678  -27.928  23.586 0.0000000000
130403  -52.804  -25.835  23.565 0.0000000000
123901  -54.772  -21.580  27.624 0.0000000000
63035  -52.972  -21.794  23.868 0.0000000000
62013  -52.809  -22.405  24.340 0.0000000000
62025  -51.889  -22.755  23.103 0.0000000000
60050  -50.743  -24.431  22.902 0.0000000000
62036  -50.795  -23.001  21.895 0.0000000000
62046  -49.387  -22.999  20.664 0.0000000000
62058  -50.705  -22.262  20.699 0.0000000000
64028  -52.442  -20.354  18.765 0.0000000000
63093  -50.907  -21.207  18.003 0.0000000000
64035  -51.536  -20.828  17.372 0.0000000000
66881  -58.039  -17.004  20.153 0.0000000000
134844  -56.187  -17.243  19.591 0.0000000000
67803  -56.727  -16.513  19.339 0.0000000000
123465  -22.649  -41.749  38.860 0.0000000000
41385  -21.910  -42.017  38.424 0.0000000000
41399  -22.252  -41.743  36.951 0.0000000000
41417  -21.729  -42.154  35.559 0.0000000000
41418  -22.603  -41.767  35.273 0.0000000000
38284  -25.241  -44.915  39.821 0.0000000000
40365  -25.202  -43.214  39.119 0.0000000000
39405  -24.994  -44.630  37.749 0.0000000000
40430  -24.503  -43.743  34.000 0.0000000000
37354  -25.996  -47.007  29.204 0.0000000000
38326  -33.046  -44.983  39.260 0.0000000000
38308  -31.831  -45.386  40.253 0.0000000000
129690  -31.774  -44.091  38.670 0.0000000000
40416  -28.820  -43.452  36.044 0.0000000000
40389  -29.387  -43.482  37.583 0.0000000000
39449  -28.066  -44.296  36.213 0.0000000000
39435  -27.616  -44.973  36.865 0.0000000000
38373  -28.211  -45.202  35.465 0.0000000000
36257  -30.247  -47.646  34.730 0.0000000000
126395  -45.428  -37.134  27.844 0.0000000000
47356  -45.547  -36.596  27.209 0.0000000000
46298  -46.841  -37.127  28.716 0.0000000000
46300  -47.740  -36.869  29.624 0.0000000000
47343  -48.705  -36.454  30.328 0.0000000000
41444  -46.059  -42.399  34.159 0.0000000000
143726  -44.595  -42.622  33.567 0.0000000000
42381  -45.376  -41.216  33.019 0.0000000000
135608  -44.086  -40.098  32.085 0.0000000000
45177  -43.159  -38.551  30.459 0.0000000000
46281  -42.258  -37.794  29.290 0.0000000000
45178  -43.902  -38.118  30.285 0.0000000000
46283  -44.198  -37.506  29.151 0.0000000000
59155  -49.275  -24.910  18.889 0.0000000000
38240  -29.218  -46.091  44.696 0.0000000000
37154  -28.008  -46.325  43.081 0.0000000000
37156  -29.136  -46.513  43.404 0.0000000000
37198  -28.974  -46.643  42.146 0.0000000000
144063  -29.315  -45.801  40.897 0.0000000000
122300  -46.619  -32.142  24.948 0.0000000000
52529  -46.040  -31.713  23.904 0.0000000000
51540  -47.413  -32.256  24.542 0.0000000000
51565  -47.908  -32.645  22.647 0.0000000000
123612  -47.863  -32.637  21.874 0.0000000000
51588  -48.598  -32.370  20.365 0.0000000000
51577  -49.568  -32.750  21.277 0.0000000000
51578  -50.699  -32.297  21.509 0.0000000000
51580  -51.907  -31.873  22.328 0.0000000000
144458  -38.324  -46.395  40.216 0.0000000000
38313  -37.133  -46.051  39.249 0.0000000000
37268  -38.866  -45.978  38.894 0.0000000000
38347  -38.348  -45.339  37.452 0.0000000000
39442  -37.947  -44.572  36.020 0.0000000000
40517  -38.575  -43.075  29.863 0.0000000000
40506  -38.102  -43.402  30.417 0.0000000000
41495  -37.404  -42.737  29.189 0.0000000000
41506  -35.771  -42.349  28.887 0.0000000000
41504  -33.849  -41.779  28.524 0.0000000000
42411  -32.427  -41.255  28.447 0.0000000000
42426  -33.200  -41.313  28.016 0.0000000000
48433  -37.958  -35.310  25.439 0.0000000000
49473  -36.917  -34.546  24.277 0.0000000000
56855  -57.401  -28.158  28.039 0.0000000000
54661  -56.747  -29.074  26.287 0.0000000000
59036  -56.834  -27.305  26.984 0.0000000000
59070  -56.237  -25.880  26.007 0.0000000000
60041  -55.405  -25.031  25.199 0.0000000000
62994  -56.030  -20.681  27.227 0.0000000000
124304  -55.345  -21.177  26.715 0.0000000000
63023  -55.040  -21.180  24.922 0.0000000000
63036  -54.136  -21.142  23.842 0.0000000000
63052  -53.433  -21.297  22.510 0.0000000000
122072  -52.222  -21.673  20.840 0.0000000000
63066  -53.331  -21.194  21.547 0.0000000000
64017  -53.755  -20.247  20.085 0.0000000000
65943  -53.760  -19.054  19.005 0.0000000000
68854  -58.434  -15.348  17.635 0.0000000000
68838  -56.856  -15.411  18.132 0.0000000000
68870  -57.068  -14.971  16.704 0.0000000000
41297  -22.082  -42.075  43.603 0.0000000000
41320  -21.696  -42.312  41.904 0.0000000000
136728  -22.553  -42.024  41.673 0.0000000000
121450  -23.302  -41.699  40.180 0.0000000000
41387  -23.357  -41.671  38.339 0.0000000000
36234  -25.383  -46.532  37.302 0.0000000000
38358  -25.024  -45.311  36.648 0.0000000000
134401  -25.197  -46.290  34.937 0.0000000000
37321  -25.097  -46.185  33.415 0.0000000000
126331  -25.617  -46.454  31.762 0.0000000000
36315  -26.711  -47.388  30.499 0.0000000000
36296  -27.051  -47.707  32.174 0.0000000000
40393  -32.661  -43.711  37.125 0.0000000000
39423  -31.539  -43.765  38.020 0.0000000000
40419  -31.069  -43.093  36.041 0.0000000000
40418  -30.305  -42.954  35.737 0.0000000000
123691  -29.197  -43.488  34.681 0.0000000000
142972  -41.400  -34.941  23.461 0.0000000000
49516  -42.010  -34.010  22.908 0.0000000000
49477  -42.677  -34.822  24.024 0.0000000000
49479  -43.767  -34.452  24.580 0.0000000000
50492  -45.034  -33.391  25.495 0.0000000000
48426  -45.660  -35.667  26.835 0.0000000000
49448  -45.860  -34.511  26.811 0.0000000000
50480  -46.280  -32.962  26.302 0.0000000000
127830  -47.618  -32.616  26.365 0.0000000000
51505  -48.777  -32.731  27.160 0.0000000000
50482  -50.645  -33.307  26.598 0.0000000000
121895  -42.822  -45.051  36.996 0.0000000000
143728  -41.834  -45.344  36.554 0.0000000000
38389  -42.209  -44.643  35.095 0.0000000000
39481  -41.651  -44.233  33.935 0.0000000000
39516  -40.782  -43.697  32.293 0.0000000000
41456  -43.118  -42.474  32.715 0.0000000000
144486  -41.290  -42.811  31.184 0.0000000000
41482  -40.080  -42.837  30.180 0.0000000000
42403  -38.912  -42.121  28.973 0.0000000000
43339  -37.948  -41.186  28.029 0.0000000000
44281  -36.874  -39.440  27.010 0.0000000000
45213  -35.550  -38.351  26.309 0.0000000000
45207  -36.861  -38.507  26.973 0.0000000000
46320  -37.758  -37.299  27.068 0.0000000000
47363  -38.307  -36.734  26.761 0.0000000000
46309  -41.274  -37.219  28.155 0.0000000000
47352  -40.280  -36.828  27.105 0.0000000000
48423  -39.184  -35.979  26.047 0.0000000000
124150  -40.171  -35.674  25.285 0.0000000000
139131  -40.427  -35.360  24.520 0.0000000000
65925  -58.415  -18.431  21.902 0.0000000000
66850  -59.026  -17.327  22.226 0.0000000000
66871  -59.369  -17.061  21.021 0.0000000000
67806  -59.745  -16.187  20.127 0.0000000000
126305  -60.218  -15.901  19.297 0.0000000000
139158  -60.617  -15.994  17.794 0.0000000000
41324  -26.275  -42.641  43.176 0.0000000000
41343  -25.687  -42.289  41.498 0.0000000000
40324  -26.410  -43.196  42.472 0.0000000000
39368  -25.820  -44.784  41.087 0.0000000000
37219  -25.341  -45.648  39.808 0.0000000000
146035  -27.011  -46.229  41.551 0.0000000000
36216  -26.104  -46.349  40.229 0.0000000000
36224  -25.516  -46.586  38.629 0.0000000000
36235  -25.746  -46.939  37.611 0.0000000000
141998  -26.127  -46.985  36.744 0.0000000000
36244  -26.419  -46.869  35.858 0.0000000000
124515  -42.364  -33.089  22.844 0.0000000000
52560  -42.021  -31.444  22.210 0.0000000000
52550  -45.510  -31.167  22.821 0.0000000000
54718  -49.915  -29.519  20.483 0.0000000000
55782  -48.816  -28.374  22.211 0.0000000000
126468  -33.706  -46.966  42.820 0.0000000000
37200  -32.690  -46.804  41.883 0.0000000000
37202  -34.199  -46.944  41.657 0.0000000000
38292  -34.022  -46.242  40.245 0.0000000000
145903  -33.767  -45.195  39.181 0.0000000000
38329  -35.645  -45.402  38.811 0.0000000000
39411  -34.998  -44.950  38.420 0.0000000000
39425  -34.261  -44.177  37.367 0.0000000000
40408  -33.946  -43.599  36.172 0.0000000000
40434  -33.527  -43.170  34.766 0.0000000000
41440  -32.296  -42.539  33.310 0.0000000000
38377  -40.491  -45.074  35.225 0.0000000000
38385  -39.110  -44.782  34.911 0.0000000000
39464  -37.387  -44.093  34.297 0.0000000000
40489  -37.059  -43.569  31.283 0.0000000000
40472  -36.738  -43.630  32.108 0.0000000000
40437  -36.164  -43.705  33.850 0.0000000000
40451  -34.761  -43.254  33.521 0.0000000000
41441  -33.274  -42.749  33.113 0.0000000000
46327  -34.406  -37.715  25.387 0.0000000000
130783  -48.946  -39.872  33.010 0.0000000000
44260  -49.732  -38.843  32.410 0.0000000000
41276  -22.133  -41.754  44.432 0.0000000000
42241  -25.252  -41.522  45.232 0.0000000000
41280  -26.441  -42.487  45.092 0.0000000000
40275  -27.070  -42.987  45.489 0.0000000000
38219  -29.818  -45.109  46.029 0.0000000000
37135  -30.888  -45.840  45.127 0.0000000000
37146  -32.667  -46.334  44.613 0.0000000000
123870  -34.070  -46.571  44.218 0.0000000000
37162  -35.194  -46.658  43.466 0.0000000000
37181  -35.993  -46.802  42.469 0.0000000000
37182  -37.803  -46.447  42.080 0.0000000000
138789  -38.636  -45.776  42.577 0.0000000000
37206  -38.488  -46.396  41.378 0.0000000000
37233  -39.698  -46.150  40.357 0.0000000000
37235  -41.100  -45.585  39.703 0.0000000000
38314  -42.398  -45.579  39.166 0.0000000000
38315  -43.136  -45.261  38.947 0.0000000000
38336  -44.391  -44.217  37.918 0.0000000000
39429  -44.796  -43.686  37.438 0.0000000000
42373  -48.225  -40.428  33.838 0.0000000000
45173  -50.028  -38.185  32.301 0.0000000000
46266  -50.450  -37.071  31.823 0.0000000000
48385  -50.464  -35.753  31.417 0.0000000000
48347  -52.721  -35.302  33.978 0.0000000000
48387  -51.724  -34.816  32.196 0.0000000000
49420  -51.199  -34.106  31.049 0.0000000000
50436  -51.125  -33.472  29.788 0.0000000000
50451  -51.811  -33.386  28.449 0.0000000000
122035  -52.142  -33.379  27.038 0.0000000000
50440  -54.757  -32.330  28.917 0.0000000000
50469  -54.626  -32.901  27.651 0.0000000000
138491  -53.122  -32.892  25.556 0.0000000000
50509  -53.195  -32.600  24.411 0.0000000000
51569  -52.948  -32.023  23.246 0.0000000000
53590  -53.135  -30.901  23.127 0.0000000000
54676  -55.357  -29.341  24.888 0.0000000000
53577  -53.845  -30.339  23.753 0.0000000000
54697  -52.368  -30.104  22.760 0.0000000000
54683  -51.873  -29.317  23.098 0.0000000000
55771  -49.978  -28.154  23.189 0.0000000000
58085  -49.113  -26.774  22.980 0.0000000000
61038  -54.757  -24.429  26.227 0.0000000000
60025  -54.036  -23.970  25.169 0.0000000000
62003  -53.740  -22.370  25.890 0.0000000000
61058  -53.233  -23.581  24.786 0.0000000000
139265  -53.036  -24.675  23.763 0.0000000000
59104  -51.963  -25.321  23.520 0.0000000000
59127  -50.105  -25.076  22.945 0.0000000000
59125  -48.579  -25.587  22.008 0.0000000000
140334  -48.237  -24.864  20.648 0.0000000000
61119  -48.367  -24.069  19.267 0.0000000000
61141  -49.673  -23.433  17.886 0.0000000000
63073  -50.722  -21.852  19.849 0.0000000000
62086  -49.675  -22.264  18.234 0.0000000000
61142  -50.463  -23.351  17.251 0.0000000000
65935  -56.809  -18.562  20.678 0.0000000000
146387  -54.940  -18.231  19.526 0.0000000000
122338  -53.644  -18.388  18.484 0.0000000000
67816  -55.475  -16.183  18.350 0.0000000000
66896  -54.123  -16.937  17.618 0.0000000000
65963  -52.612  -18.776  16.926 0.0000000000
41356  -20.705  -42.616  40.501 0.0000000000
41361  -25.467  -42.385  40.632 0.0000000000
41376  -24.908  -42.126  39.275 0.0000000000
41400  -23.890  -41.862  37.672 0.0000000000
39434  -24.888  -44.538  36.203 0.0000000000
40414  -24.252  -42.636  35.293 0.0000000000
42363  -23.285  -41.783  34.998 0.0000000000
41435  -22.867  -42.055  33.595 0.0000000000
37226  -31.638  -46.091  41.026 0.0000000000
38288  -30.070  -45.575  40.806 0.0000000000
39380  -28.846  -44.677  39.814 0.0000000000
139806  -30.820  -43.790  38.482 0.0000000000
40376  -28.845  -43.848  38.345 0.0000000000
39406  -28.262  -44.452  39.043 0.0000000000
38343  -27.276  -45.495  37.310 0.0000000000
37291  -27.420  -46.318  35.966 0.0000000000
37296  -27.905  -46.764  35.321 0.0000000000
131823  -29.321  -44.167  33.927 0.0000000000
39463  -28.995  -44.695  34.458 0.0000000000
37308  -29.301  -45.925  34.472 0.0000000000
37297  -29.472  -46.870  34.834 0.0000000000
36256  -28.849  -47.072  35.034 0.0000000000
36272  -28.246  -47.464  34.590 0.0000000000
44270  -47.715  -38.798  31.185 0.0000000000
45183  -48.191  -38.149  30.723 0.0000000000
44271  -48.603  -38.847  31.429 0.0000000000
134758  -48.213  -39.966  32.528 0.0000000000
44257  -47.091  -39.404  31.675 0.0000000000
44269  -46.787  -38.805  31.042 0.0000000000
55791  -48.471  -28.066  21.350 0.0000000000
56941  -48.749  -27.722  20.203 0.0000000000
56940  -48.425  -27.509  20.718 0.0000000000
124859  -48.199  -26.704  20.781 0.0000000000
37159  -32.293  -46.570  43.768 0.0000000000
128311  -31.638  -46.652  43.110 0.0000000000
138618  -32.458  -46.754  42.980 0.0000000000
50535  -39.840  -34.014  21.973 0.0000000000
128895  -40.227  -33.545  21.778 0.0000000000
50536  -40.776  -33.801  22.250 0.0000000000
50506  -49.618  -33.180  24.322 0.0000000000
124601  -50.474  -33.339  24.850 0.0000000000
141880  -51.604  -33.304  24.906 0.0000000000
37271  -41.338  -45.733  38.560 0.0000000000
37282  -41.027  -45.774  37.874 0.0000000000
38350  -41.489  -45.599  37.167 0.0000000000
44292  -35.857  -40.184  26.654 0.0000000000
49513  -39.395  -34.367  22.583 0.0000000000
50534  -39.003  -33.936  21.684 0.0000000000
64951  -57.844  -19.687  23.551 0.0000000000
63987  -57.073  -20.074  23.097 0.0000000000
64963  -57.142  -19.639  22.229 0.0000000000
36254  -26.543  -47.078  35.013 0.0000000000
35345  -27.201  -47.525  33.741 0.0000000000
41429  -31.001  -42.579  34.263 0.0000000000
47367  -43.763  -36.545  26.177 0.0000000000
47368  -44.430  -36.382  26.164 0.0000000000
49422  -48.335  -34.992  29.779 0.0000000000
49428  -47.936  -34.456  29.246 0.0000000000
140592  -48.579  -33.964  29.624 0.0000000000
50447  -48.371  -33.504  28.962 0.0000000000
50434  -49.361  -33.614  29.730 0.0000000000
40424  -45.370  -43.381  35.512 0.0000000000
40438  -44.571  -43.539  34.647 0.0000000000
44264  -42.010  -39.872  30.640 0.0000000000
132629  -40.710  -39.811  29.596 0.0000000000
128480  -39.937  -38.817  28.562 0.0000000000
45189  -41.024  -38.951  29.394 0.0000000000
46312  -44.642  -37.009  27.386 0.0000000000
46310  -42.927  -36.832  27.609 0.0000000000
46311  -43.825  -36.864  27.011 0.0000000000
47366  -42.769  -36.411  26.227 0.0000000000
39328  -27.711  -44.838  44.596 0.0000000000
38237  -27.494  -45.207  43.758 0.0000000000
38286  -27.911  -46.061  40.641 0.0000000000
37222  -27.173  -46.353  40.428 0.0000000000
38306  -27.360  -45.946  39.805 0.0000000000
51537  -44.773  -32.424  24.631 0.0000000000
51549  -44.124  -32.391  24.181 0.0000000000
52575  -47.038  -31.866  20.782 0.0000000000
52562  -46.486  -31.452  21.410 0.0000000000
53617  -50.805  -30.599  20.758 0.0000000000
53601  -51.325  -30.790  21.548 0.0000000000
124017  -36.796  -46.717  41.407 0.0000000000
37230  -36.358  -46.661  40.840 0.0000000000
39454  -37.064  -44.254  35.816 0.0000000000
39440  -36.507  -44.237  36.480 0.0000000000
39453  -36.232  -43.955  35.691 0.0000000000
39452  -35.364  -43.700  35.568 0.0000000000
133350  -35.959  -43.732  34.795 0.0000000000
39515  -40.092  -43.869  32.022 0.0000000000
39499  -39.771  -44.061  32.650 0.0000000000
39514  -39.294  -43.855  31.758 0.0000000000
41479  -34.389  -42.369  29.900 0.0000000000
123024  -33.690  -42.246  30.523 0.0000000000
41478  -32.984  -41.797  29.991 0.0000000000
141559  -36.632  -36.049  26.259 0.0000000000
48432  -36.390  -35.550  25.726 0.0000000000
50414  -54.112  -32.969  31.449 0.0000000000
143710  -57.845  -29.192  28.180 0.0000000000
54613  -57.410  -29.528  28.462 0.0000000000
53552  -56.733  -30.280  27.729 0.0000000000
52505  -56.541  -30.974  27.363 0.0000000000
52511  -56.490  -30.940  26.704 0.0000000000
52519  -56.212  -31.172  26.188 0.0000000000
125965  -56.608  -30.279  26.761 0.0000000000
58044  -54.777  -26.303  23.894 0.0000000000
58069  -54.393  -27.019  23.754 0.0000000000
59106  -53.776  -26.273  23.571 0.0000000000
58068  -52.804  -26.807  23.554 0.0000000000
62968  -54.874  -20.944  28.611 0.0000000000
62038  -52.208  -22.250  22.844 0.0000000000
62026  -52.447  -22.292  23.523 0.0000000000
61085  -51.281  -23.208  22.642 0.0000000000
62048  -51.120  -22.420  21.406 0.0000000000
64036  -51.973  -20.143  17.707 0.0000000000
65034  -52.274  -19.457  17.224 0.0000000000
67805  -58.772  -16.519  19.992 0.0000000000
67804  -57.701  -16.467  19.606 0.0000000000
67818  -57.280  -15.886  18.915 0.0000000000
41319  -20.781  -42.599  42.236 0.0000000000
41386  -22.640  -41.712  38.167 0.0000000000
123583  -22.093  -41.870  37.712 0.0000000000
41410  -22.397  -41.768  36.133 0.0000000000
42355  -22.941  -41.596  36.665 0.0000000000
38305  -25.156  -45.407  39.015 0.0000000000
129871  -25.051  -44.773  38.438 0.0000000000
38443  -25.011  -45.828  29.388 0.0000000000
39395  -32.067  -44.720  39.444 0.0000000000
38374  -28.651  -45.195  34.859 0.0000000000
45203  -46.024  -37.634  29.023 0.0000000000
46297  -46.214  -37.262  28.350 0.0000000000
46285  -47.933  -37.221  29.948 0.0000000000
46286  -48.277  -36.923  30.108 0.0000000000
47342  -48.074  -36.585  29.889 0.0000000000
42371  -46.667  -41.637  33.773 0.0000000000
42370  -45.772  -41.858  33.537 0.0000000000
42382  -46.343  -41.119  33.233 0.0000000000
44255  -45.293  -39.305  31.602 0.0000000000
139714  -44.837  -39.808  32.019 0.0000000000
44254  -44.409  -39.348  31.630 0.0000000000
44253  -43.530  -39.655  31.583 0.0000000000
44266  -43.908  -38.775  31.013 0.0000000000
45195  -46.235  -37.930  29.616 0.0000000000
45194  -45.418  -37.914  29.629 0.0000000000
46284  -45.244  -37.506  28.830 0.0000000000
56948  -49.102  -27.573  19.786 0.0000000000
37142  -28.989  -46.402  43.951 0.0000000000
146891  -29.454  -46.499  43.680 0.0000000000
133578  -29.494  -46.652  42.498 0.0000000000
37223  -28.646  -46.342  41.361 0.0000000000
37224  -29.645  -46.359  41.669 0.0000000000
138700  -40.507  -31.909  21.413 0.0000000000
51526  -47.337  -32.441  25.502 0.0000000000
124344  -48.008  -32.579  24.916 0.0000000000
50520  -48.964  -33.022  23.754 0.0000000000
51552  -48.343  -32.856  23.168 0.0000000000
51566  -48.504  -32.989  22.267 0.0000000000
51576  -48.713  -32.781  21.304 0.0000000000
51567  -49.382  -33.031  21.959 0.0000000000
50539  -50.895  -32.977  22.565 0.0000000000
50556  -50.282  -32.785  21.809 0.0000000000
50557  -51.112  -32.570  22.189 0.0000000000
51579  -51.331  -32.096  21.946 0.0000000000
50558  -51.764  -32.369  22.541 0.0000000000
37254  -39.347  -46.220  39.933 0.0000000000
37253  -38.652  -46.241  39.733 0.0000000000
143816  -39.339  -46.091  39.406 0.0000000000
138114  -39.058  -45.420  37.095 0.0000000000
38362  -38.530  -45.105  36.598 0.0000000000
38375  -38.826  -44.989  35.755 0.0000000000
41509  -38.106  -42.324  28.829 0.0000000000
128140  -38.108  -42.814  29.363 0.0000000000
41508  -37.387  -42.123  28.494 0.0000000000
126963  -34.973  -41.543  27.537 0.0000000000
42413  -35.372  -41.939  28.148 0.0000000000
42412  -34.571  -41.915  28.284 0.0000000000
41505  -34.947  -42.221  28.730 0.0000000000
48449  -38.614  -35.081  24.844 0.0000000000
48448  -37.798  -34.829  24.678 0.0000000000
126747  -37.802  -34.495  23.958 0.0000000000
57961  -56.879  -27.685  27.906 0.0000000000
56867  -57.164  -28.039  27.417 0.0000000000
60011  -55.367  -25.809  26.653 0.0000000000
121666  -56.392  -26.379  26.642 0.0000000000
60027  -55.664  -25.451  26.243 0.0000000000
59069  -55.765  -25.356  25.680 0.0000000000
141451  -55.373  -24.875  25.902 0.0000000000
63945  -57.291  -19.752  26.141 0.0000000000
64931  -57.221  -19.077  26.374 0.0000000000
63934  -56.706  -20.257  26.761 0.0000000000
63009  -56.269  -20.745  26.425 0.0000000000
63024  -55.922  -20.985  25.520 0.0000000000
63969  -54.925  -20.990  23.220 0.0000000000
63037  -55.022  -21.067  24.060 0.0000000000
63053  -54.149  -21.094  22.884 0.0000000000
63984  -54.157  -20.996  21.967 0.0000000000
64975  -54.900  -20.015  20.869 0.0000000000
144475  -54.369  -19.965  20.402 0.0000000000
65008  -54.223  -19.432  19.736 0.0000000000
140674  -58.823  -15.341  16.949 0.0000000000
41321  -22.556  -42.028  42.649 0.0000000000
41359  -23.884  -41.620  40.809 0.0000000000
41375  -23.559  -41.669  39.256 0.0000000000
143458  -24.265  -41.771  39.254 0.0000000000
37289  -25.393  -46.444  36.506 0.0000000000
37294  -25.297  -46.359  35.676 0.0000000000
36252  -25.543  -46.700  35.080 0.0000000000
36285  -26.076  -47.164  33.856 0.0000000000
37322  -25.630  -46.857  33.731 0.0000000000
37329  -25.590  -46.644  32.830 0.0000000000
36304  -26.037  -47.082  32.259 0.0000000000
36305  -26.617  -47.401  31.681 0.0000000000
36295  -26.574  -47.409  32.685 0.0000000000
35362  -27.850  -48.039  33.297 0.0000000000
35373  -27.777  -48.140  32.137 0.0000000000
40407  -32.955  -43.422  36.186 0.0000000000
40406  -31.931  -43.356  36.523 0.0000000000
41428  -30.167  -42.658  34.406 0.0000000000
41427  -29.767  -42.830  35.150 0.0000000000
48453  -42.386  -35.351  24.310 0.0000000000
48468  -42.031  -34.946  23.677 0.0000000000
133843  -44.151  -35.633  25.487 0.0000000000
48455  -43.542  -35.041  24.704 0.0000000000
49458  -44.120  -35.028  25.098 0.0000000000
50491  -44.417  -34.060  24.985 0.0000000000
49459  -44.739  -34.526  25.599 0.0000000000
47357  -46.029  -36.710  27.577 0.0000000000
47370  -45.522  -36.390  27.011 0.0000000000
48417  -46.148  -36.183  27.443 0.0000000000
49437  -46.226  -35.073  27.479 0.0000000000
50464  -46.489  -33.892  27.380 0.0000000000
137597  -46.212  -33.577  26.734 0.0000000000
141552  -46.942  -33.020  26.890 0.0000000000
51516  -46.932  -32.635  26.170 0.0000000000
50467  -49.377  -32.830  27.782 0.0000000000
50481  -49.717  -33.016  26.862 0.0000000000
132043  -50.321  -33.081  27.486 0.0000000000
38368  -43.499  -44.620  36.875 0.0000000000
38366  -42.334  -45.087  36.387 0.0000000000
38378  -43.084  -44.453  35.696 0.0000000000
39483  -43.023  -43.987  34.171 0.0000000000
39482  -42.371  -44.174  34.136 0.0000000000
39502  -41.946  -43.837  33.436 0.0000000000
39501  -41.164  -43.886  33.219 0.0000000000
40473  -41.500  -43.487  32.630 0.0000000000
128596  -43.930  -41.850  32.810 0.0000000000
41442  -43.950  -42.737  33.297 0.0000000000
42378  -43.208  -41.588  32.365 0.0000000000
42396  -41.289  -41.490  30.531 0.0000000000
132222  -41.341  -42.338  30.851 0.0000000000
40509  -40.763  -43.004  30.835 0.0000000000
125356  -40.723  -42.246  30.298 0.0000000000
41481  -39.324  -42.601  29.595 0.0000000000
42405  -40.060  -42.067  29.747 0.0000000000
43340  -38.595  -40.703  28.332 0.0000000000
44283  -38.044  -40.319  27.845 0.0000000000
44282  -37.443  -39.890  27.445 0.0000000000
45208  -37.645  -38.866  27.415 0.0000000000
45210  -39.160  -38.156  27.750 0.0000000000
46305  -38.281  -37.990  27.437 0.0000000000
46306  -38.961  -37.598  27.368 0.0000000000
46321  -38.492  -37.306  27.145 0.0000000000
47351  -39.192  -36.999  26.962 0.0000000000
46293  -41.746  -37.443  28.662 0.0000000000
47365  -41.221  -36.441  26.799 0.0000000000
47353  -41.235  -36.816  27.558 0.0000000000
47364  -39.671  -36.429  26.489 0.0000000000
48424  -39.955  -35.999  25.932 0.0000000000
48437  -41.889  -35.749  24.871 0.0000000000
48451  -40.991  -35.724  24.995 0.0000000000
48452  -41.422  -35.340  24.177 0.0000000000
66851  -59.275  -16.680  21.723 0.0000000000
66872  -59.562  -16.463  21.212 0.0000000000
67793  -59.846  -16.334  20.727 0.0000000000
67794  -60.149  -15.941  20.655 0.0000000000
130991  -60.703  -15.707  19.211 0.0000000000
67821  -60.860  -15.862  18.343 0.0000000000
67820  -60.077  -15.868  18.544 0.0000000000
41301  -26.432  -42.678  44.065 0.0000000000
40305  -26.730  -43.555  43.366 0.0000000000
38262  -26.211  -44.974  41.763 0.0000000000
38285  -25.544  -45.352  40.496 0.0000000000
143628  -25.811  -45.717  40.666 0.0000000000
37153  -27.508  -46.061  42.884 0.0000000000
37173  -27.624  -46.276  42.391 0.0000000000
37247  -26.655  -46.448  39.965 0.0000000000
37221  -26.682  -46.312  40.533 0.0000000000
36226  -26.228  -46.532  39.778 0.0000000000
36215  -25.834  -46.463  39.733 0.0000000000
36225  -25.862  -46.703  39.073 0.0000000000
36230  -25.785  -46.915  38.311 0.0000000000
144578  -26.001  -46.940  38.595 0.0000000000
37279  -26.192  -46.915  37.509 0.0000000000
37290  -26.666  -46.638  36.544 0.0000000000
50517  -42.641  -33.826  23.301 0.0000000000
130361  -41.523  -33.487  22.491 0.0000000000
52548  -43.786  -31.379  23.126 0.0000000000
51562  -42.479  -31.970  22.645 0.0000000000
126954  -43.106  -31.456  22.801 0.0000000000
52540  -45.998  -31.485  23.245 0.0000000000
52539  -45.249  -31.519  23.651 0.0000000000
53600  -45.163  -30.529  21.476 0.0000000000
122827  -49.367  -32.519  20.604 0.0000000000
51589  -49.263  -32.218  19.852 0.0000000000
52597  -50.136  -31.101  18.684 0.0000000000
54730  -50.162  -29.862  19.002 0.0000000000
54708  -50.530  -30.067  20.968 0.0000000000
138994  -49.918  -29.463  21.387 0.0000000000
54707  -49.083  -28.944  21.187 0.0000000000
54694  -49.588  -29.036  22.098 0.0000000000
36193  -34.333  -46.985  42.779 0.0000000000
36192  -33.886  -47.017  42.295 0.0000000000
37249  -34.930  -46.338  40.164 0.0000000000
38311  -34.400  -45.666  39.512 0.0000000000
38328  -34.321  -45.066  38.806 0.0000000000
38331  -37.476  -45.688  38.614 0.0000000000
38330  -36.599  -45.429  38.532 0.0000000000
38344  -35.796  -44.873  38.097 0.0000000000
39426  -35.038  -44.508  37.691 0.0000000000
39410  -34.258  -44.584  38.121 0.0000000000
39437  -33.587  -43.831  36.901 0.0000000000
138941  -34.319  -43.895  36.717 0.0000000000
40421  -33.561  -43.356  35.586 0.0000000000
40449  -32.903  -42.859  33.985 0.0000000000
129128  -41.155  -44.885  34.920 0.0000000000
123182  -41.042  -45.187  35.640 0.0000000000
38387  -40.529  -44.795  34.603 0.0000000000
39478  -38.733  -44.217  33.331 0.0000000000
39466  -39.309  -44.583  34.064 0.0000000000
39465  -38.374  -44.376  34.325 0.0000000000
39477  -37.831  -43.991  33.453 0.0000000000
137663  -37.522  -43.349  30.323 0.0000000000
40490  -37.661  -43.532  30.829 0.0000000000
40505  -37.064  -43.378  30.538 0.0000000000
40488  -36.298  -43.393  31.492 0.0000000000
40471  -35.960  -43.418  32.331 0.0000000000
40453  -36.450  -43.685  32.970 0.0000000000
40452  -35.629  -43.454  33.244 0.0000000000
40470  -35.091  -43.162  32.601 0.0000000000
41466  -33.161  -42.343  31.525 0.0000000000
41455  -33.657  -42.668  32.211 0.0000000000
41454  -32.711  -42.448  32.437 0.0000000000
128728  -36.236  -38.177  26.701 0.0000000000
46328  -35.168  -37.416  25.951 0.0000000000
41262  -25.937  -41.854  45.579 0.0000000000
39321  -29.185  -44.953  45.902 0.0000000000
37161  -34.585  -46.724  43.692 0.0000000000
141253  -36.554  -46.618  42.748 0.0000000000
37164  -37.267  -46.392  42.715 0.0000000000
38253  -38.951  -45.138  42.824 0.0000000000
37183  -38.597  -46.213  42.127 0.0000000000
37184  -39.129  -46.212  41.683 0.0000000000
37207  -39.362  -46.236  41.065 0.0000000000
38273  -39.717  -45.937  41.510 0.0000000000
38293  -40.966  -45.456  40.530 0.0000000000
123362  -41.609  -45.466  39.962 0.0000000000
38294  -42.324  -45.347  39.882 0.0000000000
142530  -43.466  -44.903  39.462 0.0000000000
38316  -43.803  -44.790  38.845 0.0000000000
38335  -44.010  -44.626  38.272 0.0000000000
39412  -44.479  -44.210  38.668 0.0000000000
39413  -44.888  -43.693  38.138 0.0000000000
39430  -45.369  -43.244  37.649 0.0000000000
39445  -45.356  -43.298  36.926 0.0000000000
43308  -48.388  -40.271  33.411 0.0000000000
44242  -50.259  -38.541  33.162 0.0000000000
45159  -50.437  -37.905  32.707 0.0000000000
47302  -51.043  -36.764  32.606 0.0000000000
47318  -50.850  -36.264  31.887 0.0000000000
131341  -49.891  -36.097  31.086 0.0000000000
48365  -51.466  -35.763  32.496 0.0000000000
49393  -53.183  -33.844  32.585 0.0000000000
122596  -52.845  -34.442  32.948 0.0000000000
49406  -51.882  -34.182  31.603 0.0000000000
143225  -51.325  -34.626  31.598 0.0000000000
50426  -50.703  -33.771  30.374 0.0000000000
50427  -51.679  -33.578  30.371 0.0000000000
50438  -53.429  -33.126  29.732 0.0000000000
123030  -52.935  -33.331  29.138 0.0000000000
139212  -52.513  -33.399  28.608 0.0000000000
140627  -52.562  -33.405  27.811 0.0000000000
141287  -53.339  -33.265  27.633 0.0000000000
132945  -56.817  -30.605  29.701 0.0000000000
51487  -55.535  -31.595  29.813 0.0000000000
135940  -55.253  -32.579  26.882 0.0000000000
50470  -55.190  -32.692  27.374 0.0000000000
123914  -54.787  -32.783  26.950 0.0000000000
122031  -53.426  -32.933  26.345 0.0000000000
144925  -53.717  -32.671  25.809 0.0000000000
122029  -52.941  -32.834  24.746 0.0000000000
50497  -54.212  -32.422  25.614 0.0000000000
51555  -54.501  -31.562  24.648 0.0000000000
51554  -53.894  -32.132  24.391 0.0000000000
52541  -54.002  -31.400  23.987 0.0000000000
52552  -53.049  -31.408  23.117 0.0000000000
53591  -53.696  -31.107  23.575 0.0000000000
55759  -56.412  -28.067  25.475 0.0000000000
54677  -55.869  -29.380  25.432 0.0000000000
55758  -55.831  -28.598  25.098 0.0000000000
55774  -53.875  -28.505  23.753 0.0000000000
54686  -54.287  -29.401  23.970 0.0000000000
54685  -53.487  -29.417  23.654 0.0000000000
54698  -53.051  -30.225  23.246 0.0000000000
54684  -52.683  -29.391  23.368 0.0000000000
55773  -52.195  -28.612  23.502 0.0000000000
140647  -51.157  -27.317  23.555 0.0000000000
126910  -50.847  -28.004  23.478 0.0000000000
56915  -50.332  -27.384  23.438 0.0000000000
56914  -49.471  -27.434  23.175 0.0000000000
58067  -49.882  -26.661  23.268 0.0000000000
61015  -54.086  -23.468  27.075 0.0000000000
61037  -54.253  -23.795  26.081 0.0000000000
60026  -54.808  -24.439  25.561 0.0000000000
122911  -54.271  -21.403  25.254 0.0000000000
63007  -54.428  -21.717  26.258 0.0000000000
121770  -53.751  -21.813  25.245 0.0000000000
61057  -52.732  -23.215  24.291 0.0000000000
60039  -52.888  -24.013  24.031 0.0000000000
60052  -52.427  -24.519  23.577 0.0000000000
145688  -52.743  -25.112  23.578 0.0000000000
141812  -49.981  -24.402  22.577 0.0000000000
125890  -49.307  -24.893  22.365 0.0000000000
59126  -49.381  -25.882  22.823 0.0000000000
60074  -48.179  -25.471  21.112 0.0000000000
60075  -48.609  -24.625  21.446 0.0000000000
61106  -48.545  -23.512  20.027 0.0000000000
61120  -48.670  -23.332  19.164 0.0000000000
126191  -48.921  -23.624  18.496 0.0000000000
62067  -49.132  -22.829  18.738 0.0000000000
63074  -51.436  -21.989  20.738 0.0000000000
132480  -51.775  -21.536  20.030 0.0000000000
63092  -50.332  -21.652  18.673 0.0000000000
127355  -50.277  -21.778  17.652 0.0000000000
62100  -49.927  -22.624  17.378 0.0000000000
64977  -57.281  -19.065  21.468 0.0000000000
65936  -57.695  -18.303  20.980 0.0000000000
65945  -55.546  -17.975  19.708 0.0000000000
66879  -54.820  -17.660  19.111 0.0000000000
65944  -54.375  -18.492  19.231 0.0000000000
65955  -54.143  -17.843  18.628 0.0000000000
68852  -56.419  -15.156  17.203 0.0000000000
68837  -55.940  -15.577  17.895 0.0000000000
68851  -55.165  -15.944  17.546 0.0000000000
66895  -53.741  -17.169  16.953 0.0000000000
65964  -53.113  -17.982  16.766 0.0000000000
41340  -22.106  -42.154  41.063 0.0000000000
41339  -21.310  -42.437  41.118 0.0000000000
137384  -21.376  -42.138  37.925 0.0000000000
41384  -20.918  -42.397  38.566 0.0000000000
41408  -20.717  -42.494  36.799 0.0000000000
40428  -21.521  -42.746  34.132 0.0000000000
40413  -21.197  -42.737  34.996 0.0000000000
40465  -21.602  -43.483  32.630 0.0000000000
40339  -25.893  -43.121  41.128 0.0000000000
40366  -25.351  -42.801  39.841 0.0000000000
39391  -25.062  -43.634  38.292 0.0000000000
129660  -24.918  -42.596  38.600 0.0000000000
41388  -24.674  -42.532  37.881 0.0000000000
41401  -24.368  -42.429  36.911 0.0000000000
138906  -25.013  -45.625  35.323 0.0000000000
39448  -24.829  -44.674  35.444 0.0000000000
40447  -24.343  -43.443  32.939 0.0000000000
40429  -24.338  -42.951  34.583 0.0000000000
41419  -23.847  -42.061  35.537 0.0000000000
145818  -23.828  -42.358  34.094 0.0000000000
41426  -23.316  -41.995  34.197 0.0000000000
41436  -23.441  -42.293  33.438 0.0000000000
36316  -27.341  -47.952  29.939 0.0000000000
137464  -32.798  -46.502  41.177 0.0000000000
129808  -32.126  -46.518  41.583 0.0000000000
143440  -32.229  -46.286  41.085 0.0000000000
39394  -31.270  -44.903  39.894 0.0000000000
38289  -30.967  -45.464  40.548 0.0000000000
39393  -30.382  -44.769  39.998 0.0000000000
39381  -29.474  -45.055  40.316 0.0000000000
39392  -29.617  -44.452  39.737 0.0000000000
40391  -30.969  -43.512  37.636 0.0000000000
144455  -30.260  -43.528  37.873 0.0000000000
40388  -28.562  -43.773  37.604 0.0000000000
39422  -28.077  -44.214  38.063 0.0000000000
140761  -27.589  -44.903  38.503 0.0000000000
39421  -27.606  -44.853  37.622 0.0000000000
38360  -27.721  -45.474  36.138 0.0000000000
38359  -27.223  -45.883  36.729 0.0000000000
129495  -29.652  -44.740  33.143 0.0000000000
38401  -29.528  -45.275  33.849 0.0000000000
129056  -30.770  -46.824  34.406 0.0000000000
38383  -30.140  -46.235  34.011 0.0000000000
37309  -30.092  -46.698  34.507 0.0000000000
132543  -28.717  -45.988  35.011 0.0000000000
35332  -29.981  -47.994  34.722 0.0000000000
135740  -29.578  -47.542  34.754 0.0000000000
35331  -29.134  -47.693  34.723 0.0000000000
135405  -46.994  -37.763  29.685 0.0000000000
45205  -47.155  -37.294  29.238 0.0000000000
45197  -48.349  -37.608  30.497 0.0000000000
140752  -48.910  -37.577  30.826 0.0000000000
43314  -45.915  -40.520  32.659 0.0000000000
43324  -46.486  -39.941  32.184 0.0000000000
44268  -45.878  -38.798  30.982 0.0000000000
45181  -46.491  -38.294  30.327 0.0000000000
126143  -49.142  -28.242  19.804 0.0000000000
133970  -49.255  -26.809  19.771 0.0000000000
59143  -48.363  -25.339  19.774 0.0000000000
37144  -30.544  -46.274  44.393 0.0000000000
37157  -30.141  -46.488  43.701 0.0000000000
131088  -30.679  -46.624  43.136 0.0000000000
50505  -48.741  -32.924  24.674 0.0000000000
50521  -49.808  -33.218  23.427 0.0000000000
50522  -50.668  -33.212  23.208 0.0000000000
125069  -51.975  -32.970  23.428 0.0000000000
37269  -39.702  -45.926  38.744 0.0000000000
37281  -40.185  -45.798  37.908 0.0000000000
38348  -39.835  -45.566  37.103 0.0000000000
122153  -37.345  -41.573  27.961 0.0000000000
140651  -36.869  -41.885  28.105 0.0000000000
42429  -36.639  -41.333  27.548 0.0000000000
42428  -35.799  -41.470  27.491 0.0000000000
43350  -34.565  -41.029  27.012 0.0000000000
43349  -33.739  -40.966  27.223 0.0000000000
43363  -34.147  -40.532  26.524 0.0000000000
43362  -33.632  -40.102  26.200 0.0000000000
49494  -39.222  -34.736  23.556 0.0000000000
49474  -38.492  -34.738  24.106 0.0000000000
63957  -57.607  -19.905  25.060 0.0000000000
63956  -56.746  -20.533  24.763 0.0000000000
63971  -56.507  -20.495  23.803 0.0000000000
135350  -56.215  -20.426  23.075 0.0000000000
63986  -55.562  -20.599  22.751 0.0000000000
64002  -55.430  -20.374  22.089 0.0000000000
126352  -55.678  -19.924  21.426 0.0000000000
64992  -55.449  -19.391  20.627 0.0000000000
41322  -23.688  -41.647  42.890 0.0000000000
42291  -24.492  -41.654  41.417 0.0000000000
41360  -24.774  -41.756  40.637 0.0000000000
137207  -25.871  -46.948  35.189 0.0000000000
125328  -26.113  -47.118  34.924 0.0000000000
36286  -26.566  -47.353  33.480 0.0000000000
141662  -28.510  -48.241  33.741 0.0000000000
48439  -43.404  -35.702  25.085 0.0000000000
47379  -43.929  -36.049  25.576 0.0000000000
48425  -45.043  -35.983  26.391 0.0000000000
47347  -47.197  -36.311  28.810 0.0000000000
48418  -46.713  -35.697  28.112 0.0000000000
49427  -47.283  -35.064  28.791 0.0000000000
50448  -49.099  -33.070  28.616 0.0000000000
132697  -49.674  -33.251  29.077 0.0000000000
38379  -43.812  -44.019  35.650 0.0000000000
39456  -43.285  -44.204  35.232 0.0000000000
39469  -43.870  -43.935  34.960 0.0000000000
39484  -43.749  -43.780  34.377 0.0000000000
40454  -42.733  -43.744  33.604 0.0000000000
125136  -43.100  -40.616  31.870 0.0000000000
126728  -42.343  -40.981  31.427 0.0000000000
43330  -41.885  -40.785  30.852 0.0000000000
122328  -39.985  -41.233  29.414 0.0000000000
43336  -40.484  -40.614  29.664 0.0000000000
43335  -39.903  -40.241  29.114 0.0000000000
143679  -39.061  -39.205  28.174 0.0000000000
45209  -38.615  -38.875  27.853 0.0000000000
46291  -40.041  -38.153  28.142 0.0000000000
143199  -43.699  -37.272  28.722 0.0000000000
47354  -42.158  -36.531  27.117 0.0000000000
137692  -41.931  -36.314  26.377 0.0000000000
47376  -41.317  -36.214  26.045 0.0000000000
47377  -42.202  -36.119  25.597 0.0000000000
39341  -27.070  -44.720  43.136 0.0000000000
39357  -26.731  -45.251  42.400 0.0000000000
37196  -27.741  -46.436  41.837 0.0000000000
37266  -26.575  -46.408  38.279 0.0000000000
50519  -43.487  -33.229  23.882 0.0000000000
50518  -43.034  -33.137  23.359 0.0000000000
51548  -43.579  -32.307  23.612 0.0000000000
52551  -46.436  -31.548  22.411 0.0000000000
138329  -45.936  -30.932  21.058 0.0000000000
51590  -50.483  -31.903  20.821 0.0000000000
144584  -50.453  -31.496  20.212 0.0000000000
53631  -50.622  -31.004  20.027 0.0000000000
145624  -50.605  -30.638  20.070 0.0000000000
37203  -35.046  -46.940  41.655 0.0000000000
39428  -36.896  -44.616  37.144 0.0000000000
38345  -36.525  -44.871  37.774 0.0000000000
39451  -34.789  -43.757  36.204 0.0000000000
40435  -34.501  -43.324  34.421 0.0000000000
39480  -40.284  -44.275  33.457 0.0000000000
38404  -40.091  -44.569  34.037 0.0000000000
39498  -39.014  -44.026  32.550 0.0000000000
41493  -35.824  -42.678  29.753 0.0000000000
124977  -36.494  -43.302  30.794 0.0000000000
40504  -35.931  -42.931  30.444 0.0000000000
40503  -35.340  -42.826  30.822 0.0000000000
139783  -34.800  -42.761  31.255 0.0000000000
40486  -34.533  -42.878  31.979 0.0000000000
127239  -35.528  -45.573  44.319 0.0000000000
122130  -39.991  -45.280  41.964 0.0000000000
38265  -40.601  -44.796  41.780 0.0000000000
127892  -51.059  -37.754  34.236 0.0000000000
46231  -51.241  -37.528  33.692 0.0000000000
46217  -51.673  -37.102  34.405 0.0000000000
47268  -52.130  -36.483  34.177 0.0000000000
47285  -52.009  -36.332  33.643 0.0000000000
49394  -53.694  -33.490  32.739 0.0000000000
49407  -53.065  -33.612  31.981 0.0000000000
50428  -52.385  -33.561  30.698 0.0000000000
50413  -53.430  -33.289  31.337 0.0000000000
50430  -53.898  -32.874  30.458 0.0000000000
50439  -54.083  -32.681  29.343 0.0000000000
54597  -57.218  -29.560  29.529 0.0000000000
53535  -57.060  -30.297  28.855 0.0000000000
144250  -56.748  -30.836  29.011 0.0000000000
51491  -55.876  -31.337  28.946 0.0000000000
51498  -56.120  -31.496  28.191 0.0000000000
143105  -56.000  -31.987  27.161 0.0000000000
50485  -55.427  -32.372  26.648 0.0000000000
50498  -54.776  -32.204  25.792 0.0000000000
51529  -55.743  -31.643  25.998 0.0000000000
52530  -55.286  -31.259  25.361 0.0000000000
135358  -55.008  -30.811  24.823 0.0000000000
124230  -55.848  -27.244  24.733 0.0000000000
56899  -55.496  -27.970  24.639 0.0000000000
56920  -55.129  -27.270  24.130 0.0000000000
56919  -54.500  -27.842  23.876 0.0000000000
143479  -53.285  -28.112  23.658 0.0000000000
56917  -52.639  -27.821  23.629 0.0000000000
129248  -51.953  -27.149  23.562 0.0000000000
136178  -52.031  -26.300  23.549 0.0000000000
61979  -54.222  -22.485  27.762 0.0000000000
61991  -54.299  -22.399  27.068 0.0000000000
144396  -53.474  -21.445  24.086 0.0000000000
62014  -53.295  -21.831  24.561 0.0000000000
61056  -52.292  -22.960  23.730 0.0000000000
61072  -51.743  -23.456  23.232 0.0000000000
60051  -51.629  -24.364  23.261 0.0000000000
61071  -51.187  -23.848  22.872 0.0000000000
61084  -50.462  -23.733  22.373 0.0000000000
61094  -48.927  -23.704  21.102 0.0000000000
61095  -49.873  -23.332  21.559 0.0000000000
62047  -50.294  -22.700  21.116 0.0000000000
62057  -49.949  -22.398  20.239 0.0000000000
64016  -53.002  -20.665  19.681 0.0000000000
63083  -52.187  -21.025  19.367 0.0000000000
64027  -51.696  -20.800  18.364 0.0000000000
63105  -50.985  -21.446  17.125 0.0000000000
66869  -57.865  -17.588  20.551 0.0000000000
66868  -57.180  -17.930  20.434 0.0000000000
66880  -57.158  -17.256  19.936 0.0000000000
67802  -55.854  -16.621  19.047 0.0000000000
67843  -55.307  -15.806  15.897 0.0000000000
68850  -55.084  -15.814  16.732 0.0000000000
41338  -20.613  -42.666  41.344 0.0000000000
41374  -22.571  -41.868  39.711 0.0000000000
41373  -21.749  -42.116  39.244 0.0000000000
41398  -21.422  -42.110  37.246 0.0000000000
41409  -21.530  -42.118  36.429 0.0000000000
41424  -21.991  -42.215  34.713 0.0000000000
39378  -25.287  -43.907  39.808 0.0000000000
135814  -25.124  -44.349  39.094 0.0000000000
143871  -24.823  -45.523  33.500 0.0000000000
39462  -24.759  -44.789  34.583 0.0000000000
39494  -24.555  -44.181  32.281 0.0000000000
40467  -23.727  -42.714  32.700 0.0000000000
39528  -24.094  -44.755  29.607 0.0000000000
37352  -24.783  -46.229  28.923 0.0000000000
36339  -25.608  -47.337  28.836 0.0000000000
36323  -26.317  -47.663  28.965 0.0000000000
38309  -32.659  -45.445  39.943 0.0000000000
121390  -31.099  -44.309  39.318 0.0000000000
40403  -29.484  -43.283  36.663 0.0000000000
40402  -28.631  -43.595  36.863 0.0000000000
37299  -31.186  -47.382  34.557 0.0000000000
46323  -45.289  -36.755  27.132 0.0000000000
46313  -45.927  -36.905  27.641 0.0000000000
46314  -46.471  -36.987  28.133 0.0000000000
46315  -46.949  -36.900  28.684 0.0000000000
46299  -47.343  -37.111  29.281 0.0000000000
133164  -47.354  -36.803  29.159 0.0000000000
47348  -47.711  -36.449  29.430 0.0000000000
48408  -48.208  -36.035  29.823 0.0000000000
48409  -48.813  -35.447  30.265 0.0000000000
41431  -45.879  -42.940  34.648 0.0000000000
40456  -45.280  -43.041  34.354 0.0000000000
133408  -45.171  -42.539  33.794 0.0000000000
41457  -44.774  -42.019  33.261 0.0000000000
43313  -44.881  -40.520  32.492 0.0000000000
145432  -42.976  -39.951  31.475 0.0000000000
44265  -42.890  -39.421  30.990 0.0000000000
44276  -42.352  -39.023  30.268 0.0000000000
45190  -41.864  -38.594  29.666 0.0000000000
45191  -42.689  -38.225  29.894 0.0000000000
134436  -43.347  -38.037  30.000 0.0000000000
46282  -43.239  -37.600  29.425 0.0000000000
45179  -44.735  -38.227  30.359 0.0000000000
45193  -44.556  -37.833  29.686 0.0000000000
46296  -44.527  -37.252  28.298 0.0000000000
58103  -50.289  -26.673  19.720 0.0000000000
38239  -28.618  -45.951  44.448 0.0000000000
38238  -27.997  -45.679  44.197 0.0000000000
37141  -28.350  -46.197  43.754 0.0000000000
37155  -28.643  -46.418  43.288 0.0000000000
37175  -28.929  -46.580  42.774 0.0000000000
37197  -28.365  -46.590  42.057 0.0000000000
38287  -28.702  -45.498  40.491 0.0000000000
51525  -46.433  -32.517  25.668 0.0000000000
52528  -45.441  -31.924  24.355 0.0000000000
126001  -46.747  -31.972  24.129 0.0000000000
51551  -47.538  -32.248  23.505 0.0000000000
51564  -47.281  -32.128  22.555 0.0000000000
51575  -47.818  -32.368  20.984 0.0000000000
138541  -47.745  -31.930  20.026 0.0000000000
121386  -50.049  -32.432  20.975 0.0000000000
51591  -50.935  -31.791  21.411 0.0000000000
51592  -51.381  -31.490  21.778 0.0000000000
52564  -51.932  -31.295  22.234 0.0000000000
126594  -38.027  -46.477  40.699 0.0000000000
37252  -37.733  -46.370  39.961 0.0000000000
37267  -38.023  -46.024  39.144 0.0000000000
125763  -38.224  -45.674  38.316 0.0000000000
38361  -37.709  -44.895  36.918 0.0000000000
40508  -39.369  -43.223  30.262 0.0000000000
40507  -38.762  -43.450  30.503 0.0000000000
40516  -37.784  -43.126  29.843 0.0000000000
41494  -36.577  -42.761  29.444 0.0000000000
41507  -36.717  -42.313  28.694 0.0000000000
41492  -34.907  -42.417  29.369 0.0000000000
143459  -34.232  -42.215  29.373 0.0000000000
41503  -33.788  -41.941  29.109 0.0000000000
41490  -33.168  -41.728  29.298 0.0000000000
122329  -33.169  -41.592  28.753 0.0000000000
42425  -32.272  -40.947  27.892 0.0000000000
43348  -32.913  -40.739  27.305 0.0000000000
141458  -37.036  -35.115  25.209 0.0000000000
49472  -35.939  -34.538  23.997 0.0000000000
128175  -36.511  -34.218  23.413 0.0000000000
55713  -57.773  -28.777  28.164 0.0000000000
54631  -57.607  -29.227  27.574 0.0000000000
54662  -56.997  -29.255  26.902 0.0000000000
56876  -57.205  -28.396  27.012 0.0000000000
56888  -56.981  -28.037  26.441 0.0000000000
56887  -56.816  -27.634  25.798 0.0000000000
59035  -56.530  -26.873  27.146 0.0000000000
59071  -56.714  -26.594  26.137 0.0000000000
58047  -56.758  -26.912  25.641 0.0000000000
58046  -56.275  -26.628  25.088 0.0000000000
123562  -55.157  -25.578  24.465 0.0000000000
62982  -55.647  -20.622  27.892 0.0000000000
62993  -55.423  -21.022  27.618 0.0000000000
63008  -54.889  -21.277  25.772 0.0000000000
146535  -54.419  -21.209  24.531 0.0000000000
63955  -55.885  -20.974  24.403 0.0000000000
141809  -53.434  -21.334  23.391 0.0000000000
63051  -52.763  -21.723  22.975 0.0000000000
63050  -52.324  -21.952  22.241 0.0000000000
63064  -51.909  -22.066  21.514 0.0000000000
63065  -52.586  -21.630  21.558 0.0000000000
139652  -52.819  -21.334  20.967 0.0000000000
63076  -53.299  -20.897  20.594 0.0000000000
64000  -54.097  -20.540  21.013 0.0000000000
65007  -53.277  -19.791  19.142 0.0000000000
65022  -53.097  -19.021  18.376 0.0000000000
68840  -58.980  -15.711  18.497 0.0000000000
68839  -57.866  -15.491  18.341 0.0000000000
68853  -57.406  -15.157  17.480 0.0000000000
144383  -21.097  -42.515  41.647 0.0000000000
41358  -22.512  -41.975  40.442 0.0000000000
124425  -22.958  -41.834  40.991 0.0000000000
37278  -25.058  -46.085  37.727 0.0000000000
38342  -25.001  -45.381  37.383 0.0000000000
131756  -25.061  -45.955  37.007 0.0000000000
38372  -25.094  -45.888  36.204 0.0000000000
37307  -25.323  -46.574  34.324 0.0000000000
37336  -26.102  -46.961  31.158 0.0000000000
39424  -32.304  -43.962  37.935 0.0000000000
40392  -31.762  -43.587  37.352 0.0000000000
40405  -31.067  -43.329  36.857 0.0000000000
40404  -30.312  -43.175  36.398 0.0000000000
40417  -29.634  -43.117  35.908 0.0000000000
146613  -29.130  -43.264  35.426 0.0000000000
49496  -40.956  -34.718  23.008 0.0000000000
49515  -41.245  -34.209  22.674 0.0000000000
140936  -41.691  -34.591  23.129 0.0000000000
49497  -42.335  -34.431  23.437 0.0000000000
49498  -42.901  -34.279  23.774 0.0000000000
48454  -43.140  -35.287  24.583 0.0000000000
49478  -43.217  -34.685  24.293 0.0000000000
49499  -43.386  -34.021  24.082 0.0000000000
50504  -44.722  -33.069  25.018 0.0000000000
47369  -44.999  -36.434  26.632 0.0000000000
49447  -45.169  -35.047  26.271 0.0000000000
50479  -45.506  -33.781  26.208 0.0000000000
50493  -45.763  -32.904  25.803 0.0000000000
51504  -47.852  -32.828  27.187 0.0000000000
51517  -48.308  -32.654  26.581 0.0000000000
51518  -49.108  -32.909  26.245 0.0000000000
122764  -50.045  -33.270  25.927 0.0000000000
38351  -42.194  -45.429  37.236 0.0000000000
138165  -41.781  -45.034  35.671 0.0000000000
38388  -41.749  -44.726  34.904 0.0000000000
38390  -42.721  -44.428  35.180 0.0000000000
38407  -42.001  -44.476  34.529 0.0000000000
38406  -41.420  -44.523  34.377 0.0000000000
128905  -40.967  -44.238  33.709 0.0000000000
134451  -39.837  -43.724  31.337 0.0000000000
41443  -44.444  -43.187  33.943 0.0000000000
40475  -43.142  -43.190  33.239 0.0000000000
42389  -42.501  -41.702  31.845 0.0000000000
41470  -42.415  -42.528  32.218 0.0000000000
40495  -41.862  -43.051  32.146 0.0000000000
40494  -41.219  -43.229  31.670 0.0000000000
40493  -40.452  -43.563  31.422 0.0000000000
131673  -40.001  -43.427  30.756 0.0000000000
41496  -38.609  -42.625  29.286 0.0000000000
42415  -38.441  -41.590  28.513 0.0000000000
140211  -39.229  -41.153  28.873 0.0000000000
43352  -37.362  -40.822  27.588 0.0000000000
124681  -36.678  -40.380  27.084 0.0000000000
145217  -36.404  -39.808  26.789 0.0000000000
45214  -36.163  -39.157  26.570 0.0000000000
46304  -37.460  -37.998  27.191 0.0000000000
46319  -36.816  -37.487  26.878 0.0000000000
47362  -37.320  -36.487  26.633 0.0000000000
48422  -38.249  -35.976  26.166 0.0000000000
45202  -41.389  -38.176  29.061 0.0000000000
46292  -40.923  -37.801  28.459 0.0000000000
46308  -40.557  -37.377  27.848 0.0000000000
137545  -38.916  -36.416  26.494 0.0000000000
48434  -38.832  -35.516  25.522 0.0000000000
48450  -39.495  -35.299  24.892 0.0000000000
48436  -40.710  -36.026  25.679 0.0000000000
49476  -39.836  -35.018  24.033 0.0000000000
48467  -40.707  -35.033  23.693 0.0000000000
138441  -57.852  -19.175  22.199 0.0000000000
126329  -58.814  -18.372  22.633 0.0000000000
66858  -58.998  -17.553  21.618 0.0000000000
66859  -59.192  -17.104  21.762 0.0000000000
66870  -58.747  -17.191  20.762 0.0000000000
68819  -60.596  -15.426  20.404 0.0000000000
67807  -60.266  -15.869  20.057 0.0000000000
121743  -59.410  -15.993  19.352 0.0000000000
68855  -59.633  -15.790  17.622 0.0000000000
67829  -60.554  -16.197  17.043 0.0000000000
68872  -59.576  -15.728  16.603 0.0000000000
41300  -25.784  -42.086  43.579 0.0000000000
41323  -25.857  -42.206  42.484 0.0000000000
40323  -26.127  -42.896  41.804 0.0000000000
39356  -26.101  -43.947  41.683 0.0000000000
132609  -25.789  -43.955  40.960 0.0000000000
39379  -25.483  -44.471  40.455 0.0000000000
38250  -27.746  -45.923  43.462 0.0000000000
37172  -27.023  -45.939  42.373 0.0000000000
125435  -26.199  -46.022  40.883 0.0000000000
37220  -25.662  -46.069  40.215 0.0000000000
37246  -25.445  -46.254  39.308 0.0000000000
37264  -25.169  -46.138  38.475 0.0000000000
36229  -25.394  -46.613  38.012 0.0000000000
36242  -25.737  -46.841  36.849 0.0000000000
36236  -25.971  -47.078  37.957 0.0000000000
36243  -25.941  -47.080  37.207 0.0000000000
36253  -26.012  -47.014  36.381 0.0000000000
36255  -27.397  -46.968  35.073 0.0000000000
41451  -29.890  -42.500  33.031 0.0000000000
51561  -41.687  -32.471  22.303 0.0000000000
52559  -41.455  -31.720  21.944 0.0000000000
53597  -41.606  -30.964  21.715 0.0000000000
52549  -44.682  -31.119  23.101 0.0000000000
53588  -44.924  -30.800  22.326 0.0000000000
53587  -44.239  -30.829  22.613 0.0000000000
52586  -49.619  -31.710  19.045 0.0000000000
125382  -49.990  -29.437  19.635 0.0000000000
55795  -49.388  -28.857  20.110 0.0000000000
56930  -48.328  -27.699  21.994 0.0000000000
37179  -33.064  -46.920  42.471 0.0000000000
37201  -33.381  -46.907  41.746 0.0000000000
37227  -33.677  -46.637  41.001 0.0000000000
37228  -34.553  -46.738  40.912 0.0000000000
38291  -33.158  -46.103  40.414 0.0000000000
38310  -33.503  -45.604  39.743 0.0000000000
38327  -33.580  -44.695  38.646 0.0000000000
37251  -36.755  -46.423  40.025 0.0000000000
38312  -36.218  -45.976  39.347 0.0000000000
131194  -34.941  -45.365  39.015 0.0000000000
121432  -33.348  -44.163  37.835 0.0000000000
127648  -32.914  -43.195  35.375 0.0000000000
40433  -32.493  -42.960  34.766 0.0000000000
41430  -31.945  -42.631  34.115 0.0000000000
38365  -41.250  -45.414  36.364 0.0000000000
38364  -40.370  -45.365  36.171 0.0000000000
38376  -39.693  -45.120  35.499 0.0000000000
38386  -39.900  -44.863  34.696 0.0000000000
39455  -38.404  -44.585  35.234 0.0000000000
133860  -37.680  -44.280  35.133 0.0000000000
40491  -38.501  -43.681  31.088 0.0000000000
39512  -37.874  -43.650  31.568 0.0000000000
39511  -37.401  -43.682  32.002 0.0000000000
39497  -37.251  -43.791  32.747 0.0000000000
39476  -36.947  -43.915  33.595 0.0000000000
135787  -36.649  -43.922  34.314 0.0000000000
40436  -35.345  -43.514  34.130 0.0000000000
40469  -34.179  -43.004  32.869 0.0000000000
41453  -31.669  -42.274  32.639 0.0000000000
48447  -36.006  -35.041  24.908 0.0000000000
126041  -48.937  -39.417  32.163 0.0000000000
44259  -49.422  -39.050  32.159 0.0000000000
43318  -49.336  -39.400  32.670 0.0000000000
44247  -49.777  -39.031  32.836 0.0000000000
44226  -50.214  -38.609  33.661 0.0000000000
41298  -23.823  -41.564  43.912 0.0000000000
41299  -24.467  -41.502  44.216 0.0000000000
42253  -25.175  -41.699  44.277 0.0000000000
40289  -26.889  -43.273  44.685 0.0000000000
39319  -27.426  -43.901  45.047 0.0000000000
39320  -27.979  -44.382  45.339 0.0000000000
138219  -28.549  -44.696  45.620 0.0000000000
38226  -28.847  -45.512  45.209 0.0000000000
38227  -29.526  -45.572  45.410 0.0000000000
37134  -29.973  -46.024  44.932 0.0000000000
37145  -31.673  -46.237  44.646 0.0000000000
136755  -33.416  -46.291  44.739 0.0000000000
37160  -33.296  -46.616  44.022 0.0000000000
37180  -34.018  -46.867  43.426 0.0000000000
36185  -34.750  -46.917  43.170 0.0000000000
141244  -34.898  -46.964  42.701 0.0000000000
36194  -35.341  -46.879  42.869 0.0000000000
121549  -36.860  -46.728  42.108 0.0000000000
37205  -37.526  -46.585  41.419 0.0000000000
38263  -38.040  -46.093  42.643 0.0000000000
37232  -38.861  -46.347  40.489 0.0000000000
37208  -40.092  -45.983  40.820 0.0000000000
37234  -40.379  -45.866  40.114 0.0000000000
37256  -40.852  -45.700  39.210 0.0000000000
37257  -41.637  -45.684  39.138 0.0000000000
37272  -42.051  -45.692  38.540 0.0000000000
144207  -42.905  -45.275  39.507 0.0000000000
38333  -42.674  -45.456  38.444 0.0000000000
37273  -42.759  -45.275  37.741 0.0000000000
38352  -43.243  -44.939  37.501 0.0000000000
38354  -44.198  -44.175  37.169 0.0000000000
39443  -44.001  -44.060  36.406 0.0000000000
39444  -44.715  -43.682  36.667 0.0000000000
39458  -45.389  -43.378  36.187 0.0000000000
40425  -46.047  -43.113  35.767 0.0000000000
40395  -46.434  -42.646  36.945 0.0000000000
40410  -46.584  -42.749  36.055 0.0000000000
40426  -46.568  -42.719  35.333 0.0000000000
40441  -46.437  -42.589  34.722 0.0000000000
41445  -46.860  -41.993  34.281 0.0000000000
42384  -47.821  -40.741  33.627 0.0000000000
43317  -47.921  -40.498  32.943 0.0000000000
43326  -48.809  -39.938  32.880 0.0000000000
143091  -49.188  -38.853  31.732 0.0000000000
45184  -49.367  -37.889  31.314 0.0000000000
46276  -49.425  -37.362  31.093 0.0000000000
45174  -50.461  -37.549  32.346 0.0000000000
45185  -49.904  -37.701  31.704 0.0000000000
137414  -49.943  -37.147  31.302 0.0000000000
47335  -49.479  -36.733  30.905 0.0000000000
48402  -49.364  -35.879  30.724 0.0000000000
49418  -49.495  -34.845  30.609 0.0000000000
140739  -52.643  -35.534  34.423 0.0000000000
47286  -52.372  -35.614  33.615 0.0000000000
49360  -53.010  -34.522  33.913 0.0000000000
48366  -52.264  -35.137  32.957 0.0000000000
48386  -51.120  -35.342  31.808 0.0000000000
49405  -50.714  -34.876  31.318 0.0000000000
50425  -49.805  -33.988  30.291 0.0000000000
50435  -50.274  -33.432  29.647 0.0000000000
50449  -50.378  -33.212  28.867 0.0000000000
133498  -51.973  -33.424  29.350 0.0000000000
124041  -50.934  -33.195  28.170 0.0000000000
123270  -51.230  -33.331  27.226 0.0000000000
50483  -51.587  -33.379  26.393 0.0000000000
51486  -55.237  -32.039  30.834 0.0000000000
122105  -54.401  -32.342  29.859 0.0000000000
50453  -54.402  -32.791  28.434 0.0000000000
141673  -55.255  -32.262  28.367 0.0000000000
50454  -55.012  -32.669  28.071 0.0000000000
122036  -53.909  -33.097  27.994 0.0000000000
122034  -53.024  -33.303  26.997 0.0000000000
122032  -52.559  -33.244  26.157 0.0000000000
50495  -51.866  -33.315  25.663 0.0000000000
122030  -52.445  -33.114  25.187 0.0000000000
50508  -52.338  -33.075  24.234 0.0000000000
50523  -52.720  -32.674  23.772 0.0000000000
50510  -53.767  -32.382  24.765 0.0000000000
50525  -53.323  -32.396  24.109 0.0000000000
50542  -52.664  -32.392  23.310 0.0000000000
51568  -52.364  -32.188  22.844 0.0000000000
52565  -52.486  -31.664  22.702 0.0000000000
53603  -52.533  -31.149  22.618 0.0000000000
54678  -56.352  -29.446  25.906 0.0000000000
134417  -55.468  -29.976  25.189 0.0000000000
53579  -54.983  -30.095  24.670 0.0000000000
55757  -55.222  -28.699  24.579 0.0000000000
54687  -54.905  -29.368  24.420 0.0000000000
131393  -54.543  -30.031  24.207 0.0000000000
53589  -52.509  -30.742  22.637 0.0000000000
54710  -51.886  -30.633  22.154 0.0000000000
54696  -51.579  -29.934  22.389 0.0000000000
55784  -51.030  -29.167  22.841 0.0000000000
55772  -51.372  -28.586  23.331 0.0000000000
145106  -50.673  -28.550  23.165 0.0000000000
55783  -50.196  -28.868  22.722 0.0000000000
133996  -49.501  -28.525  22.679 0.0000000000
55770  -49.200  -28.055  22.884 0.0000000000
56931  -48.705  -27.447  22.629 0.0000000000
60040  -54.620  -24.755  24.683 0.0000000000
139402  -53.302  -22.199  25.004 0.0000000000
61035  -53.186  -22.790  25.000 0.0000000000
61036  -53.582  -23.208  25.692 0.0000000000
137709  -53.636  -24.508  24.249 0.0000000000
59105  -53.415  -25.276  23.669 0.0000000000
59103  -51.257  -26.004  23.450 0.0000000000
128809  -51.001  -25.177  23.257 0.0000000000
59102  -50.391  -25.897  23.246 0.0000000000
58084  -48.591  -26.517  22.401 0.0000000000
58087  -48.125  -26.370  21.524 0.0000000000
59136  -48.097  -26.009  20.772 0.0000000000
136004  -48.174  -25.397  20.372 0.0000000000
60085  -48.202  -24.662  19.897 0.0000000000
145389  -48.245  -24.090  19.875 0.0000000000
60095  -48.379  -24.771  19.308 0.0000000000
60105  -48.754  -24.491  18.848 0.0000000000
60106  -49.375  -24.155  18.383 0.0000000000
62068  -49.718  -22.198  19.234 0.0000000000
63082  -51.273  -21.320  19.065 0.0000000000
62085  -49.342  -22.946  18.028 0.0000000000
64993  -56.279  -19.233  21.005 0.0000000000
65934  -55.933  -18.671  20.325 0.0000000000
66867  -56.463  -17.953  20.093 0.0000000000
65933  -55.053  -18.836  19.916 0.0000000000
67817  -56.331  -15.960  18.663 0.0000000000
67828  -54.426  -16.450  17.063 0.0000000000
67815  -54.684  -16.499  17.973 0.0000000000
66889  -54.361  -17.178  18.337 0.0000000000
66888  -53.628  -17.613  17.777 0.0000000000
65954  -53.037  -18.419  17.628 0.0000000000
65953  -52.617  -19.013  17.629 0.0000000000
41372  -20.845  -42.525  39.583 0.0000000000
130870  -20.348  -43.904  35.171 0.0000000000
41416  -20.814  -42.738  35.893 0.0000000000
40412  -20.638  -43.309  35.282 0.0000000000
41342  -25.150  -41.890  41.211 0.0000000000
131081  -25.075  -42.011  40.006 0.0000000000
121453  -24.258  -41.927  38.604 0.0000000000
42345  -23.543  -41.789  36.816 0.0000000000
39420  -24.963  -44.550  36.977 0.0000000000
40401  -24.749  -43.501  36.490 0.0000000000
123754  -24.605  -43.971  34.850 0.0000000000
40415  -24.613  -43.560  35.558 0.0000000000
41412  -24.341  -42.645  36.004 0.0000000000
41411  -23.902  -42.022  36.242 0.0000000000
42356  -23.240  -41.720  35.944 0.0000000000
41425  -22.769  -41.867  34.428 0.0000000000
41434  -22.267  -42.290  34.009 0.0000000000
41462  -22.997  -42.706  31.840 0.0000000000
40466  -22.437  -42.889  32.219 0.0000000000
37344  -26.170  -46.864  30.029 0.0000000000
37178  -32.081  -46.723  42.392 0.0000000000
37199  -31.347  -46.562  41.905 0.0000000000
37225  -30.667  -46.180  41.382 0.0000000000
40377  -29.790  -43.719  38.460 0.0000000000
39407  -29.240  -44.097  39.138 0.0000000000
143923  -27.623  -45.148  39.257 0.0000000000
38325  -27.130  -45.607  37.983 0.0000000000
37295  -27.097  -46.646  35.708 0.0000000000
41437  -29.818  -42.701  33.780 0.0000000000
40431  -29.476  -43.198  33.926 0.0000000000
39475  -29.455  -43.699  33.359 0.0000000000
140124  -28.356  -47.209  34.930 0.0000000000
35347  -28.841  -48.039  34.308 0.0000000000
36203  -34.630  -46.988  42.263 0.0000000000
37236  -41.847  -45.594  39.563 0.0000000000
37284  -42.289  -45.536  37.994 0.0000000000
37353  -25.355  -46.573  29.028 0.0000000000
37369  -25.069  -46.809  28.772 0.0000000000
38272  -26.008  -45.409  41.075 0.0000000000
38334  -43.369  -45.047  38.210 0.0000000000
38353  -43.801  -44.632  37.669 0.0000000000
38367  -42.931  -44.758  36.286 0.0000000000
38442  -24.412  -45.505  29.205 0.0000000000
39467  -42.488  -44.356  34.694 0.0000000000
39470  -44.612  -43.660  35.250 0.0000000000
40427  -20.822  -43.589  34.543 0.0000000000
40440  -46.006  -43.077  35.134 0.0000000000
40445  -23.030  -42.341  32.618 0.0000000000
40515  -37.134  -43.147  29.917 0.0000000000
41469  -41.826  -42.524  31.516 0.0000000000
42380  -44.570  -41.295  32.830 0.0000000000
42404  -39.517  -41.876  29.280 0.0000000000
43315  -46.861  -40.508  32.748 0.0000000000
43325  -47.388  -39.960  32.297 0.0000000000
44241  -49.761  -39.089  33.306 0.0000000000
44248  -50.136  -38.412  32.757 0.0000000000
45121  -50.587  -38.210  34.046 0.0000000000
45141  -50.732  -37.899  33.150 0.0000000000
45172  -49.529  -38.455  31.843 0.0000000000
45192  -43.827  -37.801  29.752 0.0000000000
46218  -51.690  -36.966  33.704 0.0000000000
46248  -50.870  -37.393  32.933 0.0000000000
47336  -50.195  -36.579  31.371 0.0000000000
48346  -52.460  -35.873  34.051 0.0000000000
48367  -52.760  -34.866  33.471 0.0000000000
48403  -50.011  -35.288  31.025 0.0000000000
48435  -39.517  -35.680  25.556 0.0000000000
49392  -52.504  -34.194  32.300 0.0000000000
49419  -50.310  -34.427  30.799 0.0000000000
49492  -37.406  -34.232  23.369 0.0000000000
50394  -53.637  -33.367  32.077 0.0000000000
50411  -51.934  -33.788  31.045 0.0000000000
50429  -53.093  -33.318  30.604 0.0000000000
50432  -54.944  -31.967  29.863 0.0000000000
50441  -55.319  -31.819  28.981 0.0000000000
50450  -51.079  -33.314  29.057 0.0000000000
50452  -53.186  -33.302  28.326 0.0000000000
50455  -55.691  -31.894  28.291 0.0000000000
50471  -55.607  -32.373  27.105 0.0000000000
50484  -54.213  -32.684  26.373 0.0000000000
50496  -53.512  -32.602  25.132 0.0000000000
50524  -53.012  -32.373  23.636 0.0000000000
50541  -52.204  -32.573  23.107 0.0000000000
51499  -56.250  -31.560  27.570 0.0000000000
51507  -56.278  -31.574  26.958 0.0000000000
51519  -55.842  -32.051  26.614 0.0000000000
51528  -55.327  -32.155  26.185 0.0000000000
51539  -46.098  -31.951  24.520 0.0000000000
51542  -55.005  -31.857  25.534 0.0000000000
51553  -53.414  -32.132  23.825 0.0000000000
52491  -56.345  -31.069  29.316 0.0000000000
52498  -56.391  -31.089  28.657 0.0000000000
52499  -56.494  -31.063  27.993 0.0000000000
52520  -56.368  -30.586  26.244 0.0000000000
52538  -44.355  -31.645  23.722 0.0000000000
52553  -53.492  -31.657  23.604 0.0000000000
53542  -56.981  -30.077  28.178 0.0000000000
53543  -57.265  -29.662  27.829 0.0000000000
53559  -56.657  -30.254  27.237 0.0000000000
53560  -56.744  -29.855  26.903 0.0000000000
53566  -56.585  -29.798  26.434 0.0000000000
53571  -55.463  -30.585  25.351 0.0000000000
53572  -56.035  -30.129  25.757 0.0000000000
53585  -42.743  -31.037  22.422 0.0000000000
53602  -51.894  -30.918  22.182 0.0000000000
54647  -57.220  -29.344  27.248 0.0000000000
55712  -57.440  -28.147  28.687 0.0000000000
55723  -57.578  -28.576  27.533 0.0000000000
55731  -57.402  -28.931  27.156 0.0000000000
55741  -56.808  -28.380  26.035 0.0000000000
55742  -57.044  -28.701  26.682 0.0000000000
55775  -54.718  -28.654  24.113 0.0000000000
56901  -56.433  -27.344  25.258 0.0000000000
58011  -56.968  -27.705  26.839 0.0000000000
58027  -56.934  -27.317  26.242 0.0000000000
59055  -56.794  -27.035  26.678 0.0000000000
59085  -56.447  -26.328  25.585 0.0000000000
61105  -48.373  -24.204  20.499 0.0000000000
62969  -55.271  -20.638  28.279 0.0000000000
64965  -58.411  -18.959  22.681 0.0000000000
65926  -58.993  -17.790  22.250 0.0000000000
67792  -59.374  -16.656  20.628 0.0000000000
122033  -53.925  -32.976  27.135 0.0000000000
122423  -55.958  -25.805  25.147 0.0000000000
122434  -42.485  -44.742  35.699 0.0000000000
122578  -52.888  -21.562  22.179 0.0000000000
125482  -56.393  -28.831  25.703 0.0000000000
126426  -23.838  -42.191  34.767 0.0000000000
126719  -55.467  -32.380  27.772 0.0000000000
128080  -39.486  -39.454  28.562 0.0000000000
128450  -31.514  -40.730  27.813 0.0000000000
128560  -55.885  -25.944  26.550 0.0000000000
130169  -38.725  -39.746  28.163 0.0000000000
131040  -27.254  -46.355  41.028 0.0000000000
131481  -55.924  -31.303  29.706 0.0000000000
132438  -40.553  -45.765  39.662 0.0000000000
132960  -48.231  -27.077  22.056 0.0000000000
137380  -24.951  -45.264  35.992 0.0000000000
138557  -34.336  -42.154  28.928 0.0000000000
138593  -51.745  -33.364  27.730 0.0000000000
139436  -42.711  -44.194  34.442 0.0000000000
140773  -55.484  -17.253  19.270 0.0000000000
141643  -51.428  -26.691  23.526 0.0000000000
142148  -51.179  -37.300  33.358 0.0000000000
142428  -48.450  -37.274  30.392 0.0000000000
143826  -53.853  -31.816  24.085 0.0000000000
143970  -51.344  -33.074  23.125 0.0000000000
144681  -40.321  -33.948  22.090 0.0000000000
144770  -52.826  -32.799  24.235 0.0000000000
145288  -42.806  -42.065  32.291 0.0000000000
145507  -55.212  -30.395  25.029 0.0000000000
146348  -54.270  -23.871  26.616 0.0000000000
