#!ascii label  , from subject sub-v1s0x0050642_ses-1 vox2ras=TkReg
1086
128485  20.666  -28.403  39.560 0.0000000000
46469  33.580  -29.385  44.412 0.0000000000
131857  35.921  -6.802  27.819 0.0000000000
57586  30.826  -19.415  33.959 0.0000000000
52593  37.274  -24.418  38.545 0.0000000000
75934  48.211  0.017  18.106 0.0000000000
66467  39.106  -10.509  27.913 0.0000000000
134554  34.496  -15.613  27.110 0.0000000000
139170  15.523  -32.301  38.728 0.0000000000
47581  26.082  -27.855  42.188 0.0000000000
48659  30.504  -26.543  40.154 0.0000000000
49669  23.806  -26.569  37.079 0.0000000000
70379  42.510  -6.188  22.750 0.0000000000
46473  22.315  -29.440  44.433 0.0000000000
47525  16.852  -28.935  44.662 0.0000000000
72167  41.479  -3.216  26.736 0.0000000000
42609  14.017  -34.165  43.420 0.0000000000
39755  10.234  -37.351  41.482 0.0000000000
60633  33.996  -16.130  32.721 0.0000000000
55582  35.134  -21.051  36.011 0.0000000000
50707  36.108  -26.003  33.436 0.0000000000
47699  33.958  -27.332  35.890 0.0000000000
64505  40.131  -12.699  28.355 0.0000000000
63526  37.850  -13.345  26.311 0.0000000000
61694  37.482  -15.753  28.497 0.0000000000
67419  40.917  -9.416  29.983 0.0000000000
46623  19.246  -29.809  36.467 0.0000000000
45558  17.310  -31.500  36.510 0.0000000000
46575  17.637  -29.022  38.941 0.0000000000
47610  23.176  -27.640  41.278 0.0000000000
48679  24.904  -26.695  39.858 0.0000000000
47672  21.488  -27.935  38.203 0.0000000000
47706  20.893  -28.819  35.662 0.0000000000
71261  36.224  -5.104  25.685 0.0000000000
71229  38.254  -5.415  29.648 0.0000000000
72169  38.747  -4.008  27.284 0.0000000000
71258  39.254  -3.980  24.956 0.0000000000
45401  16.348  -30.663  47.777 0.0000000000
45464  15.296  -31.316  44.124 0.0000000000
43488  14.622  -33.343  46.421 0.0000000000
122813  10.710  -36.952  46.818 0.0000000000
39730  11.582  -37.184  44.220 0.0000000000
38652  9.248  -38.056  43.448 0.0000000000
37651  7.311  -39.013  43.403 0.0000000000
37616  7.018  -38.567  45.599 0.0000000000
56565  35.812  -20.250  38.517 0.0000000000
54554  36.639  -22.429  37.332 0.0000000000
54586  36.116  -23.143  34.842 0.0000000000
51677  37.269  -25.352  35.720 0.0000000000
49652  29.270  -25.300  37.980 0.0000000000
48692  32.844  -26.966  38.496 0.0000000000
49681  30.761  -25.945  35.745 0.0000000000
121383  32.455  -27.053  33.735 0.0000000000
59627  31.003  -17.178  33.862 0.0000000000
128636  30.863  -16.047  30.434 0.0000000000
57599  29.393  -18.535  31.791 0.0000000000
77672  51.465  2.276  15.978 0.0000000000
77663  48.867  1.706  16.362 0.0000000000
68395  37.277  -8.679  28.855 0.0000000000
65495  35.973  -11.240  26.030 0.0000000000
69294  39.617  -7.147  30.560 0.0000000000
46493  29.776  -29.007  43.623 0.0000000000
46544  31.858  -28.460  42.731 0.0000000000
139318  28.539  -27.752  41.412 0.0000000000
49640  27.180  -26.136  39.369 0.0000000000
51668  26.056  -25.369  36.338 0.0000000000
138884  45.056  -6.104  24.141 0.0000000000
72236  45.469  -4.526  21.991 0.0000000000
74186  45.313  -2.167  20.936 0.0000000000
75918  44.690  -0.497  18.857 0.0000000000
124696  21.392  -28.640  42.469 0.0000000000
47553  19.230  -28.333  42.179 0.0000000000
46476  20.112  -29.166  44.541 0.0000000000
46526  24.751  -28.494  43.708 0.0000000000
123548  42.147  -5.553  24.858 0.0000000000
140400  15.872  -30.459  41.250 0.0000000000
42642  14.560  -33.313  40.992 0.0000000000
40774  13.407  -35.445  39.856 0.0000000000
40718  13.345  -35.221  45.520 0.0000000000
39770  12.410  -36.310  42.102 0.0000000000
37602  3.923  -38.728  45.613 0.0000000000
61625  36.965  -15.297  31.916 0.0000000000
59590  31.839  -17.861  36.418 0.0000000000
57530  33.398  -18.574  38.192 0.0000000000
56599  32.892  -20.030  35.149 0.0000000000
54588  35.002  -22.183  33.791 0.0000000000
52647  35.682  -24.541  32.496 0.0000000000
50741  34.989  -26.597  31.081 0.0000000000
127967  33.822  -28.090  40.808 0.0000000000
47668  35.900  -27.626  38.256 0.0000000000
49665  36.998  -27.067  36.650 0.0000000000
143775  35.494  -27.431  34.456 0.0000000000
49706  33.748  -27.847  32.804 0.0000000000
122038  34.389  -15.373  29.711 0.0000000000
61713  31.882  -15.677  27.178 0.0000000000
63490  40.112  -14.128  29.395 0.0000000000
62592  38.948  -14.615  28.063 0.0000000000
62579  39.012  -15.059  29.068 0.0000000000
65455  41.137  -11.721  29.464 0.0000000000
125586  20.075  -28.857  38.221 0.0000000000
46586  18.770  -29.420  37.803 0.0000000000
46574  18.910  -28.947  38.709 0.0000000000
47612  21.642  -28.158  40.537 0.0000000000
48667  22.588  -27.588  39.552 0.0000000000
47656  21.055  -28.340  38.593 0.0000000000
47673  20.861  -28.434  37.658 0.0000000000
71246  36.082  -5.475  26.558 0.0000000000
71233  37.129  -5.632  28.710 0.0000000000
123866  38.610  -4.226  28.186 0.0000000000
71236  37.199  -5.109  27.963 0.0000000000
72195  37.687  -4.338  26.130 0.0000000000
38614  9.434  -37.579  46.241 0.0000000000
129662  10.210  -37.473  45.085 0.0000000000
38628  9.438  -37.634  45.437 0.0000000000
38640  8.588  -38.225  44.016 0.0000000000
37634  7.733  -38.487  44.387 0.0000000000
36606  6.829  -38.926  44.115 0.0000000000
55553  37.280  -21.883  38.826 0.0000000000
53539  36.924  -23.598  37.451 0.0000000000
53551  36.813  -23.721  36.508 0.0000000000
52607  37.210  -24.990  36.787 0.0000000000
46490  34.466  -29.204  43.861 0.0000000000
50688  28.309  -24.997  35.728 0.0000000000
49668  30.060  -25.555  36.324 0.0000000000
50697  29.587  -25.526  34.590 0.0000000000
49693  30.233  -25.969  34.122 0.0000000000
58589  30.763  -18.201  34.582 0.0000000000
59634  29.968  -17.374  32.625 0.0000000000
75069  48.336  -1.244  19.286 0.0000000000
75924  49.722  -0.954  18.766 0.0000000000
75932  49.809  0.008  17.906 0.0000000000
76779  49.586  1.180  16.960 0.0000000000
76770  48.433  0.599  17.504 0.0000000000
67454  38.290  -10.074  27.965 0.0000000000
66481  36.848  -10.038  27.335 0.0000000000
66480  37.449  -10.757  26.874 0.0000000000
142360  36.456  -14.930  26.160 0.0000000000
63527  36.496  -14.025  25.733 0.0000000000
138317  34.932  -15.465  26.321 0.0000000000
66466  40.128  -10.319  28.656 0.0000000000
68393  38.812  -9.271  29.192 0.0000000000
68394  38.003  -8.624  29.414 0.0000000000
44529  16.064  -31.866  37.963 0.0000000000
42663  14.925  -33.404  39.032 0.0000000000
46549  27.967  -28.478  42.711 0.0000000000
46548  28.769  -28.438  42.344 0.0000000000
47607  27.500  -27.976  41.699 0.0000000000
49642  24.525  -26.579  38.921 0.0000000000
137533  26.307  -26.387  39.541 0.0000000000
49656  25.166  -26.177  38.378 0.0000000000
50665  26.555  -25.692  37.826 0.0000000000
50667  24.446  -26.177  36.944 0.0000000000
49683  22.950  -26.628  35.684 0.0000000000
130607  34.197  -22.820  32.024 0.0000000000
70363  43.854  -6.279  23.555 0.0000000000
71309  45.397  -5.520  22.899 0.0000000000
71311  43.784  -5.797  22.414 0.0000000000
73208  43.833  -3.091  20.848 0.0000000000
74187  44.205  -2.292  20.614 0.0000000000
75065  45.178  -0.860  19.791 0.0000000000
130114  21.767  -28.873  43.199 0.0000000000
46503  20.547  -28.945  43.544 0.0000000000
46474  21.531  -29.632  44.568 0.0000000000
134492  23.034  -29.162  44.173 0.0000000000
46527  23.155  -28.464  43.035 0.0000000000
71241  43.187  -4.978  25.962 0.0000000000
71243  41.754  -4.316  25.499 0.0000000000
71294  40.036  -4.873  23.308 0.0000000000
47532  18.324  -28.507  43.667 0.0000000000
47588  17.507  -28.782  41.536 0.0000000000
47556  16.674  -29.129  43.276 0.0000000000
43524  14.678  -32.985  43.305 0.0000000000
132462  14.860  -32.276  42.881 0.0000000000
144218  14.273  -33.891  42.066 0.0000000000
41710  14.092  -34.407  41.236 0.0000000000
40760  13.710  -34.880  41.871 0.0000000000
139044  12.729  -35.668  46.732 0.0000000000
39742  11.427  -37.253  43.363 0.0000000000
39741  12.089  -36.809  43.636 0.0000000000
125906  11.720  -36.665  41.716 0.0000000000
39787  11.598  -36.593  40.678 0.0000000000
59606  32.331  -17.193  35.789 0.0000000000
56576  35.469  -20.571  37.733 0.0000000000
57529  34.087  -19.049  38.414 0.0000000000
57560  33.958  -19.770  36.894 0.0000000000
128596  32.961  -19.223  36.809 0.0000000000
56597  34.415  -20.706  35.704 0.0000000000
55606  33.848  -21.117  33.998 0.0000000000
55594  34.892  -21.269  35.158 0.0000000000
52635  36.229  -24.590  34.204 0.0000000000
53578  36.055  -24.046  33.747 0.0000000000
51705  36.008  -25.270  32.871 0.0000000000
51721  35.304  -26.126  31.664 0.0000000000
50722  35.033  -26.877  32.045 0.0000000000
47603  31.402  -27.945  41.800 0.0000000000
47602  32.962  -28.113  41.494 0.0000000000
142543  32.532  -27.548  40.657 0.0000000000
47671  33.382  -27.229  36.889 0.0000000000
123358  34.865  -27.726  38.520 0.0000000000
47669  34.926  -27.562  37.595 0.0000000000
48690  36.181  -27.406  37.613 0.0000000000
48705  35.828  -27.486  36.562 0.0000000000
49679  36.476  -27.306  35.421 0.0000000000
48718  34.885  -27.336  35.430 0.0000000000
48773  31.719  -27.881  32.461 0.0000000000
48748  32.452  -27.671  33.017 0.0000000000
137652  35.767  -15.584  32.277 0.0000000000
61659  35.245  -15.408  30.734 0.0000000000
61644  33.818  -15.638  31.436 0.0000000000
120127  30.196  -16.409  29.604 0.0000000000
61681  31.413  -15.563  28.869 0.0000000000
78589  51.241  3.163  14.505 0.0000000000
64514  39.621  -12.279  27.775 0.0000000000
65487  38.073  -11.578  26.581 0.0000000000
63518  38.904  -13.668  27.363 0.0000000000
62605  37.782  -14.548  26.753 0.0000000000
61710  36.317  -15.834  27.414 0.0000000000
133185  41.409  -10.058  30.150 0.0000000000
137265  40.853  -11.226  29.146 0.0000000000
46624  18.470  -30.296  36.528 0.0000000000
46603  17.276  -30.108  37.752 0.0000000000
45509  16.334  -30.531  38.942 0.0000000000
47609  24.259  -27.540  41.747 0.0000000000
48647  25.779  -27.417  41.467 0.0000000000
47634  23.771  -27.312  40.806 0.0000000000
48681  23.140  -27.327  39.041 0.0000000000
48696  22.879  -27.316  38.140 0.0000000000
49671  22.490  -27.256  36.210 0.0000000000
47688  21.312  -28.068  37.256 0.0000000000
47690  20.262  -29.073  36.113 0.0000000000
70396  42.018  -6.013  21.827 0.0000000000
127554  21.959  -29.661  45.899 0.0000000000
72146  39.084  -4.149  29.462 0.0000000000
72153  39.948  -3.367  28.118 0.0000000000
72168  40.324  -3.317  26.993 0.0000000000
71244  40.924  -3.970  25.425 0.0000000000
72194  38.625  -3.949  25.880 0.0000000000
71259  38.108  -4.122  25.191 0.0000000000
46446  16.485  -29.593  46.081 0.0000000000
46478  16.141  -29.705  44.327 0.0000000000
45444  15.807  -30.420  45.728 0.0000000000
44435  15.162  -32.320  45.481 0.0000000000
125945  14.480  -33.615  44.857 0.0000000000
129206  12.175  -36.312  45.793 0.0000000000
38626  11.099  -36.928  45.500 0.0000000000
38650  10.936  -37.592  43.979 0.0000000000
120153  9.802  -37.853  42.823 0.0000000000
38671  8.498  -38.619  42.261 0.0000000000
56575  36.195  -20.962  38.025 0.0000000000
55581  35.701  -21.491  36.454 0.0000000000
55593  35.572  -21.798  35.561 0.0000000000
53563  36.448  -23.372  35.713 0.0000000000
52624  36.486  -24.444  34.972 0.0000000000
51690  36.485  -25.935  34.302 0.0000000000
137997  30.492  -26.052  38.997 0.0000000000
48677  32.145  -26.715  39.142 0.0000000000
143453  31.126  -26.192  38.282 0.0000000000
48707  32.164  -26.459  36.875 0.0000000000
48706  32.859  -26.937  36.401 0.0000000000
47700  33.526  -27.058  35.270 0.0000000000
48734  32.244  -26.654  34.611 0.0000000000
142744  30.642  -27.014  33.088 0.0000000000
130319  32.898  -16.517  33.483 0.0000000000
120224  32.340  -16.032  31.820 0.0000000000
60636  31.442  -16.438  32.414 0.0000000000
60648  30.220  -16.477  31.215 0.0000000000
77661  50.972  1.772  16.598 0.0000000000
77662  49.869  1.906  16.386 0.0000000000
69332  36.184  -7.684  28.103 0.0000000000
69333  35.689  -7.582  27.428 0.0000000000
67457  35.743  -8.952  27.240 0.0000000000
133543  36.556  -12.021  25.758 0.0000000000
64525  35.844  -12.846  25.599 0.0000000000
70262  41.026  -7.043  31.378 0.0000000000
70263  40.453  -6.246  31.223 0.0000000000
71220  39.765  -5.229  31.006 0.0000000000
70292  38.929  -6.118  30.332 0.0000000000
138556  37.534  -6.873  29.596 0.0000000000
45468  32.132  -29.334  44.198 0.0000000000
136519  32.385  -29.028  43.567 0.0000000000
46545  31.027  -28.610  42.958 0.0000000000
47577  30.481  -28.265  42.049 0.0000000000
48643  29.185  -27.553  41.270 0.0000000000
48663  26.512  -27.066  40.729 0.0000000000
49630  27.745  -26.564  40.220 0.0000000000
49629  28.709  -26.348  40.174 0.0000000000
49653  28.749  -25.426  38.806 0.0000000000
50664  27.315  -25.336  37.275 0.0000000000
51680  27.385  -24.859  35.652 0.0000000000
73187  47.080  -4.239  22.106 0.0000000000
72237  44.552  -4.352  21.753 0.0000000000
73195  45.427  -3.716  21.709 0.0000000000
74177  46.970  -3.084  21.233 0.0000000000
75054  46.991  -1.877  20.221 0.0000000000
132967  47.111  -1.274  19.692 0.0000000000
75936  46.587  0.154  18.226 0.0000000000
76772  46.566  0.510  17.557 0.0000000000
46565  20.827  -28.305  40.520 0.0000000000
46566  20.159  -28.099  41.071 0.0000000000
46554  20.157  -28.296  42.042 0.0000000000
46504  19.505  -28.712  43.663 0.0000000000
46458  18.565  -28.717  45.128 0.0000000000
45442  20.993  -29.719  45.878 0.0000000000
46444  18.136  -29.076  46.818 0.0000000000
46432  17.782  -29.553  47.504 0.0000000000
45430  32.421  -29.513  45.574 0.0000000000
122322  30.759  -29.385  44.527 0.0000000000
46495  28.355  -28.961  43.834 0.0000000000
122988  27.057  -28.590  43.618 0.0000000000
46497  26.329  -28.596  43.938 0.0000000000
47551  24.975  -28.216  43.045 0.0000000000
47583  23.414  -27.940  42.275 0.0000000000
47585  21.958  -28.252  41.506 0.0000000000
71254  44.437  -5.741  25.508 0.0000000000
70352  43.429  -6.282  24.291 0.0000000000
70353  42.520  -6.134  24.296 0.0000000000
121993  40.599  -4.268  24.730 0.0000000000
71293  41.343  -5.555  23.741 0.0000000000
70380  41.592  -6.058  22.432 0.0000000000
47614  18.024  -28.610  40.679 0.0000000000
46567  16.660  -29.652  40.230 0.0000000000
45498  15.707  -31.213  40.193 0.0000000000
127120  15.699  -30.480  42.600 0.0000000000
44472  15.103  -31.786  41.355 0.0000000000
43608  15.100  -32.797  39.470 0.0000000000
42664  14.571  -33.939  39.609 0.0000000000
41727  13.955  -35.105  39.544 0.0000000000
41666  13.708  -34.361  46.126 0.0000000000
40734  13.516  -35.033  43.880 0.0000000000
39739  13.031  -35.951  44.125 0.0000000000
40747  13.440  -35.359  42.654 0.0000000000
40762  12.837  -35.953  41.249 0.0000000000
37618  5.610  -39.027  45.162 0.0000000000
61657  38.309  -15.194  30.595 0.0000000000
60625  33.815  -16.329  33.406 0.0000000000
60615  32.465  -16.846  34.237 0.0000000000
59618  31.168  -17.580  34.790 0.0000000000
57578  31.110  -18.872  34.854 0.0000000000
58541  32.391  -18.150  37.306 0.0000000000
57562  32.185  -18.920  36.291 0.0000000000
56609  31.628  -19.801  34.294 0.0000000000
56618  33.008  -20.856  33.801 0.0000000000
54599  33.811  -22.136  32.608 0.0000000000
54598  34.607  -22.570  32.962 0.0000000000
54587  35.594  -22.648  34.238 0.0000000000
54597  35.367  -22.987  33.377 0.0000000000
53585  35.295  -23.948  32.046 0.0000000000
52658  35.287  -24.880  30.985 0.0000000000
50761  35.187  -26.608  30.716 0.0000000000
51653  37.433  -25.010  39.037 0.0000000000
125060  33.900  -28.864  42.902 0.0000000000
47574  35.030  -28.658  41.320 0.0000000000
47600  35.645  -28.549  40.391 0.0000000000
141125  33.608  -27.570  39.649 0.0000000000
47630  35.114  -28.112  39.480 0.0000000000
48657  36.723  -27.739  39.669 0.0000000000
48673  36.937  -27.262  39.191 0.0000000000
49649  37.061  -26.515  37.918 0.0000000000
51660  37.356  -25.503  37.642 0.0000000000
126371  37.444  -26.004  35.711 0.0000000000
50686  36.588  -26.645  34.754 0.0000000000
49691  35.603  -27.251  33.832 0.0000000000
48732  33.736  -27.267  34.137 0.0000000000
48746  34.065  -27.531  33.630 0.0000000000
49704  35.103  -27.300  33.016 0.0000000000
49722  34.381  -27.489  31.496 0.0000000000
123759  36.609  -15.551  30.076 0.0000000000
137731  35.959  -15.860  29.300 0.0000000000
123191  34.812  -15.765  28.002 0.0000000000
61662  32.724  -15.424  30.219 0.0000000000
61698  33.159  -15.265  28.478 0.0000000000
121930  32.878  -15.359  27.448 0.0000000000
77665  47.226  1.197  15.895 0.0000000000
132339  39.486  -14.712  29.459 0.0000000000
62567  39.020  -15.128  29.960 0.0000000000
138155  40.630  -13.665  29.786 0.0000000000
46573  19.992  -28.717  38.831 0.0000000000
46564  21.151  -28.310  40.112 0.0000000000
47637  21.255  -28.227  39.581 0.0000000000
47638  20.636  -28.530  38.893 0.0000000000
70327  35.897  -5.985  27.333 0.0000000000
136966  35.571  -6.100  26.637 0.0000000000
70328  35.514  -6.770  27.047 0.0000000000
70326  36.405  -5.948  28.210 0.0000000000
71237  36.570  -5.267  27.295 0.0000000000
37596  8.672  -37.821  45.884 0.0000000000
37614  8.595  -37.953  44.976 0.0000000000
37615  7.797  -38.209  45.518 0.0000000000
53530  37.420  -23.654  38.795 0.0000000000
54542  37.305  -22.643  38.536 0.0000000000
53538  37.064  -24.053  37.970 0.0000000000
53550  36.935  -24.369  37.045 0.0000000000
52600  37.089  -24.802  37.583 0.0000000000
46454  34.176  -29.204  45.242 0.0000000000
46468  34.261  -29.245  44.678 0.0000000000
50687  29.283  -25.285  35.771 0.0000000000
126224  28.873  -25.094  34.832 0.0000000000
50698  29.191  -25.370  34.039 0.0000000000
57579  30.569  -18.738  34.206 0.0000000000
58603  30.322  -18.280  33.864 0.0000000000
75925  48.006  -0.594  18.744 0.0000000000
143971  48.592  -1.009  18.900 0.0000000000
129364  48.885  -0.672  18.536 0.0000000000
75933  49.032  -0.044  17.922 0.0000000000
76769  49.317  0.572  17.470 0.0000000000
130719  37.695  -10.261  27.508 0.0000000000
66479  38.463  -10.868  27.275 0.0000000000
61724  35.970  -15.460  26.608 0.0000000000
62615  35.653  -14.892  25.788 0.0000000000
61725  33.858  -15.492  26.271 0.0000000000
140168  39.537  -10.246  28.373 0.0000000000
67445  39.560  -9.758  28.900 0.0000000000
67446  38.912  -9.892  28.487 0.0000000000
44544  16.286  -32.374  37.251 0.0000000000
43624  15.679  -32.682  37.892 0.0000000000
42676  15.286  -33.482  37.859 0.0000000000
143076  15.295  -32.955  38.603 0.0000000000
47580  27.150  -28.213  42.297 0.0000000000
47579  27.954  -28.296  42.153 0.0000000000
49657  24.271  -26.521  37.875 0.0000000000
137428  24.980  -26.083  37.567 0.0000000000
50679  23.731  -26.226  36.216 0.0000000000
49670  23.151  -26.812  36.700 0.0000000000
70378  43.393  -6.217  22.894 0.0000000000
71292  44.122  -6.090  22.965 0.0000000000
74193  43.750  -1.910  19.745 0.0000000000
134981  21.841  -29.311  43.884 0.0000000000
45461  22.141  -29.650  45.277 0.0000000000
46501  22.363  -29.071  43.694 0.0000000000
72180  42.080  -3.843  26.034 0.0000000000
71242  42.446  -4.635  25.708 0.0000000000
47533  17.245  -28.740  43.781 0.0000000000
47534  16.563  -29.223  43.892 0.0000000000
43525  14.393  -33.613  43.829 0.0000000000
42608  14.405  -33.533  42.916 0.0000000000
42626  14.180  -33.999  42.559 0.0000000000
41702  14.018  -34.341  42.108 0.0000000000
40746  13.700  -34.803  42.536 0.0000000000
40704  12.666  -35.723  47.581 0.0000000000
144190  10.224  -37.502  42.312 0.0000000000
39754  11.040  -37.167  42.272 0.0000000000
39772  10.951  -36.964  41.134 0.0000000000
56586  35.279  -20.847  36.880 0.0000000000
56577  34.759  -20.141  37.331 0.0000000000
56587  34.584  -20.501  36.512 0.0000000000
56588  34.061  -20.177  36.152 0.0000000000
51704  36.279  -25.222  33.820 0.0000000000
52636  36.068  -24.560  33.321 0.0000000000
50708  35.629  -26.158  32.537 0.0000000000
47633  30.925  -27.093  40.793 0.0000000000
47632  31.766  -27.383  40.913 0.0000000000
47684  34.144  -27.421  36.887 0.0000000000
47683  34.906  -27.508  36.791 0.0000000000
47682  35.464  -27.503  37.141 0.0000000000
47697  35.230  -27.467  36.294 0.0000000000
47698  34.549  -27.405  36.069 0.0000000000
61628  34.397  -15.932  32.415 0.0000000000
61643  34.503  -15.668  31.873 0.0000000000
60634  33.776  -15.937  32.166 0.0000000000
64515  39.228  -12.874  27.466 0.0000000000
64506  39.722  -13.012  27.987 0.0000000000
61693  38.279  -15.379  28.733 0.0000000000
62593  38.142  -15.149  27.747 0.0000000000
61709  37.253  -15.540  27.536 0.0000000000
61695  36.609  -16.052  28.344 0.0000000000
67417  41.681  -9.199  31.310 0.0000000000
64493  40.502  -12.377  28.756 0.0000000000
65464  40.677  -11.787  28.912 0.0000000000
65477  40.440  -11.091  28.653 0.0000000000
46587  17.882  -29.441  38.067 0.0000000000
46602  18.007  -29.987  37.276 0.0000000000
46588  16.993  -29.838  38.444 0.0000000000
45525  16.549  -30.815  37.991 0.0000000000
47655  21.741  -27.891  39.139 0.0000000000
48682  22.298  -27.563  38.657 0.0000000000
48697  22.003  -27.549  37.721 0.0000000000
47674  20.268  -28.844  37.087 0.0000000000
46622  19.803  -29.295  36.532 0.0000000000
71228  38.837  -4.923  29.948 0.0000000000
72155  38.595  -4.515  29.112 0.0000000000
133681  39.338  -3.687  27.701 0.0000000000
72182  39.518  -3.594  26.739 0.0000000000
135830  38.927  -3.823  26.486 0.0000000000
71260  37.104  -4.569  25.435 0.0000000000
45422  16.095  -30.335  46.834 0.0000000000
44433  15.084  -32.564  46.284 0.0000000000
43495  14.829  -33.178  45.632 0.0000000000
121479  14.963  -32.954  44.949 0.0000000000
38611  11.338  -36.626  47.119 0.0000000000
38612  11.205  -36.715  46.261 0.0000000000
38639  9.527  -37.809  44.475 0.0000000000
38638  10.402  -37.628  44.436 0.0000000000
38651  10.130  -37.821  43.734 0.0000000000
38670  9.020  -38.140  42.462 0.0000000000
37650  8.009  -38.663  43.545 0.0000000000
37663  7.904  -39.058  42.653 0.0000000000
120874  7.167  -38.601  44.919 0.0000000000
141721  6.528  -38.866  44.783 0.0000000000
37617  6.300  -38.752  45.402 0.0000000000
55568  37.010  -22.125  38.039 0.0000000000
55554  36.750  -21.441  38.410 0.0000000000
55569  36.443  -21.700  37.660 0.0000000000
55570  35.973  -21.188  37.222 0.0000000000
55580  36.234  -21.922  36.870 0.0000000000
55592  36.077  -22.050  36.163 0.0000000000
53552  36.451  -22.746  36.477 0.0000000000
52614  37.128  -24.670  36.214 0.0000000000
53562  36.757  -24.130  35.665 0.0000000000
139319  36.900  -24.753  35.477 0.0000000000
51689  36.674  -25.171  34.802 0.0000000000
125845  29.725  -25.562  38.665 0.0000000000
49651  30.570  -25.794  37.913 0.0000000000
49667  30.694  -25.794  36.823 0.0000000000
48708  31.441  -26.192  36.283 0.0000000000
48720  32.232  -26.508  35.779 0.0000000000
48721  31.488  -26.310  35.200 0.0000000000
122949  30.738  -26.526  33.766 0.0000000000
60626  31.999  -16.812  33.633 0.0000000000
132784  32.384  -16.390  32.792 0.0000000000
60627  31.514  -16.750  33.138 0.0000000000
59635  29.470  -17.787  32.140 0.0000000000
59645  29.699  -17.112  31.763 0.0000000000
59646  29.237  -17.758  31.323 0.0000000000
77674  48.993  2.238  15.699 0.0000000000
77675  48.170  1.872  15.439 0.0000000000
68401  36.578  -8.581  28.307 0.0000000000
68402  36.000  -8.379  27.673 0.0000000000
66493  36.393  -10.610  26.641 0.0000000000
132969  35.762  -9.776  26.961 0.0000000000
66494  35.286  -10.588  26.321 0.0000000000
65496  34.898  -11.346  25.827 0.0000000000
64523  37.580  -12.278  26.114 0.0000000000
64524  37.019  -13.023  25.787 0.0000000000
63528  35.569  -13.857  25.491 0.0000000000
64530  34.789  -13.157  25.413 0.0000000000
68372  41.278  -8.467  30.976 0.0000000000
70261  41.530  -7.059  32.013 0.0000000000
69292  40.911  -7.839  30.953 0.0000000000
69305  39.513  -8.180  30.201 0.0000000000
70278  40.393  -7.063  30.880 0.0000000000
70279  39.786  -6.215  30.749 0.0000000000
69306  38.836  -7.336  30.189 0.0000000000
69307  38.056  -7.611  29.840 0.0000000000
69315  37.310  -7.727  29.351 0.0000000000
69316  36.684  -7.739  28.743 0.0000000000
45470  30.392  -29.205  43.944 0.0000000000
45482  31.057  -28.948  43.517 0.0000000000
46520  30.220  -28.786  43.191 0.0000000000
133006  29.042  -28.118  41.795 0.0000000000
47578  29.654  -28.448  42.195 0.0000000000
47605  29.831  -27.968  41.671 0.0000000000
48664  25.504  -26.985  40.747 0.0000000000
48646  26.325  -27.325  41.194 0.0000000000
49631  26.823  -26.676  40.159 0.0000000000
125782  28.186  -25.903  39.576 0.0000000000
49639  29.011  -25.749  39.494 0.0000000000
135838  27.902  -25.588  38.860 0.0000000000
50677  26.327  -25.613  37.068 0.0000000000
136041  26.863  -25.171  36.445 0.0000000000
136064  27.674  -25.050  36.412 0.0000000000
51681  26.397  -25.020  35.591 0.0000000000
48710  21.479  -28.207  35.675 0.0000000000
120072  22.014  -27.710  35.695 0.0000000000
71271  45.623  -5.894  24.516 0.0000000000
71289  46.223  -5.382  23.135 0.0000000000
72221  45.881  -4.986  22.422 0.0000000000
72220  46.674  -4.821  22.595 0.0000000000
72235  46.205  -4.351  22.038 0.0000000000
71335  42.641  -4.902  20.971 0.0000000000
72238  43.530  -4.648  21.444 0.0000000000
73207  44.832  -2.886  21.268 0.0000000000
73196  44.444  -3.547  21.416 0.0000000000
73206  45.953  -2.967  21.324 0.0000000000
74185  46.449  -2.358  20.864 0.0000000000
75064  46.292  -1.009  19.863 0.0000000000
75917  45.693  -0.363  19.219 0.0000000000
75071  46.693  -0.641  19.282 0.0000000000
75927  46.176  -0.031  18.666 0.0000000000
46552  21.555  -28.455  41.801 0.0000000000
46553  20.974  -28.448  41.671 0.0000000000
122024  20.856  -29.435  44.248 0.0000000000
46477  19.029  -28.763  44.463 0.0000000000
121934  19.446  -28.985  45.307 0.0000000000
45441  21.538  -29.671  46.152 0.0000000000
45420  19.750  -29.259  46.839 0.0000000000
46443  19.060  -29.074  46.638 0.0000000000
45421  18.829  -29.292  47.269 0.0000000000
45453  31.455  -29.419  44.723 0.0000000000
46499  24.604  -28.793  44.389 0.0000000000
46498  25.501  -28.666  44.218 0.0000000000
46525  25.652  -28.417  43.539 0.0000000000
132689  24.365  -27.918  42.544 0.0000000000
47552  24.056  -28.282  43.109 0.0000000000
119393  21.913  -28.516  42.391 0.0000000000
46551  22.524  -28.283  42.331 0.0000000000
120698  21.398  -28.340  41.014 0.0000000000
68403  35.452  -8.318  26.995 0.0000000000
71256  42.707  -5.316  25.407 0.0000000000
71255  43.536  -5.600  25.512 0.0000000000
71274  43.003  -5.963  24.956 0.0000000000
72193  39.737  -3.691  25.705 0.0000000000
71275  40.727  -4.902  23.924 0.0000000000
134876  40.759  -5.282  23.299 0.0000000000
70366  41.104  -5.775  22.964 0.0000000000
47586  19.481  -28.186  41.532 0.0000000000
47613  19.083  -28.209  40.718 0.0000000000
47587  18.594  -28.378  41.471 0.0000000000
46532  16.702  -29.231  41.951 0.0000000000
47615  17.212  -29.087  40.696 0.0000000000
46555  16.533  -29.621  41.142 0.0000000000
46577  16.223  -30.440  39.783 0.0000000000
46568  16.070  -30.434  40.581 0.0000000000
45463  15.702  -30.426  44.763 0.0000000000
119660  15.707  -30.443  43.995 0.0000000000
45474  15.464  -30.877  43.337 0.0000000000
143456  14.671  -32.815  41.851 0.0000000000
44457  14.900  -32.153  42.028 0.0000000000
133171  14.813  -32.436  41.324 0.0000000000
44490  15.173  -31.915  40.684 0.0000000000
43593  14.848  -32.694  40.546 0.0000000000
42652  14.713  -33.320  40.085 0.0000000000
41718  13.698  -35.008  40.791 0.0000000000
41717  14.226  -34.503  40.191 0.0000000000
41667  13.425  -34.960  46.038 0.0000000000
41677  13.582  -34.707  45.409 0.0000000000
137016  13.702  -34.513  44.760 0.0000000000
40726  13.482  -35.016  44.732 0.0000000000
39715  12.138  -36.477  45.151 0.0000000000
39729  12.124  -36.682  44.421 0.0000000000
39752  12.539  -36.339  43.038 0.0000000000
39740  12.616  -36.354  43.875 0.0000000000
40736  13.024  -35.921  43.292 0.0000000000
40735  13.346  -35.477  43.580 0.0000000000
40748  12.990  -35.904  42.367 0.0000000000
123903  6.042  -38.643  45.904 0.0000000000
37599  6.081  -38.477  46.725 0.0000000000
37601  4.710  -38.414  46.202 0.0000000000
37600  5.367  -38.668  45.864 0.0000000000
61616  35.821  -15.928  33.004 0.0000000000
60613  33.952  -16.550  34.242 0.0000000000
132998  33.260  -16.631  34.043 0.0000000000
60614  33.046  -16.937  34.877 0.0000000000
59589  32.139  -17.518  36.477 0.0000000000
59607  31.657  -17.633  35.771 0.0000000000
58588  31.223  -18.109  35.375 0.0000000000
58578  31.571  -18.048  36.050 0.0000000000
57547  32.826  -18.579  37.515 0.0000000000
57572  32.838  -19.647  35.902 0.0000000000
57573  32.030  -19.450  35.294 0.0000000000
56608  32.500  -20.256  34.485 0.0000000000
56607  33.345  -20.604  34.646 0.0000000000
55605  34.585  -21.507  34.305 0.0000000000
55617  34.242  -21.796  33.446 0.0000000000
54576  35.747  -22.386  34.964 0.0000000000
135379  35.722  -23.800  33.012 0.0000000000
52657  35.343  -24.534  31.744 0.0000000000
51735  35.273  -25.722  31.151 0.0000000000
49742  34.430  -27.553  30.910 0.0000000000
122734  32.539  -28.643  43.012 0.0000000000
46519  33.159  -28.938  43.300 0.0000000000
46543  33.325  -28.608  42.587 0.0000000000
46562  33.542  -28.360  41.717 0.0000000000
47601  34.334  -28.411  40.996 0.0000000000
122408  35.020  -28.423  40.247 0.0000000000
48676  32.689  -27.260  39.790 0.0000000000
47654  33.549  -27.410  38.790 0.0000000000
136773  34.727  -27.912  39.347 0.0000000000
47651  35.570  -27.895  38.883 0.0000000000
47629  35.563  -28.217  39.594 0.0000000000
47650  35.925  -27.923  39.026 0.0000000000
48675  36.164  -27.588  38.472 0.0000000000
48703  36.544  -27.300  37.015 0.0000000000
49650  36.811  -26.940  37.397 0.0000000000
49664  37.251  -26.479  37.099 0.0000000000
50662  37.317  -25.873  37.822 0.0000000000
50673  37.534  -25.887  36.951 0.0000000000
51667  37.656  -25.665  36.301 0.0000000000
50674  37.418  -26.446  36.279 0.0000000000
49680  35.814  -27.529  35.132 0.0000000000
49690  36.034  -27.263  34.554 0.0000000000
50696  36.128  -26.671  33.989 0.0000000000
48733  32.984  -26.972  34.545 0.0000000000
138312  33.506  -27.039  34.553 0.0000000000
128767  33.046  -27.326  33.852 0.0000000000
48747  33.267  -27.658  33.285 0.0000000000
49705  34.405  -27.622  33.181 0.0000000000
120029  34.368  -27.543  32.386 0.0000000000
135430  33.745  -27.829  31.974 0.0000000000
61640  37.593  -15.182  31.264 0.0000000000
61658  37.496  -15.365  30.358 0.0000000000
121091  36.785  -15.265  31.053 0.0000000000
61660  34.638  -15.403  30.433 0.0000000000
119990  35.793  -15.515  30.208 0.0000000000
119989  35.186  -15.467  29.918 0.0000000000
119697  35.042  -15.631  28.991 0.0000000000
61697  34.153  -15.395  28.748 0.0000000000
60665  31.974  -15.727  30.863 0.0000000000
60646  32.989  -15.654  31.121 0.0000000000
61680  32.420  -15.307  29.205 0.0000000000
61699  32.102  -15.293  28.148 0.0000000000
78588  52.205  3.036  14.387 0.0000000000
78597  52.174  3.263  13.537 0.0000000000
142139  52.763  3.339  13.154 0.0000000000
76782  46.685  0.862  16.605 0.0000000000
76787  46.045  0.388  16.188 0.0000000000
63508  39.978  -13.518  28.543 0.0000000000
63509  39.461  -13.687  27.973 0.0000000000
62591  39.543  -14.315  28.725 0.0000000000
63500  40.515  -13.134  29.095 0.0000000000
46600  19.698  -29.201  37.407 0.0000000000
46601  18.927  -29.676  37.185 0.0000000000
121231  19.494  -29.112  38.086 0.0000000000
47611  22.335  -27.912  40.891 0.0000000000
47635  22.868  -27.580  40.402 0.0000000000
47636  22.031  -27.862  40.046 0.0000000000
47657  20.426  -28.715  37.986 0.0000000000
70309  37.565  -5.932  29.373 0.0000000000
71232  37.872  -4.949  28.684 0.0000000000
71235  38.007  -4.509  27.656 0.0000000000
72183  38.218  -4.215  26.759 0.0000000000
72184  37.390  -4.667  27.054 0.0000000000
71245  36.828  -4.871  26.374 0.0000000000
123751  16.640  -30.823  48.452 0.0000000000
44429  15.650  -31.347  47.279 0.0000000000
44425  15.910  -31.533  48.200 0.0000000000
38653  8.523  -38.459  43.079 0.0000000000
54553  37.030  -22.856  37.770 0.0000000000
126541  36.829  -23.063  37.086 0.0000000000
50675  29.286  -25.243  37.017 0.0000000000
123607  29.981  -25.474  37.444 0.0000000000
49682  30.155  -25.665  35.195 0.0000000000
49692  30.799  -26.147  34.696 0.0000000000
50709  29.638  -25.876  33.512 0.0000000000
59619  30.627  -17.766  34.153 0.0000000000
59633  30.754  -16.989  32.960 0.0000000000
59628  30.265  -17.615  33.484 0.0000000000
139514  29.829  -18.396  32.873 0.0000000000
75062  48.830  -1.743  19.816 0.0000000000
75916  49.141  -1.298  19.181 0.0000000000
76778  50.433  1.269  16.954 0.0000000000
76780  48.675  1.149  16.948 0.0000000000
67455  37.324  -9.521  28.108 0.0000000000
65494  37.040  -11.342  26.237 0.0000000000
62613  37.045  -14.567  26.231 0.0000000000
62624  34.779  -15.077  25.565 0.0000000000
67435  40.299  -9.715  29.370 0.0000000000
68373  40.828  -8.652  30.537 0.0000000000
68383  39.534  -9.081  29.589 0.0000000000
68384  38.787  -8.413  29.814 0.0000000000
67447  38.104  -9.426  28.692 0.0000000000
44543  16.707  -31.588  37.275 0.0000000000
42677  14.743  -34.057  38.456 0.0000000000
46522  28.751  -28.677  43.097 0.0000000000
46547  29.544  -28.610  42.728 0.0000000000
47606  28.283  -28.091  41.778 0.0000000000
49641  25.476  -26.369  39.288 0.0000000000
49655  26.221  -26.016  38.669 0.0000000000
49654  27.222  -25.640  38.348 0.0000000000
50666  25.765  -25.890  37.728 0.0000000000
50678  25.351  -25.775  36.772 0.0000000000
51682  25.322  -25.304  35.638 0.0000000000
139110  24.539  -25.846  36.054 0.0000000000
50689  23.402  -25.852  35.131 0.0000000000
54613  33.407  -22.310  31.818 0.0000000000
70351  44.331  -6.246  24.211 0.0000000000
71291  44.756  -6.039  23.436 0.0000000000
71310  44.591  -5.630  22.645 0.0000000000
72222  45.082  -5.097  22.200 0.0000000000
72251  43.660  -3.873  21.132 0.0000000000
73209  42.968  -3.579  20.245 0.0000000000
75056  44.674  -1.531  20.266 0.0000000000
75066  44.188  -1.161  19.325 0.0000000000
46529  21.179  -28.863  43.118 0.0000000000
46502  21.284  -29.256  43.720 0.0000000000
46475  20.873  -29.659  45.054 0.0000000000
46500  23.748  -28.735  43.806 0.0000000000
130838  22.918  -28.818  43.549 0.0000000000
46528  22.399  -28.651  43.049 0.0000000000
137345  42.102  -4.976  25.330 0.0000000000
71276  39.773  -4.347  24.067 0.0000000000
47554  18.805  -28.445  42.884 0.0000000000
134470  18.296  -28.444  42.152 0.0000000000
47555  17.433  -28.668  42.719 0.0000000000
46556  15.992  -30.004  41.867 0.0000000000
44442  14.954  -32.285  43.720 0.0000000000
43549  14.651  -32.894  42.474 0.0000000000
136056  14.513  -33.346  41.521 0.0000000000
42653  14.433  -33.861  40.651 0.0000000000
42643  14.361  -33.790  41.539 0.0000000000
40711  13.149  -35.264  46.535 0.0000000000
39700  12.949  -35.635  45.801 0.0000000000
39753  11.935  -36.795  42.721 0.0000000000
39771  12.197  -36.351  41.234 0.0000000000
59605  33.264  -17.067  35.785 0.0000000000
59588  32.681  -17.219  36.406 0.0000000000
58542  32.176  -17.825  36.973 0.0000000000
57528  34.918  -19.721  38.298 0.0000000000
126494  34.151  -19.517  37.766 0.0000000000
127284  33.457  -19.133  37.573 0.0000000000
57561  33.499  -19.834  36.255 0.0000000000
56598  33.617  -20.281  35.522 0.0000000000
56606  34.170  -20.857  34.857 0.0000000000
53571  36.190  -23.935  34.460 0.0000000000
53572  35.915  -23.415  33.906 0.0000000000
51720  35.500  -25.286  31.896 0.0000000000
46563  32.709  -28.398  42.313 0.0000000000
138411  32.338  -27.836  41.298 0.0000000000
47631  33.206  -27.722  40.552 0.0000000000
134736  33.520  -27.286  37.739 0.0000000000
47670  34.251  -27.521  38.097 0.0000000000
121916  35.494  -27.636  38.117 0.0000000000
48691  35.919  -27.476  37.421 0.0000000000
48704  36.244  -27.446  36.785 0.0000000000
49666  36.583  -27.443  36.300 0.0000000000
48716  36.118  -27.575  35.962 0.0000000000
48717  35.578  -27.460  35.697 0.0000000000
48730  35.259  -27.386  34.819 0.0000000000
48749  31.803  -27.332  33.129 0.0000000000
144268  32.218  -28.011  32.351 0.0000000000
48771  32.913  -28.059  32.188 0.0000000000
61641  36.197  -15.364  31.737 0.0000000000
119991  35.983  -15.370  30.919 0.0000000000
61642  35.325  -15.461  31.616 0.0000000000
124368  34.559  -15.481  31.124 0.0000000000
61661  33.799  -15.428  30.535 0.0000000000
61663  31.695  -15.563  29.875 0.0000000000
125641  30.893  -15.908  29.476 0.0000000000
78578  50.665  2.920  15.269 0.0000000000
78577  51.889  2.751  15.234 0.0000000000
65478  39.394  -11.356  27.673 0.0000000000
65486  38.963  -11.914  27.122 0.0000000000
64516  38.493  -12.741  26.762 0.0000000000
63519  38.394  -13.732  26.840 0.0000000000
62604  38.500  -14.365  27.320 0.0000000000
62614  36.840  -15.236  26.750 0.0000000000
61711  35.410  -15.801  27.269 0.0000000000
68371  41.550  -8.688  31.241 0.0000000000
67418  41.411  -9.215  30.702 0.0000000000
66433  41.250  -10.873  29.657 0.0000000000
142023  40.973  -10.098  29.579 0.0000000000
66448  40.689  -10.543  29.130 0.0000000000
130955  39.853  -10.861  28.160 0.0000000000
45539  17.774  -30.678  36.691 0.0000000000
45540  17.197  -30.716  37.200 0.0000000000
45526  15.888  -31.438  38.775 0.0000000000
127493  25.222  -27.559  41.760 0.0000000000
48648  24.800  -27.238  41.158 0.0000000000
48665  24.343  -27.027  40.352 0.0000000000
48666  23.424  -27.318  39.927 0.0000000000
48680  23.938  -26.965  39.459 0.0000000000
48695  23.652  -26.942  38.533 0.0000000000
49658  23.387  -26.912  37.618 0.0000000000
49659  22.613  -27.277  37.201 0.0000000000
48709  21.830  -27.735  36.641 0.0000000000
126897  21.192  -28.255  36.426 0.0000000000
47689  20.748  -28.555  36.718 0.0000000000
71312  42.925  -5.995  22.170 0.0000000000
71327  42.333  -5.554  21.354 0.0000000000
45440  22.557  -29.535  45.843 0.0000000000
72145  39.763  -3.422  29.179 0.0000000000
72154  39.175  -3.854  28.647 0.0000000000
72181  41.157  -3.598  26.011 0.0000000000
138091  40.328  -3.512  26.110 0.0000000000
71277  38.604  -4.197  24.237 0.0000000000
47519  16.856  -29.093  45.502 0.0000000000
46459  16.232  -29.603  45.191 0.0000000000
45445  15.376  -31.343  45.165 0.0000000000
45423  15.420  -31.453  46.254 0.0000000000
44437  15.119  -32.242  44.599 0.0000000000
43508  14.798  -33.015  44.196 0.0000000000
39702  11.896  -36.381  46.518 0.0000000000
135396  11.683  -36.600  45.676 0.0000000000
38637  11.607  -36.887  44.948 0.0000000000
123398  10.973  -37.320  44.809 0.0000000000
38668  10.625  -37.582  43.109 0.0000000000
38669  9.546  -37.753  41.855 0.0000000000
138872  8.942  -38.403  41.494 0.0000000000
56564  36.450  -20.744  38.773 0.0000000000
54575  36.096  -22.575  35.618 0.0000000000
131328  36.390  -23.833  35.142 0.0000000000
48658  31.589  -26.837  40.033 0.0000000000
123265  31.331  -26.415  39.140 0.0000000000
48693  32.000  -26.496  38.104 0.0000000000
48694  31.328  -26.141  37.359 0.0000000000
126903  32.836  -26.897  37.402 0.0000000000
47685  33.476  -27.220  36.119 0.0000000000
48719  32.922  -26.901  35.439 0.0000000000
136691  31.881  -26.819  33.728 0.0000000000
48735  31.421  -26.521  34.190 0.0000000000
48774  30.994  -27.594  32.635 0.0000000000
119789  33.334  -16.222  32.798 0.0000000000
60635  33.028  -16.089  32.260 0.0000000000
60647  31.223  -16.173  31.501 0.0000000000
60637  30.491  -16.669  32.126 0.0000000000
137909  30.003  -16.531  30.390 0.0000000000
77673  50.548  2.326  16.013 0.0000000000
78579  49.115  2.517  15.027 0.0000000000
137724  36.344  -6.972  28.435 0.0000000000
67456  36.376  -9.218  27.687 0.0000000000
136752  35.603  -11.887  25.729 0.0000000000
64526  34.752  -12.217  25.615 0.0000000000
71221  39.272  -5.360  30.530 0.0000000000
70293  38.165  -6.528  29.909 0.0000000000
70310  36.897  -6.645  29.001 0.0000000000
45467  32.804  -29.432  44.505 0.0000000000
46491  32.976  -29.281  43.922 0.0000000000
136463  31.757  -28.749  43.271 0.0000000000
46546  30.307  -28.556  42.597 0.0000000000
47576  31.157  -28.362  42.418 0.0000000000
47604  30.723  -27.651  41.460 0.0000000000
48642  30.068  -27.263  41.064 0.0000000000
47608  26.669  -27.747  41.658 0.0000000000
48645  27.049  -27.536  41.206 0.0000000000
48644  27.851  -27.661  41.273 0.0000000000
49632  25.915  -26.702  40.083 0.0000000000
48662  27.387  -27.173  40.746 0.0000000000
48661  28.382  -27.181  40.830 0.0000000000
48660  29.390  -26.836  40.609 0.0000000000
48678  29.654  -26.067  39.783 0.0000000000
50663  28.320  -25.214  37.909 0.0000000000
50676  28.404  -25.079  36.702 0.0000000000
51679  28.021  -24.687  34.815 0.0000000000
49684  22.360  -27.219  35.122 0.0000000000
56620  31.330  -20.210  33.413 0.0000000000
73193  47.469  -3.582  21.744 0.0000000000
71326  43.245  -5.377  21.760 0.0000000000
71325  44.194  -5.209  21.992 0.0000000000
73194  46.531  -3.653  21.698 0.0000000000
74184  47.411  -2.550  20.818 0.0000000000
75055  45.844  -1.528  20.460 0.0000000000
75070  47.527  -1.001  19.257 0.0000000000
75926  47.070  -0.319  18.759 0.0000000000
75935  47.322  0.110  18.195 0.0000000000
76771  47.489  0.619  17.511 0.0000000000
120988  19.791  -28.318  39.830 0.0000000000
46530  20.742  -28.630  42.638 0.0000000000
46531  19.892  -28.511  42.863 0.0000000000
47524  17.919  -28.574  44.513 0.0000000000
45462  21.510  -29.757  45.520 0.0000000000
46456  20.293  -29.413  45.551 0.0000000000
45443  20.453  -29.468  46.316 0.0000000000
131950  18.616  -28.869  45.971 0.0000000000
47518  17.660  -28.726  45.350 0.0000000000
46445  17.426  -29.033  46.151 0.0000000000
134744  17.032  -29.437  46.910 0.0000000000
140863  16.871  -29.992  47.491 0.0000000000
45400  17.358  -30.147  48.167 0.0000000000
45450  33.673  -29.365  45.191 0.0000000000
45451  33.009  -29.500  45.073 0.0000000000
45452  32.263  -29.458  44.909 0.0000000000
45469  31.259  -29.294  44.091 0.0000000000
45471  29.598  -29.265  44.182 0.0000000000
46494  29.141  -29.020  43.704 0.0000000000
46523  27.824  -28.665  43.359 0.0000000000
47549  26.570  -28.247  42.765 0.0000000000
46524  26.460  -28.412  43.315 0.0000000000
47550  25.833  -28.169  42.899 0.0000000000
47582  25.139  -27.844  42.375 0.0000000000
47584  22.619  -27.974  41.651 0.0000000000
69334  35.194  -7.575  26.678 0.0000000000
71253  45.357  -5.719  25.343 0.0000000000
71272  44.809  -6.071  24.795 0.0000000000
71273  43.925  -6.093  24.924 0.0000000000
70364  42.953  -6.330  23.560 0.0000000000
71257  41.570  -4.726  25.035 0.0000000000
126299  41.465  -5.134  24.398 0.0000000000
70354  41.869  -5.793  24.208 0.0000000000
70365  41.956  -6.119  23.473 0.0000000000
47639  18.448  -28.525  39.764 0.0000000000
47640  17.403  -28.976  39.920 0.0000000000
46576  16.793  -29.663  39.344 0.0000000000
45510  15.875  -31.138  39.469 0.0000000000
44512  15.401  -31.959  39.697 0.0000000000
46505  16.076  -29.920  43.428 0.0000000000
120471  15.191  -31.445  42.635 0.0000000000
45483  15.402  -31.071  41.795 0.0000000000
45491  15.528  -31.170  40.966 0.0000000000
41726  14.392  -34.644  39.042 0.0000000000
42567  14.237  -33.800  45.823 0.0000000000
127839  13.906  -34.179  45.226 0.0000000000
42589  14.010  -34.130  44.356 0.0000000000
134337  13.704  -34.652  43.453 0.0000000000
39701  12.468  -36.018  46.216 0.0000000000
39714  12.542  -36.071  45.422 0.0000000000
39727  12.913  -35.820  44.912 0.0000000000
39728  12.573  -36.227  44.652 0.0000000000
40727  13.280  -35.499  44.385 0.0000000000
123389  13.591  -34.971  43.149 0.0000000000
40761  13.386  -35.463  41.655 0.0000000000
121566  13.287  -35.535  40.769 0.0000000000
40776  12.241  -36.255  40.333 0.0000000000
40775  12.864  -35.817  40.091 0.0000000000
61656  39.085  -15.028  30.853 0.0000000000
61627  35.073  -15.789  32.467 0.0000000000
60624  34.528  -16.123  32.939 0.0000000000
59626  31.631  -17.083  34.350 0.0000000000
59617  31.909  -17.128  35.046 0.0000000000
59569  32.663  -17.764  37.592 0.0000000000
58560  31.919  -18.225  36.607 0.0000000000
57548  32.355  -18.578  36.971 0.0000000000
57563  31.599  -18.535  35.792 0.0000000000
56619  32.159  -20.557  33.631 0.0000000000
55618  33.426  -21.486  33.185 0.0000000000
53586  34.653  -23.483  31.270 0.0000000000
119420  35.274  -21.918  34.641 0.0000000000
54612  35.034  -23.303  32.443 0.0000000000
53593  35.158  -24.135  31.275 0.0000000000
51750  35.356  -25.749  30.646 0.0000000000
52592  37.421  -24.702  39.051 0.0000000000
137609  33.751  -29.215  43.588 0.0000000000
46518  34.371  -29.031  43.214 0.0000000000
46517  35.084  -28.897  43.114 0.0000000000
121220  34.676  -28.756  42.481 0.0000000000
46516  35.744  -28.682  42.760 0.0000000000
47598  36.948  -28.252  40.993 0.0000000000
137352  34.104  -27.827  39.956 0.0000000000
47653  34.224  -27.697  39.058 0.0000000000
133816  34.547  -28.133  40.118 0.0000000000
47627  36.569  -28.196  40.243 0.0000000000
48641  36.926  -27.964  40.372 0.0000000000
48656  37.143  -27.582  40.030 0.0000000000
48689  36.438  -27.256  37.891 0.0000000000
49637  37.150  -26.664  38.752 0.0000000000
138491  37.286  -26.073  38.428 0.0000000000
51654  37.325  -25.361  38.304 0.0000000000
51659  37.263  -25.103  38.205 0.0000000000
51666  37.570  -25.310  37.043 0.0000000000
51676  37.528  -25.222  36.367 0.0000000000
49678  37.023  -27.126  35.984 0.0000000000
50685  37.110  -26.634  35.462 0.0000000000
51678  37.085  -25.949  35.043 0.0000000000
120176  35.729  -26.745  33.227 0.0000000000
47714  34.115  -27.156  35.127 0.0000000000
48731  34.507  -27.276  34.492 0.0000000000
120911  34.909  -27.521  33.918 0.0000000000
142118  35.420  -26.801  32.691 0.0000000000
49743  33.612  -28.008  31.338 0.0000000000
61677  38.277  -15.380  29.705 0.0000000000
61678  37.506  -15.681  29.454 0.0000000000
136850  36.846  -15.959  29.168 0.0000000000
61696  35.687  -16.018  28.207 0.0000000000
60645  33.210  -15.868  31.755 0.0000000000
61679  33.451  -15.307  29.512 0.0000000000
61712  33.897  -15.430  27.786 0.0000000000
76781  47.749  1.079  16.815 0.0000000000
77664  48.021  1.506  16.196 0.0000000000
76785  47.210  0.953  15.095 0.0000000000
40719  13.215  -35.482  45.080 0.0000000000
41694  13.827  -34.495  42.857 0.0000000000
42625  14.470  -33.407  42.041 0.0000000000
45428  33.718  -29.327  45.663 0.0000000000
46467  34.911  -29.064  44.289 0.0000000000
46492  31.720  -29.097  43.717 0.0000000000
46521  29.496  -28.773  43.216 0.0000000000
46542  34.135  -28.544  42.026 0.0000000000
46550  27.190  -28.457  43.021 0.0000000000
47575  32.064  -28.178  42.090 0.0000000000
47599  36.554  -28.542  41.105 0.0000000000
47628  36.062  -28.256  39.806 0.0000000000
47649  36.300  -27.866  39.326 0.0000000000
47652  35.211  -27.881  38.881 0.0000000000
48640  37.194  -27.858  40.872 0.0000000000
48674  36.514  -27.453  38.806 0.0000000000
48750  31.261  -26.925  33.351 0.0000000000
49638  36.760  -26.998  38.302 0.0000000000
50657  37.373  -25.465  38.641 0.0000000000
54541  37.574  -23.047  38.874 0.0000000000
54552  37.219  -23.322  38.263 0.0000000000
63489  41.048  -13.043  29.802 0.0000000000
64492  40.889  -12.405  29.300 0.0000000000
65465  40.142  -11.793  28.262 0.0000000000
68358  41.436  -7.910  31.504 0.0000000000
71240  44.032  -5.262  26.130 0.0000000000
124089  14.633  -33.009  41.404 0.0000000000
128006  13.704  -34.581  44.082 0.0000000000
134644  13.427  -34.779  46.622 0.0000000000
135003  16.351  -29.510  42.618 0.0000000000
136671  35.912  -28.741  41.219 0.0000000000
137733  20.944  -28.400  39.538 0.0000000000
138239  37.329  -13.894  26.052 0.0000000000
139270  15.120  -31.664  43.320 0.0000000000
142020  33.758  -19.065  38.002 0.0000000000
142283  13.227  -35.309  45.979 0.0000000000
142342  23.964  -25.806  35.668 0.0000000000
143354  19.254  -29.364  37.628 0.0000000000
143822  36.208  -28.536  40.508 0.0000000000
