#!ascii label  , from subject sub-v1s0x0050642_ses-1 vox2ras=TkReg
1991
132847  42.604  -60.265  -23.277 0.2000000030
18393  43.302  -60.808  -23.297 0.2000000030
19363  43.478  -59.226  -23.749 0.2000000030
18378  41.764  -60.656  -22.253 0.2000000030
21246  43.109  -56.963  -24.050 0.1000000015
17465  43.311  -61.142  -22.730 0.3000000119
122234  43.319  -60.182  -23.608 0.2000000030
20262  42.881  -58.493  -23.621 0.1000000015
138037  41.554  -59.732  -23.128 0.2000000030
20276  43.594  -58.027  -23.846 0.1000000015
21245  43.993  -57.012  -24.061 0.1000000015
22273  45.179  -56.127  -24.493 0.1000000015
119347  43.589  -56.443  -24.400 0.1000000015
23275  46.925  -55.229  -24.629 0.1000000015
23278  44.589  -55.673  -24.814 0.1000000015
23277  45.427  -55.438  -24.830 0.1000000015
23292  48.750  -54.476  -24.907 0.2000000030
24283  47.053  -54.542  -24.818 0.1000000015
20291  47.050  -58.846  -25.192 0.1000000015
21262  47.669  -58.180  -25.314 0.1000000015
19362  44.478  -59.243  -24.183 0.2000000030
21244  45.912  -57.089  -24.523 0.1000000015
136215  45.384  -58.764  -24.538 0.1000000015
20275  44.598  -57.937  -24.193 0.1000000015
22271  47.424  -56.065  -24.696 0.1000000015
23274  47.893  -55.095  -24.647 0.1000000015
121045  51.150  -54.421  -25.479 0.2000000030
131206  50.511  -54.507  -25.420 0.2000000030
25248  51.944  -53.595  -25.677 0.1000000015
24295  49.531  -53.863  -25.352 0.2000000030
26177  53.050  -52.005  -26.190 0.2000000030
26189  52.810  -51.607  -26.905 0.1000000015
133461  52.892  -50.967  -27.067 0.1000000015
21243  47.032  -57.048  -24.782 0.1000000015
22288  48.253  -57.282  -25.304 0.1000000015
26168  53.248  -52.394  -25.316 0.2000000030
27100  53.384  -51.390  -25.678 0.2000000030
27951  53.263  -50.409  -25.495 0.2000000030
27111  53.130  -51.193  -26.537 0.2000000030
28829  52.847  -50.155  -26.261 0.1000000015
28845  52.453  -50.079  -26.838 0.2000000030
22270  48.377  -56.167  -24.983 0.1000000015
131956  49.399  -57.018  -25.547 0.1000000015
132532  49.074  -55.611  -25.088 0.1000000015
23291  49.894  -55.001  -25.221 0.2000000030
25238  52.608  -53.967  -24.469 0.2000000030
25247  52.457  -53.545  -25.346 0.3000000119
28808  52.526  -49.343  -25.173 0.3000000119
128230  52.352  -49.520  -25.849 0.2000000030
140776  51.528  -49.664  -26.929 0.2000000030
28860  51.709  -49.984  -28.004 0.2000000030
25246  52.985  -53.229  -24.881 0.3000000119
28795  52.714  -49.221  -24.346 0.3000000119
29738  51.971  -48.394  -24.106 0.3000000119
119559  51.351  -48.215  -23.926 0.3000000119
28797  51.405  -48.855  -24.710 0.3000000119
28810  51.023  -49.385  -25.593 0.2000000030
28848  50.876  -49.514  -27.553 0.2000000030
29798  50.791  -49.329  -28.226 0.2000000030
30810  51.492  -47.497  -22.749 0.4000000060
28788  52.783  -49.271  -23.509 0.3000000119
29729  52.389  -48.677  -23.795 0.3000000119
126334  53.477  -51.844  -24.737 0.2000000030
27943  53.381  -50.447  -24.526 0.2000000030
29753  50.331  -49.172  -25.094 0.3000000119
28811  50.034  -49.454  -26.223 0.2000000030
29754  49.441  -49.135  -25.471 0.2000000030
29772  50.257  -49.361  -27.410 0.2000000030
30811  50.860  -47.303  -22.982 0.3000000119
126403  51.299  -47.736  -23.351 0.3000000119
29740  49.552  -48.700  -24.515 0.2000000030
30835  48.168  -48.035  -26.253 0.2000000030
29755  48.643  -48.691  -25.352 0.2000000030
30850  48.335  -47.429  -27.286 0.1000000015
123490  48.930  -48.961  -26.259 0.2000000030
30861  48.996  -47.957  -28.410 0.2000000030
29788  48.811  -48.133  -27.762 0.2000000030
29787  49.537  -48.710  -28.032 0.2000000030
30802  50.399  -46.813  -22.469 0.3000000119
30803  49.334  -46.927  -22.622 0.3000000119
30812  49.850  -47.446  -23.114 0.3000000119
30804  48.189  -47.070  -22.810 0.2000000030
30813  48.743  -47.549  -23.257 0.3000000119
30814  47.740  -47.462  -23.624 0.2000000030
29732  49.191  -48.057  -23.781 0.3000000119
29741  48.453  -48.300  -24.531 0.1000000015
29742  47.952  -48.140  -25.264 0.1000000015
30851  47.798  -46.742  -26.753 0.1000000015
136032  47.303  -46.796  -25.169 0.1000000015
30862  48.509  -47.117  -28.047 0.1000000015
31733  49.418  -45.689  -21.472 0.3000000119
31747  48.803  -46.391  -22.163 0.2000000030
31734  48.279  -45.850  -21.680 0.2000000030
32687  46.675  -45.478  -21.338 0.2000000030
32688  45.727  -45.276  -21.714 0.1000000015
31748  47.630  -46.541  -22.376 0.1000000015
32703  46.252  -45.736  -22.280 0.1000000015
31761  46.627  -46.194  -23.683 0.1000000015
31760  47.025  -46.806  -24.304 0.1000000015
31794  47.437  -45.963  -26.077 0.1000000015
32737  47.328  -44.764  -26.752 0.1000000015
33575  45.194  -44.552  -22.099 0.1000000015
33593  45.499  -43.889  -22.999 0.1000000015
32715  46.247  -45.631  -23.196 0.1000000015
122824  46.480  -45.183  -24.087 0.1000000015
32726  46.650  -44.536  -25.041 0.1000000015
32725  47.050  -44.904  -25.763 0.1000000015
31775  46.764  -45.652  -24.676 0.1000000015
34549  45.257  -43.117  -23.068 0.1000000015
33611  46.450  -43.545  -25.351 0.1000000015
33622  46.911  -44.084  -26.539 0.1000000015
33594  44.986  -43.770  -22.427 0.1000000015
22272  46.257  -55.889  -24.552 0.1000000015
138919  46.740  -57.883  -24.906 0.1000000015
25263  51.705  -52.961  -26.394 0.1000000015
24138  47.716  -54.579  -11.253 0.5000000000
25077  48.861  -53.181  -10.434 0.5000000000
143498  47.968  -53.924  -10.761 0.5000000000
130853  47.013  -54.822  -11.447 0.5000000000
24139  46.285  -54.738  -11.374 0.5000000000
25989  50.365  -52.237  -9.003 0.2000000030
26001  50.374  -52.399  -9.362 0.2000000030
25990  49.793  -51.852  -9.114 0.3000000119
26002  49.537  -52.174  -9.701 0.3000000119
25078  47.757  -53.149  -10.456 0.5000000000
25079  46.713  -53.223  -10.501 0.5000000000
24122  47.047  -54.112  -10.932 0.5000000000
24123  46.019  -54.016  -10.943 0.5000000000
23116  46.581  -55.317  -11.829 0.5000000000
23118  44.815  -55.266  -11.793 0.5000000000
23141  46.067  -55.755  -12.345 0.5000000000
21089  46.756  -56.608  -14.146 0.5000000000
26892  49.265  -51.415  -8.814 0.3000000119
25991  49.079  -51.494  -9.314 0.3000000119
24124  45.063  -53.987  -10.943 0.5000000000
24140  45.388  -54.686  -11.350 0.5000000000
23142  45.184  -55.767  -12.332 0.5000000000
22116  45.569  -56.175  -12.907 0.5000000000
21152  49.459  -57.296  -17.031 0.4000000060
21153  48.511  -57.198  -16.419 0.5000000000
21135  48.431  -57.011  -15.645 0.5000000000
127282  47.069  -56.785  -14.822 0.5000000000
22131  46.002  -56.475  -13.592 0.5000000000
21168  49.493  -57.575  -17.973 0.4000000060
25966  49.950  -52.262  -8.320 0.3000000119
26903  48.611  -50.952  -8.968 0.4000000060
25992  48.190  -51.341  -9.533 0.4000000060
26004  47.472  -52.243  -10.075 0.5000000000
26006  45.385  -52.423  -10.240 0.5000000000
25080  45.704  -53.237  -10.556 0.5000000000
25081  44.729  -53.249  -10.601 0.5000000000
24125  44.120  -53.996  -10.900 0.5000000000
24141  44.463  -54.643  -11.330 0.5000000000
23143  44.269  -55.768  -12.298 0.5000000000
22132  45.094  -56.510  -13.435 0.6000000238
142185  47.309  -56.869  -15.247 0.5000000000
21110  46.326  -56.831  -14.718 0.5000000000
21090  45.410  -56.673  -14.027 0.5000000000
20227  49.846  -58.313  -19.334 0.4000000060
122295  50.308  -57.630  -18.357 0.4000000060
21169  48.521  -57.476  -17.379 0.5000000000
22064  46.575  -56.344  -7.638 0.1000000015
24087  46.124  -54.527  -7.201 0.1000000015
125750  47.039  -54.705  -7.386 0.1000000015
25045  46.976  -53.567  -7.089 0.1000000015
25046  45.837  -53.455  -6.832 0.1000000015
24086  47.840  -53.961  -7.359 0.1000000015
120521  46.712  -52.718  -6.804 0.1000000015
25970  46.119  -52.234  -6.634 0.1000000015
25967  49.291  -52.180  -7.812 0.2000000030
128342  48.636  -52.251  -7.443 0.1000000015
26878  49.348  -51.642  -8.320 0.3000000119
25993  47.170  -51.376  -9.714 0.5000000000
26894  47.990  -50.711  -8.586 0.4000000060
26904  47.751  -50.743  -9.187 0.4000000060
25994  46.103  -51.468  -9.861 0.4000000060
25995  45.062  -51.574  -10.004 0.5000000000
26007  44.388  -52.484  -10.296 0.5000000000
26008  43.408  -52.538  -10.377 0.5000000000
25082  43.767  -53.284  -10.603 0.5000000000
22117  44.688  -56.231  -12.842 0.5000000000
122519  46.730  -56.882  -15.399 0.5000000000
125888  46.924  -56.951  -16.224 0.5000000000
21182  48.895  -57.776  -18.441 0.4000000060
19304  49.839  -59.352  -19.728 0.5000000000
20092  44.858  -58.870  -6.775 0.1000000015
20106  45.435  -58.311  -7.153 0.1000000015
126280  46.122  -57.783  -7.428 0.1000000015
121572  45.955  -56.963  -7.661 0.1000000015
23069  46.349  -55.467  -7.495 0.1000000015
23070  45.462  -55.352  -7.436 0.1000000015
24088  45.140  -54.480  -7.140 0.1000000015
22065  45.310  -56.728  -7.658 0.1000000015
121563  45.751  -56.171  -7.623 0.1000000015
28580  44.796  -49.073  -7.764 0.2000000030
124668  44.198  -48.835  -7.418 0.2000000030
25043  48.793  -53.217  -7.532 0.1000000015
25044  47.979  -52.890  -7.182 0.1000000015
131018  47.188  -51.648  -6.919 0.1000000015
133708  46.367  -51.106  -6.762 0.1000000015
27742  45.297  -49.560  -7.421 0.2000000030
25968  48.070  -51.883  -7.238 0.2000000030
26881  47.090  -50.601  -7.480 0.1000000015
127479  46.731  -49.958  -8.205 0.2000000030
28606  45.312  -49.398  -8.707 0.2000000030
143391  44.299  -48.682  -8.055 0.2000000030
29534  43.849  -48.621  -8.526 0.2000000030
26880  48.010  -50.951  -7.740 0.2000000030
27750  47.235  -50.321  -8.803 0.2000000030
27767  46.428  -49.950  -9.036 0.3000000119
135646  45.175  -50.211  -9.514 0.3000000119
26907  44.734  -50.774  -9.802 0.4000000060
26924  44.046  -51.699  -10.031 0.5000000000
21091  44.695  -56.657  -13.961 0.5000000000
21139  44.312  -56.810  -15.398 0.5000000000
21113  43.647  -56.755  -14.731 0.5000000000
21092  43.914  -56.676  -14.022 0.5000000000
21138  45.260  -56.862  -15.690 0.5000000000
21112  44.452  -56.737  -14.571 0.5000000000
24142  43.532  -54.668  -11.223 0.5000000000
24126  43.175  -54.039  -10.815 0.5000000000
132770  46.106  -56.907  -15.926 0.5000000000
21137  45.853  -56.926  -15.191 0.5000000000
22134  43.378  -56.521  -13.430 0.5000000000
122778  48.167  -57.637  -18.044 0.5000000000
21154  47.682  -57.195  -16.696 0.5000000000
21111  45.628  -56.801  -14.583 0.5000000000
22133  44.257  -56.504  -13.404 0.6000000238
19167  44.356  -59.571  -6.448 0.1000000015
20107  44.539  -58.112  -7.185 0.1000000015
21035  43.498  -57.080  -7.587 0.1000000015
120780  42.732  -56.707  -7.559 0.1000000015
21033  45.200  -57.454  -7.514 0.1000000015
120680  44.770  -56.869  -7.655 0.1000000015
120779  44.879  -56.137  -7.633 0.1000000015
24089  44.184  -54.495  -7.149 0.1000000015
25047  44.710  -53.668  -6.849 0.1000000015
25024  44.196  -52.946  -6.681 0.1000000015
26858  43.703  -51.203  -6.308 0.1000000015
25945  45.431  -51.661  -6.510 0.1000000015
27725  44.243  -50.234  -6.462 0.2000000030
28562  43.842  -49.449  -6.707 0.2000000030
26856  45.645  -50.663  -6.722 0.1000000015
27724  45.097  -50.098  -6.757 0.2000000030
27768  45.524  -49.751  -9.168 0.3000000119
28608  44.329  -49.136  -9.085 0.3000000119
27769  44.635  -49.881  -9.494 0.3000000119
137881  43.584  -49.018  -9.153 0.2000000030
26909  42.824  -50.357  -9.966 0.3000000119
26925  43.063  -51.787  -10.227 0.4000000060
142614  42.723  -51.177  -10.148 0.4000000060
124797  42.058  -56.672  -15.132 0.5000000000
22153  41.454  -56.437  -14.600 0.5000000000
22152  42.214  -56.700  -14.308 0.5000000000
26009  42.424  -52.578  -10.388 0.5000000000
134785  40.292  -55.377  -15.044 0.5000000000
24178  39.994  -54.835  -14.689 0.5000000000
23157  40.521  -55.465  -13.467 0.5000000000
22136  41.643  -56.447  -13.695 0.5000000000
22135  42.474  -56.566  -13.501 0.6000000238
24127  42.223  -54.115  -10.679 0.5000000000
25083  42.794  -53.328  -10.569 0.5000000000
24166  40.086  -54.839  -13.814 0.5000000000
23147  40.660  -55.383  -12.614 0.5000000000
23156  41.132  -55.977  -13.110 0.6000000238
22118  43.782  -56.222  -12.811 0.5000000000
23120  42.953  -55.303  -11.548 0.5000000000
22120  41.899  -56.279  -12.823 0.5000000000
23144  43.312  -55.798  -12.183 0.5000000000
17432  48.866  -61.214  -20.110 0.4000000060
132752  49.301  -60.243  -20.191 0.4000000060
121476  50.586  -58.689  -19.250 0.4000000060
23075  40.497  -55.575  -7.256 0.1000000015
120585  41.910  -55.435  -7.334 0.1000000015
24071  41.308  -54.112  -6.951 0.1000000015
22066  44.172  -56.611  -7.650 0.1000000015
22067  43.468  -56.247  -7.607 0.1000000015
23073  42.668  -54.962  -7.275 0.1000000015
24070  41.979  -53.894  -6.953 0.1000000015
23072  43.575  -55.308  -7.419 0.1000000015
24091  42.588  -54.178  -7.017 0.1000000015
25026  42.530  -53.359  -6.755 0.1000000015
132334  42.911  -52.623  -6.570 0.1000000015
143112  43.045  -51.052  -6.259 0.1000000015
138090  42.540  -49.992  -6.244 0.2000000030
28563  42.801  -48.723  -6.787 0.2000000030
29524  42.848  -48.143  -7.435 0.2000000030
29523  43.681  -48.389  -7.854 0.2000000030
29535  42.865  -48.181  -8.236 0.2000000030
129326  43.946  -49.307  -13.614 0.2000000030
29545  42.884  -48.578  -8.988 0.2000000030
139043  42.950  -50.672  -13.525 0.2000000030
27827  42.006  -50.610  -13.523 0.2000000030
130018  41.377  -50.010  -13.516 0.2000000030
131169  40.629  -50.217  -13.349 0.2000000030
28609  42.871  -49.416  -9.591 0.2000000030
26968  42.223  -51.621  -13.505 0.2000000030
27828  41.159  -51.006  -13.401 0.2000000030
26971  39.848  -51.364  -12.804 0.2000000030
27830  39.748  -50.578  -12.600 0.3000000119
26945  39.571  -51.216  -12.133 0.2000000030
26011  40.010  -52.157  -10.770 0.4000000060
26045  41.207  -52.536  -13.707 0.2000000030
26030  40.800  -52.245  -13.444 0.3000000119
126038  39.943  -52.047  -12.989 0.3000000119
125744  39.640  -52.621  -12.353 0.4000000060
26031  39.696  -51.964  -12.488 0.3000000119
26941  39.602  -52.024  -11.590 0.4000000060
26927  41.234  -51.693  -10.283 0.4000000060
26926  42.118  -51.819  -10.275 0.5000000000
26091  39.964  -53.302  -14.917 0.5000000000
26073  40.370  -53.125  -14.297 0.4000000060
26074  39.979  -53.304  -13.738 0.4000000060
25115  39.695  -53.391  -12.833 0.4000000060
141921  39.794  -54.015  -12.102 0.5000000000
139760  39.808  -53.512  -11.438 0.5000000000
25093  39.842  -52.867  -11.176 0.5000000000
125305  41.457  -52.551  -10.329 0.5000000000
25135  39.770  -53.786  -13.690 0.5000000000
24167  39.805  -54.228  -13.181 0.5000000000
138562  40.227  -54.759  -12.248 0.5000000000
23146  41.343  -55.734  -12.258 0.5000000000
23145  42.255  -55.814  -11.996 0.5000000000
142347  42.197  -55.256  -11.360 0.5000000000
138546  42.628  -54.731  -11.058 0.5000000000
23056  39.305  -54.894  -6.893 0.1000000015
23076  39.693  -55.757  -7.139 0.1000000015
25028  39.216  -53.326  -6.477 0.1000000015
134472  40.698  -53.597  -6.744 0.1000000015
125564  40.038  -53.076  -6.537 0.1000000015
125590  40.832  -52.731  -6.570 0.1000000015
25950  40.202  -52.223  -6.417 0.1000000015
122720  41.913  -51.765  -6.384 0.1000000015
124305  40.890  -50.828  -6.293 0.1000000015
26859  42.825  -51.773  -6.389 0.1000000015
126620  41.689  -50.123  -6.248 0.2000000030
28564  41.405  -48.929  -6.421 0.2000000030
128317  42.297  -49.233  -6.388 0.2000000030
30594  42.171  -47.790  -7.808 0.2000000030
29546  42.317  -48.169  -8.651 0.2000000030
28668  42.991  -49.056  -13.651 0.1000000015
129430  42.336  -49.737  -13.605 0.2000000030
28670  40.620  -49.367  -13.433 0.2000000030
28610  42.081  -49.053  -9.620 0.2000000030
138246  43.266  -47.760  -13.535 0.1000000015
29609  42.617  -48.234  -13.650 0.1000000015
124300  42.243  -48.925  -13.717 0.1000000015
143083  41.025  -48.671  -13.614 0.1000000015
139442  39.658  -51.046  -11.403 0.2000000030
27784  41.967  -51.001  -10.194 0.3000000119
27771  41.979  -50.031  -10.050 0.2000000030
121601  39.663  -49.770  -12.381 0.1000000015
27790  39.596  -50.398  -11.780 0.1000000015
26929  39.927  -51.282  -10.898 0.3000000119
27785  41.111  -50.773  -10.258 0.2000000030
24129  40.490  -54.128  -10.843 0.5000000000
25084  40.117  -53.500  -10.882 0.5000000000
127941  40.794  -53.332  -10.475 0.5000000000
129400  41.802  -53.374  -10.458 0.5000000000
24144  40.313  -54.528  -11.483 0.5000000000
24143  40.945  -54.785  -11.077 0.5000000000
24128  41.273  -54.163  -10.630 0.5000000000
23121  41.512  -55.313  -11.521 0.5000000000
23057  38.382  -54.957  -6.671 0.1000000015
25953  37.872  -52.925  -6.104 0.1000000015
26864  38.044  -52.054  -6.066 0.1000000015
25029  38.421  -53.496  -6.358 0.1000000015
25952  38.647  -52.672  -6.291 0.1000000015
25951  39.445  -52.478  -6.389 0.1000000015
136584  39.519  -50.505  -6.307 0.1000000015
27728  38.930  -50.809  -6.248 0.1000000015
124157  40.131  -50.622  -6.321 0.1000000015
127617  40.724  -49.906  -6.287 0.2000000030
29508  41.602  -47.904  -6.869 0.2000000030
29525  42.162  -47.800  -7.262 0.2000000030
30595  41.613  -47.487  -7.450 0.2000000030
30619  41.991  -47.857  -8.330 0.2000000030
29547  41.573  -48.009  -8.892 0.2000000030
141830  42.087  -48.432  -9.112 0.2000000030
30684  42.622  -47.281  -13.580 0.1000000015
122155  41.909  -47.788  -13.672 0.1000000015
135220  41.009  -47.888  -13.659 0.1000000015
29611  40.314  -48.498  -13.422 0.1000000015
125595  39.814  -49.055  -12.949 0.1000000015
28619  40.522  -48.936  -10.172 0.1000000015
28618  41.068  -49.660  -10.132 0.2000000030
28611  41.369  -48.629  -9.601 0.2000000030
137443  39.590  -49.072  -12.161 0.1000000015
28623  39.637  -49.550  -11.528 0.1000000015
27787  39.852  -50.279  -11.006 0.1000000015
27786  40.391  -50.578  -10.559 0.2000000030
25936  36.592  -52.725  -5.447 0.1000000015
25935  37.289  -52.374  -5.792 0.1000000015
26834  36.241  -51.355  -4.807 0.1000000015
26844  37.428  -51.469  -5.745 0.1000000015
28554  36.898  -50.071  -5.237 0.1000000015
27712  37.534  -50.479  -5.751 0.1000000015
27729  38.355  -50.272  -6.105 0.1000000015
26843  38.189  -51.138  -6.056 0.1000000015
133540  39.111  -50.015  -6.289 0.1000000015
29510  39.946  -48.215  -6.706 0.1000000015
141559  40.532  -47.777  -6.912 0.1000000015
120340  39.342  -47.638  -6.979 0.1000000015
30582  40.239  -47.464  -7.180 0.1000000015
30581  40.994  -47.552  -7.099 0.2000000030
30608  41.532  -47.437  -8.028 0.2000000030
30620  41.386  -47.587  -8.453 0.2000000030
29548  40.714  -48.241  -9.539 0.1000000015
32574  43.575  -45.619  -12.978 0.1000000015
32589  42.677  -45.728  -13.290 0.1000000015
31643  41.264  -46.338  -13.534 0.1000000015
29612  40.095  -47.718  -13.369 0.1000000015
30687  39.858  -46.952  -13.134 0.1000000015
139747  39.789  -48.276  -13.061 0.1000000015
29588  39.552  -48.400  -12.424 0.1000000015
28620  39.900  -49.230  -10.808 0.1000000015
28548  36.443  -49.613  -4.645 0.1000000015
29501  36.955  -49.173  -5.283 0.1000000015
29500  37.369  -48.638  -5.843 0.1000000015
29512  37.981  -48.982  -6.148 0.1000000015
141602  39.685  -47.326  -7.341 0.1000000015
124788  39.918  -47.140  -7.656 0.2000000030
31573  39.184  -46.794  -8.603 0.1000000015
31564  40.096  -47.014  -8.136 0.1000000015
31572  39.965  -47.158  -8.755 0.2000000030
30609  40.854  -47.258  -8.307 0.2000000030
31581  38.970  -46.893  -9.432 0.1000000015
33461  41.078  -44.505  -12.767 0.1000000015
32577  40.524  -45.290  -12.984 0.1000000015
32564  39.662  -45.418  -12.458 0.1000000015
31609  39.177  -46.233  -12.008 0.1000000015
134250  38.928  -46.963  -10.434 0.1000000015
30622  39.596  -47.424  -9.626 0.1000000015
32575  42.201  -45.197  -13.187 0.1000000015
141241  40.021  -45.766  -12.918 0.1000000015
31624  39.678  -46.242  -12.766 0.1000000015
30667  39.392  -46.978  -12.380 0.1000000015
122487  39.363  -47.735  -11.885 0.1000000015
121788  39.416  -47.728  -10.705 0.1000000015
29555  39.915  -48.426  -10.331 0.1000000015
31623  40.381  -46.162  -13.269 0.1000000015
29556  39.566  -48.580  -11.394 0.1000000015
30564  36.391  -47.808  -4.329 0.1000000015
30576  36.827  -48.123  -5.241 0.1000000015
121780  37.359  -47.278  -6.495 0.1000000015
139450  37.732  -47.775  -6.405 0.1000000015
31566  38.183  -46.601  -7.887 0.1000000015
31574  38.383  -46.417  -8.482 0.1000000015
126402  39.136  -43.079  -10.177 0.1000000015
130205  38.848  -43.768  -10.771 0.1000000015
33428  38.052  -44.734  -9.767 0.1000000015
32543  38.150  -45.530  -9.529 0.1000000015
31582  38.447  -46.279  -9.181 0.1000000015
142679  41.414  -42.802  -11.425 0.1000000015
34401  40.580  -42.748  -11.097 0.1000000015
34412  39.443  -43.841  -11.452 0.1000000015
33437  38.405  -44.567  -10.480 0.1000000015
31594  38.503  -46.119  -10.110 0.1000000015
124102  40.903  -43.369  -11.836 0.1000000015
33448  40.750  -43.992  -12.345 0.1000000015
33449  40.118  -43.905  -11.981 0.1000000015
33436  38.851  -44.548  -11.254 0.1000000015
32554  38.549  -45.382  -10.818 0.1000000015
31593  38.743  -46.243  -11.108 0.1000000015
31557  36.996  -46.449  -6.808 0.1000000015
32532  37.178  -45.122  -7.783 0.1000000015
32531  37.646  -45.931  -8.239 0.1000000015
33425  37.530  -44.334  -8.500 0.1000000015
32539  37.538  -45.229  -8.517 0.1000000015
35321  39.956  -42.541  -10.395 0.1000000015
34388  37.976  -43.518  -8.982 0.1000000015
32538  37.928  -45.739  -8.859 0.1000000015
35320  40.671  -42.199  -10.463 0.1000000015
34392  38.286  -43.785  -9.897 0.1000000015
26003  48.548  -52.140  -9.955 0.4000000060
23119  43.882  -55.239  -11.743 0.5000000000
26905  46.804  -50.617  -9.368 0.4000000060
23068  47.207  -55.662  -7.596 0.1000000015
25023  45.131  -52.711  -6.599 0.1000000015
26879  48.768  -51.525  -7.779 0.2000000030
26906  45.723  -50.567  -9.562 0.4000000060
20093  43.934  -58.756  -6.791 0.1000000015
23071  44.560  -55.289  -7.412 0.1000000015
28593  45.357  -49.364  -8.148 0.3000000119
28581  43.452  -48.738  -7.083 0.2000000030
26882  46.313  -50.244  -7.305 0.2000000030
27741  45.941  -49.725  -7.802 0.2000000030
28607  44.991  -49.301  -9.052 0.3000000119
26908  43.685  -50.784  -9.921 0.3000000119
21114  42.816  -56.750  -14.867 0.5000000000
20108  43.555  -57.943  -7.240 0.1000000015
21036  42.789  -57.507  -7.428 0.1000000015
22068  42.709  -55.829  -7.503 0.1000000015
25048  43.814  -53.758  -6.888 0.1000000015
24090  43.324  -54.423  -7.099 0.1000000015
25947  43.664  -52.228  -6.473 0.1000000015
25946  44.547  -52.079  -6.453 0.1000000015
26857  44.714  -51.076  -6.402 0.1000000015
27726  43.267  -50.313  -6.280 0.1000000015
126950  43.036  -49.404  -6.510 0.2000000030
27770  43.695  -49.708  -9.602 0.3000000119
23181  40.568  -55.622  -15.655 0.5000000000
22154  40.791  -55.924  -14.878 0.5000000000
23190  40.398  -55.205  -16.237 0.5000000000
24179  39.824  -54.251  -14.181 0.5000000000
24093  41.076  -54.978  -7.203 0.1000000015
135249  40.615  -54.329  -6.959 0.1000000015
25027  41.575  -53.248  -6.712 0.1000000015
25025  43.368  -53.131  -6.713 0.1000000015
25948  42.203  -52.549  -6.533 0.1000000015
25949  41.502  -52.427  -6.514 0.1000000015
27727  42.401  -50.881  -6.276 0.1000000015
29507  42.243  -48.343  -6.774 0.2000000030
135953  43.213  -49.788  -13.594 0.2000000030
27826  43.818  -50.244  -13.584 0.2000000030
27829  40.219  -50.799  -13.150 0.2000000030
28671  40.023  -49.962  -13.048 0.1000000015
26969  41.304  -51.998  -13.460 0.2000000030
26970  40.457  -51.724  -13.220 0.2000000030
26928  40.479  -51.505  -10.488 0.4000000060
26046  40.382  -52.618  -13.449 0.5000000000
129558  42.000  -52.475  -13.670 0.2000000030
26047  39.837  -52.664  -12.935 0.4000000060
25103  39.608  -53.079  -11.913 0.5000000000
26010  40.645  -52.369  -10.421 0.5000000000
26072  40.896  -53.024  -14.758 0.5000000000
142567  39.973  -54.447  -12.634 0.5000000000
139945  38.198  -54.174  -6.452 0.1000000015
24073  38.904  -54.159  -6.562 0.1000000015
24072  39.844  -54.043  -6.763 0.1000000015
26860  41.015  -51.789  -6.403 0.1000000015
26862  39.564  -51.156  -6.310 0.1000000015
26861  40.240  -51.410  -6.351 0.1000000015
135861  41.575  -51.085  -6.315 0.1000000015
29509  40.820  -48.193  -6.702 0.2000000030
28669  41.550  -49.184  -13.652 0.1000000015
29610  41.721  -48.444  -13.694 0.1000000015
25030  37.696  -53.730  -6.217 0.1000000015
25011  37.137  -53.224  -5.875 0.1000000015
26863  38.918  -51.734  -6.268 0.1000000015
127624  39.879  -49.877  -6.327 0.1000000015
28565  40.373  -49.034  -6.413 0.2000000030
30596  40.842  -47.217  -7.679 0.2000000030
31641  43.274  -46.481  -13.332 0.1000000015
31642  42.211  -46.433  -13.517 0.1000000015
30685  41.602  -47.114  -13.638 0.1000000015
133082  40.281  -49.745  -10.535 0.1000000015
26845  36.727  -51.846  -5.374 0.1000000015
25926  36.082  -52.236  -4.931 0.1000000015
27697  36.015  -50.024  -4.008 0.1000000015
27707  36.375  -50.478  -4.706 0.1000000015
27713  36.858  -50.945  -5.290 0.1000000015
28568  37.860  -49.712  -5.965 0.1000000015
130276  37.458  -49.268  -5.808 0.1000000015
28567  38.580  -49.443  -6.239 0.1000000015
28566  39.449  -49.162  -6.368 0.1000000015
29511  38.780  -48.472  -6.488 0.1000000015
30597  38.972  -47.117  -7.446 0.1000000015
30621  40.682  -47.600  -8.965 0.2000000030
30633  40.015  -47.916  -9.729 0.1000000015
32591  41.060  -45.696  -13.367 0.1000000015
30686  40.653  -47.014  -13.530 0.1000000015
132818  39.573  -47.677  -12.787 0.1000000015
29492  36.439  -48.717  -4.545 0.1000000015
30583  37.336  -47.914  -6.012 0.1000000015
119951  37.918  -48.248  -6.290 0.1000000015
123116  38.268  -47.637  -6.789 0.1000000015
31565  39.214  -46.742  -8.000 0.1000000015
33462  40.232  -44.570  -12.480 0.1000000015
34424  41.527  -43.843  -12.380 0.1000000015
33460  42.112  -44.493  -12.829 0.1000000015
32576  41.451  -45.122  -13.160 0.1000000015
32553  38.987  -45.405  -11.647 0.1000000015
33450  39.488  -44.576  -11.941 0.1000000015
120677  39.093  -47.009  -11.450 0.1000000015
123215  36.518  -47.193  -4.931 0.1000000015
30584  36.862  -47.307  -5.730 0.1000000015
135878  36.837  -46.698  -6.133 0.1000000015
30598  37.788  -46.938  -7.250 0.1000000015
31567  37.321  -46.141  -7.555 0.1000000015
135695  39.644  -43.179  -10.936 0.1000000015
35308  39.527  -42.393  -9.632 0.1000000015
32544  37.723  -44.980  -9.117 0.1000000015
142004  38.313  -45.283  -10.143 0.1000000015
33424  37.821  -44.248  -9.284 0.1000000015
34411  40.111  -43.365  -11.498 0.1000000015
32524  36.862  -45.542  -6.934 0.1000000015
126928  37.806  -43.306  -8.049 0.1000000015
35300  39.870  -41.717  -9.142 0.1000000015
35306  41.029  -41.630  -10.076 0.1000000015
34391  38.698  -42.910  -9.365 0.1000000015
142189  53.615  -55.539  -9.371 0.1000000015
130473  53.645  -55.730  -10.080 0.1000000015
23099  53.039  -54.425  -10.347 0.1000000015
123183  52.556  -53.769  -9.993 0.1000000015
25074  51.896  -53.390  -9.540 0.1000000015
24104  52.804  -54.426  -8.749 0.1000000015
25061  52.140  -53.669  -8.877 0.1000000015
22083  53.582  -56.362  -9.395 0.2000000030
135167  51.109  -52.914  -8.782 0.1000000015
22098  53.443  -56.043  -10.911 0.2000000030
23110  52.779  -55.046  -11.072 0.1000000015
136534  53.093  -56.361  -11.645 0.2000000030
24134  52.265  -54.298  -10.705 0.1000000015
25075  51.035  -53.035  -9.746 0.1000000015
21080  53.066  -56.855  -11.832 0.2000000030
23109  53.107  -55.748  -11.384 0.2000000030
24118  51.675  -53.644  -10.254 0.2000000030
23111  51.901  -54.967  -11.452 0.2000000030
24135  51.232  -54.318  -11.031 0.2000000030
24119  50.616  -53.673  -10.563 0.3000000119
25076  50.029  -52.975  -10.109 0.3000000119
24136  50.163  -54.426  -11.294 0.3000000119
24120  49.545  -53.851  -10.848 0.3000000119
23136  51.627  -55.519  -12.211 0.2000000030
23112  50.843  -54.988  -11.733 0.2000000030
21088  52.533  -57.153  -13.447 0.2000000030
22110  52.313  -56.100  -12.689 0.2000000030
126171  51.120  -60.255  -14.238 0.1000000015
21081  52.737  -57.258  -12.340 0.2000000030
135390  52.789  -56.115  -12.003 0.2000000030
22109  52.680  -56.633  -12.460 0.2000000030
24137  49.180  -54.587  -11.513 0.3000000119
24121  48.573  -54.218  -11.050 0.4000000060
19243  51.517  -59.430  -13.768 0.1000000015
126376  52.399  -57.875  -12.925 0.1000000015
23137  50.518  -55.495  -12.430 0.2000000030
23113  49.806  -55.023  -11.965 0.2000000030
23114  48.316  -54.873  -11.642 0.4000000060
20163  52.434  -57.880  -13.941 0.2000000030
18290  51.228  -60.143  -15.221 0.1000000015
19270  51.730  -59.327  -15.689 0.2000000030
19258  51.628  -59.419  -14.755 0.1000000015
19257  52.164  -58.615  -15.310 0.1000000015
135414  52.336  -56.620  -13.345 0.2000000030
22111  51.327  -55.914  -12.997 0.2000000030
22112  50.184  -55.896  -13.117 0.2000000030
23138  49.483  -55.499  -12.587 0.4000000060
19242  52.051  -58.624  -14.343 0.1000000015
22113  49.115  -55.912  -13.183 0.4000000060
23115  47.493  -55.230  -11.861 0.4000000060
22147  52.578  -56.999  -14.874 0.3000000119
132915  52.366  -56.761  -14.292 0.3000000119
21105  52.574  -57.287  -14.517 0.2000000030
21132  52.564  -57.263  -15.395 0.4000000060
135344  48.577  -55.600  -12.609 0.4000000060
23140  46.934  -55.719  -12.393 0.4000000060
22127  51.001  -56.144  -13.817 0.3000000119
22175  52.019  -56.568  -15.491 0.4000000060
126243  52.368  -56.783  -15.144 0.3000000119
29606  45.329  -48.628  -13.163 0.1000000015
23139  47.765  -55.696  -12.497 0.4000000060
22128  49.771  -56.206  -13.819 0.4000000060
135199  48.165  -56.037  -13.121 0.5000000000
21106  51.142  -56.613  -15.351 0.4000000060
22148  51.751  -56.410  -14.667 0.3000000119
122304  50.489  -56.465  -14.549 0.4000000060
22149  49.307  -56.565  -14.466 0.4000000060
130656  44.894  -49.257  -13.472 0.1000000015
28665  45.687  -49.335  -13.269 0.1000000015
22114  47.287  -56.074  -13.017 0.4000000060
130434  46.817  -56.346  -13.487 0.5000000000
22130  47.639  -56.431  -13.749 0.5000000000
22115  46.437  -56.088  -12.956 0.5000000000
28667  44.606  -49.988  -13.569 0.1000000015
124304  45.395  -51.325  -13.507 0.1000000015
27824  45.228  -50.605  -13.517 0.1000000015
142096  43.283  -51.700  -13.548 0.1000000015
23087  53.500  -55.890  -8.789 0.1000000015
24115  53.106  -54.173  -9.257 0.1000000015
130071  51.146  -52.840  -9.113 0.1000000015
25073  52.581  -53.739  -9.444 0.1000000015
23088  53.129  -55.509  -8.489 0.1000000015
24105  51.989  -54.217  -8.533 0.1000000015
25041  50.633  -52.995  -8.418 0.1000000015
142172  43.746  -51.018  -13.530 0.1000000015
21050  53.392  -57.027  -9.829 0.1000000015
135343  48.893  -55.117  -12.117 0.3000000119
22126  51.973  -56.280  -13.692 0.2000000030
142732  48.190  -55.330  -12.128 0.4000000060
22129  48.690  -56.319  -13.784 0.4000000060
28666  45.288  -49.849  -13.473 0.1000000015
27825  44.423  -50.790  -13.542 0.1000000015
23090  51.522  -55.058  -8.205 0.1000000015
14080  39.469  -65.643  -17.379 0.1000000015
13237  39.810  -66.483  -17.709 0.1000000015
12383  41.298  -67.434  -17.659 0.1000000015
133569  39.131  -66.779  -17.998 0.1000000015
12376  41.824  -66.774  -17.171 0.1000000015
13238  38.885  -66.112  -17.776 0.1000000015
12386  38.376  -66.712  -18.058 0.1000000015
12389  36.371  -67.578  -18.213 0.1000000015
12397  37.965  -67.386  -18.381 0.1000000015
6460  38.995  -75.553  -14.181 0.1000000015
132684  36.502  -70.793  -16.719 0.1000000015
9976  36.108  -69.904  -16.629 0.1000000015
14064  41.584  -65.281  -16.488 0.1000000015
10733  35.661  -68.940  -17.130 0.1000000015
14079  40.319  -65.833  -17.278 0.1000000015
11528  36.060  -67.675  -17.633 0.1000000015
132099  41.947  -66.083  -16.712 0.1000000015
11545  35.871  -68.141  -18.415 0.1000000015
13225  42.710  -66.548  -16.690 0.1000000015
142994  37.602  -75.552  -12.410 0.1000000015
5809  39.436  -76.246  -14.817 0.1000000015
5190  37.003  -76.873  -11.506 0.1000000015
5788  37.801  -76.291  -11.996 0.1000000015
6432  38.393  -75.556  -12.688 0.1000000015
6447  39.184  -75.687  -13.230 0.1000000015
5820  40.180  -76.434  -15.794 0.1000000015
131333  38.643  -73.578  -16.673 0.1000000015
9227  37.163  -71.476  -16.517 0.1000000015
129365  40.664  -65.209  -16.842 0.1000000015
13239  37.938  -66.055  -17.526 0.1000000015
14062  43.198  -66.101  -16.251 0.1000000015
12374  43.347  -67.297  -16.792 0.1000000015
6446  39.572  -75.870  -14.115 0.1000000015
5808  39.771  -76.256  -14.703 0.1000000015
4629  37.861  -77.878  -10.832 0.1000000015
5205  38.006  -77.073  -11.601 0.1000000015
5787  38.687  -76.362  -12.226 0.1000000015
5799  39.613  -75.935  -13.405 0.1000000015
5807  40.155  -76.228  -14.503 0.1000000015
121571  40.071  -76.394  -15.157 0.1000000015
6478  41.052  -75.361  -16.180 0.1000000015
7819  40.160  -74.143  -16.315 0.1000000015
7115  39.211  -74.326  -16.788 0.1000000015
7810  39.891  -73.247  -15.873 0.1000000015
7820  39.243  -73.427  -16.288 0.1000000015
9218  38.779  -71.657  -15.497 0.1000000015
9225  38.135  -71.866  -16.028 0.1000000015
9226  37.595  -71.073  -15.944 0.1000000015
9975  36.933  -70.566  -16.186 0.1000000015
13218  37.159  -66.773  -16.302 0.1000000015
14889  40.880  -64.659  -16.395 0.1000000015
14066  39.233  -64.999  -16.878 0.1000000015
14081  38.656  -65.520  -17.228 0.1000000015
13227  37.572  -66.094  -16.656 0.1000000015
12377  36.530  -67.349  -16.795 0.1000000015
14063  42.489  -65.739  -16.342 0.1000000015
6459  41.584  -75.502  -15.075 0.1000000015
142477  37.910  -78.140  -10.453 0.1000000015
123984  38.193  -77.561  -11.213 0.1000000015
5786  39.282  -76.315  -12.456 0.1000000015
5798  39.909  -76.106  -13.697 0.1000000015
5806  40.915  -76.058  -14.723 0.1000000015
134022  41.145  -75.673  -15.643 0.1000000015
7808  41.765  -73.981  -15.900 0.1000000015
9217  39.523  -71.797  -15.175 0.1000000015
4622  38.313  -77.875  -10.747 0.1000000015
5189  38.809  -77.423  -11.222 0.1000000015
5770  39.310  -76.842  -11.843 0.1000000015
5785  39.773  -76.304  -12.728 0.1000000015
8508  39.152  -72.493  -15.781 0.1000000015
9219  38.196  -71.081  -15.495 0.1000000015
10724  37.842  -69.756  -15.068 0.1000000015
9968  37.547  -70.328  -15.562 0.1000000015
10725  37.472  -69.039  -15.117 0.1000000015
126718  37.258  -69.579  -15.409 0.1000000015
11506  37.147  -68.276  -15.384 0.1000000015
10726  36.798  -68.976  -15.595 0.1000000015
13216  38.034  -65.781  -15.311 0.1000000015
127638  37.397  -66.959  -15.594 0.1000000015
10732  36.168  -68.974  -16.271 0.1000000015
14873  40.606  -64.088  -15.872 0.1000000015
14067  38.502  -65.139  -16.538 0.1000000015
14053  37.948  -65.598  -16.158 0.1000000015
14051  41.499  -64.440  -15.959 0.1000000015
14871  42.970  -64.747  -15.411 0.1000000015
13215  43.996  -66.138  -15.801 0.1000000015
14049  43.140  -65.480  -15.863 0.1000000015
14048  44.745  -65.812  -15.116 0.1000000015
14039  43.819  -65.253  -15.307 0.1000000015
6458  42.224  -75.112  -14.472 0.1000000015
6469  42.230  -74.706  -15.203 0.1000000015
4621  38.299  -78.291  -9.965 0.1000000015
126100  39.694  -77.451  -10.227 0.1000000015
5172  39.545  -77.194  -11.175 0.1000000015
143593  40.172  -76.796  -11.406 0.1000000015
123944  40.454  -76.350  -12.530 0.1000000015
5784  40.427  -76.210  -13.264 0.1000000015
6445  41.452  -75.841  -14.234 0.1000000015
7103  42.059  -74.327  -15.609 0.1000000015
7809  40.887  -73.486  -15.816 0.1000000015
9216  40.444  -71.902  -14.914 0.1000000015
5173  38.941  -77.771  -10.562 0.1000000015
9214  39.827  -70.980  -14.636 0.1000000015
9966  38.914  -71.059  -15.057 0.1000000015
9964  38.994  -70.313  -14.704 0.1000000015
143768  38.435  -69.852  -14.791 0.1000000015
10721  38.908  -69.520  -14.480 0.1000000015
10722  38.194  -69.194  -14.753 0.1000000015
13202  38.368  -66.009  -14.487 0.1000000015
12354  38.198  -67.630  -14.558 0.1000000015
15676  41.322  -63.639  -15.304 0.1000000015
15665  40.832  -63.061  -14.546 0.1000000015
15677  40.293  -63.554  -15.151 0.1000000015
14875  39.127  -64.219  -15.336 0.1000000015
13203  37.899  -66.724  -14.977 0.1000000015
15664  41.734  -62.988  -14.658 0.1000000015
14052  38.348  -65.059  -15.725 0.1000000015
15675  42.153  -63.568  -15.068 0.1000000015
15663  42.687  -63.187  -14.624 0.1000000015
14861  42.807  -64.012  -15.026 0.1000000015
14037  45.617  -65.647  -14.498 0.1000000015
5152  39.299  -78.080  -8.549 0.1000000015
4611  38.469  -78.552  -8.869 0.1000000015
5754  40.236  -76.918  -10.685 0.1000000015
123582  40.703  -76.386  -11.114 0.1000000015
7102  42.620  -74.096  -15.240 0.1000000015
5164  39.111  -78.026  -9.639 0.1000000015
5768  40.592  -76.455  -11.875 0.1000000015
139484  41.950  -75.508  -13.478 0.1000000015
7095  42.874  -74.268  -14.703 0.1000000015
7807  42.541  -73.634  -15.423 0.1000000015
8505  42.619  -72.880  -15.327 0.1000000015
8502  41.393  -72.010  -14.862 0.1000000015
8504  43.240  -73.067  -15.119 0.1000000015
9212  41.925  -71.451  -14.530 0.1000000015
9963  40.535  -70.379  -14.187 0.1000000015
129988  39.648  -70.002  -14.274 0.1000000015
10720  39.498  -69.156  -14.036 0.1000000015
10719  40.267  -69.546  -13.907 0.1000000015
11501  39.514  -68.330  -13.814 0.1000000015
12348  39.589  -67.514  -13.559 0.1000000015
12353  38.904  -67.663  -14.007 0.1000000015
13201  38.927  -66.244  -13.705 0.1000000015
124162  38.515  -66.881  -14.210 0.1000000015
15666  40.045  -63.427  -14.276 0.1000000015
14040  38.749  -65.319  -14.085 0.1000000015
16484  41.346  -62.581  -13.936 0.1000000015
16469  40.611  -62.997  -13.597 0.1000000015
16483  42.185  -62.422  -14.095 0.1000000015
124875  43.310  -63.815  -14.688 0.1000000015
14860  43.561  -64.472  -14.931 0.1000000015
14038  44.518  -64.876  -14.699 0.1000000015
7049  43.185  -73.989  -12.297 0.1000000015
7782  43.675  -73.408  -12.619 0.1000000015
5151  40.045  -77.372  -8.248 0.1000000015
5163  39.854  -77.478  -9.239 0.1000000015
5744  40.348  -76.902  -9.753 0.1000000015
5753  40.766  -76.269  -10.227 0.1000000015
6417  41.236  -75.942  -11.651 0.1000000015
7066  42.666  -74.740  -12.866 0.1000000015
7789  43.691  -73.455  -14.083 0.1000000015
7798  44.063  -72.786  -14.163 0.1000000015
6416  41.811  -75.522  -12.355 0.1000000015
7081  42.802  -74.620  -13.864 0.1000000015
8499  43.804  -72.591  -14.725 0.1000000015
9961  42.590  -70.912  -14.231 0.1000000015
9957  42.258  -70.025  -13.763 0.1000000015
8500  43.241  -72.401  -15.022 0.1000000015
9211  42.959  -71.670  -14.682 0.1000000015
10715  40.792  -69.017  -13.628 0.1000000015
11500  40.363  -68.162  -13.416 0.1000000015
126896  39.062  -67.025  -13.760 0.1000000015
14026  39.640  -64.590  -13.162 0.1000000015
15655  40.010  -63.726  -13.418 0.1000000015
121468  39.124  -64.732  -13.798 0.1000000015
16482  43.067  -62.499  -14.121 0.1000000015
130889  41.856  -74.208  -10.141 0.1000000015
5731  40.721  -76.450  -7.915 0.1000000015
7024  41.519  -74.811  -9.580 0.1000000015
7036  42.240  -74.415  -10.960 0.1000000015
7050  42.491  -74.637  -11.864 0.1000000015
7781  44.005  -72.863  -12.418 0.1000000015
137787  40.161  -77.244  -7.417 0.1000000015
5743  40.838  -76.120  -9.146 0.1000000015
6387  41.223  -75.535  -9.875 0.1000000015
6401  41.787  -75.189  -11.355 0.1000000015
7788  44.017  -73.017  -13.293 0.1000000015
8497  44.434  -72.250  -13.536 0.1000000015
143667  44.116  -70.945  -13.955 0.1000000015
9209  44.282  -72.120  -14.215 0.1000000015
10713  42.409  -69.292  -13.259 0.1000000015
10714  41.615  -69.251  -13.488 0.1000000015
11499  41.253  -68.555  -13.212 0.1000000015
141917  40.232  -67.057  -12.983 0.1000000015
13190  39.604  -66.209  -13.109 0.1000000015
130892  40.230  -64.802  -12.458 0.1000000015
16446  41.405  -62.530  -12.616 0.1000000015
17357  43.205  -61.653  -13.151 0.1000000015
17356  43.898  -61.465  -13.186 0.1000000015
7007  41.521  -74.788  -8.677 0.1000000015
7755  42.496  -73.697  -10.614 0.1000000015
7767  43.614  -73.210  -11.773 0.1000000015
133880  41.287  -75.361  -9.112 0.1000000015
7768  42.926  -73.859  -11.393 0.1000000015
8493  44.853  -71.719  -12.887 0.1000000015
9955  44.694  -71.043  -13.603 0.1000000015
10711  44.178  -70.387  -13.519 0.1000000015
11495  42.402  -68.768  -12.879 0.1000000015
11498  41.893  -68.830  -13.096 0.1000000015
137887  41.563  -67.507  -12.547 0.1000000015
12347  41.045  -67.787  -12.905 0.1000000015
14017  41.683  -65.278  -11.619 0.1000000015
12343  41.035  -67.147  -12.627 0.1000000015
14831  41.109  -64.017  -11.737 0.1000000015
14024  40.987  -64.897  -11.917 0.1000000015
131440  42.193  -62.845  -11.483 0.1000000015
14832  40.606  -64.083  -12.233 0.1000000015
16432  42.407  -62.257  -11.765 0.1000000015
16433  41.733  -62.673  -11.923 0.1000000015
16447  40.859  -62.870  -12.850 0.1000000015
17342  43.494  -61.382  -12.541 0.1000000015
17355  44.897  -61.502  -13.218 0.1000000015
17338  47.030  -61.181  -12.633 0.1000000015
7023  41.693  -74.143  -9.240 0.1000000015
7741  41.992  -73.579  -9.842 0.1000000015
8478  43.756  -72.710  -11.169 0.1000000015
9204  44.771  -71.892  -12.156 0.1000000015
9952  45.163  -71.127  -12.981 0.1000000015
7006  41.788  -74.043  -8.185 0.1000000015
124566  44.254  -72.421  -11.757 0.1000000015
137170  45.000  -70.467  -13.007 0.1000000015
130943  42.805  -68.351  -12.541 0.1000000015
12342  42.337  -67.481  -12.246 0.1000000015
13179  42.176  -66.550  -11.846 0.1000000015
15626  42.522  -63.362  -11.156 0.1000000015
14820  41.674  -64.506  -11.483 0.1000000015
15637  41.733  -63.513  -11.490 0.1000000015
17327  43.514  -61.359  -11.856 0.1000000015
18255  44.102  -60.922  -12.060 0.1000000015
17341  44.346  -60.995  -12.635 0.1000000015
18264  47.381  -60.387  -12.206 0.1000000015
18262  49.603  -60.946  -12.276 0.1000000015
7723  41.891  -73.252  -8.431 0.1000000015
133796  41.791  -73.595  -9.023 0.1000000015
8463  42.601  -73.070  -10.293 0.1000000015
8461  44.119  -72.167  -10.933 0.1000000015
9177  45.332  -71.177  -11.102 0.1000000015
9194  45.338  -71.306  -12.087 0.1000000015
8462  43.343  -72.572  -10.620 0.1000000015
10707  45.378  -69.793  -12.551 0.1000000015
10708  44.244  -69.590  -12.912 0.1000000015
11494  43.775  -68.677  -12.466 0.1000000015
12337  43.068  -66.985  -11.755 0.1000000015
14016  42.418  -65.161  -11.319 0.1000000015
19198  48.852  -59.155  -9.347 0.1000000015
19199  47.839  -59.369  -9.699 0.1000000015
19200  46.939  -59.712  -10.020 0.1000000015
18233  45.705  -60.745  -10.066 0.1000000015
17317  44.289  -61.493  -10.846 0.1000000015
14806  42.964  -63.885  -10.907 0.1000000015
14819  42.376  -64.182  -11.171 0.1000000015
18237  46.158  -60.015  -10.372 0.1000000015
15625  43.209  -63.203  -10.800 0.1000000015
19197  49.956  -59.071  -8.933 0.1000000015
20129  49.477  -58.785  -9.750 0.1000000015
19208  48.476  -58.956  -10.172 0.1000000015
19225  46.711  -59.603  -11.167 0.1000000015
18254  44.605  -60.704  -11.673 0.1000000015
17318  43.682  -61.581  -11.317 0.1000000015
20128  50.444  -58.689  -9.304 0.1000000015
20137  50.208  -58.609  -10.104 0.1000000015
138627  48.339  -59.183  -11.107 0.1000000015
18267  44.821  -60.593  -12.130 0.1000000015
18266  45.622  -60.319  -12.175 0.1000000015
19222  50.788  -59.168  -11.514 0.1000000015
18251  48.913  -59.912  -11.813 0.1000000015
137100  50.168  -60.623  -12.327 0.1000000015
8430  41.940  -72.548  -8.871 0.1000000015
8446  41.988  -73.051  -9.451 0.1000000015
8445  42.547  -72.455  -9.951 0.1000000015
9179  43.532  -71.847  -10.314 0.1000000015
9178  44.564  -71.520  -10.710 0.1000000015
9945  45.781  -70.796  -11.556 0.1000000015
128468  45.699  -70.549  -12.325 0.1000000015
11489  45.845  -69.225  -12.102 0.1000000015
11493  44.842  -68.951  -12.380 0.1000000015
12341  43.396  -67.847  -12.116 0.1000000015
12336  44.135  -67.389  -11.691 0.1000000015
14015  43.360  -65.543  -11.133 0.1000000015
14804  44.499  -63.889  -10.199 0.1000000015
14818  43.103  -64.642  -10.945 0.1000000015
18231  47.420  -60.111  -9.283 0.1000000015
17311  45.368  -61.589  -9.933 0.1000000015
17312  44.778  -61.733  -10.290 0.1000000015
15624  43.971  -63.138  -10.419 0.1000000015
18230  48.401  -59.806  -8.952 0.1000000015
20126  51.898  -58.174  -8.958 0.1000000015
20136  51.043  -58.434  -9.649 0.1000000015
125114  42.317  -71.793  -9.463 0.1000000015
9162  43.254  -71.133  -9.888 0.1000000015
9928  45.034  -70.905  -10.424 0.1000000015
129949  45.933  -70.549  -10.761 0.1000000015
9929  44.186  -71.212  -10.259 0.1000000015
10706  46.054  -69.919  -12.115 0.1000000015
122274  45.334  -68.345  -11.891 0.1000000015
14014  44.286  -65.901  -10.954 0.1000000015
13168  44.739  -66.779  -11.283 0.1000000015
14006  44.819  -65.323  -10.564 0.1000000015
14007  43.922  -65.014  -10.734 0.1000000015
17309  47.166  -61.315  -9.017 0.1000000015
15622  44.720  -63.126  -10.054 0.1000000015
19191  50.762  -59.725  -8.108 0.1000000015
18224  48.132  -60.805  -8.718 0.1000000015
20121  51.075  -59.045  -8.452 0.1000000015
9904  45.507  -70.233  -10.040 0.1000000015
9927  46.375  -69.954  -10.222 0.1000000015
10701  46.477  -69.622  -11.599 0.1000000015
11488  46.468  -68.733  -11.564 0.1000000015
12335  45.957  -67.956  -11.532 0.1000000015
138709  45.122  -67.587  -11.562 0.1000000015
14005  45.831  -65.617  -10.359 0.1000000015
14800  45.123  -63.785  -9.887 0.1000000015
14803  45.251  -64.608  -10.120 0.1000000015
15621  45.457  -63.183  -9.720 0.1000000015
19192  49.526  -59.691  -8.573 0.1000000015
20127  51.280  -58.576  -8.844 0.1000000015
21051  52.997  -57.423  -9.334 0.1000000015
9905  44.167  -70.380  -9.949 0.1000000015
122876  46.108  -69.568  -9.685 0.1000000015
11465  46.673  -69.140  -9.438 0.1000000015
11476  47.180  -68.640  -10.903 0.1000000015
136693  46.850  -69.620  -10.448 0.1000000015
12334  46.721  -67.987  -11.179 0.1000000015
13167  45.927  -67.187  -11.177 0.1000000015
13160  45.318  -66.225  -10.825 0.1000000015
14799  45.888  -64.052  -9.701 0.1000000015
16417  46.707  -62.404  -9.204 0.1000000015
15620  46.332  -63.308  -9.427 0.1000000015
18223  49.200  -60.607  -8.390 0.1000000015
17303  48.068  -61.786  -8.656 0.1000000015
21046  53.078  -57.332  -8.352 0.1000000015
21045  53.369  -56.996  -9.034 0.1000000015
11464  47.152  -68.946  -9.651 0.1000000015
10688  47.152  -69.121  -10.331 0.1000000015
11475  47.484  -68.443  -10.134 0.1000000015
12321  47.602  -67.679  -10.296 0.1000000015
125512  47.315  -68.033  -10.731 0.1000000015
12322  46.968  -67.388  -10.778 0.1000000015
13159  46.404  -66.551  -10.615 0.1000000015
14001  46.351  -65.037  -9.842 0.1000000015
20119  52.470  -58.622  -7.251 0.1000000015
16416  47.664  -62.527  -8.838 0.1000000015
20118  52.706  -57.966  -7.714 0.1000000015
11453  47.387  -68.428  -9.416 0.1000000015
13150  47.737  -66.581  -9.590 0.1000000015
13157  47.826  -67.302  -9.852 0.1000000015
14797  47.775  -65.072  -8.907 0.1000000015
13999  47.984  -65.993  -8.996 0.1000000015
13158  47.355  -66.920  -10.278 0.1000000015
14794  48.218  -64.547  -8.443 0.1000000015
14004  46.874  -66.038  -10.059 0.1000000015
19190  51.815  -59.688  -7.480 0.1000000015
18221  51.434  -60.444  -7.266 0.1000000015
18222  50.363  -60.518  -7.869 0.1000000015
17302  48.883  -61.645  -8.346 0.1000000015
15619  47.267  -63.412  -9.058 0.1000000015
123280  52.743  -57.030  -7.499 0.1000000015
17301  49.977  -61.558  -7.731 0.1000000015
15615  48.692  -63.941  -8.077 0.1000000015
14000  47.329  -65.554  -9.449 0.1000000015
15616  48.191  -63.535  -8.614 0.1000000015
131238  47.708  -64.217  -8.876 0.1000000015
16411  48.536  -62.594  -8.459 0.1000000015
8516  36.891  -72.172  -17.053 0.1000000015
9969  36.751  -69.730  -15.891 0.1000000015
13236  40.799  -66.648  -17.420 0.1000000015
11507  36.520  -68.180  -16.075 0.1000000015
13226  41.197  -65.968  -17.006 0.1000000015
13228  37.144  -66.618  -17.181 0.1000000015
12387  37.485  -66.802  -17.950 0.1000000015
12398  37.067  -67.399  -18.367 0.1000000015
12388  36.691  -67.146  -17.718 0.1000000015
6448  38.440  -75.115  -13.475 0.1000000015
9984  35.894  -70.584  -17.211 0.1000000015
11517  35.964  -68.161  -16.889 0.1000000015
5835  40.682  -76.015  -16.060 0.1000000015
8514  38.449  -72.847  -16.381 0.1000000015
14890  39.993  -64.565  -16.489 0.1000000015
14082  38.065  -65.602  -16.869 0.1000000015
129596  39.757  -75.974  -14.115 0.1000000015
140178  41.067  -75.872  -15.194 0.1000000015
7818  41.114  -74.318  -16.220 0.1000000015
7113  40.734  -75.047  -16.552 0.1000000015
7112  41.429  -74.674  -16.075 0.1000000015
9967  38.302  -70.415  -15.078 0.1000000015
13217  37.602  -66.290  -15.805 0.1000000015
12366  36.984  -67.491  -15.847 0.1000000015
14891  38.998  -64.488  -16.095 0.1000000015
8506  41.848  -73.235  -15.547 0.1000000015
140481  41.071  -72.646  -15.267 0.1000000015
8507  40.139  -72.606  -15.420 0.1000000015
5769  39.909  -76.690  -11.949 0.1000000015
11504  37.844  -68.384  -14.841 0.1000000015
12355  37.555  -67.577  -15.178 0.1000000015
14041  38.433  -65.165  -14.892 0.1000000015
127827  41.084  -76.165  -12.300 0.1000000015
6431  41.170  -76.102  -12.939 0.1000000015
143905  41.869  -72.596  -15.227 0.1000000015
9213  40.908  -71.256  -14.479 0.1000000015
11503  38.702  -68.563  -14.326 0.1000000015
15656  39.429  -64.030  -13.984 0.1000000015
7101  43.106  -73.653  -15.017 0.1000000015
7080  43.314  -74.023  -14.162 0.1000000015
8501  42.354  -72.170  -14.976 0.1000000015
7799  43.604  -73.206  -14.670 0.1000000015
9962  41.541  -70.633  -14.165 0.1000000015
10718  41.161  -69.794  -13.874 0.1000000015
10716  40.078  -68.854  -13.723 0.1000000015
14031  39.251  -65.425  -13.380 0.1000000015
130785  43.476  -61.965  -13.649 0.1000000015
15662  43.538  -63.282  -14.370 0.1000000015
137093  43.967  -64.049  -14.506 0.1000000015
7065  43.409  -73.932  -13.337 0.1000000015
5732  40.390  -76.866  -8.868 0.1000000015
6402  41.234  -75.715  -10.771 0.1000000015
9210  43.815  -71.920  -14.638 0.1000000015
9956  43.344  -70.534  -13.892 0.1000000015
14025  39.835  -65.481  -12.773 0.1000000015
16467  41.875  -62.163  -13.256 0.1000000015
16465  44.300  -62.075  -13.633 0.1000000015
7037  41.624  -74.952  -10.446 0.1000000015
8494  44.437  -72.353  -12.688 0.1000000015
9207  44.297  -71.498  -14.120 0.1000000015
10712  43.256  -69.801  -13.396 0.1000000015
11496  41.877  -68.211  -12.729 0.1000000015
128280  40.549  -65.639  -12.349 0.1000000015
13181  40.812  -66.481  -12.470 0.1000000015
16445  42.091  -62.100  -12.414 0.1000000015
7754  43.201  -73.198  -10.948 0.1000000015
10709  43.124  -69.097  -12.877 0.1000000015
131271  41.548  -66.859  -12.280 0.1000000015
13171  42.067  -65.822  -11.605 0.1000000015
15642  41.024  -63.243  -12.128 0.1000000015
16424  42.793  -62.613  -11.232 0.1000000015
140486  46.014  -60.684  -12.604 0.1000000015
17339  45.927  -61.368  -12.974 0.1000000015
141675  47.756  -60.957  -12.418 0.1000000015
13170  42.791  -66.088  -11.498 0.1000000015
17326  44.123  -61.083  -11.490 0.1000000015
18263  48.454  -60.764  -12.205 0.1000000015
18265  46.473  -60.249  -12.242 0.1000000015
18252  47.868  -59.829  -11.742 0.1000000015
18250  49.842  -60.059  -11.895 0.1000000015
9195  44.785  -71.751  -11.416 0.1000000015
11490  44.342  -68.188  -12.035 0.1000000015
13169  43.717  -66.445  -11.388 0.1000000015
18232  46.510  -60.461  -9.635 0.1000000015
19210  46.625  -59.647  -10.662 0.1000000015
18238  45.450  -60.363  -10.759 0.1000000015
16423  43.577  -62.281  -10.885 0.1000000015
16422  44.366  -62.338  -10.378 0.1000000015
14805  43.690  -64.053  -10.570 0.1000000015
19209  47.433  -59.361  -10.592 0.1000000015
19211  46.002  -59.813  -11.036 0.1000000015
19207  49.397  -58.846  -10.649 0.1000000015
18253  45.322  -60.305  -11.515 0.1000000015
19234  46.937  -59.814  -11.737 0.1000000015
19224  47.414  -59.503  -11.267 0.1000000015
128143  49.304  -59.320  -11.402 0.1000000015
125577  51.005  -59.579  -12.283 0.1000000015
18249  50.440  -59.939  -12.084 0.1000000015
141547  44.417  -64.578  -10.423 0.1000000015
17310  46.148  -61.453  -9.496 0.1000000015
16418  45.800  -62.383  -9.563 0.1000000015
16419  45.046  -62.382  -9.945 0.1000000015
141213  44.707  -67.880  -11.784 0.1000000015
20120  52.012  -58.871  -7.895 0.1000000015
133905  52.441  -58.364  -8.005 0.1000000015
14798  46.959  -64.386  -9.329 0.1000000015
22186  51.721  -56.775  -16.104 0.3000000119
21133  50.648  -56.870  -16.047 0.3000000119
21107  49.957  -56.802  -15.219 0.3000000119
21108  48.851  -56.854  -15.103 0.4000000060
22150  48.292  -56.659  -14.409 0.4000000060
21134  49.429  -57.033  -16.014 0.3000000119
121845  47.858  -56.894  -15.036 0.4000000060
16537  44.536  -62.437  -19.001 0.1000000015
17426  45.209  -62.139  -19.618 0.1000000015
16535  47.214  -62.357  -19.918 0.2000000030
17433  48.265  -61.700  -20.697 0.3000000119
21155  46.372  -56.978  -16.711 0.4000000060
22174  52.313  -56.933  -15.895 0.3000000119
142416  49.114  -59.595  -20.179 0.4000000060
21189  48.959  -58.067  -19.114 0.4000000060
134570  48.166  -61.993  -20.455 0.2000000030
18351  48.630  -60.826  -20.685 0.3000000119
19305  49.043  -58.813  -19.726 0.4000000060
131935  48.062  -57.872  -18.731 0.4000000060
21171  46.710  -57.184  -17.452 0.4000000060
16524  44.107  -62.850  -18.659 0.1000000015
16549  47.747  -62.407  -20.770 0.3000000119
20228  47.949  -58.504  -19.566 0.4000000060
21183  47.170  -57.556  -18.210 0.4000000060
17427  44.148  -62.055  -19.688 0.1000000015
21157  44.669  -56.812  -16.294 0.5000000000
16550  46.991  -62.659  -20.879 0.2000000030
19310  48.633  -60.199  -20.614 0.3000000119
21190  47.154  -57.916  -19.103 0.4000000060
21158  43.757  -56.760  -16.151 0.4000000060
134531  42.646  -56.704  -15.483 0.4000000060
20235  48.313  -59.349  -20.269 0.4000000060
21184  46.353  -57.562  -18.824 0.4000000060
124745  46.178  -57.195  -18.112 0.4000000060
123635  45.883  -56.976  -17.331 0.5000000000
17434  44.750  -61.836  -20.494 0.2000000030
16551  45.853  -62.195  -20.586 0.2000000030
16558  47.966  -62.207  -21.299 0.2000000030
19311  47.816  -59.867  -20.857 0.3000000119
16552  43.131  -62.198  -19.745 0.1000000015
20229  46.884  -58.445  -19.847 0.4000000060
17441  48.424  -61.338  -20.681 0.3000000119
20236  47.390  -59.079  -20.374 0.4000000060
21191  46.412  -57.957  -19.450 0.4000000060
21173  45.030  -56.754  -17.176 0.5000000000
22187  44.115  -56.649  -16.968 0.5000000000
22176  42.920  -56.673  -16.063 0.4000000060
21185  45.422  -57.154  -18.902 0.4000000060
21172  45.330  -56.861  -18.033 0.5000000000
22197  44.403  -56.598  -17.948 0.5000000000
22188  43.247  -56.553  -16.770 0.4000000060
17443  45.421  -61.945  -21.428 0.2000000030
16560  47.016  -62.599  -21.966 0.2000000030
16559  47.647  -62.494  -21.665 0.2000000030
17442  48.044  -61.873  -21.648 0.4000000060
16573  47.923  -62.299  -22.251 0.2000000030
144083  48.134  -61.404  -21.269 0.3000000119
18359  48.121  -61.542  -22.172 0.4000000060
19320  48.080  -60.828  -21.328 0.3000000119
22209  44.736  -56.748  -18.755 0.5000000000
22198  43.537  -56.382  -17.566 0.5000000000
22200  42.109  -56.003  -17.049 0.4000000060
22177  42.149  -56.552  -15.906 0.4000000060
18360  47.976  -60.696  -22.287 0.4000000060
19312  47.144  -59.446  -20.986 0.4000000060
20230  46.068  -58.174  -20.146 0.4000000060
22210  44.156  -56.446  -18.761 0.5000000000
16561  46.138  -62.250  -22.229 0.2000000030
17444  44.237  -61.586  -21.484 0.2000000030
22190  41.691  -56.145  -16.479 0.4000000060
16591  47.966  -62.389  -23.030 0.2000000030
19321  47.459  -60.046  -21.542 0.3000000119
20237  46.577  -58.821  -20.750 0.4000000060
21192  45.721  -57.625  -19.584 0.4000000060
17435  43.699  -61.701  -20.425 0.2000000030
16575  46.879  -62.534  -22.919 0.2000000030
17462  48.193  -62.020  -22.892 0.3000000119
18376  48.395  -61.353  -23.079 0.4000000060
135590  40.932  -55.726  -16.390 0.4000000060
19330  47.400  -59.733  -22.189 0.3000000119
139185  44.769  -56.791  -19.445 0.5000000000
22211  43.681  -56.212  -18.367 0.5000000000
24193  39.735  -54.196  -15.092 0.4000000060
17464  44.151  -61.459  -22.586 0.2000000030
17463  45.137  -61.788  -22.411 0.2000000030
20243  46.442  -58.634  -21.536 0.4000000060
21199  45.533  -57.610  -20.458 0.4000000060
23199  43.013  -55.926  -18.027 0.5000000000
23201  41.430  -55.520  -17.198 0.4000000060
121857  41.052  -52.993  -13.992 0.4000000060
17445  43.322  -61.338  -21.911 0.2000000030
16576  45.933  -62.090  -23.115 0.2000000030
16592  47.594  -62.510  -23.535 0.2000000030
17478  48.149  -62.218  -23.705 0.2000000030
22224  44.609  -56.427  -20.154 0.5000000000
23214  43.730  -55.943  -19.110 0.5000000000
17446  42.560  -61.400  -21.285 0.2000000030
19322  46.853  -59.329  -21.533 0.3000000119
22217  45.064  -57.068  -20.006 0.5000000000
22218  44.255  -56.333  -19.513 0.5000000000
23200  42.279  -55.648  -17.675 0.5000000000
17466  42.537  -61.070  -22.088 0.2000000030
26090  40.337  -52.962  -15.331 0.4000000060
25134  41.705  -53.116  -14.451 0.2000000030
24202  39.703  -54.065  -15.934 0.4000000060
23202  40.621  -55.050  -16.899 0.4000000060
129394  48.759  -61.017  -23.726 0.4000000060
23217  41.767  -54.986  -18.018 0.4000000060
16593  46.665  -62.333  -23.732 0.2000000030
17479  47.941  -62.296  -24.159 0.2000000030
120380  44.973  -61.626  -23.220 0.2000000030
25167  39.798  -53.465  -16.152 0.4000000060
24212  40.297  -54.253  -17.215 0.4000000060
24224  40.618  -53.873  -17.950 0.4000000060
20238  45.936  -58.174  -20.993 0.3000000119
23223  43.902  -55.542  -19.855 0.5000000000
23215  43.275  -55.689  -18.661 0.5000000000
24211  40.947  -54.710  -17.657 0.4000000060
18391  48.106  -60.293  -23.031 0.4000000060
142888  46.541  -58.483  -21.970 0.4000000060
21205  46.286  -57.914  -21.772 0.3000000119
129012  45.298  -57.037  -20.765 0.4000000060
137868  47.448  -59.178  -22.561 0.4000000060
23229  44.349  -55.836  -20.216 0.5000000000
17480  46.464  -61.995  -24.348 0.2000000030
26120  39.952  -53.029  -16.717 0.4000000060
24222  42.098  -54.485  -18.685 0.5000000000
24229  42.709  -54.629  -19.053 0.5000000000
22231  45.593  -56.613  -21.261 0.4000000060
23224  43.296  -55.143  -19.267 0.5000000000
23228  44.830  -55.703  -20.726 0.5000000000
22223  45.075  -56.428  -20.744 0.5000000000
21170  47.543  -57.377  -17.442 0.4000000060
25155  39.747  -53.585  -15.463 0.4000000060
24201  40.085  -54.549  -16.456 0.4000000060
24228  43.691  -54.700  -20.038 0.5000000000
19290  51.647  -58.988  -17.632 0.3000000119
21180  51.624  -57.829  -17.652 0.3000000119
21167  50.531  -57.391  -17.564 0.2000000030
134057  50.269  -57.125  -16.708 0.2000000030
18322  50.838  -60.355  -17.511 0.2000000030
19297  51.247  -59.369  -18.319 0.3000000119
19302  51.072  -59.002  -18.859 0.3000000119
20221  50.512  -57.949  -18.877 0.3000000119
17400  50.198  -60.804  -18.014 0.2000000030
17412  49.923  -60.739  -18.876 0.2000000030
19303  50.468  -59.574  -19.257 0.2000000030
16534  47.931  -62.133  -19.902 0.2000000030
18362  40.935  -60.785  -21.932 0.1000000015
18380  40.231  -60.702  -22.533 0.1000000015
20287  51.015  -58.917  -25.242 0.1000000015
19269  52.160  -58.589  -16.181 0.1000000015
21150  52.003  -57.249  -16.681 0.2000000030
21166  51.910  -57.633  -17.187 0.2000000030
20203  51.961  -58.702  -16.911 0.2000000030
20214  51.953  -58.089  -17.314 0.2000000030
134371  50.839  -60.580  -15.729 0.1000000015
18313  50.871  -60.493  -16.577 0.1000000015
18312  51.488  -59.690  -17.041 0.2000000030
17380  50.301  -61.195  -15.896 0.1000000015
17390  49.739  -61.523  -16.446 0.1000000015
143448  43.292  -61.487  -21.080 0.1000000015
18361  41.772  -61.166  -21.546 0.1000000015
18405  46.557  -60.603  -25.036 0.1000000015
18423  47.602  -60.990  -25.397 0.1000000015
19369  49.379  -60.792  -25.446 0.1000000015
19359  50.140  -60.216  -24.837 0.1000000015
19361  45.549  -59.931  -24.593 0.1000000015
19370  48.610  -60.464  -25.655 0.1000000015
19368  50.041  -60.108  -25.406 0.1000000015
138212  50.489  -59.222  -23.899 0.1000000015
136195  49.906  -59.410  -25.805 0.1000000015
21229  51.093  -58.053  -23.569 0.1000000015
22246  49.717  -56.940  -22.518 0.1000000015
22245  50.871  -56.683  -22.575 0.1000000015
23254  50.272  -55.895  -22.015 0.1000000015
19280  51.775  -59.234  -16.429 0.2000000030
18302  51.363  -59.953  -16.134 0.1000000015
21220  46.971  -57.369  -22.213 0.3000000119
17482  44.872  -61.305  -23.760 0.1000000015
17492  45.651  -61.424  -24.297 0.1000000015
17490  47.948  -62.062  -24.663 0.1000000015
18389  49.418  -60.874  -24.451 0.1000000015
20247  48.663  -58.463  -23.101 0.2000000030
143922  47.331  -57.903  -22.454 0.3000000119
23240  46.445  -55.488  -21.567 0.3000000119
124624  45.972  -54.922  -21.379 0.3000000119
18379  41.230  -60.154  -22.704 0.1000000015
18392  44.039  -60.791  -23.729 0.1000000015
18420  49.591  -60.890  -25.080 0.1000000015
20260  49.803  -59.000  -23.495 0.1000000015
21219  47.869  -57.586  -22.602 0.2000000030
23239  47.400  -55.367  -21.644 0.3000000119
21217  49.676  -58.003  -23.142 0.1000000015
23238  48.406  -55.307  -21.631 0.2000000030
24246  46.812  -54.528  -21.477 0.3000000119
23237  49.421  -55.253  -21.605 0.1000000015
24245  48.785  -54.570  -21.454 0.2000000030
25205  47.506  -53.735  -21.525 0.4000000060
23236  51.095  -55.329  -21.781 0.1000000015
24244  49.744  -54.524  -21.441 0.1000000015
124977  48.292  -53.062  -21.686 0.3000000119
21057  52.977  -57.466  -10.364 0.1000000015
20156  52.481  -57.931  -11.956 0.1000000015
25186  43.068  -54.331  -19.593 0.4000000060
24227  44.396  -55.019  -20.520 0.4000000060
23241  45.561  -55.714  -21.266 0.3000000119
24237  45.185  -54.817  -21.068 0.4000000060
141037  44.699  -54.434  -20.826 0.4000000060
123701  45.902  -54.138  -21.282 0.4000000060
120580  45.084  -53.006  -21.137 0.4000000060
25206  46.596  -53.519  -21.471 0.4000000060
124055  46.342  -52.643  -21.578 0.5000000000
137568  48.291  -53.939  -21.460 0.3000000119
124306  47.230  -52.821  -21.704 0.5000000000
133145  50.863  -54.526  -21.461 0.2000000030
25203  50.084  -53.731  -21.476 0.1000000015
125395  47.829  -52.104  -22.045 0.4000000060
24255  52.125  -54.796  -21.978 0.1000000015
24243  51.657  -54.176  -21.436 0.1000000015
26143  49.401  -52.946  -21.711 0.2000000030
22268  51.732  -56.326  -24.394 0.1000000015
122186  52.202  -55.197  -22.589 0.1000000015
25202  51.100  -53.670  -21.434 0.2000000030
121579  51.422  -55.980  -24.922 0.1000000015
24268  52.367  -55.177  -23.477 0.1000000015
24230  41.741  -53.796  -18.931 0.4000000060
24223  41.333  -54.245  -18.345 0.3000000119
25187  42.132  -53.440  -19.398 0.4000000060
24238  44.180  -54.061  -20.563 0.4000000060
142228  43.474  -53.966  -20.081 0.4000000060
25192  44.406  -53.181  -20.872 0.4000000060
142648  43.577  -53.227  -20.423 0.4000000060
25207  45.761  -53.266  -21.291 0.4000000060
27074  45.336  -51.506  -21.567 0.4000000060
26144  44.647  -52.284  -21.158 0.4000000060
132706  46.055  -51.936  -21.675 0.5000000000
130508  46.865  -51.865  -21.931 0.4000000060
128011  48.821  -52.134  -22.095 0.3000000119
142887  47.532  -51.376  -22.173 0.4000000060
25199  52.840  -52.813  -21.792 0.2000000030
26141  52.492  -52.489  -21.574 0.2000000030
132447  49.862  -52.089  -21.976 0.2000000030
24267  52.910  -53.924  -22.802 0.1000000015
24253  52.899  -53.451  -22.073 0.2000000030
24296  48.362  -53.676  -25.245 0.1000000015
25188  41.508  -53.079  -19.212 0.4000000060
25182  41.006  -53.465  -18.628 0.4000000060
124057  42.605  -52.156  -20.285 0.4000000060
26145  43.829  -51.900  -20.939 0.4000000060
26136  43.323  -52.400  -20.564 0.4000000060
27075  44.384  -51.320  -21.314 0.4000000060
27924  45.662  -50.712  -21.751 0.4000000060
27923  46.340  -50.394  -21.897 0.3000000119
133094  47.765  -50.665  -22.229 0.4000000060
27072  46.966  -50.927  -22.097 0.4000000060
133095  50.410  -51.205  -21.918 0.3000000119
27070  49.314  -51.238  -22.190 0.3000000119
27071  48.312  -51.328  -22.262 0.4000000060
124370  53.451  -52.325  -22.991 0.2000000030
27082  52.828  -51.125  -22.268 0.2000000030
130802  51.880  -52.199  -21.534 0.2000000030
133157  50.921  -52.102  -21.761 0.2000000030
25237  53.092  -53.485  -23.772 0.2000000030
24312  47.329  -53.686  -26.320 0.1000000015
24297  47.292  -53.831  -25.394 0.1000000015
25250  48.924  -53.120  -25.736 0.1000000015
25174  40.120  -53.381  -17.393 0.3000000119
26132  40.829  -52.632  -18.831 0.4000000060
26127  40.390  -52.229  -18.306 0.3000000119
26138  41.923  -51.960  -19.981 0.4000000060
27917  41.706  -50.417  -20.155 0.4000000060
27069  42.266  -51.270  -20.387 0.4000000060
27915  43.214  -50.363  -21.073 0.4000000060
138287  42.898  -50.970  -20.834 0.4000000060
28774  44.533  -49.759  -21.529 0.4000000060
27926  44.037  -50.473  -21.352 0.4000000060
28772  46.514  -49.587  -21.807 0.4000000060
28773  45.535  -49.846  -21.734 0.3000000119
29706  50.261  -48.743  -20.818 0.3000000119
29707  49.196  -48.930  -21.162 0.3000000119
28770  48.222  -49.201  -21.546 0.3000000119
28771  47.369  -49.421  -21.780 0.3000000119
144165  52.772  -49.487  -22.865 0.2000000030
27918  52.395  -50.356  -22.016 0.2000000030
28767  51.563  -49.471  -21.379 0.3000000119
28768  50.688  -49.424  -21.326 0.2000000030
133373  48.947  -49.673  -21.757 0.3000000119
134489  48.012  -49.891  -22.061 0.3000000119
27931  53.243  -50.830  -22.839 0.2000000030
27919  51.928  -50.374  -21.608 0.2000000030
26164  53.461  -52.083  -23.834 0.2000000030
27030  40.200  -52.386  -16.690 0.3000000119
27028  40.812  -51.472  -16.704 0.3000000119
27053  40.457  -51.606  -17.216 0.3000000119
27063  40.348  -51.516  -18.018 0.4000000060
26119  40.191  -52.417  -17.496 0.3000000119
28759  40.938  -49.359  -19.169 0.3000000119
28751  40.749  -49.651  -18.503 0.4000000060
28758  41.508  -48.923  -19.798 0.4000000060
28764  41.383  -49.700  -19.857 0.4000000060
29696  42.296  -48.761  -20.397 0.4000000060
27916  42.450  -50.372  -20.664 0.4000000060
30783  43.616  -47.794  -20.536 0.3000000119
28775  43.657  -49.641  -21.256 0.4000000060
28762  42.777  -49.560  -20.873 0.4000000060
30763  48.206  -47.151  -19.535 0.3000000119
30764  47.064  -47.302  -19.865 0.2000000030
30780  46.391  -47.635  -20.483 0.2000000030
127738  44.929  -47.778  -20.825 0.2000000030
29711  44.952  -49.004  -21.518 0.3000000119
29712  44.151  -49.052  -21.353 0.3000000119
29689  49.573  -48.229  -20.380 0.3000000119
29690  48.339  -48.455  -20.832 0.3000000119
29691  47.283  -48.339  -20.986 0.2000000030
29709  46.819  -48.868  -21.512 0.2000000030
29710  45.902  -48.940  -21.574 0.2000000030
29723  52.463  -48.728  -22.847 0.2000000030
133637  51.627  -48.055  -21.485 0.3000000119
29705  51.246  -48.586  -20.908 0.3000000119
26105  41.462  -52.486  -15.814 0.3000000119
26107  39.940  -52.959  -15.937 0.3000000119
26106  40.399  -52.477  -16.132 0.3000000119
30784  42.733  -47.964  -20.248 0.3000000119
31716  45.535  -46.529  -19.488 0.2000000030
31717  44.533  -46.505  -19.531 0.2000000030
142409  43.168  -47.370  -20.001 0.2000000030
32669  46.111  -45.885  -18.708 0.2000000030
31727  46.026  -47.133  -20.054 0.2000000030
31728  44.978  -47.139  -20.244 0.2000000030
30782  44.351  -47.594  -20.585 0.2000000030
23289  51.540  -54.991  -25.047 0.1000000015
24281  52.376  -54.677  -24.201 0.1000000015
29724  51.854  -48.051  -22.394 0.3000000119
27939  53.370  -50.607  -23.635 0.2000000030
21181  51.075  -57.738  -18.212 0.3000000119
18349  49.818  -60.230  -19.665 0.2000000030
21069  53.298  -56.699  -11.158 0.1000000015
20190  52.486  -57.908  -15.833 0.2000000030
21151  51.215  -57.108  -16.801 0.2000000030
18390  48.530  -61.564  -23.970 0.1000000015
26089  40.815  -52.654  -15.569 0.3000000119
18404  49.035  -61.412  -24.781 0.1000000015
20248  48.277  -59.343  -23.112 0.3000000119
22230  46.197  -56.946  -21.728 0.2000000030
131242  47.675  -58.431  -22.698 0.2000000030
137995  47.083  -61.392  -25.132 0.1000000015
18321  51.244  -59.751  -17.808 0.2000000030
20220  51.436  -58.413  -18.153 0.3000000119
18333  50.682  -60.184  -18.377 0.1000000015
19298  50.777  -59.705  -18.786 0.2000000030
20272  51.093  -59.048  -24.570 0.1000000015
20202  52.306  -57.990  -16.613 0.2000000030
18407  44.879  -60.583  -24.177 0.1000000015
19371  47.461  -60.058  -25.408 0.1000000015
17503  47.875  -61.628  -25.122 0.1000000015
19343  49.944  -59.905  -24.103 0.1000000015
20259  50.947  -58.846  -23.979 0.1000000015
21216  50.647  -57.596  -23.047 0.1000000015
20261  49.150  -59.457  -23.464 0.2000000030
22229  46.917  -56.287  -21.917 0.3000000119
21218  48.831  -57.542  -22.765 0.2000000030
22248  47.602  -56.797  -22.243 0.3000000119
24247  45.025  -53.847  -21.036 0.4000000060
22247  48.475  -56.806  -22.345 0.3000000119
23256  47.962  -56.078  -21.934 0.3000000119
134248  47.861  -54.573  -21.486 0.3000000119
25193  42.826  -53.511  -19.811 0.4000000060
24242  52.188  -54.136  -21.628 0.2000000030
136240  52.141  -52.928  -21.390 0.2000000030
26137  42.175  -52.755  -19.773 0.4000000060
138559  43.946  -52.609  -20.815 0.4000000060
127449  52.315  -51.429  -21.764 0.2000000030
26131  41.368  -52.249  -19.470 0.4000000060
28769  49.807  -49.397  -21.373 0.3000000119
27920  51.053  -50.307  -21.643 0.2000000030
132174  40.535  -50.805  -18.512 0.4000000060
135384  40.799  -50.827  -19.171 0.4000000060
30778  48.850  -47.666  -20.021 0.3000000119
29704  52.168  -48.728  -21.936 0.2000000030
130232  51.821  -48.847  -21.408 0.2000000030
27896  40.606  -50.678  -17.772 0.4000000060
29695  43.324  -48.680  -20.935 0.4000000060
29694  44.366  -48.298  -21.069 0.2000000030
123611  47.676  -46.548  -19.044 0.2000000030
31715  46.602  -46.558  -19.280 0.2000000030
30781  45.655  -47.682  -20.698 0.2000000030
137735  40.610  -50.177  -18.286 0.3000000119
27052  40.750  -50.914  -17.136 0.2000000030
27895  40.965  -50.234  -17.343 0.3000000119
138812  40.837  -52.092  -16.223 0.2000000030
27027  42.084  -51.589  -16.578 0.2000000030
17413  49.556  -61.154  -18.522 0.1000000015
16508  49.069  -61.499  -17.898 0.1000000015
16519  48.996  -61.442  -19.029 0.1000000015
17425  49.210  -61.185  -19.452 0.1000000015
134024  48.097  -61.901  -19.101 0.1000000015
137540  48.589  -61.553  -20.002 0.1000000015
16533  48.463  -61.714  -19.612 0.1000000015
25133  42.619  -53.174  -14.309 0.1000000015
25153  42.255  -53.214  -14.901 0.1000000015
126731  43.857  -53.571  -15.032 0.1000000015
25152  43.068  -53.385  -15.133 0.1000000015
25166  42.267  -53.023  -15.548 0.1000000015
130055  43.732  -53.457  -15.547 0.1000000015
26104  42.202  -52.354  -16.156 0.1000000015
25165  43.134  -53.062  -16.095 0.1000000015
124110  42.894  -52.067  -16.664 0.1000000015
27875  41.428  -50.946  -16.850 0.1000000015
143997  43.497  -51.641  -17.145 0.1000000015
28750  41.009  -49.001  -18.321 0.2000000030
27050  43.688  -50.765  -17.537 0.2000000030
134412  42.742  -50.140  -17.367 0.2000000030
122882  42.209  -49.393  -17.480 0.2000000030
28741  41.270  -49.448  -17.617 0.2000000030
27891  45.209  -50.721  -17.978 0.2000000030
27892  44.429  -50.254  -17.860 0.2000000030
28749  41.518  -48.365  -18.449 0.2000000030
29685  41.296  -48.490  -19.055 0.2000000030
29684  41.928  -48.163  -19.669 0.2000000030
30756  42.855  -46.929  -18.713 0.1000000015
124437  44.609  -51.025  -17.809 0.2000000030
28740  41.685  -48.718  -17.860 0.2000000030
29674  42.250  -48.065  -18.130 0.2000000030
29682  41.889  -47.919  -18.894 0.1000000015
30752  42.828  -47.376  -17.877 0.1000000015
30757  42.430  -47.501  -18.612 0.1000000015
25113  43.221  -52.995  -13.927 0.1000000015
25132  43.571  -53.370  -14.477 0.1000000015
25112  44.082  -53.128  -14.019 0.1000000015
25151  44.403  -53.601  -15.387 0.1000000015
25164  44.146  -53.291  -16.063 0.1000000015
27051  42.583  -51.001  -17.024 0.2000000030
27893  43.406  -49.649  -17.585 0.2000000030
30791  51.408  -47.262  -21.293 0.2000000030
29688  50.639  -47.829  -20.220 0.2000000030
30776  50.951  -46.975  -20.135 0.2000000030
31731  51.207  -46.741  -21.556 0.2000000030
31732  50.838  -46.181  -21.050 0.2000000030
30777  49.900  -47.423  -19.737 0.2000000030
31726  50.709  -46.249  -20.325 0.2000000030
30760  50.515  -46.399  -19.684 0.2000000030
31745  50.729  -46.387  -21.780 0.2000000030
32668  49.808  -45.122  -19.250 0.1000000015
32683  50.394  -45.551  -20.498 0.2000000030
31713  49.550  -46.120  -18.867 0.2000000030
31714  48.686  -46.380  -18.855 0.2000000030
33564  49.362  -44.233  -19.629 0.1000000015
33548  49.413  -44.394  -19.228 0.1000000015
32657  49.290  -44.755  -18.754 0.1000000015
32678  48.463  -44.463  -20.439 0.1000000015
32686  47.784  -45.313  -21.140 0.1000000015
27026  44.341  -51.715  -17.410 0.1000000015
139411  48.234  -45.861  -18.513 0.1000000015
33537  48.899  -44.018  -18.719 0.1000000015
31706  48.968  -45.431  -18.524 0.1000000015
33565  48.845  -43.971  -19.751 0.1000000015
33549  48.961  -43.867  -19.185 0.1000000015
33567  47.004  -44.132  -19.893 0.1000000015
33552  46.762  -43.404  -19.248 0.1000000015
33569  44.786  -44.243  -20.278 0.1000000015
135893  45.990  -51.093  -17.934 0.1000000015
135912  46.221  -51.801  -17.574 0.1000000015
31707  47.319  -45.728  -18.474 0.1000000015
32658  48.491  -44.420  -18.356 0.1000000015
32659  47.644  -44.618  -18.004 0.1000000015
33551  47.673  -43.411  -19.283 0.1000000015
33568  45.867  -44.342  -20.001 0.1000000015
33553  45.571  -43.625  -19.307 0.1000000015
27048  46.957  -51.426  -17.754 0.1000000015
33531  45.832  -43.574  -17.128 0.1000000015
32661  45.578  -45.177  -18.074 0.1000000015
34488  45.854  -42.834  -16.953 0.1000000015
33539  46.768  -44.024  -17.511 0.1000000015
32660  46.706  -45.112  -18.065 0.1000000015
35409  46.186  -42.525  -17.382 0.1000000015
134738  47.214  -43.352  -17.635 0.1000000015
35418  45.754  -42.277  -17.455 0.1000000015
34498  46.737  -42.736  -17.962 0.1000000015
34497  47.711  -43.326  -18.401 0.1000000015
33529  47.306  -43.136  -17.832 0.1000000015
139175  44.726  -41.499  -17.757 0.1000000015
34499  45.772  -42.378  -18.071 0.1000000015
34509  47.328  -43.082  -18.708 0.1000000015
127389  45.305  -43.040  -18.683 0.1000000015
28736  46.453  -50.437  -17.807 0.1000000015
129589  45.724  -50.385  -17.926 0.1000000015
133093  44.565  -45.534  -18.411 0.1000000015
35411  45.244  -41.617  -16.916 0.1000000015
35410  45.585  -42.282  -16.922 0.1000000015
36371  45.227  -40.968  -16.518 0.1000000015
32662  43.957  -45.615  -18.236 0.1000000015
32684  49.816  -45.138  -20.707 0.1000000015
32685  48.930  -45.066  -20.975 0.1000000015
34510  46.415  -42.874  -18.576 0.1000000015
34500  44.418  -42.666  -18.593 0.1000000015
33540  45.486  -44.413  -17.467 0.1000000015
27155  50.767  -51.788  -29.343 0.1000000015
28012  50.692  -49.979  -30.453 0.1000000015
26238  49.561  -52.096  -30.662 0.1000000015
136563  49.605  -52.954  -29.380 0.1000000015
141781  48.544  -54.377  -29.622 0.1000000015
22356  48.060  -55.847  -29.472 0.1000000015
21322  47.406  -57.510  -29.696 0.1000000015
26223  50.803  -52.056  -28.753 0.1000000015
28011  51.151  -50.353  -29.794 0.1000000015
25323  49.158  -53.209  -29.925 0.1000000015
24341  48.755  -54.388  -29.192 0.1000000015
28872  50.657  -48.838  -29.604 0.1000000015
28871  51.437  -49.658  -28.647 0.1000000015
27142  52.090  -50.865  -28.063 0.1000000015
26208  51.180  -51.948  -28.250 0.1000000015
26224  50.200  -52.423  -29.233 0.1000000015
28013  50.074  -50.615  -31.001 0.1000000015
28859  52.013  -50.043  -27.340 0.1000000015
27141  52.383  -50.816  -27.690 0.1000000015
28883  50.464  -49.090  -30.261 0.1000000015
29799  50.302  -48.851  -28.662 0.1000000015
30870  49.773  -48.442  -28.906 0.1000000015
29825  49.649  -48.464  -30.068 0.1000000015
29824  50.169  -48.584  -29.854 0.1000000015
30881  49.337  -47.968  -29.125 0.1000000015
27153  51.817  -50.962  -28.646 0.1000000015
120074  46.617  -57.942  -30.153 0.1000000015
5174  37.359  -77.502  -11.049 0.1000000015
5204  38.739  -77.010  -11.732 0.1000000015
5797  40.580  -76.151  -14.015 0.1000000015
5819  40.621  -76.154  -15.305 0.1000000015
5836  40.110  -76.313  -16.400 0.1000000015
6470  41.632  -75.025  -15.719 0.1000000015
7094  43.342  -73.692  -14.560 0.1000000015
9206  44.658  -71.618  -13.598 0.1000000015
9926  46.607  -69.987  -10.914 0.1000000015
9960  43.588  -71.235  -14.318 0.1000000015
10671  46.804  -69.467  -9.890 0.1000000015
10700  46.970  -69.361  -11.007 0.1000000015
12307  47.672  -67.875  -9.609 0.1000000015
13180  41.373  -65.954  -11.953 0.1000000015
14050  42.335  -64.957  -15.971 0.1000000015
14065  39.934  -65.198  -17.036 0.1000000015
14862  38.915  -64.489  -14.587 0.1000000015
14872  42.192  -64.212  -15.484 0.1000000015
14874  39.714  -64.006  -15.700 0.1000000015
14876  38.704  -64.616  -15.338 0.1000000015
15643  40.478  -63.465  -12.797 0.1000000015
15661  44.314  -63.503  -14.191 0.1000000015
15678  39.503  -63.829  -14.860 0.1000000015
16431  43.081  -61.905  -11.506 0.1000000015
16466  42.694  -61.978  -13.538 0.1000000015
16468  41.196  -62.579  -13.266 0.1000000015
16481  43.898  -62.690  -13.995 0.1000000015
16574  47.619  -62.524  -22.602 0.2000000030
16599  47.333  -62.315  -24.269 0.2000000030
17316  45.014  -61.051  -10.483 0.1000000015
17328  42.834  -61.733  -12.153 0.1000000015
17340  45.216  -60.783  -12.675 0.1000000015
17343  42.663  -61.792  -12.839 0.1000000015
17447  41.219  -61.413  -21.266 0.1000000015
17481  45.766  -61.820  -23.778 0.2000000030
17483  44.094  -61.228  -23.281 0.1000000015
17489  48.392  -61.914  -24.428 0.2000000030
17491  47.174  -61.922  -24.798 0.1000000015
17502  48.628  -61.687  -24.978 0.1000000015
18239  44.753  -60.768  -11.109 0.1000000015
18342  50.248  -60.251  -19.103 0.2000000030
18343  49.549  -60.759  -19.569 0.2000000030
18350  49.144  -60.810  -20.133 0.4000000060
18377  42.564  -60.740  -22.800 0.2000000030
18394  41.940  -60.246  -22.929 0.2000000030
18406  45.779  -60.841  -24.605 0.1000000015
18408  44.007  -60.080  -23.939 0.2000000030
18421  49.176  -61.301  -25.190 0.1000000015
18422  48.599  -61.189  -25.405 0.1000000015
19226  46.128  -59.905  -11.664 0.1000000015
19342  50.648  -59.524  -24.449 0.1000000015
19344  49.045  -60.268  -23.651 0.2000000030
19345  42.597  -59.356  -23.450 0.2000000030
19346  41.748  -59.150  -23.368 0.2000000030
19367  50.639  -59.560  -25.056 0.1000000015
20125  52.592  -57.822  -8.653 0.1000000015
20177  52.516  -57.895  -14.920 0.2000000030
20213  52.145  -57.645  -16.825 0.2000000030
20222  49.718  -57.789  -18.742 0.4000000060
20249  46.951  -58.325  -22.262 0.3000000119
20263  42.143  -58.440  -23.592 0.1000000015
20273  46.118  -58.283  -24.738 0.1000000015
20274  45.352  -57.781  -24.447 0.1000000015
20288  50.496  -59.226  -25.564 0.1000000015
20289  49.325  -59.961  -25.758 0.1000000015
20340  47.443  -58.454  -29.619 0.1000000015
20341  46.726  -58.781  -30.092 0.1000000015
21034  44.288  -57.353  -7.521 0.1000000015
21056  53.298  -57.039  -10.624 0.1000000015
21109  47.511  -56.672  -14.429 0.4000000060
21136  47.623  -56.997  -15.788 0.5000000000
21140  43.345  -56.761  -15.446 0.4000000060
21149  52.372  -57.443  -16.244 0.2000000030
21156  45.555  -56.884  -16.499 0.5000000000
21206  45.694  -57.407  -21.203 0.3000000119
21230  50.549  -58.502  -23.511 0.1000000015
22069  41.940  -56.332  -7.460 0.1000000015
22119  42.827  -56.259  -12.767 0.5000000000
22137  40.948  -56.028  -14.002 0.5000000000
22151  43.062  -56.702  -14.133 0.5000000000
22189  42.463  -56.390  -16.594 0.4000000060
22199  42.760  -56.192  -17.288 0.5000000000
22274  44.289  -56.276  -24.428 0.1000000015
23055  40.165  -54.923  -7.069 0.1000000015
23098  53.356  -55.265  -10.623 0.1000000015
23100  41.762  -54.790  -10.977 0.5000000000
23117  45.719  -55.316  -11.786 0.5000000000
23122  40.784  -55.173  -11.782 0.5000000000
23135  52.531  -55.611  -11.829 0.2000000030
23168  40.387  -55.453  -14.319 0.5000000000
23216  42.635  -55.212  -18.483 0.5000000000
23235  51.703  -54.761  -21.691 0.1000000015
23253  51.178  -55.942  -22.260 0.1000000015
23255  49.037  -56.027  -21.988 0.1000000015
23264  51.982  -55.851  -23.780 0.1000000015
23273  51.932  -55.358  -24.394 0.1000000015
23276  46.222  -54.984  -24.815 0.1000000015
23290  50.998  -55.590  -25.342 0.1000000015
23357  48.285  -54.902  -29.584 0.1000000015
24074  37.616  -54.559  -6.338 0.1000000015
24092  41.919  -54.591  -7.149 0.1000000015
24103  53.407  -54.990  -8.989 0.1000000015
24114  53.473  -54.794  -9.774 0.1000000015
24130  39.995  -53.993  -11.268 0.5000000000
24157  40.152  -54.864  -12.992 0.5000000000
24192  40.017  -54.850  -15.610 0.5000000000
24213  39.899  -53.773  -16.656 0.4000000060
24254  52.526  -54.304  -22.146 0.2000000030
24280  52.676  -54.332  -23.568 0.1000000015
24282  47.843  -54.233  -24.865 0.2000000030
24293  52.122  -54.377  -24.982 0.2000000030
24354  48.765  -53.885  -29.734 0.1000000015
25049  43.122  -53.789  -6.866 0.1000000015
25062  51.586  -53.231  -8.929 0.1000000015
25068  52.008  -53.460  -9.165 0.1000000015
25131  44.493  -53.553  -14.657 0.1000000015
25154  41.541  -53.036  -15.164 0.3000000119
25183  40.375  -53.009  -18.168 0.3000000119
25200  52.469  -53.336  -21.587 0.2000000030
25201  51.938  -53.569  -21.350 0.2000000030
25204  49.077  -53.790  -21.489 0.3000000119
25249  49.761  -53.273  -25.899 0.1000000015
25261  52.768  -52.801  -25.767 0.2000000030
25262  52.243  -52.963  -26.102 0.1000000015
25308  49.835  -52.780  -28.873 0.1000000015
25969  47.400  -52.543  -6.984 0.1000000015
25980  50.520  -52.486  -8.767 0.2000000030
25981  49.869  -51.950  -8.753 0.3000000119
26005  46.411  -52.353  -10.154 0.5000000000
26142  50.444  -52.906  -21.644 0.2000000030
26151  52.873  -52.061  -21.954 0.2000000030
26158  53.289  -53.147  -22.848 0.2000000030
26178  52.550  -52.313  -26.551 0.1000000015
26207  51.755  -51.478  -28.174 0.1000000015
26222  51.355  -51.643  -28.740 0.1000000015
26225  49.634  -52.607  -30.010 0.1000000015
26237  50.102  -51.955  -30.037 0.1000000015
26893  48.727  -51.090  -8.400 0.3000000119
27029  40.469  -51.947  -16.592 0.3000000119
27049  45.318  -51.642  -17.666 0.1000000015
27066  41.355  -51.252  -19.729 0.4000000060
27067  40.700  -51.651  -18.925 0.4000000060
27068  43.074  -51.650  -20.711 0.4000000060
27073  46.202  -51.221  -21.836 0.3000000119
27076  43.568  -51.123  -21.071 0.4000000060
27081  53.262  -51.735  -22.517 0.2000000030
27089  53.459  -51.468  -23.274 0.2000000030
27094  53.499  -51.255  -24.151 0.2000000030
27154  51.314  -51.068  -29.325 0.1000000015
27164  50.614  -51.078  -30.174 0.1000000015
27165  49.845  -51.448  -30.847 0.1000000015
27172  49.510  -51.128  -31.354 0.1000000015
27723  45.710  -49.988  -7.160 0.2000000030
27740  47.435  -50.461  -8.225 0.2000000030
27751  45.923  -49.656  -8.530 0.2000000030
27894  41.800  -50.121  -17.209 0.3000000119
27904  40.784  -49.802  -17.940 0.2000000030
27911  41.093  -50.277  -19.540 0.4000000060
27912  40.704  -50.155  -18.893 0.4000000060
27921  49.846  -50.238  -21.822 0.3000000119
27922  48.687  -50.479  -22.170 0.3000000119
27925  44.903  -50.604  -21.607 0.4000000060
27932  52.805  -50.201  -22.570 0.2000000030
27940  53.080  -49.995  -23.209 0.2000000030
27966  52.894  -50.530  -26.756 0.1000000015
27979  52.531  -50.489  -27.289 0.1000000015
27989  52.090  -50.348  -27.729 0.1000000015
27998  51.831  -50.281  -28.311 0.1000000015
27999  51.624  -50.229  -29.101 0.1000000015
28023  50.017  -49.639  -30.971 0.1000000015
28553  37.307  -49.746  -5.638 0.1000000015
28561  44.646  -49.446  -6.994 0.2000000030
28594  44.727  -49.024  -8.508 0.3000000119
28737  45.109  -49.928  -17.936 0.1000000015
28739  42.633  -48.756  -17.591 0.2000000030
28763  41.961  -49.604  -20.364 0.4000000060
28766  52.141  -49.500  -21.665 0.2000000030
28782  52.498  -49.462  -22.280 0.2000000030
28794  53.135  -49.816  -24.015 0.3000000119
28796  52.214  -48.883  -24.614 0.3000000119
28807  53.025  -49.747  -24.897 0.2000000030
28809  51.914  -49.278  -25.550 0.2000000030
28830  52.397  -49.802  -26.354 0.2000000030
28831  51.974  -49.597  -26.407 0.2000000030
28832  51.232  -49.572  -26.590 0.2000000030
28846  51.903  -49.806  -26.987 0.1000000015
28847  51.289  -49.665  -27.583 0.2000000030
28861  51.148  -49.503  -28.222 0.2000000030
28882  51.124  -49.479  -29.617 0.1000000015
28884  49.826  -48.940  -30.545 0.1000000015
29687  51.298  -47.574  -20.710 0.2000000030
29692  46.326  -48.207  -21.070 0.2000000030
29693  45.345  -48.305  -21.187 0.2000000030
29708  47.587  -48.855  -21.380 0.2000000030
29730  51.953  -48.056  -23.333 0.3000000119
29731  50.416  -48.030  -23.676 0.3000000119
29733  48.282  -47.923  -23.899 0.3000000119
29739  50.623  -48.609  -24.361 0.3000000119
29773  49.321  -48.936  -27.171 0.2000000030
29774  48.681  -48.347  -26.966 0.2000000030
29786  50.222  -49.137  -28.139 0.2000000030
29800  49.682  -48.553  -28.567 0.2000000030
29810  50.725  -49.038  -28.670 0.1000000015
29811  50.361  -48.651  -29.099 0.1000000015
29812  49.773  -48.364  -29.379 0.1000000015
30761  50.055  -46.649  -19.322 0.2000000030
30762  49.250  -46.912  -19.332 0.2000000030
30767  42.553  -47.474  -19.413 0.3000000119
30775  51.179  -46.782  -20.817 0.2000000030
30779  47.769  -47.801  -20.321 0.2000000030
30800  51.485  -47.361  -21.979 0.3000000119
30801  51.132  -46.908  -22.298 0.3000000119
30822  47.648  -47.653  -24.606 0.1000000015
30836  47.629  -47.287  -25.681 0.1000000015
30871  49.206  -47.940  -28.735 0.1000000015
31705  49.610  -45.467  -18.858 0.2000000030
31708  44.126  -45.982  -18.928 0.1000000015
31712  50.103  -45.882  -19.154 0.1000000015
31735  47.126  -46.017  -21.881 0.2000000030
31746  49.910  -46.275  -21.975 0.3000000119
31749  46.690  -46.320  -22.753 0.1000000015
31774  47.081  -46.030  -25.209 0.1000000015
31807  47.992  -46.331  -27.670 0.1000000015
31808  47.615  -45.542  -27.190 0.1000000015
32590  41.807  -45.735  -13.395 0.1000000015
32670  45.035  -45.957  -18.868 0.1000000015
32675  50.281  -45.627  -19.776 0.1000000015
32676  49.928  -44.772  -19.893 0.2000000030
32677  49.338  -44.480  -20.227 0.1000000015
32679  47.360  -44.733  -20.552 0.1000000015
32704  45.735  -44.956  -22.836 0.1000000015
33530  46.707  -43.003  -17.444 0.1000000015
33538  47.694  -43.701  -17.985 0.1000000015
33550  48.373  -43.582  -19.261 0.1000000015
33566  48.032  -43.892  -19.880 0.1000000015
33602  46.367  -44.141  -24.434 0.1000000015
34496  48.396  -43.607  -18.790 0.1000000015
34508  47.945  -43.352  -18.876 0.1000000015
35307  40.272  -41.953  -9.862 0.1000000015
35419  45.006  -41.997  -17.738 0.1000000015
36372  44.851  -41.029  -17.402 0.1000000015
120212  46.746  -43.973  -25.847 0.1000000015
120266  41.424  -51.799  -16.408 0.2000000030
120434  44.856  -56.962  -24.276 0.1000000015
120778  44.130  -55.918  -7.607 0.1000000015
121315  42.422  -54.036  -19.255 0.4000000060
121670  51.548  -49.829  -27.564 0.1000000015
121770  39.796  -53.714  -14.535 0.5000000000
122564  39.671  -51.806  -6.343 0.1000000015
123198  51.037  -49.102  -29.049 0.1000000015
123369  48.302  -43.738  -18.413 0.1000000015
123963  46.248  -62.305  -19.828 0.2000000030
124303  44.872  -51.264  -13.514 0.1000000015
124348  51.156  -58.276  -25.296 0.1000000015
124674  41.130  -76.101  -13.593 0.1000000015
125116  46.334  -62.402  -21.406 0.2000000030
128392  53.547  -51.068  -24.944 0.2000000030
128449  50.278  -45.807  -21.247 0.2000000030
129145  44.154  -51.669  -6.367 0.1000000015
131045  51.486  -51.267  -21.722 0.2000000030
132475  45.218  -44.785  -21.041 0.1000000015
132487  39.470  -66.815  -13.413 0.1000000015
132638  53.357  -56.630  -8.593 0.1000000015
132848  46.405  -61.441  -24.777 0.1000000015
132902  42.907  -52.812  -20.165 0.4000000060
132931  47.149  -46.926  -23.204 0.2000000030
133258  51.487  -57.504  -17.376 0.2000000030
133295  40.178  -66.182  -12.699 0.1000000015
133337  51.442  -52.912  -21.475 0.2000000030
133488  53.182  -50.694  -26.201 0.2000000030
134101  46.099  -56.193  -21.602 0.2000000030
134152  45.094  -56.809  -14.964 0.5000000000
134199  46.013  -56.724  -14.215 0.5000000000
134378  46.952  -47.867  -20.560 0.2000000030
134633  47.155  -50.124  -22.067 0.4000000060
134722  52.759  -49.761  -25.699 0.1000000015
134750  53.327  -52.687  -24.363 0.3000000119
135111  50.494  -47.069  -19.734 0.2000000030
135169  50.303  -55.132  -21.573 0.1000000015
135394  46.209  -70.280  -11.571 0.1000000015
135618  41.316  -56.266  -15.602 0.5000000000
136261  52.602  -54.635  -22.836 0.1000000015
136328  52.887  -57.444  -7.645 0.1000000015
136351  45.539  -52.444  -21.405 0.4000000060
136398  51.659  -54.187  -25.403 0.3000000119
136700  40.243  -52.865  -10.684 0.5000000000
137708  47.051  -57.065  -16.913 0.5000000000
137893  46.798  -58.988  -22.084 0.4000000060
138098  52.603  -53.801  -9.098 0.1000000015
138181  53.192  -52.608  -22.268 0.2000000030
138470  48.227  -45.182  -18.255 0.1000000015
139176  53.060  -54.054  -9.749 0.1000000015
140770  45.058  -56.721  -14.414 0.5000000000
141252  52.539  -53.816  -21.803 0.2000000030
141791  48.819  -61.437  -19.604 0.1000000015
141888  48.093  -60.723  -25.556 0.1000000015
141966  48.607  -54.916  -29.116 0.1000000015
142290  48.790  -57.681  -17.965 0.4000000060
142495  51.040  -58.282  -18.770 0.3000000119
143024  46.157  -44.807  -23.645 0.1000000015
143288  53.396  -52.786  -23.545 0.2000000030
143513  51.997  -55.753  -23.211 0.1000000015
143985  42.065  -59.775  -23.265 0.2000000030
144068  40.150  -64.125  -12.773 0.1000000015
