#!ascii label  , from subject sub-v1s0x0050653_ses-1 vox2ras=TkReg
727
136625  -19.041  -76.261  76.631 0.0000000000
38307  -36.830  -61.515  76.245 0.0000000000
41996  -41.983  -57.362  71.407 0.0000000000
49315  -46.999  -49.817  74.152 0.0000000000
39336  -31.701  -60.674  75.600 0.0000000000
45027  -44.355  -54.432  72.740 0.0000000000
57295  -49.908  -42.706  67.499 0.0000000000
59343  -53.971  -40.345  65.842 0.0000000000
35153  -36.901  -64.915  74.363 0.0000000000
36242  -42.096  -63.923  72.489 0.0000000000
40267  -39.604  -59.513  74.237 0.0000000000
23999  -20.661  -75.377  74.331 0.0000000000
25084  -24.032  -74.070  72.799 0.0000000000
29107  -25.558  -70.760  75.057 0.0000000000
135588  -24.877  -66.691  79.583 0.0000000000
39299  -24.665  -61.169  79.833 0.0000000000
38241  -29.699  -61.518  79.893 0.0000000000
36163  -34.072  -63.743  78.157 0.0000000000
38397  -45.384  -61.705  69.587 0.0000000000
59384  -55.475  -39.606  63.131 0.0000000000
36178  -38.029  -62.872  76.350 0.0000000000
146677  -39.350  -62.151  75.397 0.0000000000
40256  -38.904  -59.790  75.790 0.0000000000
24019  -20.639  -74.997  72.037 0.0000000000
24011  -22.133  -75.194  73.627 0.0000000000
40243  -26.310  -59.115  77.053 0.0000000000
39302  -27.649  -60.603  80.112 0.0000000000
136101  -28.867  -59.728  77.666 0.0000000000
38305  -34.668  -61.764  75.752 0.0000000000
38270  -33.445  -62.206  77.906 0.0000000000
37209  -35.433  -62.866  77.990 0.0000000000
35117  -35.710  -64.723  76.539 0.0000000000
38376  -41.734  -61.192  71.602 0.0000000000
37292  -43.771  -63.463  70.912 0.0000000000
40309  -43.671  -59.220  70.894 0.0000000000
47294  -45.568  -52.246  74.028 0.0000000000
42814  -47.303  -56.239  72.221 0.0000000000
46236  -47.629  -53.903  71.686 0.0000000000
48350  -47.859  -51.305  70.457 0.0000000000
55210  -52.365  -43.573  67.998 0.0000000000
55170  -50.490  -44.184  70.094 0.0000000000
136332  -29.632  -59.622  75.134 0.0000000000
152421  -45.317  -48.964  70.538 0.0000000000
58355  -52.268  -41.344  66.802 0.0000000000
139531  -53.318  -43.125  65.688 0.0000000000
59404  -54.584  -40.840  61.333 0.0000000000
158453  -36.574  -68.418  73.097 0.0000000000
34176  -39.589  -65.014  73.045 0.0000000000
152978  -40.557  -62.248  73.293 0.0000000000
23963  -19.947  -75.424  76.329 0.0000000000
25068  -26.255  -74.563  74.457 0.0000000000
27095  -25.144  -72.023  73.092 0.0000000000
152751  -27.421  -73.606  74.854 0.0000000000
28107  -27.905  -71.700  76.319 0.0000000000
30047  -26.942  -69.349  78.434 0.0000000000
33134  -26.018  -67.187  79.172 0.0000000000
35092  -24.046  -64.041  79.652 0.0000000000
38262  -25.580  -61.835  78.105 0.0000000000
39328  -31.403  -61.014  77.526 0.0000000000
36152  -32.374  -63.174  79.287 0.0000000000
37232  -32.720  -63.510  76.492 0.0000000000
35150  -34.600  -64.843  75.177 0.0000000000
33165  -35.957  -66.525  74.534 0.0000000000
141563  -45.574  -58.187  71.759 0.0000000000
55168  -47.604  -44.881  71.088 0.0000000000
50289  -49.167  -49.015  72.074 0.0000000000
141269  -18.762  -75.640  77.128 0.0000000000
37220  -37.548  -62.016  77.329 0.0000000000
37222  -38.831  -61.554  76.582 0.0000000000
39330  -38.246  -60.748  76.498 0.0000000000
41123  -26.556  -58.438  75.542 0.0000000000
40244  -27.534  -59.125  77.108 0.0000000000
41119  -27.717  -58.805  76.194 0.0000000000
38306  -35.767  -61.780  75.737 0.0000000000
138820  -35.159  -62.184  76.832 0.0000000000
38287  -36.926  -61.763  77.174 0.0000000000
36166  -36.911  -62.473  77.548 0.0000000000
39395  -42.566  -60.429  71.045 0.0000000000
41169  -43.063  -58.553  71.282 0.0000000000
49314  -46.487  -50.742  74.093 0.0000000000
46188  -46.729  -53.128  74.063 0.0000000000
47295  -47.640  -52.376  73.228 0.0000000000
47332  -47.286  -52.920  70.861 0.0000000000
48308  -48.358  -50.899  73.033 0.0000000000
55216  -51.566  -44.397  66.916 0.0000000000
54151  -51.318  -44.860  67.472 0.0000000000
55215  -50.760  -44.887  66.738 0.0000000000
155788  -51.579  -40.729  65.228 0.0000000000
59332  -52.846  -40.849  66.278 0.0000000000
57311  -53.419  -42.006  67.123 0.0000000000
57329  -54.145  -41.502  65.905 0.0000000000
57345  -53.614  -42.763  64.875 0.0000000000
58384  -54.692  -41.019  64.718 0.0000000000
136551  -55.675  -40.170  62.440 0.0000000000
144388  -37.185  -66.167  73.260 0.0000000000
34188  -38.212  -66.466  72.654 0.0000000000
35171  -38.792  -64.589  73.382 0.0000000000
38326  -39.831  -61.120  74.447 0.0000000000
150743  -40.069  -62.011  74.081 0.0000000000
39367  -39.916  -60.412  73.862 0.0000000000
39380  -40.433  -60.676  72.802 0.0000000000
40291  -40.004  -59.664  73.284 0.0000000000
23964  -20.847  -75.718  76.446 0.0000000000
23982  -20.989  -75.484  75.625 0.0000000000
24012  -22.942  -75.050  73.593 0.0000000000
29106  -24.472  -70.426  74.712 0.0000000000
28135  -25.575  -71.654  73.743 0.0000000000
154261  -25.841  -72.272  73.695 0.0000000000
28120  -26.146  -71.434  74.577 0.0000000000
28121  -27.295  -72.002  75.389 0.0000000000
28106  -26.711  -71.234  75.645 0.0000000000
30042  -26.232  -68.626  78.857 0.0000000000
31065  -26.703  -68.621  78.713 0.0000000000
32083  -25.447  -67.214  79.339 0.0000000000
39317  -23.999  -60.556  78.428 0.0000000000
137057  -23.103  -61.869  78.947 0.0000000000
37185  -24.038  -62.640  79.861 0.0000000000
135892  -24.434  -63.732  79.543 0.0000000000
161164  -24.570  -62.525  79.597 0.0000000000
36159  -25.067  -63.120  78.347 0.0000000000
38237  -25.165  -61.513  79.677 0.0000000000
38240  -28.899  -61.165  80.133 0.0000000000
154224  -27.823  -61.102  79.877 0.0000000000
38254  -29.432  -61.612  79.775 0.0000000000
37205  -29.959  -62.150  79.299 0.0000000000
39327  -30.177  -60.201  76.835 0.0000000000
145791  -31.345  -60.700  76.487 0.0000000000
37199  -33.642  -63.020  78.823 0.0000000000
38257  -33.125  -62.709  78.918 0.0000000000
138185  -33.058  -63.219  79.030 0.0000000000
36160  -32.016  -63.371  78.085 0.0000000000
36174  -33.434  -64.043  77.228 0.0000000000
35114  -34.101  -64.606  76.767 0.0000000000
35134  -36.715  -64.558  75.137 0.0000000000
34146  -35.843  -65.480  75.595 0.0000000000
34160  -36.231  -65.984  74.707 0.0000000000
32124  -36.064  -67.591  73.914 0.0000000000
23998  -19.809  -75.234  73.949 0.0000000000
25047  -19.512  -75.087  75.122 0.0000000000
25034  -19.221  -74.982  75.893 0.0000000000
33193  -41.594  -66.247  72.046 0.0000000000
34203  -42.499  -65.975  71.370 0.0000000000
37305  -44.246  -63.215  70.364 0.0000000000
43877  -44.140  -55.325  72.136 0.0000000000
42831  -44.530  -57.462  71.858 0.0000000000
42832  -45.077  -57.057  72.661 0.0000000000
42858  -47.535  -56.826  70.206 0.0000000000
41186  -47.474  -58.220  69.869 0.0000000000
143494  -50.600  -45.502  70.077 0.0000000000
155665  -49.247  -44.382  70.600 0.0000000000
53086  -49.519  -46.151  71.007 0.0000000000
142165  -48.320  -46.704  71.884 0.0000000000
151322  -49.842  -47.787  71.029 0.0000000000
50299  -50.152  -49.544  70.206 0.0000000000
60274  -53.655  -39.473  64.816 0.0000000000
60276  -54.457  -39.703  64.799 0.0000000000
60286  -54.588  -39.266  64.150 0.0000000000
61276  -55.482  -38.602  62.787 0.0000000000
136121  -38.018  -63.406  75.433 0.0000000000
36207  -38.462  -63.495  74.672 0.0000000000
37246  -38.700  -62.800  75.440 0.0000000000
38309  -39.370  -60.794  76.107 0.0000000000
40266  -39.004  -59.364  75.219 0.0000000000
163887  -20.263  -75.300  73.444 0.0000000000
138086  -21.369  -75.338  73.879 0.0000000000
140208  -23.216  -74.463  72.690 0.0000000000
39318  -25.144  -60.315  78.862 0.0000000000
39301  -26.403  -60.361  79.885 0.0000000000
40235  -26.773  -59.687  79.037 0.0000000000
40231  -28.014  -60.394  79.830 0.0000000000
154099  -29.682  -60.872  79.722 0.0000000000
39338  -33.136  -61.187  75.139 0.0000000000
38284  -32.799  -61.586  77.006 0.0000000000
38285  -33.636  -61.810  76.811 0.0000000000
38271  -34.856  -62.715  77.736 0.0000000000
138916  -34.738  -63.444  78.017 0.0000000000
35100  -34.657  -64.216  77.544 0.0000000000
36176  -35.662  -63.960  77.238 0.0000000000
36190  -36.376  -63.944  76.535 0.0000000000
24009  -19.940  -75.198  72.669 0.0000000000
37276  -42.244  -63.212  72.177 0.0000000000
36243  -42.887  -64.025  71.832 0.0000000000
38377  -42.509  -61.358  71.210 0.0000000000
38395  -43.386  -61.298  70.693 0.0000000000
39404  -45.027  -60.970  69.978 0.0000000000
164419  -44.906  -53.505  73.511 0.0000000000
148380  -45.479  -55.809  73.624 0.0000000000
43861  -46.330  -55.104  73.758 0.0000000000
43869  -47.550  -55.517  72.070 0.0000000000
57285  -51.464  -42.784  68.551 0.0000000000
56229  -50.207  -43.417  69.282 0.0000000000
55187  -51.120  -43.768  69.532 0.0000000000
55196  -51.143  -44.739  69.665 0.0000000000
38324  -36.601  -61.325  75.136 0.0000000000
38322  -34.991  -61.551  74.804 0.0000000000
158949  -42.927  -57.366  71.413 0.0000000000
47315  -43.897  -52.949  71.790 0.0000000000
48322  -44.742  -51.728  72.113 0.0000000000
49328  -45.630  -50.375  72.329 0.0000000000
50280  -46.210  -49.688  72.820 0.0000000000
57310  -50.804  -41.956  66.872 0.0000000000
57298  -52.531  -42.375  67.768 0.0000000000
56272  -52.843  -43.345  66.599 0.0000000000
137628  -52.428  -43.602  65.550 0.0000000000
58402  -54.872  -41.165  63.854 0.0000000000
58419  -54.121  -41.550  62.689 0.0000000000
32140  -38.859  -68.199  72.034 0.0000000000
34189  -39.986  -65.708  72.616 0.0000000000
162154  -41.120  -64.743  72.815 0.0000000000
36225  -39.986  -63.376  73.735 0.0000000000
36226  -40.702  -63.409  73.360 0.0000000000
37274  -41.014  -63.010  73.168 0.0000000000
38360  -41.181  -61.439  72.146 0.0000000000
40292  -41.003  -59.328  71.950 0.0000000000
39366  -37.687  -59.872  74.264 0.0000000000
41133  -38.573  -58.782  74.101 0.0000000000
41154  -39.252  -57.995  73.245 0.0000000000
22931  -19.681  -75.752  76.769 0.0000000000
22932  -20.415  -75.886  76.724 0.0000000000
138415  -26.713  -75.239  74.735 0.0000000000
26122  -23.415  -73.540  72.105 0.0000000000
26123  -24.171  -73.286  72.465 0.0000000000
156508  -24.799  -73.562  72.983 0.0000000000
26112  -26.478  -73.665  74.244 0.0000000000
28108  -28.687  -71.739  76.353 0.0000000000
29088  -28.559  -70.817  77.023 0.0000000000
34112  -24.059  -65.394  78.544 0.0000000000
35098  -23.737  -64.316  78.978 0.0000000000
135884  -24.676  -65.827  79.726 0.0000000000
135590  -25.170  -65.915  79.962 0.0000000000
135589  -25.270  -65.402  79.284 0.0000000000
38251  -26.158  -61.141  79.620 0.0000000000
141169  -29.422  -59.745  76.772 0.0000000000
39319  -29.610  -60.147  77.715 0.0000000000
39306  -30.743  -61.597  79.665 0.0000000000
38283  -32.152  -61.460  77.578 0.0000000000
38255  -31.448  -61.826  79.409 0.0000000000
37189  -31.057  -62.438  79.837 0.0000000000
37207  -31.338  -62.928  78.343 0.0000000000
37218  -31.443  -62.827  77.227 0.0000000000
35168  -34.787  -64.806  74.141 0.0000000000
150190  -35.104  -65.459  76.104 0.0000000000
35151  -35.060  -65.403  74.820 0.0000000000
158157  -35.411  -66.211  73.559 0.0000000000
33188  -35.595  -67.043  73.586 0.0000000000
23962  -19.173  -75.230  76.593 0.0000000000
41997  -43.664  -57.845  71.488 0.0000000000
40310  -44.670  -59.082  70.917 0.0000000000
39405  -45.779  -60.816  69.680 0.0000000000
42000  -46.855  -57.770  71.497 0.0000000000
41184  -46.623  -59.094  70.494 0.0000000000
38414  -46.055  -61.404  69.240 0.0000000000
51181  -45.580  -48.105  70.717 0.0000000000
162260  -46.972  -48.306  72.976 0.0000000000
56228  -49.201  -43.628  69.331 0.0000000000
55184  -47.815  -44.234  70.387 0.0000000000
53085  -46.566  -45.699  71.082 0.0000000000
153804  -47.338  -47.589  72.560 0.0000000000
51170  -47.990  -48.673  73.325 0.0000000000
152270  -49.173  -50.515  71.371 0.0000000000
22930  -18.281  -76.298  77.034 0.0000000000
38308  -37.720  -61.140  76.505 0.0000000000
38288  -37.908  -61.431  76.954 0.0000000000
41124  -27.313  -58.514  75.540 0.0000000000
41131  -27.631  -58.473  74.810 0.0000000000
38286  -36.145  -61.902  76.828 0.0000000000
38273  -37.178  -61.947  77.465 0.0000000000
41168  -41.880  -58.745  71.583 0.0000000000
153352  -42.503  -57.970  71.521 0.0000000000
139271  -46.988  -50.588  74.293 0.0000000000
48295  -47.175  -51.523  74.143 0.0000000000
48296  -47.658  -50.683  73.906 0.0000000000
48307  -48.204  -51.676  72.498 0.0000000000
55228  -51.011  -44.322  65.892 0.0000000000
59351  -53.353  -39.922  65.307 0.0000000000
59333  -53.522  -40.904  66.281 0.0000000000
58369  -53.973  -40.963  66.133 0.0000000000
58370  -54.416  -40.915  65.547 0.0000000000
59344  -54.230  -40.400  65.654 0.0000000000
160321  -36.743  -65.709  73.938 0.0000000000
35170  -37.634  -65.085  73.494 0.0000000000
35154  -38.032  -64.227  74.021 0.0000000000
39352  -39.605  -60.206  74.798 0.0000000000
41145  -39.544  -58.737  73.599 0.0000000000
23981  -20.324  -75.338  75.408 0.0000000000
25066  -23.791  -74.806  73.619 0.0000000000
28119  -25.156  -70.990  74.047 0.0000000000
32094  -24.809  -67.516  78.732 0.0000000000
31064  -25.712  -68.500  78.863 0.0000000000
31055  -25.380  -67.737  79.101 0.0000000000
31056  -25.767  -68.022  79.117 0.0000000000
135959  -25.082  -67.077  79.496 0.0000000000
39310  -24.452  -60.944  79.595 0.0000000000
38235  -23.981  -62.118  80.061 0.0000000000
37186  -24.200  -62.246  79.981 0.0000000000
36144  -24.291  -62.739  79.692 0.0000000000
37187  -24.562  -62.111  79.868 0.0000000000
37195  -25.044  -62.249  79.046 0.0000000000
148261  -24.921  -61.480  79.823 0.0000000000
39304  -29.243  -61.054  80.050 0.0000000000
37188  -30.225  -62.096  79.969 0.0000000000
36153  -33.635  -63.323  78.627 0.0000000000
36162  -33.401  -63.756  78.293 0.0000000000
36175  -33.993  -64.344  77.579 0.0000000000
35152  -36.236  -65.403  75.202 0.0000000000
34190  -41.476  -65.340  72.484 0.0000000000
34191  -42.202  -65.840  71.956 0.0000000000
148301  -42.149  -65.184  72.235 0.0000000000
38396  -44.765  -62.453  69.781 0.0000000000
37306  -44.440  -63.128  69.881 0.0000000000
37347  -44.800  -62.501  69.425 0.0000000000
43865  -44.718  -55.386  73.168 0.0000000000
43878  -44.602  -56.203  72.549 0.0000000000
42812  -45.131  -56.111  73.329 0.0000000000
57294  -48.814  -43.192  67.508 0.0000000000
53108  -50.602  -46.436  69.623 0.0000000000
54115  -49.999  -45.371  70.673 0.0000000000
52114  -49.955  -47.067  70.721 0.0000000000
38290  -39.029  -60.984  76.559 0.0000000000
37234  -39.240  -61.499  76.208 0.0000000000
39351  -39.266  -60.015  75.646 0.0000000000
24010  -20.713  -75.263  73.080 0.0000000000
25101  -22.650  -74.128  71.956 0.0000000000
41118  -25.970  -58.730  76.210 0.0000000000
40242  -25.638  -59.318  76.968 0.0000000000
142263  -25.948  -59.552  78.149 0.0000000000
40228  -26.116  -60.123  79.520 0.0000000000
136011  -28.143  -59.393  77.550 0.0000000000
40236  -27.506  -59.486  78.358 0.0000000000
40237  -28.260  -59.846  78.861 0.0000000000
39312  -28.881  -60.539  79.547 0.0000000000
40238  -29.052  -60.143  78.513 0.0000000000
38304  -33.809  -61.602  75.836 0.0000000000
163994  -34.300  -61.924  76.545 0.0000000000
38272  -35.888  -62.339  77.414 0.0000000000
37208  -34.323  -63.079  78.360 0.0000000000
36164  -35.307  -63.472  77.806 0.0000000000
36165  -36.150  -63.047  77.852 0.0000000000
36177  -37.461  -62.595  77.131 0.0000000000
143573  -36.650  -63.190  77.348 0.0000000000
155558  -37.162  -63.279  76.696 0.0000000000
36191  -37.088  -63.796  75.764 0.0000000000
37290  -42.201  -62.209  71.703 0.0000000000
40327  -43.402  -60.223  70.673 0.0000000000
39403  -44.224  -61.114  70.329 0.0000000000
40328  -44.329  -60.049  70.459 0.0000000000
47293  -45.038  -52.911  73.536 0.0000000000
46186  -45.646  -53.671  74.252 0.0000000000
46223  -47.483  -54.036  72.598 0.0000000000
45038  -47.634  -54.735  71.846 0.0000000000
43879  -47.649  -55.444  71.248 0.0000000000
45043  -47.237  -54.459  70.781 0.0000000000
57286  -52.056  -42.726  68.345 0.0000000000
56231  -51.660  -43.274  68.782 0.0000000000
140979  -50.889  -45.762  69.410 0.0000000000
38323  -35.826  -61.505  74.699 0.0000000000
137169  -44.555  -52.543  72.485 0.0000000000
50297  -45.031  -49.819  70.593 0.0000000000
49340  -45.290  -50.166  71.406 0.0000000000
150568  -45.781  -49.715  71.953 0.0000000000
50298  -45.551  -49.375  71.272 0.0000000000
59341  -51.938  -40.961  66.007 0.0000000000
58354  -51.362  -41.462  66.462 0.0000000000
58343  -51.683  -41.830  67.289 0.0000000000
57297  -51.947  -42.301  67.948 0.0000000000
58344  -52.488  -41.807  67.436 0.0000000000
56273  -53.485  -42.536  66.546 0.0000000000
56261  -53.098  -42.618  67.261 0.0000000000
56282  -51.832  -43.673  64.647 0.0000000000
56283  -52.805  -43.339  64.783 0.0000000000
57360  -53.815  -42.320  63.994 0.0000000000
59353  -54.777  -39.712  64.306 0.0000000000
59365  -54.961  -40.384  64.212 0.0000000000
59383  -55.244  -40.550  63.274 0.0000000000
58436  -54.993  -41.058  62.313 0.0000000000
31114  -37.114  -69.035  72.610 0.0000000000
30099  -37.952  -69.579  71.868 0.0000000000
137236  -37.537  -68.090  72.585 0.0000000000
34175  -38.660  -65.561  72.870 0.0000000000
136320  -39.399  -66.467  72.451 0.0000000000
35186  -40.546  -64.994  72.873 0.0000000000
36208  -39.280  -62.946  74.556 0.0000000000
36224  -39.049  -63.737  73.862 0.0000000000
149715  -40.359  -62.792  73.689 0.0000000000
37275  -41.336  -62.459  72.575 0.0000000000
38359  -40.671  -61.659  72.821 0.0000000000
161830  -40.535  -59.781  72.505 0.0000000000
23983  -21.637  -75.694  76.052 0.0000000000
23986  -24.984  -75.517  75.132 0.0000000000
25048  -25.819  -75.305  74.785 0.0000000000
27107  -23.841  -72.557  72.217 0.0000000000
27096  -25.602  -72.949  73.391 0.0000000000
27097  -26.610  -72.857  74.251 0.0000000000
25069  -27.454  -74.457  74.887 0.0000000000
26101  -28.389  -73.915  75.222 0.0000000000
28122  -28.539  -72.344  75.967 0.0000000000
30046  -26.120  -69.243  78.567 0.0000000000
30055  -26.721  -69.919  78.077 0.0000000000
29081  -27.622  -70.142  77.893 0.0000000000
29087  -28.213  -70.800  77.361 0.0000000000
30048  -27.765  -69.620  77.905 0.0000000000
32095  -26.527  -67.989  78.798 0.0000000000
137337  -26.616  -67.446  78.096 0.0000000000
137213  -26.128  -66.607  78.105 0.0000000000
36143  -23.874  -63.224  79.691 0.0000000000
140952  -23.033  -62.572  78.631 0.0000000000
36149  -23.536  -63.371  79.283 0.0000000000
34099  -24.408  -64.943  79.564 0.0000000000
135746  -25.002  -65.570  80.018 0.0000000000
135812  -24.640  -64.704  79.757 0.0000000000
135762  -24.956  -64.310  79.234 0.0000000000
35099  -25.333  -64.808  78.238 0.0000000000
136095  -25.621  -65.627  77.817 0.0000000000
37216  -25.391  -62.308  77.583 0.0000000000
156588  -27.102  -60.488  80.029 0.0000000000
137854  -26.135  -60.915  79.816 0.0000000000
38238  -27.271  -60.802  79.994 0.0000000000
40254  -29.123  -59.486  75.917 0.0000000000
138554  -30.844  -60.538  76.916 0.0000000000
39320  -30.477  -60.596  77.989 0.0000000000
39313  -30.318  -60.973  79.310 0.0000000000
39321  -31.064  -61.262  78.790 0.0000000000
38269  -32.680  -61.953  78.339 0.0000000000
37198  -32.418  -62.913  79.459 0.0000000000
38256  -32.244  -62.322  79.184 0.0000000000
38244  -31.649  -62.511  79.569 0.0000000000
37190  -31.805  -62.964  79.579 0.0000000000
37197  -31.331  -62.812  79.283 0.0000000000
36151  -31.922  -63.274  79.082 0.0000000000
36173  -32.728  -63.674  77.712 0.0000000000
37219  -32.075  -63.220  76.950 0.0000000000
36189  -34.216  -64.518  75.870 0.0000000000
35116  -35.072  -65.015  76.782 0.0000000000
35132  -35.534  -65.273  76.086 0.0000000000
34159  -35.868  -65.855  75.135 0.0000000000
34145  -35.470  -65.614  75.572 0.0000000000
34158  -35.572  -65.839  74.914 0.0000000000
35169  -35.220  -65.636  74.010 0.0000000000
34173  -35.704  -66.537  74.282 0.0000000000
32123  -35.973  -67.208  74.161 0.0000000000
32125  -36.509  -67.822  73.405 0.0000000000
32139  -36.135  -68.154  73.454 0.0000000000
36259  -43.556  -64.021  71.123 0.0000000000
35199  -43.188  -64.778  71.253 0.0000000000
35200  -43.614  -64.293  70.584 0.0000000000
42830  -43.673  -57.066  71.553 0.0000000000
41998  -45.145  -57.791  72.062 0.0000000000
154229  -44.990  -58.382  71.550 0.0000000000
40329  -45.257  -59.908  70.297 0.0000000000
40311  -45.658  -58.933  71.003 0.0000000000
150708  -46.527  -56.371  72.963 0.0000000000
42813  -45.722  -56.592  73.122 0.0000000000
41981  -46.829  -57.014  72.259 0.0000000000
40332  -47.282  -59.031  69.789 0.0000000000
40331  -46.787  -59.785  69.618 0.0000000000
39406  -46.422  -60.608  69.365 0.0000000000
38415  -46.543  -61.006  68.857 0.0000000000
51175  -46.222  -47.944  71.715 0.0000000000
52099  -46.539  -47.031  71.750 0.0000000000
56216  -50.480  -43.705  69.785 0.0000000000
163306  -49.805  -43.775  69.848 0.0000000000
54113  -48.388  -45.047  71.221 0.0000000000
151983  -48.526  -44.547  70.799 0.0000000000
55183  -46.819  -44.503  70.383 0.0000000000
55167  -46.864  -45.071  71.054 0.0000000000
54095  -47.178  -45.565  71.444 0.0000000000
52101  -48.437  -47.482  72.239 0.0000000000
153029  -47.691  -47.011  72.222 0.0000000000
51176  -48.505  -48.393  72.585 0.0000000000
52086  -47.760  -48.053  72.839 0.0000000000
145362  -48.529  -49.302  72.853 0.0000000000
49329  -49.342  -49.807  71.823 0.0000000000
37221  -38.247  -61.965  76.899 0.0000000000
39331  -38.597  -60.804  76.544 0.0000000000
39341  -38.623  -60.251  76.188 0.0000000000
146308  -26.868  -59.249  77.683 0.0000000000
154271  -26.921  -58.732  76.481 0.0000000000
164608  -28.059  -59.123  76.679 0.0000000000
37210  -36.444  -62.363  77.656 0.0000000000
40307  -41.827  -59.797  71.462 0.0000000000
39394  -41.921  -60.620  71.416 0.0000000000
40308  -42.694  -59.448  71.132 0.0000000000
48293  -46.051  -51.707  74.297 0.0000000000
47270  -45.871  -52.432  74.380 0.0000000000
47256  -46.546  -51.960  74.351 0.0000000000
158091  -47.201  -52.828  73.749 0.0000000000
153375  -47.717  -53.206  72.332 0.0000000000
152181  -47.657  -53.062  71.508 0.0000000000
47316  -47.960  -52.393  71.991 0.0000000000
48324  -48.196  -51.602  71.475 0.0000000000
55217  -52.277  -43.828  67.234 0.0000000000
154078  -51.982  -44.258  67.999 0.0000000000
58356  -53.010  -41.340  66.892 0.0000000000
146073  -53.789  -41.746  66.465 0.0000000000
56284  -53.876  -42.298  65.798 0.0000000000
57346  -54.260  -41.826  65.045 0.0000000000
57361  -54.449  -41.637  64.234 0.0000000000
59405  -55.576  -40.490  61.635 0.0000000000
59420  -54.189  -40.570  60.457 0.0000000000
33189  -37.332  -67.148  72.945 0.0000000000
37247  -39.700  -61.729  74.935 0.0000000000
37263  -39.769  -62.507  74.383 0.0000000000
38344  -40.203  -61.374  73.540 0.0000000000
142736  -40.254  -59.004  72.682 0.0000000000
25085  -25.507  -73.946  73.752 0.0000000000
28136  -26.506  -72.155  74.422 0.0000000000
27083  -27.804  -72.955  75.288 0.0000000000
29095  -27.151  -70.935  76.728 0.0000000000
32084  -26.121  -67.986  79.113 0.0000000000
157429  -25.346  -66.546  79.645 0.0000000000
39309  -23.535  -61.304  79.061 0.0000000000
38261  -22.951  -61.346  78.174 0.0000000000
37194  -23.573  -62.513  79.599 0.0000000000
35087  -24.175  -63.538  79.662 0.0000000000
36150  -24.593  -63.064  79.266 0.0000000000
38250  -25.544  -61.579  79.016 0.0000000000
38239  -28.143  -60.880  80.132 0.0000000000
38253  -28.575  -61.292  79.818 0.0000000000
38267  -29.865  -62.095  77.885 0.0000000000
37206  -30.633  -62.519  78.693 0.0000000000
39347  -30.297  -60.017  75.232 0.0000000000
40246  -29.911  -59.886  75.945 0.0000000000
39335  -30.751  -60.339  75.941 0.0000000000
141400  -33.951  -62.759  78.312 0.0000000000
36161  -32.624  -63.445  78.721 0.0000000000
35131  -34.666  -65.099  76.262 0.0000000000
35133  -36.173  -64.832  75.847 0.0000000000
34174  -36.281  -66.594  74.208 0.0000000000
33176  -36.399  -67.161  73.777 0.0000000000
25065  -18.946  -74.867  74.005 0.0000000000
25046  -18.730  -74.668  74.980 0.0000000000
36260  -43.883  -63.801  70.568 0.0000000000
36275  -44.012  -63.817  70.106 0.0000000000
150088  -43.784  -56.192  71.572 0.0000000000
163144  -44.408  -56.846  71.989 0.0000000000
42847  -47.633  -56.965  70.657 0.0000000000
42001  -47.390  -57.205  71.277 0.0000000000
158462  -50.420  -44.791  70.271 0.0000000000
55186  -49.845  -44.081  70.251 0.0000000000
55169  -49.746  -44.629  70.588 0.0000000000
54114  -49.091  -45.305  71.086 0.0000000000
54097  -48.319  -45.589  71.391 0.0000000000
54096  -47.763  -45.555  71.464 0.0000000000
53068  -48.672  -46.118  71.435 0.0000000000
52102  -49.139  -47.040  71.465 0.0000000000
51177  -49.346  -48.210  71.695 0.0000000000
50290  -49.755  -49.274  71.230 0.0000000000
60265  -53.932  -39.840  65.475 0.0000000000
60266  -54.248  -39.942  65.381 0.0000000000
60275  -54.214  -39.517  64.896 0.0000000000
60287  -55.091  -39.269  63.658 0.0000000000
61263  -55.104  -38.836  63.452 0.0000000000
141992  -55.584  -38.960  63.022 0.0000000000
36206  -37.510  -64.013  74.839 0.0000000000
37233  -38.853  -62.147  76.274 0.0000000000
156141  -39.507  -61.437  75.658 0.0000000000
38325  -39.591  -60.869  75.330 0.0000000000
162410  -39.296  -59.552  74.951 0.0000000000
39311  -25.383  -60.606  79.934 0.0000000000
39300  -25.311  -60.546  79.627 0.0000000000
40217  -27.183  -60.360  80.076 0.0000000000
40230  -27.417  -59.984  79.708 0.0000000000
40218  -27.629  -60.528  80.103 0.0000000000
39303  -28.297  -60.831  80.145 0.0000000000
39337  -32.505  -61.182  75.864 0.0000000000
38303  -33.161  -61.481  76.082 0.0000000000
145821  -34.239  -62.323  77.420 0.0000000000
23997  -19.108  -75.099  72.982 0.0000000000
35188  -42.519  -64.676  72.087 0.0000000000
37291  -43.088  -63.290  71.480 0.0000000000
38378  -43.483  -62.535  71.000 0.0000000000
141728  -44.314  -62.244  70.375 0.0000000000
145038  -44.875  -61.864  70.005 0.0000000000
152251  -44.844  -54.033  73.536 0.0000000000
43866  -45.201  -55.300  73.730 0.0000000000
45019  -45.358  -54.435  73.980 0.0000000000
43860  -45.643  -55.199  73.984 0.0000000000
43868  -46.857  -55.743  73.024 0.0000000000
45021  -46.718  -54.087  73.718 0.0000000000
45029  -47.221  -54.911  72.889 0.0000000000
159958  -47.677  -56.003  71.466 0.0000000000
43890  -47.651  -56.220  70.754 0.0000000000
57284  -50.609  -42.930  68.555 0.0000000000
56246  -49.587  -43.256  68.454 0.0000000000
56230  -51.018  -43.251  69.218 0.0000000000
55197  -51.734  -44.027  69.018 0.0000000000
39339  -37.475  -60.896  75.665 0.0000000000
159826  -32.386  -60.816  75.079 0.0000000000
38321  -34.062  -61.411  74.911 0.0000000000
42829  -42.658  -56.544  71.148 0.0000000000
164242  -43.138  -55.905  71.113 0.0000000000
45037  -43.661  -54.511  71.694 0.0000000000
46222  -44.490  -53.436  72.798 0.0000000000
48305  -45.182  -52.020  73.166 0.0000000000
49327  -45.031  -50.951  71.715 0.0000000000
48323  -45.428  -51.189  72.740 0.0000000000
49322  -46.066  -50.512  73.374 0.0000000000
49323  -46.652  -49.747  73.744 0.0000000000
57309  -49.893  -42.221  66.459 0.0000000000
163222  -50.403  -42.318  67.140 0.0000000000
57296  -51.004  -42.385  67.738 0.0000000000
56232  -52.372  -42.975  68.244 0.0000000000
58345  -53.064  -41.858  67.328 0.0000000000
56247  -52.716  -42.598  67.704 0.0000000000
56260  -52.694  -43.180  67.572 0.0000000000
56271  -51.965  -43.932  66.259 0.0000000000
156284  -51.631  -43.906  65.434 0.0000000000
57359  -53.013  -42.987  64.045 0.0000000000
59352  -54.579  -40.222  65.047 0.0000000000
58401  -54.305  -41.706  63.492 0.0000000000
58420  -54.816  -41.304  63.117 0.0000000000
33190  -38.740  -67.339  72.321 0.0000000000
33191  -39.981  -67.223  72.075 0.0000000000
33192  -40.710  -66.640  72.139 0.0000000000
35187  -41.657  -64.536  72.663 0.0000000000
35172  -39.789  -64.266  73.313 0.0000000000
35173  -40.777  -64.149  73.158 0.0000000000
36241  -41.350  -63.731  72.999 0.0000000000
147821  -41.614  -63.288  72.711 0.0000000000
39381  -41.139  -60.397  71.870 0.0000000000
151560  -41.434  -57.940  71.827 0.0000000000
40255  -38.531  -59.804  75.633 0.0000000000
157314  -38.428  -59.353  74.775 0.0000000000
40265  -38.797  -59.408  75.252 0.0000000000
40280  -39.150  -58.973  74.511 0.0000000000
42828  -41.354  -56.838  71.086 0.0000000000
22943  -20.217  -76.069  76.723 0.0000000000
137951  -21.348  -75.428  75.036 0.0000000000
28096  -28.157  -71.259  76.981 0.0000000000
31066  -27.324  -69.034  78.267 0.0000000000
31073  -27.767  -68.974  77.498 0.0000000000
143605  -24.488  -66.444  78.777 0.0000000000
135933  -25.104  -66.363  79.839 0.0000000000
154487  -25.010  -65.270  79.935 0.0000000000
135587  -25.543  -66.280  79.221 0.0000000000
38263  -26.221  -61.458  78.199 0.0000000000
38252  -27.060  -61.086  79.209 0.0000000000
41125  -28.030  -58.723  75.402 0.0000000000
141202  -28.370  -59.092  75.988 0.0000000000
40245  -28.658  -59.406  76.727 0.0000000000
140207  -29.692  -60.516  78.840 0.0000000000
39305  -30.040  -61.291  79.867 0.0000000000
39329  -31.968  -61.126  76.620 0.0000000000
38268  -31.866  -61.636  78.535 0.0000000000
38243  -31.131  -62.048  79.925 0.0000000000
38242  -30.511  -61.883  79.988 0.0000000000
37196  -30.674  -62.398  79.595 0.0000000000
35115  -34.434  -64.835  77.051 0.0000000000
34144  -35.076  -65.452  75.544 0.0000000000
32154  -35.579  -67.673  72.898 0.0000000000
32138  -35.924  -67.770  73.695 0.0000000000
25022  -18.441  -74.931  76.907 0.0000000000
34192  -42.642  -65.403  71.650 0.0000000000
162643  -44.561  -57.969  71.673 0.0000000000
41170  -44.118  -58.467  71.326 0.0000000000
41999  -45.835  -57.644  72.308 0.0000000000
41171  -46.267  -58.389  71.409 0.0000000000
40330  -46.091  -59.818  70.037 0.0000000000
138383  -45.757  -48.645  71.252 0.0000000000
50288  -46.725  -48.905  73.169 0.0000000000
50272  -47.071  -49.142  73.839 0.0000000000
56245  -48.454  -43.507  68.456 0.0000000000
56215  -47.925  -43.770  69.435 0.0000000000
55185  -48.946  -43.999  70.205 0.0000000000
56227  -46.724  -43.752  69.026 0.0000000000
53065  -46.844  -46.278  71.625 0.0000000000
53066  -47.401  -46.258  71.756 0.0000000000
52100  -46.873  -47.680  72.484 0.0000000000
51169  -47.482  -48.785  73.503 0.0000000000
50273  -47.805  -49.212  73.757 0.0000000000
49317  -48.153  -49.995  73.526 0.0000000000
48325  -48.643  -51.040  71.932 0.0000000000
48351  -48.612  -50.951  70.888 0.0000000000
49343  -49.767  -50.082  70.764 0.0000000000
49342  -49.236  -50.498  70.326 0.0000000000
48371  -47.986  -50.859  69.571 0.0000000000
31113  -36.350  -68.789  72.961 0.0000000000
31115  -38.358  -68.849  71.998 0.0000000000
33175  -36.041  -67.125  74.215 0.0000000000
38236  -24.314  -61.873  79.960 0.0000000000
38248  -23.625  -61.886  79.696 0.0000000000
38249  -24.099  -61.611  79.896 0.0000000000
38289  -38.543  -61.324  76.697 0.0000000000
38413  -45.468  -61.956  69.260 0.0000000000
39316  -23.102  -60.825  77.819 0.0000000000
39340  -38.157  -60.401  76.047 0.0000000000
39342  -39.004  -60.337  76.276 0.0000000000
40229  -26.791  -60.111  79.899 0.0000000000
42011  -47.433  -57.662  70.615 0.0000000000
42833  -47.567  -56.603  71.403 0.0000000000
43867  -45.993  -55.897  73.620 0.0000000000
45020  -45.896  -54.376  74.236 0.0000000000
45028  -44.889  -54.732  73.556 0.0000000000
46185  -45.245  -53.612  73.918 0.0000000000
46187  -46.093  -53.498  74.333 0.0000000000
46235  -47.413  -53.791  71.119 0.0000000000
47255  -46.160  -51.989  74.395 0.0000000000
47269  -45.554  -53.002  74.163 0.0000000000
47271  -46.237  -52.622  74.387 0.0000000000
47272  -46.970  -52.416  74.162 0.0000000000
48294  -46.498  -51.397  74.265 0.0000000000
48306  -45.785  -51.400  73.781 0.0000000000
49316  -47.420  -49.839  74.099 0.0000000000
49324  -48.783  -50.270  72.459 0.0000000000
49341  -48.578  -50.713  69.977 0.0000000000
49363  -49.748  -50.112  69.620 0.0000000000
50287  -46.193  -48.938  72.073 0.0000000000
52085  -47.301  -48.222  72.962 0.0000000000
53067  -47.952  -46.167  71.720 0.0000000000
53087  -50.243  -46.272  70.401 0.0000000000
55198  -52.103  -43.590  68.518 0.0000000000
56214  -47.082  -43.986  69.835 0.0000000000
57299  -53.004  -42.220  67.500 0.0000000000
58357  -53.440  -41.490  66.682 0.0000000000
59366  -55.126  -39.836  63.750 0.0000000000
142412  -47.873  -51.444  73.413 0.0000000000
146033  -46.839  -60.373  69.045 0.0000000000
146250  -49.024  -44.737  70.935 0.0000000000
147176  -45.842  -53.047  74.377 0.0000000000
147801  -26.220  -58.182  74.858 0.0000000000
148014  -40.896  -65.785  72.456 0.0000000000
149344  -47.291  -53.300  73.301 0.0000000000
151118  -47.119  -46.939  72.146 0.0000000000
160318  -47.151  -48.652  73.390 0.0000000000
160784  -46.625  -48.299  72.532 0.0000000000
163579  -24.750  -65.304  79.864 0.0000000000
164298  -47.314  -49.308  73.953 0.0000000000
