#!ascii label  , from subject sub-v1s0x0050653_ses-1 vox2ras=TkReg
1388
83574  -21.734  -16.873  3.350 0.5555555820
83587  -23.406  -16.463  2.316 0.6666666865
84473  -24.000  -15.260  1.592 0.7777777910
84474  -24.679  -15.364  1.461 0.7777777910
138500  -25.043  -12.995  0.424 0.8888888955
87303  -27.342  -12.576  0.124 0.8888888955
82625  -20.960  -17.523  4.037 0.5555555820
83573  -21.267  -16.309  3.381 0.5555555820
84459  -22.420  -15.489  2.472 0.6666666865
85355  -22.818  -14.884  2.102 0.8888888955
85366  -25.144  -14.759  1.122 0.8888888955
137925  -25.965  -12.790  0.189 0.8888888955
88295  -27.280  -11.381  -0.788 1.0000000000
87304  -28.127  -12.252  0.230 0.8888888955
150439  -28.526  -10.953  -0.253 1.0000000000
149309  -21.321  -14.778  2.980 0.7777777910
87288  -23.239  -12.821  0.973 1.0000000000
89281  -23.440  -10.810  -0.060 1.0000000000
88273  -24.583  -11.850  -0.015 1.0000000000
89297  -25.840  -10.695  -1.182 1.0000000000
88291  -24.221  -11.169  -0.272 1.0000000000
89298  -27.091  -10.631  -1.155 1.0000000000
89316  -25.805  -9.846  -1.439 1.0000000000
89317  -26.480  -10.153  -1.324 1.0000000000
89318  -26.983  -9.927  -1.320 1.0000000000
150388  -29.730  -9.915  0.317 1.0000000000
90205  -27.158  -9.251  -1.280 1.0000000000
90206  -27.977  -9.387  -0.617 1.0000000000
90179  -29.833  -9.365  0.645 1.0000000000
91155  -29.231  -8.709  0.525 1.0000000000
91143  -29.877  -8.721  1.249 0.7777777910
89280  -22.531  -10.194  0.065 0.8888888955
89295  -24.270  -10.492  -0.751 1.0000000000
90221  -26.263  -9.338  -1.540 1.0000000000
90204  -23.410  -9.134  -1.124 1.0000000000
91175  -25.426  -8.341  -1.820 1.0000000000
151720  -26.890  -8.229  -1.422 1.0000000000
92068  -28.030  -7.887  -0.154 1.0000000000
92058  -28.695  -7.972  0.470 1.0000000000
92059  -29.272  -8.025  1.148 1.0000000000
91129  -31.235  -8.263  2.917 0.8888888955
92032  -30.404  -7.841  2.557 1.0000000000
91111  -32.214  -8.283  3.240 0.7777777910
91112  -33.064  -8.176  3.118 0.7777777910
91164  -21.652  -8.013  -0.427 0.5555555820
92936  -23.429  -6.481  -1.547 0.7777777910
92066  -22.768  -7.182  -1.263 0.8888888955
92076  -25.861  -7.722  -1.988 1.0000000000
148310  -26.352  -8.183  -1.688 1.0000000000
92083  -25.345  -6.893  -2.274 0.8888888955
92084  -25.882  -6.994  -2.188 1.0000000000
92078  -26.892  -7.381  -1.338 1.0000000000
92911  -28.477  -6.498  0.841 1.0000000000
92031  -29.833  -7.288  2.329 0.8888888955
92912  -29.014  -6.543  1.469 1.0000000000
92896  -29.998  -6.633  2.725 0.8888888955
92883  -32.357  -6.975  3.677 0.7777777910
92035  -34.362  -7.499  2.007 0.6666666865
92900  -34.204  -6.705  2.427 0.6666666865
152588  -20.361  -5.228  0.849 0.4444444478
93864  -21.515  -5.954  -0.509 0.7777777910
148277  -22.014  -5.074  -0.772 0.6666666865
94779  -24.228  -4.906  -2.285 0.7777777910
93888  -24.928  -5.867  -2.539 0.8888888955
93890  -25.692  -5.707  -2.194 0.8888888955
92927  -27.290  -6.745  -0.707 1.0000000000
93880  -26.879  -5.861  -0.945 1.0000000000
92919  -27.467  -5.842  -0.119 1.0000000000
93847  -28.711  -5.689  1.373 1.0000000000
93832  -29.666  -5.928  2.484 0.8888888955
93833  -30.275  -6.004  3.193 0.7777777910
146632  -32.062  -6.233  4.001 0.7777777910
92913  -34.484  -6.700  1.558 0.5555555820
93817  -32.818  -5.403  3.999 0.7777777910
161580  -33.397  -5.675  3.565 0.6666666865
160379  -20.846  -3.835  0.300 0.6666666865
94766  -21.139  -4.355  0.011 0.6666666865
163604  -23.169  -4.613  -1.638 0.7777777910
152075  -22.956  -4.148  -1.619 0.7777777910
94788  -24.713  -4.462  -2.530 0.8888888955
94781  -25.982  -4.951  -1.904 0.8888888955
94780  -25.475  -4.384  -2.242 1.0000000000
94770  -26.733  -4.346  -0.594 1.0000000000
93846  -28.235  -5.012  1.052 1.0000000000
93855  -27.655  -5.064  0.386 0.8888888955
94729  -28.896  -4.367  2.061 0.8888888955
93816  -30.593  -5.342  3.794 0.8888888955
94712  -30.118  -4.527  3.617 0.7777777910
94713  -31.055  -4.631  4.355 0.7777777910
93818  -33.554  -5.099  3.434 0.7777777910
150931  -33.999  -5.005  2.595 0.6666666865
95646  -20.815  -3.248  0.269 0.6666666865
95633  -19.706  -3.858  1.821 0.5555555820
95658  -21.998  -3.494  -0.893 0.7777777910
95671  -23.415  -3.414  -2.060 0.8888888955
95680  -25.113  -3.728  -2.418 0.8888888955
95660  -25.838  -3.217  -1.394 1.0000000000
95672  -25.504  -3.685  -2.012 1.0000000000
95648  -27.304  -3.588  0.680 1.0000000000
94744  -27.752  -4.357  0.908 0.8888888955
95602  -30.516  -3.811  4.209 0.7777777910
95603  -31.660  -3.857  4.527 0.7777777910
94732  -33.698  -4.162  3.124 0.6666666865
94733  -33.984  -4.290  2.263 0.5555555820
94747  -34.228  -4.782  1.581 0.5555555820
141125  -21.684  -2.847  -0.695 0.7777777910
151577  -20.514  -2.710  0.653 0.6666666865
96610  -22.225  -2.717  -1.221 0.8888888955
96627  -24.521  -2.463  -2.439 1.0000000000
141938  -27.514  -3.021  1.292 0.8888888955
95636  -28.472  -3.672  1.978 0.8888888955
96567  -28.476  -2.381  2.541 0.8888888955
95624  -29.008  -3.691  2.594 0.8888888955
96546  -31.117  -3.000  4.601 0.7777777910
96524  -31.160  -2.194  4.741 0.7777777910
95578  -32.202  -3.234  4.626 0.7777777910
95605  -33.291  -3.542  3.829 0.5555555820
155088  -29.249  -1.564  3.620 0.7777777910
96526  -33.039  -2.334  4.432 0.5555555820
144224  -33.605  -3.258  3.164 0.5555555820
97409  -32.673  -1.718  4.634 0.6666666865
97416  -18.471  -1.456  3.809 0.4444444478
96581  -20.181  -2.019  1.170 0.5555555820
96593  -21.224  -1.695  -0.219 0.7777777910
96626  -23.613  -2.354  -2.292 1.0000000000
147203  -22.457  -1.936  -1.509 0.8888888955
97493  -24.975  -1.860  -2.042 1.0000000000
96594  -26.591  -2.270  0.210 0.8888888955
96582  -26.801  -2.002  0.926 0.8888888955
96583  -27.391  -2.203  1.500 0.8888888955
96566  -27.946  -2.054  2.118 0.8888888955
96543  -28.824  -1.953  3.196 0.8888888955
97424  -30.641  -1.600  4.643 0.6666666865
97410  -33.252  -1.859  4.134 0.5555555820
153461  -21.725  0.518  -0.576 0.6666666865
97462  -20.957  -0.989  0.131 0.6666666865
154192  -23.497  -0.229  -1.730 0.7777777910
97463  -25.934  -1.027  -0.266 0.8888888955
98364  -24.747  -0.381  -1.156 0.7777777910
98354  -26.043  -0.434  0.274 0.7777777910
97464  -26.402  -1.349  0.469 0.8888888955
98342  -26.497  -0.523  1.051 0.7777777910
97455  -27.512  -1.369  2.000 0.8888888955
98331  -27.668  -0.594  2.433 0.7777777910
97443  -28.192  -1.440  2.673 0.7777777910
97422  -28.758  -1.140  3.330 0.6666666865
99216  -28.050  0.738  3.158 0.6666666865
98307  -29.575  -0.067  4.261 0.6666666865
98308  -30.174  -0.900  4.455 0.6666666865
100132  -29.756  1.475  4.550 0.6666666865
99204  -30.193  0.690  4.673 0.5555555820
156301  -31.680  0.061  5.029 0.5555555820
98310  -32.412  -0.952  4.785 0.4444444478
150514  -31.239  0.697  4.897 0.5555555820
100175  -21.098  2.210  0.289 0.3333333433
100164  -21.041  1.495  0.153 0.3333333433
99256  -22.063  1.247  -0.748 0.5555555820
99257  -22.672  1.288  -1.162 0.6666666865
100165  -23.754  1.963  -0.825 0.5555555820
99259  -24.014  0.966  -1.028 0.7777777910
99244  -25.569  0.429  0.105 0.7777777910
148727  -26.509  1.256  1.358 0.6666666865
99245  -26.173  0.195  0.726 0.6666666865
99232  -26.022  1.077  0.720 0.6666666865
99227  -27.521  0.896  2.566 0.6666666865
100143  -28.330  1.229  3.478 0.6666666865
158726  -28.293  1.825  3.520 0.6666666865
101119  -29.418  2.223  4.376 0.6666666865
100133  -30.723  1.455  4.774 0.5555555820
101109  -32.120  2.233  4.720 0.5555555820
101107  -30.246  2.195  4.709 0.6666666865
101151  -21.816  2.485  -0.119 0.4444444478
101141  -21.279  2.848  0.682 0.4444444478
157788  -22.797  3.070  -0.154 0.5555555820
101153  -23.224  2.661  -0.536 0.5555555820
100166  -24.651  2.057  -0.169 0.6666666865
147053  -25.275  1.285  0.084 0.6666666865
100159  -26.163  1.898  1.022 0.6666666865
99226  -26.996  1.053  1.909 0.6666666865
100142  -27.751  1.560  3.046 0.6666666865
101118  -28.682  2.370  3.864 0.6666666865
102034  -29.886  3.560  4.559 0.6666666865
102036  -31.566  3.610  4.651 0.5555555820
102075  -22.606  3.602  0.371 0.4444444478
101145  -24.783  2.820  0.346 0.6666666865
147283  -25.623  2.517  0.837 0.6666666865
101136  -26.245  2.674  1.374 0.6666666865
100153  -26.660  1.820  1.695 0.6666666865
101127  -26.833  2.402  2.173 0.6666666865
144181  -29.123  3.760  4.165 0.6666666865
86319  -24.118  -13.972  0.979 0.8888888955
85363  -22.704  -14.126  1.860 1.0000000000
87299  -23.878  -12.374  0.489 1.0000000000
88274  -25.372  -11.897  -0.343 1.0000000000
88296  -27.767  -10.816  -0.762 1.0000000000
157640  -20.863  -4.960  0.253 0.5555555820
148157  -28.751  -4.898  1.571 0.8888888955
152959  -19.960  -2.956  1.446 0.5555555820
97439  -19.360  -1.270  2.440 0.5555555820
96611  -25.607  -2.289  -1.271 1.0000000000
95625  -29.142  -2.859  3.057 0.8888888955
97403  -18.039  -1.493  4.368 0.2222222239
153820  -30.958  -0.999  4.948 0.6666666865
151020  -32.289  -0.177  4.891 0.4444444478
101144  -23.974  2.819  -0.413 0.6666666865
101135  -25.427  3.184  0.881 0.6666666865
94743  -19.991  -4.592  1.392 0.4444444478
152990  -19.501  -3.210  2.162 0.4444444478
102037  -32.519  3.752  4.389 0.5555555820
150940  -33.111  3.107  4.299 0.5555555820
101133  -20.798  2.966  1.446 0.2222222239
101142  -22.071  3.124  0.300 0.3333333433
102934  -32.001  4.423  4.580 0.5555555820
80578  -21.779  -18.904  3.980 0.5555555820
81599  -22.396  -18.383  3.417 0.5555555820
82640  -22.630  -16.904  2.858 0.6666666865
83588  -24.123  -16.838  2.169 0.5555555820
85387  -27.268  -14.330  1.071 0.7777777910
86337  -27.994  -13.224  0.579 0.8888888955
156295  -21.029  -18.927  4.458 0.5555555820
151638  -25.003  -15.976  1.669 0.6666666865
85367  -25.976  -14.811  1.241 0.6666666865
85386  -26.502  -14.141  0.985 0.8888888955
86338  -28.809  -13.014  0.742 0.7777777910
87305  -28.993  -12.085  0.605 0.7777777910
88278  -30.151  -11.269  0.874 0.8888888955
81580  -19.701  -18.265  4.923 0.4444444478
83572  -20.515  -16.273  3.832 0.5555555820
89283  -29.954  -10.516  0.488 1.0000000000
85353  -20.920  -14.076  2.951 0.2222222239
86316  -21.834  -13.019  2.115 0.6666666865
90180  -30.507  -9.403  1.369 0.8888888955
90165  -32.351  -9.499  2.609 0.6666666865
91130  -32.711  -8.814  2.884 0.7777777910
91131  -33.495  -8.616  2.691 0.6666666865
88253  -21.703  -11.380  1.501 0.5555555820
91132  -34.084  -8.294  2.358 0.6666666865
90190  -21.165  -9.209  0.568 0.4444444478
92921  -34.566  -6.654  0.603 0.5555555820
92917  -20.405  -6.865  0.871 0.2222222239
93849  -34.503  -6.059  1.100 0.5555555820
94742  -19.374  -4.831  2.455 0.4444444478
157994  -34.423  -5.441  1.096 0.5555555820
96516  -16.911  -3.066  4.591 0.3333333433
94760  -34.231  -4.891  0.583 0.5555555820
153276  -19.122  -2.068  2.787 0.4444444478
144492  -33.674  -3.566  0.348 0.4444444478
97402  -17.563  -1.684  4.600 0.3333333433
96568  -33.604  -2.479  2.611 0.5555555820
152469  -33.282  -0.541  3.762 0.4444444478
100157  -20.006  1.761  1.569 0.3333333433
99241  -20.444  1.129  0.735 0.3333333433
149108  -19.981  0.750  1.419 0.4444444478
99206  -32.723  0.238  4.578 0.4444444478
152615  -33.118  1.666  4.218 0.4444444478
149858  -33.383  3.197  3.653 0.2222222239
162511  -21.979  3.540  0.817 0.3333333433
102077  -24.108  3.503  -0.082 0.6666666865
102062  -26.607  3.252  2.022 0.6666666865
102063  -27.221  2.927  2.687 0.6666666865
102050  -27.766  3.486  3.199 0.6666666865
102946  -29.219  4.613  4.224 0.6666666865
103788  -29.836  5.166  4.498 0.6666666865
102932  -30.141  4.439  4.620 0.6666666865
102933  -31.125  4.470  4.786 0.6666666865
149269  -32.334  5.021  4.474 0.4444444478
102947  -33.208  4.609  3.667 0.3333333433
102070  -25.418  3.918  0.756 0.5555555820
82624  -21.070  -16.895  3.785 0.5555555820
155664  -21.463  -17.361  3.664 0.5555555820
82626  -22.081  -17.551  3.332 0.6666666865
82641  -23.581  -17.311  2.515 0.6666666865
155392  -22.727  -16.127  2.507 0.6666666865
84460  -23.288  -15.559  2.042 0.7777777910
83606  -24.191  -16.043  1.848 0.7777777910
85364  -23.513  -14.603  1.562 0.8888888955
85365  -24.376  -14.691  1.205 0.8888888955
87301  -25.403  -12.557  0.136 1.0000000000
162736  -25.022  -12.238  0.033 1.0000000000
85384  -24.871  -14.102  0.761 0.8888888955
86333  -23.964  -13.184  0.737 1.0000000000
88275  -27.489  -11.951  -0.316 1.0000000000
87302  -26.595  -12.678  0.115 0.8888888955
149314  -27.116  -13.470  0.633 0.8888888955
81582  -20.976  -18.238  4.213 0.5555555820
140347  -20.220  -17.764  4.518 0.4444444478
82608  -20.454  -17.007  4.249 0.5555555820
162291  -21.456  -15.906  3.122 0.6666666865
85354  -22.067  -14.662  2.448 0.8888888955
84458  -21.686  -15.450  2.880 0.5555555820
86318  -23.335  -13.659  1.282 0.8888888955
86336  -26.200  -13.400  0.555 0.8888888955
87316  -26.884  -12.020  -0.503 1.0000000000
88276  -27.937  -11.480  -0.335 1.0000000000
87315  -26.116  -12.111  -0.423 1.0000000000
88294  -26.527  -11.250  -1.015 1.0000000000
88277  -29.298  -11.210  0.359 1.0000000000
89282  -29.189  -10.380  -0.007 1.0000000000
85339  -20.640  -14.759  3.378 0.5555555820
164556  -21.500  -14.134  2.600 0.6666666865
86303  -21.992  -13.743  2.214 0.8888888955
84448  -21.004  -15.584  3.332 0.6666666865
87287  -22.658  -12.412  1.140 0.8888888955
87298  -23.146  -12.064  0.665 0.8888888955
86317  -22.508  -13.174  1.577 1.0000000000
88272  -23.738  -11.594  0.237 1.0000000000
147351  -22.733  -10.955  0.462 0.8888888955
88292  -25.061  -11.106  -0.686 1.0000000000
89296  -25.113  -10.240  -1.248 1.0000000000
163883  -24.342  -9.624  -1.305 1.0000000000
90219  -24.903  -8.938  -1.665 1.0000000000
89300  -28.318  -10.203  -0.468 1.0000000000
90193  -30.380  -9.934  0.777 0.8888888955
90192  -29.015  -9.511  -0.017 1.0000000000
91167  -27.617  -8.541  -0.745 1.0000000000
91177  -26.599  -8.861  -1.551 1.0000000000
91154  -28.444  -8.673  -0.099 1.0000000000
161889  -31.211  -8.817  2.561 0.7777777910
90203  -22.647  -9.378  -0.595 1.0000000000
90191  -21.872  -9.397  -0.036 0.5555555820
89262  -22.100  -10.759  0.885 0.6666666865
89294  -23.418  -9.967  -0.693 1.0000000000
89279  -21.620  -9.988  0.669 0.5555555820
90218  -24.108  -8.796  -1.492 1.0000000000
91173  -23.368  -8.174  -1.380 0.8888888955
91174  -24.521  -8.037  -1.784 1.0000000000
92077  -26.353  -7.415  -1.803 1.0000000000
92067  -27.393  -7.683  -0.779 1.0000000000
147881  -28.309  -7.221  0.352 1.0000000000
92046  -28.864  -7.254  0.982 1.0000000000
92033  -30.848  -7.513  3.275 0.8888888955
92015  -32.657  -7.623  3.403 0.7777777910
92016  -33.393  -7.534  3.128 0.6666666865
91152  -21.053  -7.983  0.150 0.5555555820
91153  -21.430  -8.669  -0.012 0.5555555820
92057  -21.226  -7.312  -0.224 0.6666666865
92065  -21.894  -7.305  -0.743 0.6666666865
91166  -22.745  -8.709  -0.964 0.7777777910
144297  -22.380  -8.033  -0.946 0.7777777910
92926  -22.101  -6.568  -0.847 0.7777777910
93865  -22.368  -5.790  -0.949 0.6666666865
93877  -23.894  -5.728  -1.833 0.8888888955
92937  -24.276  -6.451  -1.987 0.8888888955
142609  -24.696  -7.101  -2.096 1.0000000000
92947  -25.534  -6.323  -2.274 0.8888888955
92939  -26.634  -6.644  -1.498 1.0000000000
93848  -29.227  -5.973  1.892 0.8888888955
92897  -30.575  -6.775  3.356 0.8888888955
92882  -31.354  -6.931  3.739 0.7777777910
92884  -33.085  -7.052  3.432 0.7777777910
92898  -33.119  -6.307  3.630 0.6666666865
92060  -34.602  -7.428  0.095 0.5555555820
93835  -33.886  -5.916  3.038 0.6666666865
93854  -20.857  -5.691  0.167 0.5555555820
93844  -19.721  -5.592  1.845 0.3333333433
93845  -20.301  -6.178  1.071 0.3333333433
92925  -21.480  -6.717  -0.500 0.6666666865
94767  -21.722  -4.284  -0.549 0.6666666865
94777  -22.760  -4.953  -1.299 0.7777777910
94789  -25.374  -5.059  -2.487 0.8888888955
93867  -27.110  -5.078  -0.392 1.0000000000
94731  -29.800  -5.250  3.039 0.7777777910
147721  -31.599  -5.438  4.278 0.7777777910
93836  -34.364  -5.791  1.949 0.5555555820
94787  -24.164  -3.992  -2.326 0.8888888955
94758  -27.302  -4.357  0.141 1.0000000000
94714  -32.224  -4.603  4.368 0.7777777910
94715  -33.165  -4.437  3.953 0.6666666865
95620  -19.176  -3.909  2.662 0.4444444478
96639  -24.197  -3.167  -2.491 0.8888888955
95661  -26.452  -3.561  -0.660 1.0000000000
95647  -26.787  -3.100  0.076 0.8888888955
95601  -29.897  -3.007  3.997 0.7777777910
95604  -32.682  -3.785  4.359 0.6666666865
95626  -33.811  -3.493  2.259 0.5555555820
94759  -34.001  -4.157  0.889 0.5555555820
96580  -19.554  -2.262  2.040 0.5555555820
96609  -21.776  -1.996  -0.818 0.6666666865
96625  -22.866  -2.622  -1.799 0.8888888955
96612  -26.240  -2.704  -0.568 1.0000000000
147111  -28.646  -3.090  2.393 0.8888888955
96545  -30.291  -2.283  4.364 0.8888888955
95579  -32.946  -2.998  4.390 0.6666666865
95580  -33.376  -2.573  3.748 0.5555555820
97438  -18.899  -1.337  3.154 0.5555555820
96592  -20.711  -1.843  0.378 0.5555555820
97491  -23.409  -1.420  -2.084 1.0000000000
97490  -22.788  -1.230  -1.749 0.7777777910
97476  -21.581  -1.065  -0.545 0.7777777910
97478  -25.346  -1.249  -1.072 0.8888888955
98377  -24.510  -1.027  -1.811 0.7777777910
97425  -33.466  -1.475  3.302 0.5555555820
98351  -20.527  0.005  0.582 0.5555555820
98352  -21.300  -0.200  -0.236 0.5555555820
99242  -21.086  0.685  0.038 0.4444444478
98363  -21.970  -0.296  -0.899 0.6666666865
99268  -23.013  0.344  -1.524 0.6666666865
98374  -22.593  -0.393  -1.463 0.7777777910
97453  -20.342  -1.063  0.858 0.7777777910
98340  -19.543  -0.492  2.111 0.6666666865
155402  -24.257  0.242  -1.240 0.7777777910
145814  -23.783  -0.848  -2.032 0.7777777910
98343  -27.101  -0.529  1.737 0.7777777910
99234  -27.298  0.233  2.151 0.6666666865
146354  -28.819  -0.346  3.569 0.6666666865
159049  -28.331  0.105  3.242 0.6666666865
100144  -28.901  1.495  4.007 0.6666666865
99218  -29.381  0.821  4.298 0.6666666865
149148  -30.769  -0.177  4.845 0.5555555820
100136  -32.937  0.883  4.461 0.4444444478
100135  -32.576  1.549  4.666 0.5555555820
160170  -21.525  1.166  -0.321 0.4444444478
100177  -22.303  1.971  -0.695 0.5555555820
99258  -23.278  1.254  -1.298 0.6666666865
162552  -25.104  0.859  -0.210 0.7777777910
102052  -29.215  2.988  4.261 0.6666666865
149376  -30.701  3.002  4.720 0.6666666865
101128  -27.343  2.190  2.726 0.6666666865
102051  -28.486  3.197  3.754 0.6666666865
96562  -19.020  -3.015  2.804 0.4444444478
98326  -18.684  -0.689  3.489 0.3333333433
94725  -18.600  -4.642  3.334 0.4444444478
153872  -18.543  -3.323  3.392 0.4444444478
101120  -33.460  2.488  3.184 0.3333333433
103791  -32.852  5.309  4.030 0.3333333433
81598  -21.561  -17.978  3.726 0.5555555820
85388  -27.966  -14.159  0.878 0.6666666865
81581  -20.345  -18.564  4.670 0.4444444478
89284  -30.670  -10.648  1.104 0.7777777910
83561  -19.962  -16.551  4.356 0.4444444478
90166  -33.309  -9.341  2.505 0.6666666865
87286  -21.985  -12.295  1.680 0.7777777910
92918  -20.879  -6.587  0.089 0.3333333433
92056  -20.696  -7.339  0.439 0.3333333433
92045  -20.219  -7.373  1.254 0.1111111119
153067  -19.678  -6.385  1.917 0.1111111119
95594  -18.264  -4.026  3.642 0.4444444478
96517  -17.487  -3.116  4.290 0.3333333433
152507  -18.040  -2.324  4.129 0.3333333433
99221  -19.569  0.429  2.146 0.3333333433
103789  -30.710  5.334  4.709 0.6666666865
146256  -32.210  5.673  4.485 0.4444444478
80604  -26.578  -19.288  2.684 0.4444444478
81584  -28.264  -18.220  4.638 0.2222222239
80589  -22.792  -19.330  3.511 0.4444444478
80590  -23.803  -19.716  3.129 0.4444444478
81612  -23.896  -18.198  2.599 0.4444444478
80602  -24.929  -18.544  2.393 0.4444444478
81613  -25.797  -18.457  2.158 0.4444444478
82643  -27.296  -18.097  1.924 0.4444444478
82645  -29.292  -17.293  2.364 0.2222222239
83589  -24.985  -16.784  1.923 0.4444444478
82657  -25.986  -17.112  1.789 0.4444444478
82658  -26.823  -17.382  1.686 0.4444444478
83592  -30.434  -16.417  2.077 0.1111111119
84449  -30.980  -15.678  2.544 0.1111111119
83608  -27.668  -16.779  1.526 0.4444444478
83610  -29.570  -16.654  1.699 0.3333333433
138123  -25.734  -16.253  1.620 0.4444444478
83607  -26.696  -16.564  1.577 0.4444444478
83609  -28.659  -16.781  1.608 0.3333333433
84479  -29.646  -15.624  1.490 0.3333333433
84462  -30.921  -16.136  1.618 0.2222222239
84477  -27.237  -15.821  1.463 0.4444444478
84478  -28.789  -15.866  1.438 0.3333333433
84475  -25.462  -15.460  1.430 0.5555555820
84476  -26.317  -15.625  1.463 0.4444444478
85372  -30.773  -14.998  1.756 0.2222222239
86305  -32.204  -15.343  1.454 0.1111111119
86324  -32.870  -15.655  0.846 0.1111111119
85371  -29.982  -14.790  1.543 0.3333333433
86322  -30.296  -13.907  1.508 0.3333333433
87289  -29.760  -12.819  1.019 0.4444444478
87290  -30.372  -12.114  1.194 0.5555555820
88255  -30.930  -11.510  1.416 0.6666666865
152505  -33.121  -13.384  1.553 0.4444444478
88280  -34.417  -12.298  0.476 0.3333333433
89265  -32.599  -11.072  2.114 0.6666666865
89266  -33.925  -11.015  1.716 0.5555555820
89263  -31.086  -10.054  1.505 0.6666666865
89267  -34.288  -10.561  1.395 0.5555555820
138542  -34.660  -11.506  -0.087 0.4444444478
90194  -34.572  -10.117  0.629 0.3333333433
89246  -33.032  -10.171  2.338 0.5555555820
144994  -34.652  -9.336  -1.177 0.4444444478
154684  -34.605  -8.317  0.579 0.5555555820
90207  -34.720  -9.716  -0.241 0.4444444478
155343  -34.602  -8.091  -0.320 0.4444444478
102959  -27.099  3.828  2.577 0.5555555820
102945  -27.724  4.436  3.053 0.5555555820
103801  -28.439  5.150  3.568 0.5555555820
103802  -29.227  5.552  4.156 0.5555555820
104665  -30.231  6.638  4.330 0.5555555820
160557  -25.402  -19.918  2.777 0.4444444478
81603  -28.175  -18.210  3.620 0.2222222239
82627  -22.949  -17.853  2.939 0.4444444478
84461  -30.303  -16.353  1.783 0.2222222239
84481  -31.156  -15.889  1.643 0.2222222239
138562  -31.774  -15.488  1.769 0.1111111119
141178  -31.638  -13.514  1.685 0.4444444478
86306  -32.461  -15.110  0.994 0.3333333433
138025  -30.716  -13.098  1.456 0.4444444478
88257  -33.215  -12.210  2.128 0.6666666865
88258  -33.709  -12.027  1.783 0.4444444478
91168  -34.669  -8.835  -0.282 0.4444444478
92929  -34.379  -6.561  -0.489 0.4444444478
103800  -27.659  5.350  2.817 0.5555555820
104691  -27.554  6.165  2.519 0.5555555820
87308  -34.030  -13.970  -0.125 0.2222222239
152402  -30.703  6.138  4.579 0.5555555820
79594  -23.412  -21.069  3.765 0.4444444478
78606  -24.700  -20.956  3.443 0.4444444478
79595  -25.785  -20.611  4.018 0.4444444478
80581  -27.276  -19.266  4.654 0.2222222239
81565  -27.824  -18.774  5.120 0.2222222239
81566  -28.505  -18.394  5.540 0.1111111119
80579  -22.275  -19.926  3.968 0.4444444478
79605  -23.145  -20.267  3.589 0.4444444478
82629  -29.229  -17.154  3.486 0.1111111119
83576  -30.334  -15.990  3.512 0.1111111119
82587  -28.818  -17.695  5.118 0.1111111119
85320  -31.456  -15.269  3.426 0.1111111119
85341  -32.151  -15.224  2.527 0.1111111119
85343  -33.802  -14.467  2.548 0.1111111119
85375  -33.404  -15.551  0.787 0.1111111119
85389  -33.866  -15.362  0.098 0.1111111119
86348  -34.220  -14.857  -0.658 0.2222222239
87317  -34.443  -13.991  -0.898 0.2222222239
89319  -34.642  -10.976  -1.987 0.2222222239
89330  -34.476  -10.709  -2.999 0.2222222239
92069  -34.431  -7.528  -0.871 0.4444444478
92941  -34.100  -6.904  -1.538 0.3333333433
92949  -33.751  -7.166  -2.560 0.3333333433
93857  -34.416  -5.747  0.274 0.4444444478
93882  -33.960  -6.066  -1.289 0.3333333433
98341  -19.943  -0.255  1.447 0.4444444478
96585  -33.656  -2.775  1.563 0.4444444478
99219  -33.417  0.177  3.345 0.3333333433
102076  -23.460  3.856  0.146 0.4444444478
104667  -31.779  6.825  4.412 0.5555555820
102973  -25.674  4.511  1.263 0.5555555820
103814  -26.254  5.145  1.798 0.5555555820
158379  -28.745  5.983  3.723 0.5555555820
105500  -29.195  7.295  3.639 0.5555555820
105488  -29.805  7.155  4.043 0.5555555820
151193  -26.475  5.948  1.672 0.5555555820
81600  -23.346  -18.758  3.059 0.4444444478
85368  -26.858  -14.938  1.337 0.5555555820
86320  -28.695  -13.964  0.901 0.6666666865
89247  -33.933  -9.989  2.086 0.5555555820
90167  -33.853  -9.038  2.300 0.5555555820
161922  -34.486  -8.910  1.250 0.4444444478
93869  -34.173  -5.715  -0.595 0.4444444478
100145  -33.292  0.947  3.800 0.3333333433
85370  -29.279  -14.644  1.164 0.3333333433
145257  -28.746  -14.905  1.087 0.3333333433
80603  -25.777  -19.244  2.468 0.4444444478
81602  -27.574  -18.734  3.254 0.4444444478
80605  -27.076  -19.196  3.028 0.3333333433
81614  -26.533  -18.690  2.216 0.4444444478
80592  -26.046  -19.889  2.901 0.4444444478
81583  -27.686  -18.712  4.198 0.3333333433
82609  -28.701  -17.644  4.106 0.1111111119
81601  -24.214  -19.064  2.740 0.4444444478
79607  -24.691  -20.203  2.942 0.4444444478
162000  -24.419  -19.633  2.826 0.4444444478
82642  -24.485  -17.569  2.275 0.4444444478
80591  -24.923  -19.474  2.641 0.4444444478
136203  -25.412  -17.737  2.064 0.4444444478
145460  -26.311  -17.958  1.875 0.4444444478
136991  -28.056  -18.194  2.522 0.4444444478
82644  -28.746  -17.662  2.189 0.4444444478
82659  -27.463  -17.403  1.680 0.4444444478
82628  -28.674  -17.666  3.041 0.2222222239
83590  -29.174  -17.250  1.871 0.4444444478
83575  -29.793  -16.698  2.842 0.1111111119
83591  -29.907  -16.968  1.915 0.2222222239
85340  -31.643  -15.432  2.397 0.1111111119
84431  -31.023  -15.492  3.971 0.1111111119
84480  -30.580  -15.827  1.613 0.2222222239
84463  -31.345  -15.766  1.686 0.2222222239
86304  -31.690  -14.777  1.548 0.2222222239
85373  -32.673  -15.649  1.112 0.1111111119
87292  -32.911  -14.905  0.627 0.1111111119
85374  -32.969  -15.750  1.072 0.1111111119
86321  -29.436  -13.829  1.178 0.3333333433
136310  -31.117  -12.394  1.521 0.4444444478
88256  -32.007  -12.094  1.793 0.4444444478
87293  -33.766  -13.227  1.026 0.3333333433
87291  -32.648  -13.487  1.735 0.4444444478
88297  -34.610  -12.624  -0.704 0.1111111119
88279  -34.209  -11.658  1.338 0.4444444478
88240  -33.463  -11.033  2.008 0.5555555820
89301  -34.782  -11.298  -0.951 0.3333333433
91178  -34.541  -8.405  -1.131 0.4444444478
145707  -26.978  4.755  2.452 0.5555555820
104680  -29.363  6.475  4.050 0.5555555820
78607  -25.445  -20.467  3.281 0.4444444478
85356  -32.348  -15.442  1.696 0.1111111119
104690  -26.923  6.412  1.981 0.5555555820
87307  -33.428  -14.768  0.270 0.2222222239
162922  -24.092  -21.249  3.662 0.4444444478
79606  -23.992  -20.636  3.351 0.4444444478
79596  -26.320  -20.329  4.500 0.4444444478
80562  -26.843  -19.843  5.047 0.2222222239
79608  -26.167  -20.156  3.629 0.4444444478
79593  -22.596  -20.798  4.007 0.4444444478
161110  -21.899  -20.499  4.284 0.4444444478
83562  -29.728  -16.566  4.029 0.1111111119
82610  -29.292  -17.157  4.556 0.1111111119
159167  -32.511  -14.646  3.622 0.1111111119
73739  -23.344  -26.379  9.477 0.1111111119
136868  -21.025  -25.583  5.839 0.3333333433
73768  -22.503  -25.939  7.779 0.2222222239
73756  -23.303  -25.986  8.915 0.2222222239
157703  -23.717  -25.906  9.341 0.1111111119
74710  -23.735  -25.522  8.701 0.1111111119
160871  -20.036  -23.417  5.721 0.3333333433
75716  -19.604  -24.656  6.221 0.3333333433
75717  -20.350  -25.219  5.902 0.3333333433
75719  -22.418  -24.903  6.132 0.3333333433
75720  -23.256  -24.437  6.481 0.3333333433
74728  -23.230  -25.367  7.709 0.2222222239
75682  -24.085  -24.963  8.095 0.2222222239
75701  -23.678  -24.713  7.278 0.2222222239
78567  -18.910  -21.675  6.033 0.2222222239
77575  -19.330  -22.717  5.983 0.2222222239
76689  -20.802  -23.562  5.481 0.3333333433
75731  -21.252  -24.342  5.490 0.3333333433
75718  -21.561  -25.024  5.687 0.3333333433
75702  -24.469  -24.408  7.610 0.1111111119
79579  -19.638  -20.616  5.397 0.2222222239
77586  -19.786  -21.998  5.580 0.3333333433
78580  -20.182  -21.355  5.299 0.3333333433
77587  -20.688  -22.089  5.243 0.3333333433
79581  -21.040  -21.373  4.914 0.3333333433
77598  -21.575  -22.153  4.849 0.3333333433
153642  -21.189  -22.875  5.204 0.3333333433
77588  -22.015  -22.979  4.802 0.3333333433
76692  -23.204  -23.403  5.364 0.3333333433
77589  -22.805  -22.903  4.805 0.3333333433
76693  -23.984  -23.115  5.738 0.3333333433
77590  -24.412  -22.530  5.331 0.3333333433
77576  -24.776  -22.854  6.092 0.3333333433
76679  -25.219  -23.241  6.778 0.1111111119
77577  -25.538  -22.585  6.440 0.2222222239
79578  -19.111  -19.807  5.549 0.2222222239
80561  -19.998  -19.923  5.079 0.3333333433
79592  -21.257  -20.628  4.628 0.3333333433
159996  -21.947  -21.342  4.430 0.3333333433
77599  -22.430  -22.228  4.540 0.3333333433
78593  -22.889  -21.585  4.168 0.3333333433
77601  -24.081  -22.153  4.625 0.3333333433
78594  -23.727  -21.683  4.095 0.3333333433
77591  -25.171  -22.278  5.677 0.3333333433
78568  -25.842  -21.922  6.098 0.1111111119
80559  -18.782  -19.050  5.728 0.3333333433
78595  -24.550  -21.527  4.156 0.3333333433
78596  -25.256  -21.068  3.960 0.3333333433
79582  -25.798  -20.981  4.791 0.3333333433
138162  -34.377  -8.912  -2.311 0.2222222239
92079  -34.234  -7.823  -1.888 0.2222222239
91189  -34.049  -9.027  -3.613 0.2222222239
94771  -33.861  -4.308  0.025 0.3333333433
93868  -33.746  -5.217  -1.160 0.2222222239
74747  -21.727  -25.611  6.252 0.3333333433
74748  -22.474  -25.541  6.915 0.3333333433
75683  -24.860  -24.612  8.385 0.1111111119
78579  -19.432  -21.278  5.638 0.3333333433
158216  -20.283  -22.785  5.481 0.3333333433
76691  -22.421  -23.590  5.186 0.3333333433
76677  -23.597  -23.759  6.109 0.3333333433
76678  -24.399  -23.469  6.477 0.3333333433
161829  -20.731  -20.076  4.759 0.3333333433
138594  -25.188  -21.461  4.614 0.3333333433
72792  -22.711  -26.854  9.655 0.1111111119
73715  -23.628  -26.877  10.247 0.1111111119
74745  -19.691  -25.574  6.312 0.3333333433
74746  -20.430  -25.963  6.158 0.3333333433
73780  -20.498  -26.475  6.574 0.3333333433
73767  -20.981  -26.678  7.253 0.3333333433
73755  -21.864  -26.513  7.985 0.3333333433
160678  -24.228  -27.101  10.538 0.1111111119
74698  -24.321  -25.640  9.495 0.1111111119
76675  -19.485  -23.721  6.152 0.3333333433
74699  -25.201  -25.335  9.658 0.1111111119
75684  -25.652  -24.385  8.661 0.1111111119
76663  -25.627  -23.545  7.509 0.1111111119
77578  -26.263  -22.274  6.820 0.1111111119
78582  -25.489  -21.635  5.317 0.1111111119
79583  -26.517  -20.561  5.361 0.1111111119
95663  -33.453  -3.721  -0.649 0.2222222239
94782  -33.388  -4.415  -1.425 0.2222222239
82607  -19.370  -17.750  4.968 0.2222222239
87280  -21.317  -12.558  2.282 0.5555555820
161082  -19.728  -17.091  4.655 0.3333333433
80560  -19.624  -19.018  5.151 0.3333333433
80577  -20.524  -19.356  4.760 0.4444444478
157055  -21.376  -19.759  4.421 0.4444444478
92948  -33.228  -6.532  -3.220 0.2222222239
148637  -24.426  -26.622  10.404 0.1111111119
73738  -22.672  -26.327  8.719 0.1111111119
73781  -21.109  -26.179  6.379 0.3333333433
157517  -20.924  -24.968  5.607 0.3333333433
74727  -21.804  -26.155  7.000 0.3333333433
76676  -20.362  -24.278  5.781 0.3333333433
74749  -23.027  -25.015  6.882 0.3333333433
75732  -22.045  -24.351  5.455 0.3333333433
75733  -22.814  -24.109  5.704 0.3333333433
75721  -24.043  -24.110  6.856 0.2222222239
75703  -25.263  -24.125  7.912 0.1111111119
76662  -24.839  -23.821  7.193 0.1111111119
79563  -18.761  -20.634  5.987 0.2222222239
79580  -20.483  -20.668  5.005 0.3333333433
76690  -21.648  -23.656  5.236 0.3333333433
140486  -23.626  -22.753  5.011 0.3333333433
77600  -23.276  -22.266  4.471 0.3333333433
78581  -24.806  -21.929  4.955 0.3333333433
77564  -25.955  -22.928  7.150 0.1111111119
78583  -26.176  -21.261  5.709 0.1111111119
72771  -22.005  -27.398  9.760 0.1111111119
73779  -19.832  -26.372  6.483 0.3333333433
74726  -19.043  -26.037  6.723 0.2222222239
73766  -20.082  -26.942  6.942 0.3333333433
75715  -18.820  -24.087  6.600 0.2222222239
91188  -33.449  -8.258  -4.154 0.1111111119
90238  -33.752  -9.120  -4.663 0.1111111119
90258  -33.964  -9.097  -6.141 0.1111111119
90245  -33.686  -9.071  -5.438 0.1111111119
92092  -32.869  -7.542  -4.814 0.1111111119
92108  -32.795  -7.249  -6.351 0.1111111119
93881  -33.575  -5.688  -1.855 0.1111111119
92097  -32.543  -6.878  -5.861 0.1111111119
93892  -33.206  -5.752  -2.705 0.1111111119
92955  -32.553  -6.302  -5.341 0.1111111119
97444  -33.543  -1.662  2.287 0.2222222239
94791  -33.324  -5.062  -2.099 0.1111111119
93898  -32.621  -5.877  -3.945 0.1111111119
98344  -33.454  -0.562  1.694 0.1111111119
158689  -33.502  -0.558  3.045 0.2222222239
99228  -33.466  1.028  2.816 0.1111111119
97466  -33.248  -1.299  0.445 0.1111111119
152125  -33.315  0.052  1.384 0.1111111119
102071  -26.025  3.622  1.296 0.4444444478
159348  -33.463  1.863  2.781 0.1111111119
103828  -24.686  5.359  1.130 0.4444444478
101129  -33.459  2.412  2.330 0.1111111119
104679  -28.653  6.689  3.437 0.4444444478
104668  -32.403  6.813  4.141 0.3333333433
103803  -32.597  6.117  4.067 0.2222222239
149469  -33.292  5.245  3.380 0.1111111119
145675  -33.484  3.248  2.653 0.1111111119
146948  -33.456  4.062  2.407 0.1111111119
104692  -28.056  6.783  2.750 0.4444444478
105513  -27.731  7.552  2.361 0.4444444478
148890  -27.878  8.339  2.286 0.4444444478
153405  -29.130  7.945  3.266 0.4444444478
106351  -29.390  8.633  3.275 0.4444444478
105501  -29.875  7.917  3.702 0.4444444478
106352  -30.209  8.822  3.601 0.4444444478
156307  -30.955  9.036  3.749 0.4444444478
106347  -31.700  8.038  3.957 0.2222222239
106354  -32.413  8.218  3.637 0.2222222239
105502  -32.715  7.364  3.693 0.2222222239
106355  -33.096  7.818  3.184 0.2222222239
104682  -33.341  6.525  2.999 0.2222222239
110697  -31.241  14.037  0.561 0.1111111119
146606  -32.210  11.904  1.323 0.1111111119
146185  -33.300  7.114  0.888 0.1111111119
149840  -24.594  5.900  1.580 0.4444444478
104701  -25.209  6.471  1.496 0.4444444478
104702  -25.894  6.447  1.317 0.4444444478
149166  -26.133  7.200  1.476 0.3333333433
105527  -27.151  8.170  1.809 0.4444444478
107135  -28.224  9.798  2.568 0.4444444478
107841  -28.915  10.116  3.193 0.4444444478
107126  -29.619  9.494  3.375 0.4444444478
140966  -30.521  9.662  3.580 0.4444444478
109301  -27.680  12.110  2.258 0.3333333433
163501  -30.525  11.099  3.531 0.3333333433
108600  -31.320  11.231  3.283 0.1111111119
107843  -31.767  10.389  3.334 0.1111111119
107857  -32.437  10.508  2.346 0.1111111119
106366  -32.909  8.643  2.995 0.2222222239
107147  -32.782  9.807  2.135 0.1111111119
107868  -32.605  10.588  1.549 0.1111111119
103813  -23.756  5.975  2.402 0.2222222239
107146  -26.848  9.677  1.406 0.3333333433
107855  -28.251  10.631  2.714 0.3333333433
108597  -28.960  11.007  3.321 0.4444444478
141443  -28.286  12.912  2.588 0.2222222239
109287  -28.985  11.872  3.349 0.2222222239
108599  -30.570  11.797  3.369 0.2222222239
109290  -31.188  12.107  2.976 0.1111111119
109960  -28.125  13.665  2.106 0.1111111119
109961  -29.102  13.617  2.611 0.1111111119
109962  -29.944  13.752  2.479 0.1111111119
108623  -32.073  11.840  1.843 0.1111111119
110667  -28.762  14.428  2.064 0.1111111119
162474  -30.248  14.028  2.062 0.1111111119
109964  -31.295  13.105  1.863 0.1111111119
151614  -25.607  7.030  1.509 0.3333333433
106376  -26.604  8.850  1.368 0.3333333433
106363  -25.172  8.683  1.857 0.3333333433
107155  -25.982  9.544  0.845 0.3333333433
107867  -26.837  10.624  1.371 0.3333333433
108610  -27.599  11.114  2.119 0.3333333433
145154  -27.624  12.926  2.008 0.2222222239
110683  -28.573  15.098  1.436 0.1111111119
109963  -30.869  13.900  1.481 0.1111111119
139487  -29.681  15.802  -0.286 0.1111111119
148874  -24.171  8.754  4.403 0.1111111119
150319  -24.651  9.000  3.206 0.1111111119
107144  -25.223  9.695  1.657 0.2222222239
107864  -24.956  10.547  1.255 0.2222222239
160460  -25.512  10.325  0.549 0.3333333433
108632  -24.826  11.479  -0.008 0.2222222239
108622  -26.877  11.525  1.432 0.3333333433
108633  -25.261  11.440  0.090 0.3333333433
109325  -25.282  12.062  -0.170 0.2222222239
109985  -25.606  12.652  -0.274 0.1111111119
110705  -24.904  13.431  -1.460 0.1111111119
110693  -26.059  14.034  -0.348 0.1111111119
160386  -26.742  15.120  0.007 0.1111111119
110682  -27.896  14.431  1.553 0.1111111119
110695  -27.749  15.128  0.826 0.1111111119
111425  -28.454  15.711  0.657 0.1111111119
111414  -29.965  15.123  1.049 0.1111111119
110706  -31.347  14.204  -0.179 0.1111111119
109987  -31.691  13.462  -0.069 0.1111111119
107123  -24.509  9.275  3.936 0.1111111119
107119  -24.979  9.786  4.501 0.1111111119
107839  -24.832  9.687  3.186 0.1111111119
107840  -25.021  10.390  3.195 0.1111111119
109300  -24.551  12.125  1.368 0.1111111119
109324  -24.597  12.093  -0.351 0.2222222239
109972  -23.791  12.708  -0.575 0.1111111119
109333  -23.914  12.667  -1.069 0.1111111119
110703  -23.643  14.062  -2.343 0.1111111119
110704  -24.252  14.065  -2.390 0.1111111119
111435  -24.572  14.892  -2.726 0.1111111119
107831  -25.609  10.234  5.036 0.1111111119
107114  -26.100  9.837  5.785 0.1111111119
108584  -25.812  11.094  4.889 0.1111111119
109285  -25.267  12.413  2.389 0.1111111119
109946  -25.604  13.352  2.420 0.1111111119
151587  -24.740  12.826  1.545 0.1111111119
110665  -25.095  13.720  1.413 0.1111111119
110692  -23.663  14.261  -1.655 0.1111111119
108585  -26.346  11.634  5.534 0.1111111119
109267  -26.594  12.454  5.322 0.1111111119
109277  -26.369  12.699  4.367 0.1111111119
90253  -34.181  -9.893  -5.655 0.1111111119
154010  -33.142  -8.293  -5.201 0.1111111119
91201  -33.038  -8.245  -5.944 0.1111111119
92110  -33.658  -7.772  -6.365 0.1111111119
95674  -33.028  -3.658  -1.652 0.1111111119
93891  -32.792  -5.080  -3.112 0.1111111119
99235  -33.404  0.832  1.775 0.1111111119
152805  -25.613  5.228  1.412 0.4444444478
105490  -31.349  7.464  4.231 0.4444444478
105491  -32.108  7.484  4.102 0.3333333433
104681  -32.909  6.649  3.625 0.2222222239
103804  -33.115  5.921  3.486 0.1111111119
103816  -33.462  5.644  2.683 0.1111111119
161722  -33.456  3.580  2.051 0.1111111119
106350  -28.621  8.373  2.783 0.4444444478
107137  -33.094  8.938  2.263 0.2222222239
108612  -31.760  11.602  2.573 0.1111111119
108613  -32.272  11.157  2.108 0.1111111119
107156  -32.914  9.453  0.732 0.1111111119
107854  -27.585  10.235  2.029 0.3333333433
109976  -31.551  13.310  0.955 0.1111111119
108631  -24.679  11.481  0.233 0.2222222239
109984  -24.642  12.570  -1.002 0.1111111119
108592  -25.656  11.324  4.075 0.1111111119
109973  -24.160  13.190  0.360 0.1111111119
111448  -23.584  14.687  -2.976 0.1111111119
109947  -26.500  13.899  3.202 0.1111111119
92100  -35.236  -7.749  -4.475 0.1111111119
91195  -34.279  -8.361  -6.097 0.1111111119
151808  -33.576  -2.962  0.757 0.2222222239
98332  -33.517  -0.932  2.352 0.2222222239
100160  -33.441  1.649  2.091 0.1111111119
102971  -24.261  4.849  0.696 0.4444444478
103830  -26.041  5.877  1.307 0.4444444478
107125  -28.836  9.240  2.926 0.4444444478
106364  -27.413  8.918  1.794 0.4444444478
107842  -29.887  10.469  3.493 0.4444444478
108598  -29.781  11.428  3.499 0.2222222239
107113  -25.177  9.479  5.400 0.1111111119
107107  -25.635  9.277  6.222 0.1111111119
109276  -25.673  11.993  3.495 0.1111111119
109286  -26.072  12.972  3.350 0.1111111119
142610  -35.297  -8.617  -4.827 0.1111111119
90239  -34.157  -9.934  -4.250 0.1111111119
90246  -34.085  -9.984  -5.097 0.1111111119
91202  -34.593  -9.203  -6.073 0.1111111119
92093  -35.691  -7.525  -3.549 0.1111111119
91190  -35.624  -8.323  -3.926 0.1111111119
92962  -34.505  -7.194  -5.112 0.1111111119
92973  -32.907  -7.021  -6.399 0.1111111119
93913  -33.431  -5.966  -5.858 0.1111111119
93897  -32.416  -5.469  -4.840 0.1111111119
95673  -32.515  -3.660  -2.591 0.1111111119
145375  -32.293  -4.372  -3.551 0.1111111119
159760  -32.330  -5.111  -4.094 0.1111111119
153931  -32.640  -3.072  -1.920 0.1111111119
97495  -32.268  -1.452  -1.433 0.1111111119
99246  -32.669  0.167  0.109 0.1111111119
102972  -24.986  4.387  0.529 0.4444444478
99247  -33.051  0.706  0.808 0.1111111119
100168  -33.204  1.548  1.284 0.1111111119
102988  -33.318  4.917  1.141 0.1111111119
102080  -33.103  3.309  0.824 0.1111111119
103827  -23.723  5.417  1.615 0.4444444478
103829  -25.365  5.721  1.283 0.4444444478
103843  -32.826  5.867  -0.017 0.1111111119
106383  -32.908  8.104  0.146 0.1111111119
104689  -24.342  6.638  2.049 0.2222222239
105524  -24.927  7.245  1.781 0.2222222239
105511  -24.822  7.945  2.018 0.2222222239
137166  -32.695  9.761  0.024 0.1111111119
105487  -23.292  7.424  4.634 0.1111111119
106362  -24.689  8.439  2.632 0.2222222239
109334  -32.138  12.716  -0.459 0.1111111119
109997  -32.079  12.739  -1.298 0.1111111119
144909  -23.795  8.133  4.464 0.1111111119
105471  -23.572  7.500  6.207 0.1111111119
106343  -24.892  8.990  5.975 0.1111111119
106338  -24.880  8.706  6.773 0.1111111119
111452  -31.109  14.863  -0.665 0.1111111119
106333  -25.307  8.541  7.635 0.1111111119
106334  -26.064  8.961  7.990 0.1111111119
111450  -24.507  15.903  -2.923 0.1111111119
112189  -25.906  16.643  -2.453 0.1111111119
112191  -28.038  17.021  -1.506 0.1111111119
138358  -28.828  16.834  -1.730 0.1111111119
107108  -26.354  9.621  6.634 0.1111111119
108574  -26.648  11.318  6.354 0.1111111119
110681  -25.653  14.927  1.435 0.1111111119
112175  -24.597  16.210  -0.711 0.1111111119
109939  -26.781  13.622  4.212 0.1111111119
96596  -33.476  -2.168  0.795 0.1111111119
102960  -33.432  4.734  2.930 0.1111111119
152333  -30.892  8.203  3.897 0.4444444478
92085  -33.318  -7.384  -3.674 0.1111111119
151021  -33.508  0.005  2.354 0.2222222239
105512  -26.852  7.263  1.817 0.4444444478
92956  -32.767  -6.773  -4.404 0.1111111119
92968  -33.262  -7.184  -6.383 0.1111111119
92966  -32.610  -6.560  -6.000 0.1111111119
97480  -33.140  -1.971  -0.128 0.1111111119
98355  -32.908  -0.556  0.241 0.1111111119
97465  -32.723  -1.179  -0.451 0.1111111119
147514  -33.369  3.015  1.688 0.1111111119
102974  -33.467  4.843  2.061 0.1111111119
102987  -33.106  4.184  0.590 0.1111111119
158912  -31.495  9.658  3.579 0.2222222239
161975  -32.045  9.877  3.381 0.2222222239
107136  -32.703  9.345  2.761 0.1111111119
158890  -33.419  7.391  1.695 0.2222222239
104704  -33.403  6.502  1.267 0.1111111119
109326  -32.045  12.686  0.414 0.1111111119
141765  -30.669  14.602  0.864 0.1111111119
107877  -32.736  10.229  0.733 0.1111111119
109315  -31.899  12.462  1.347 0.1111111119
109316  -32.351  11.876  0.720 0.1111111119
141065  -32.634  10.603  -0.006 0.1111111119
104714  -32.706  6.695  -0.306 0.1111111119
104715  -33.122  6.538  0.458 0.1111111119
106377  -33.300  8.374  1.593 0.2222222239
108611  -28.289  11.497  2.828 0.3333333433
107148  -33.097  9.212  1.484 0.2222222239
109303  -30.045  13.118  2.947 0.2222222239
109304  -30.930  12.832  2.637 0.1111111119
110668  -29.598  14.251  2.154 0.1111111119
105525  -25.501  7.811  1.575 0.3333333433
106374  -25.676  8.492  1.412 0.3333333433
107865  -25.243  10.134  0.823 0.3333333433
107866  -26.075  10.249  0.693 0.3333333433
109314  -26.970  12.418  1.419 0.2222222239
109975  -27.209  13.408  1.286 0.1111111119
110694  -27.043  14.280  0.689 0.1111111119
111413  -29.199  15.483  1.031 0.1111111119
161769  -29.671  15.525  0.495 0.1111111119
111426  -29.065  16.050  0.334 0.1111111119
110696  -30.430  15.186  0.145 0.1111111119
112192  -28.914  16.422  -0.635 0.1111111119
105479  -23.714  7.846  5.327 0.1111111119
141812  -24.158  8.413  3.564 0.1111111119
106346  -24.176  8.561  5.108 0.1111111119
107852  -25.068  10.214  2.298 0.1111111119
107875  -25.014  10.835  0.303 0.3333333433
108621  -26.092  10.993  0.588 0.3333333433
109313  -26.137  11.798  0.591 0.2222222239
109974  -26.302  12.605  0.521 0.1111111119
109995  -24.021  13.261  -1.927 0.1111111119
112177  -28.271  16.329  -0.191 0.1111111119
111424  -27.503  15.885  0.076 0.1111111119
107124  -24.867  9.925  3.763 0.1111111119
107118  -24.539  9.188  4.831 0.1111111119
107836  -25.314  10.544  4.090 0.1111111119
107112  -24.578  8.960  5.487 0.1111111119
107853  -25.082  10.858  2.551 0.1111111119
108609  -25.102  11.559  2.252 0.1111111119
108596  -25.280  11.106  3.281 0.1111111119
109312  -24.163  12.496  0.450 0.1111111119
109299  -24.632  11.628  1.292 0.1111111119
109311  -24.333  11.997  0.443 0.1111111119
110679  -23.884  13.653  -0.626 0.1111111119
109994  -23.724  13.571  -1.924 0.1111111119
110002  -23.720  14.119  -2.497 0.1111111119
111421  -23.704  15.428  -1.763 0.1111111119
147913  -25.513  14.729  -1.414 0.1111111119
111436  -25.331  15.647  -2.147 0.1111111119
111423  -26.425  15.871  -0.959 0.1111111119
107832  -26.156  10.751  5.696 0.1111111119
108593  -26.097  11.876  4.621 0.1111111119
110680  -24.730  14.320  0.477 0.1111111119
111422  -24.274  14.920  -0.579 0.1111111119
89345  -34.624  -10.391  -6.053 0.1111111119
92105  -34.007  -7.545  -6.098 0.1111111119
156725  -33.113  -2.394  -0.546 0.1111111119
103831  -33.479  5.697  1.677 0.1111111119
106384  -33.133  8.664  0.796 0.1111111119
107160  -32.833  8.938  0.061 0.1111111119
158408  -23.968  16.240  -2.903 0.1111111119
110651  -26.775  14.862  3.105 0.1111111119
92958  -35.241  -6.859  -4.117 0.1111111119
107100  -25.896  9.019  7.060 0.1111111119
96613  -32.820  -2.014  -0.891 0.1111111119
98365  -32.554  -0.399  -0.339 0.1111111119
103844  -33.254  5.758  0.788 0.1111111119
106388  -32.543  8.386  -0.567 0.1111111119
107882  -32.447  10.090  -0.711 0.1111111119
157501  -32.526  11.431  -0.056 0.1111111119
106342  -24.226  8.416  6.010 0.1111111119
112176  -27.267  16.512  -1.045 0.1111111119
111412  -25.117  15.599  0.495 0.1111111119
112166  -25.256  16.944  0.405 0.1111111119
112188  -24.148  16.538  -1.966 0.1111111119
72819  -20.300  -27.374  7.832 0.2222222239
89260  -20.539  -10.322  2.038 0.2222222239
90177  -20.468  -8.776  1.245 0.2222222239
84447  -20.237  -15.420  3.772 0.3333333433
88239  -21.330  -11.881  2.025 0.3333333433
89261  -21.296  -10.563  1.401 0.4444444478
90178  -20.851  -9.730  1.281 0.3333333433
102985  -23.559  4.393  0.498 0.3333333433
102069  -22.738  4.198  0.832 0.2222222239
103811  -22.269  5.302  2.975 0.1111111119
103812  -22.947  5.647  2.447 0.2222222239
98327  -19.125  -0.336  2.852 0.1111111119
87279  -20.803  -12.773  2.662 0.2222222239
98315  -18.702  -0.212  3.461 0.1111111119
101123  -20.348  2.444  1.708 0.1111111119
102060  -21.845  4.207  1.964 0.1111111119
102943  -21.981  5.028  3.331 0.1111111119
103799  -22.889  5.889  3.201 0.1111111119
101134  -21.387  3.471  1.161 0.1111111119
84429  -19.709  -15.948  4.194 0.2222222239
86301  -20.591  -13.336  3.001 0.2222222239
86302  -21.263  -13.384  2.529 0.3333333433
102068  -21.840  3.976  1.265 0.1111111119
150490  -18.917  -5.483  3.228 0.1111111119
102970  -23.078  4.824  1.170 0.3333333433
102957  -22.500  5.153  2.063 0.1111111119
88238  -20.661  -11.970  2.552 0.2222222239
102969  -22.128  4.559  1.703 0.1111111119
102956  -21.921  4.768  2.564 0.1111111119
152160  -21.093  3.296  1.585 0.1111111119
135991  -21.485  3.757  1.570 0.1111111119
85405  -34.472  -15.215  -0.646 0.1111111119
138395  -19.569  -27.821  7.871 0.1111111119
145071  -20.769  -27.621  8.874 0.1111111119
72806  -18.128  -28.166  7.758 0.1111111119
160046  -18.917  -27.354  7.153 0.1111111119
73765  -19.295  -26.891  6.811 0.1111111119
74744  -18.897  -25.032  6.691 0.1111111119
75700  -18.118  -24.305  7.211 0.1111111119
83559  -18.798  -16.294  4.979 0.1111111119
139980  -20.196  -9.393  2.016 0.1111111119
88252  -20.934  -11.207  2.021 0.1111111119
135917  -16.990  -2.460  4.717 0.2222222239
154402  -17.105  -1.159  6.359 0.2222222239
72817  -18.362  -27.492  7.499 0.1111111119
163149  -20.913  -8.545  0.526 0.1111111119
72808  -20.019  -28.024  8.550 0.1111111119
72809  -21.222  -27.068  8.327 0.1111111119
163639  -17.802  -27.627  7.734 0.1111111119
73764  -18.469  -26.653  7.255 0.1111111119
74725  -18.171  -25.446  7.352 0.1111111119
148650  -18.223  -23.600  6.926 0.1111111119
83543  -18.716  -16.993  5.574 0.1111111119
84428  -18.942  -15.694  4.560 0.1111111119
86284  -19.948  -13.208  3.461 0.1111111119
89244  -19.757  -9.982  2.786 0.1111111119
135663  -16.293  -2.161  6.782 0.2222222239
135834  -17.752  -0.223  7.206 0.2222222239
135658  -18.103  0.081  6.018 0.1111111119
72791  -21.949  -26.848  8.962 0.1111111119
71805  -19.306  -28.405  8.219 0.1111111119
135755  -17.655  -0.430  5.935 0.2222222239
135911  -18.151  -0.982  4.433 0.1111111119
147333  -19.967  -14.634  3.753 0.1111111119
91151  -20.556  -7.993  0.859 0.1111111119
83560  -19.255  -16.440  4.629 0.1111111119
77574  -18.311  -22.193  6.681 0.1111111119
78566  -18.256  -21.178  6.698 0.1111111119
82586  -18.850  -18.112  5.464 0.1111111119
82606  -19.142  -16.918  4.829 0.1111111119
76674  -18.658  -23.200  6.547 0.1111111119
72818  -19.484  -27.410  7.287 0.1111111119
141677  -20.237  -10.995  2.708 0.1111111119
84446  -19.523  -15.177  4.132 0.1111111119
87268  -19.532  -12.397  3.549 0.1111111119
72807  -18.872  -27.951  7.559 0.1111111119
71804  -18.557  -28.672  8.034 0.1111111119
72816  -17.755  -26.994  7.712 0.1111111119
83529  -18.696  -16.955  5.765 0.1111111119
135886  -16.643  -1.296  7.829 0.1111111119
73763  -17.596  -26.148  7.761 0.1111111119
160088  -17.567  -24.662  7.705 0.1111111119
82567  -18.458  -17.528  5.856 0.1111111119
135664  -18.711  0.360  6.623 0.1111111119
159030  -19.744  1.134  1.876 0.1111111119
135662  -16.750  -3.091  4.834 0.1111111119
99209  -19.293  0.288  2.736 0.1111111119
99222  -19.764  1.146  2.106 0.1111111119
101132  -20.594  2.425  1.090 0.1111111119
73740  -24.001  -26.160  9.957 0.1111111119
73741  -24.849  -25.953  10.201 0.1111111119
74709  -23.065  -25.799  8.376 0.2222222239
74711  -24.573  -25.155  8.888 0.1111111119
80580  -26.710  -19.718  4.172 0.4444444478
80593  -26.634  -19.612  3.327 0.3333333433
80594  -27.168  -19.220  3.763 0.3333333433
81615  -27.227  -18.754  2.554 0.4444444478
82660  -28.234  -17.561  1.809 0.4444444478
83586  -21.966  -16.177  2.911 0.6666666865
85321  -31.967  -14.960  3.572 0.1111111119
85352  -20.287  -13.998  3.360 0.2222222239
85357  -33.006  -15.290  1.851 0.1111111119
85358  -33.579  -15.177  1.604 0.1111111119
85369  -27.846  -15.127  1.290 0.3333333433
85385  -25.655  -14.094  0.832 0.8888888955
86323  -31.105  -14.250  1.708 0.3333333433
86334  -24.667  -13.410  0.600 0.8888888955
86335  -25.407  -13.342  0.507 0.8888888955
86339  -33.283  -15.419  0.482 0.1111111119
86340  -33.781  -15.214  -0.115 0.2222222239
87269  -20.263  -12.559  3.094 0.1111111119
87281  -32.018  -14.665  1.439 0.2222222239
87300  -24.657  -12.656  0.369 1.0000000000
87306  -29.692  -11.866  0.824 0.7777777910
87329  -34.781  -13.430  -1.716 0.1111111119
88254  -22.480  -11.625  0.951 0.7777777910
88271  -23.097  -11.410  0.448 1.0000000000
88293  -25.833  -11.453  -0.840 1.0000000000
89245  -32.021  -10.172  2.160 0.6666666865
89264  -31.529  -10.889  1.728 0.6666666865
89285  -34.538  -11.079  0.666 0.4444444478
89299  -27.473  -10.061  -0.949 1.0000000000
89315  -25.198  -9.582  -1.542 1.0000000000
89344  -34.169  -9.758  -5.872 0.1111111119
89346  -34.981  -10.725  -6.230 0.1111111119
89348  -34.420  -9.774  -6.069 0.1111111119
89349  -34.744  -9.989  -6.104 0.1111111119
90164  -31.310  -9.417  2.272 0.6666666865
90181  -34.223  -9.040  1.924 0.4444444478
90220  -25.662  -9.114  -1.641 1.0000000000
90222  -26.708  -9.499  -1.457 1.0000000000
90223  -34.518  -9.997  -2.111 0.2222222239
90252  -33.746  -9.000  -5.930 0.1111111119
90259  -34.358  -9.350  -6.129 0.1111111119
91127  -29.793  -8.031  1.905 1.0000000000
91128  -30.553  -8.693  2.164 0.7777777910
91144  -34.418  -8.264  1.577 0.6666666865
91156  -34.612  -9.248  0.577 0.4444444478
91165  -22.084  -8.727  -0.555 0.7777777910
91176  -26.077  -8.599  -1.710 1.0000000000
91196  -35.007  -8.931  -5.707 0.1111111119
91200  -32.748  -7.524  -6.245 0.1111111119
91205  -33.226  -8.118  -6.294 0.1111111119
91206  -33.863  -8.480  -6.285 0.1111111119
92014  -31.745  -7.648  3.494 0.7777777910
92034  -33.959  -7.487  2.670 0.6666666865
92047  -29.341  -7.300  1.666 0.8888888955
92048  -34.566  -7.480  1.094 0.5555555820
92074  -23.824  -7.254  -1.728 1.0000000000
92075  -25.201  -7.614  -2.035 1.0000000000
92086  -33.906  -8.079  -3.027 0.2222222239
92098  -32.616  -7.481  -5.822 0.1111111119
92099  -34.693  -8.094  -5.404 0.1111111119
92104  -32.623  -7.054  -6.218 0.1111111119
92109  -33.173  -7.531  -6.412 0.1111111119
92895  -29.491  -6.606  2.092 1.0000000000
92899  -33.648  -6.826  3.065 0.6666666865
92910  -19.910  -6.862  1.606 0.2222222239
92920  -27.868  -6.549  0.169 1.0000000000
92928  -27.779  -7.214  -0.214 1.0000000000
92935  -22.730  -6.385  -1.165 0.7777777910
92938  -26.070  -6.497  -2.029 1.0000000000
92940  -33.638  -6.346  -2.160 0.2222222239
92945  -24.888  -6.350  -2.390 0.8888888955
92946  -25.175  -6.190  -2.445 0.8888888955
92961  -32.559  -6.995  -5.370 0.1111111119
92967  -32.686  -6.625  -6.066 0.1111111119
92972  -32.662  -6.974  -6.208 0.1111111119
93831  -29.270  -5.189  2.095 0.8888888955
93834  -30.994  -6.165  3.888 0.7777777910
93856  -28.036  -5.777  0.664 1.0000000000
93863  -21.352  -5.079  -0.268 0.6666666865
93866  -26.535  -5.043  -1.238 0.8888888955
93876  -23.110  -5.738  -1.365 0.8888888955
93878  -24.618  -5.733  -2.372 0.8888888955
93879  -26.284  -5.795  -1.694 0.8888888955
93889  -25.246  -5.681  -2.489 0.8888888955
93912  -32.829  -5.892  -6.009 0.1111111119
94703  -17.375  -4.883  3.462 0.3333333433
94711  -29.634  -3.720  3.361 0.8888888955
94730  -29.400  -4.456  2.797 0.8888888955
94745  -28.335  -4.333  1.502 0.8888888955
94746  -33.997  -4.035  1.653 0.5555555820
94757  -20.577  -4.429  0.599 0.6666666865
94768  -22.349  -4.222  -1.101 0.7777777910
94769  -26.076  -4.187  -1.477 1.0000000000
94772  -34.048  -5.054  -0.269 0.5555555820
94778  -23.557  -4.331  -1.958 0.7777777910
94790  -32.920  -4.360  -2.379 0.1111111119
95572  -17.768  -3.855  4.076 0.4444444478
95619  -18.690  -3.808  3.159 0.4444444478
95634  -20.340  -3.653  0.921 0.6666666865
95635  -27.871  -3.661  1.416 0.8888888955
95637  -33.784  -3.492  1.236 0.4444444478
95657  -21.340  -3.509  -0.259 0.7777777910
95659  -22.627  -3.431  -1.468 0.8888888955
95662  -26.956  -3.788  -0.067 1.0000000000
95679  -24.727  -3.805  -2.498 0.8888888955
96525  -32.188  -2.454  4.757 0.5555555820
96536  -18.140  -3.217  3.882 0.4444444478
96544  -29.503  -2.208  3.719 0.8888888955
96561  -18.591  -2.403  3.419 0.3333333433
96584  -28.034  -2.880  1.910 0.8888888955
96595  -27.062  -2.704  0.799 1.0000000000
96608  -21.131  -2.546  -0.137 0.6666666865
96614  -33.362  -2.800  -0.077 0.2222222239
96628  -25.234  -2.874  -2.190 1.0000000000
96630  -33.035  -2.838  -1.062 0.1111111119
96640  -24.783  -3.170  -2.520 0.8888888955
97408  -31.658  -1.532  4.917 0.6666666865
97423  -29.814  -1.592  4.138 0.7777777910
97452  -19.804  -1.229  1.646 0.7777777910
97454  -26.932  -1.338  1.314 0.8888888955
97456  -33.489  -1.326  1.444 0.2222222239
97477  -22.196  -1.155  -1.198 0.7777777910
97479  -26.051  -1.812  -0.414 0.8888888955
97492  -24.158  -1.610  -2.299 1.0000000000
98309  -31.634  -0.645  5.027 0.5555555820
98311  -32.868  -0.403  4.438 0.4444444478
98314  -18.422  -0.730  4.029 0.1111111119
98321  -28.254  -0.549  3.015 0.6666666865
98353  -25.439  -0.377  -0.440 0.7777777910
98356  -33.310  -0.619  0.967 0.1111111119
98375  -23.174  -0.618  -1.824 0.7777777910
98376  -24.059  -0.294  -1.680 0.7777777910
99205  -32.240  0.668  4.880 0.5555555820
99207  -33.135  0.214  4.108 0.4444444478
99217  -28.739  0.558  3.721 0.6666666865
99233  -26.651  0.398  1.403 0.6666666865
99243  -24.605  1.277  -0.460 0.7777777910
99260  -24.830  0.432  -0.620 0.7777777910
99269  -23.643  0.394  -1.448 0.7777777910
100134  -31.731  1.470  4.860 0.5555555820
100154  -27.170  1.644  2.360 0.6666666865
100158  -25.451  1.945  0.481 0.6666666865
100163  -20.562  1.846  0.752 0.3333333433
100167  -32.819  1.526  0.530 0.1111111119
100176  -21.646  1.814  -0.318 0.5555555820
100178  -22.947  2.015  -0.894 0.5555555820
101108  -31.195  2.198  4.780 0.6666666865
101110  -32.903  2.351  4.481 0.5555555820
101111  -33.294  2.447  3.993 0.3333333433
101117  -27.885  2.497  3.287 0.6666666865
101137  -33.326  2.200  1.651 0.1111111119
101143  -23.376  3.271  -0.184 0.5555555820
101147  -33.021  2.358  0.924 0.1111111119
101152  -22.542  2.608  -0.436 0.4444444478
102035  -30.678  3.819  4.729 0.6666666865
102038  -33.130  3.856  3.962 0.2222222239
102053  -33.379  3.958  3.242 0.1111111119
102078  -24.820  3.717  0.339 0.5555555820
102935  -32.740  4.504  4.219 0.5555555820
102958  -26.471  4.177  1.870 0.4444444478
102986  -24.240  4.120  0.209 0.4444444478
103790  -31.482  6.046  4.647 0.5555555820
103815  -26.968  5.624  2.211 0.5555555820
104666  -31.024  6.765  4.484 0.4444444478
104678  -28.198  6.014  3.131 0.5555555820
104693  -33.492  6.507  2.170 0.1111111119
104703  -26.366  6.544  1.530 0.4444444478
105489  -30.522  7.374  4.174 0.5555555820
105499  -28.543  7.505  2.956 0.4444444478
105503  -33.144  7.131  3.259 0.2222222239
105514  -33.365  7.256  2.652 0.2222222239
105526  -26.316  8.078  1.473 0.3333333433
105536  -33.006  7.299  0.246 0.1111111119
105537  -33.256  7.829  0.873 0.1111111119
106353  -31.649  8.752  3.751 0.2222222239
106365  -28.141  9.028  2.352 0.4444444478
106367  -33.306  8.100  2.439 0.2222222239
106375  -26.040  8.818  1.194 0.3333333433
107133  -24.983  9.268  2.507 0.1111111119
107134  -27.653  9.527  2.018 0.4444444478
107145  -25.556  9.228  1.259 0.3333333433
107826  -26.554  10.390  6.460 0.1111111119
107844  -32.353  10.039  2.952 0.1111111119
107856  -32.057  10.856  2.833 0.1111111119
107874  -24.869  10.862  0.579 0.2222222239
107876  -25.394  10.856  0.331 0.3333333433
108608  -24.917  11.030  1.732 0.1111111119
108620  -24.665  11.291  0.857 0.2222222239
108624  -32.389  11.411  1.379 0.1111111119
108634  -32.609  11.041  0.723 0.1111111119
109288  -29.835  12.271  3.349 0.2222222239
109289  -30.546  12.461  3.119 0.2222222239
109302  -29.081  12.722  3.093 0.2222222239
109305  -31.553  12.351  2.236 0.1111111119
109323  -24.338  12.108  -0.216 0.2222222239
109327  -32.366  12.137  -0.058 0.1111111119
109983  -23.649  13.343  -1.529 0.1111111119
109986  -26.330  13.366  0.272 0.1111111119
110684  -29.372  14.896  1.662 0.1111111119
110685  -30.145  14.515  1.605 0.1111111119
111434  -23.497  14.721  -2.508 0.1111111119
111449  -23.888  14.719  -3.183 0.1111111119
112187  -23.599  15.508  -2.770 0.1111111119
137426  -19.091  0.667  3.921 0.1111111119
137523  -32.848  9.873  1.340 0.1111111119
137975  -33.369  3.987  1.517 0.1111111119
138097  -32.283  9.250  3.357 0.1111111119
138264  -30.946  10.446  3.566 0.3333333433
139905  -28.056  -16.079  1.411 0.3333333433
140153  -23.837  15.550  -3.242 0.1111111119
141165  -31.526  -15.410  1.706 0.2222222239
141290  -25.102  5.003  0.986 0.4444444478
142469  -34.731  -10.623  -0.153 0.3333333433
143100  -31.817  -8.890  2.846 0.7777777910
143478  -24.019  12.375  -0.290 0.1111111119
144235  -22.987  -1.904  -1.977 0.8888888955
144372  -33.692  -4.540  -0.687 0.3333333433
145714  -34.756  -10.292  -1.082 0.2222222239
146382  -27.164  -17.036  1.588 0.4444444478
146766  -32.377  2.985  4.575 0.5555555820
148177  -25.517  13.102  -0.640 0.1111111119
148448  -31.658  5.168  4.703 0.4444444478
149180  -29.999  5.884  4.432 0.5555555820
149234  -22.358  0.482  -1.134 0.6666666865
149629  -31.878  13.255  -0.859 0.1111111119
149674  -25.085  -4.462  -2.579 0.8888888955
150260  -27.830  0.135  2.785 0.6666666865
150793  -33.565  -2.082  1.731 0.5555555820
150850  -29.393  -0.935  3.854 0.6666666865
150866  -33.381  1.740  3.505 0.1111111119
151539  -24.957  -5.157  -2.672 0.8888888955
151575  -23.450  -5.045  -1.715 0.7777777910
152766  -33.099  -1.156  4.242 0.4444444478
153139  -17.369  -2.284  4.486 0.2222222239
153244  -33.025  -0.050  0.706 0.1111111119
153471  -28.446  4.102  3.657 0.6666666865
155095  -34.388  -9.644  1.390 0.5555555820
155212  -17.328  -27.357  7.963 0.1111111119
155575  -30.588  13.487  2.276 0.1111111119
155590  -33.043  -6.586  -6.250 0.1111111119
155886  -27.415  6.840  2.290 0.5555555820
156541  -28.556  -11.581  0.129 1.0000000000
156564  -30.295  -7.222  2.876 0.8888888955
157061  -33.673  -8.026  2.837 0.7777777910
157461  -29.867  2.799  4.594 0.6666666865
158816  -28.428  12.236  2.891 0.2222222239
160011  -24.392  13.020  1.010 0.1111111119
161418  -28.226  7.938  2.572 0.4444444478
161535  -31.009  14.603  0.169 0.1111111119
162024  -29.590  4.096  4.401 0.6666666865
162434  -31.596  2.809  4.675 0.5555555820
162684  -19.336  -5.595  2.626 0.1111111119
164416  -32.124  6.311  4.442 0.3333333433
