#!ascii label  , from subject sub-v1s0x0050653_ses-1 vox2ras=TkReg
1717
145512  -17.007  -86.099  -8.145 0.5000000000
14197  -16.709  -87.025  -8.230 0.6000000238
143193  -27.211  -87.109  -7.083 0.3000000119
12366  -15.845  -88.572  -8.479 0.5000000000
16200  -24.662  -84.161  -7.120 0.4000000060
16190  -25.272  -84.674  -6.761 0.4000000060
15193  -26.678  -85.901  -6.718 0.4000000060
14181  -27.025  -86.385  -7.025 0.3000000119
15191  -25.299  -84.830  -5.816 0.4000000060
137179  -14.961  -84.345  -8.013 0.5000000000
16221  -15.310  -84.689  -8.177 0.5000000000
15217  -16.512  -85.313  -8.224 0.5000000000
15210  -13.997  -85.071  -8.208 0.6000000238
15215  -14.754  -85.381  -8.354 0.5000000000
144177  -16.126  -86.139  -8.286 0.6000000238
12344  -27.404  -88.799  -6.275 0.3000000119
150147  -14.701  -87.835  -8.896 0.5000000000
17181  -22.452  -83.176  -6.795 0.5000000000
17188  -23.133  -83.555  -7.295 0.5000000000
13240  -28.130  -87.390  -6.621 0.3000000119
13254  -14.286  -87.234  -8.747 0.6000000238
13255  -15.486  -87.839  -8.630 0.5000000000
143758  -23.439  -83.610  -5.820 0.5000000000
16189  -24.085  -83.785  -6.484 0.4000000060
15182  -25.793  -85.484  -5.335 0.4000000060
147659  -27.888  -86.558  -5.897 0.3000000119
14175  -27.670  -86.720  -6.596 0.3000000119
16174  -23.047  -83.868  -4.898 0.4000000060
163025  -24.661  -84.588  -5.284 0.4000000060
152871  -25.004  -85.197  -4.798 0.4000000060
15181  -24.140  -84.816  -4.336 0.4000000060
15188  -15.099  -86.125  -5.633 0.6999999881
15197  -15.405  -85.348  -6.306 0.6999999881
156371  -16.078  -84.965  -6.351 0.6999999881
16224  -17.855  -84.921  -8.348 0.5000000000
15186  -13.700  -85.611  -5.335 0.6999999881
15195  -13.675  -85.421  -6.223 0.6999999881
16194  -15.108  -84.638  -7.164 0.8000000119
137731  -14.618  -84.435  -7.815 0.5000000000
137126  -13.691  -84.772  -7.932 0.6999999881
16216  -18.949  -84.163  -8.262 0.5000000000
144807  -12.763  -85.100  -7.273 0.6999999881
164494  -19.840  -83.256  -7.559 0.4000000060
17180  -21.600  -83.023  -6.898 0.5000000000
11449  -28.177  -89.098  -5.631 0.3000000119
15208  -12.601  -85.706  -7.736 0.6000000238
17173  -20.727  -83.076  -6.268 0.5000000000
17174  -21.700  -83.125  -6.000 0.5000000000
12345  -28.682  -88.357  -5.989 0.3000000119
14191  -13.129  -86.082  -8.156 0.5000000000
16187  -21.738  -83.412  -5.046 0.5000000000
16157  -21.882  -84.210  -3.625 0.4000000060
16173  -22.205  -83.734  -4.495 0.4000000060
15167  -24.648  -85.566  -3.848 0.4000000060
14167  -26.280  -86.068  -4.854 0.4000000060
14168  -27.109  -86.301  -5.373 0.4000000060
15165  -22.442  -84.690  -3.170 0.3000000119
15166  -23.262  -84.750  -3.640 0.4000000060
18153  -13.530  -82.640  -4.583 0.5000000000
17164  -13.623  -83.677  -4.550 0.6000000238
16170  -14.332  -84.372  -4.143 0.6000000238
15175  -14.267  -86.085  -4.809 0.6000000238
14172  -14.859  -86.424  -4.920 0.6000000238
18119  -13.044  -82.263  -2.789 0.5000000000
18137  -12.995  -82.172  -3.858 0.5000000000
18136  -12.450  -82.587  -4.053 0.6000000238
17171  -12.827  -84.202  -4.859 0.6000000238
17163  -13.262  -84.870  -4.948 0.6999999881
16207  -16.788  -83.888  -7.410 0.6000000238
9617  -27.783  -92.207  -1.928 0.3000000119
17107  -12.995  -83.875  -0.973 0.6999999881
17134  -11.961  -83.293  -2.641 0.6000000238
17150  -11.914  -83.092  -3.565 0.6000000238
17162  -12.142  -83.449  -4.439 0.6000000238
156681  -12.308  -83.954  -4.676 0.6999999881
16180  -12.250  -84.908  -5.407 0.6999999881
16196  -17.129  -83.930  -6.658 0.6000000238
17176  -17.681  -83.559  -7.312 0.6000000238
17190  -18.249  -83.956  -7.911 0.5000000000
159733  -13.418  -83.792  -0.185 0.6999999881
16126  -12.366  -84.541  -1.537 0.6000000238
16139  -11.820  -84.126  -2.307 0.6000000238
17149  -11.523  -83.539  -3.914 0.6000000238
16168  -11.097  -84.322  -4.661 0.6999999881
15194  -11.364  -85.525  -6.344 0.6999999881
17184  -19.171  -83.230  -7.301 0.5000000000
11440  -27.609  -89.698  -5.175 0.3000000119
16093  -13.718  -84.122  0.287 0.6999999881
16110  -13.386  -84.476  -0.387 0.6000000238
15115  -13.343  -85.446  -0.622 0.6999999881
15158  -11.543  -85.744  -3.398 0.6000000238
153329  -11.210  -85.818  -4.236 0.6000000238
15201  -11.990  -85.666  -7.296 0.6999999881
16197  -18.372  -83.652  -6.083 0.5000000000
16185  -20.016  -83.524  -5.335 0.5000000000
15131  -12.941  -86.032  -1.187 0.6000000238
14138  -12.518  -86.840  -2.697 0.6000000238
14171  -10.798  -86.477  -5.720 0.6000000238
14182  -10.947  -86.814  -7.095 0.6000000238
14188  -11.175  -87.111  -7.402 0.6000000238
150461  -19.289  -84.477  -4.719 0.5000000000
13232  -28.738  -87.709  -6.166 0.3000000119
14092  -14.024  -86.046  -0.092 0.6999999881
14110  -13.605  -86.492  -0.697 0.6000000238
14126  -12.710  -86.414  -1.932 0.6000000238
15159  -11.980  -86.448  -3.121 0.6000000238
14163  -11.350  -86.692  -4.543 0.5000000000
14162  -11.001  -86.797  -5.172 0.5000000000
12356  -10.699  -88.061  -7.237 0.5000000000
13248  -11.591  -87.603  -7.891 0.5000000000
15180  -20.527  -84.409  -3.826 0.5000000000
140725  -23.042  -85.568  -1.804 0.3000000119
15151  -23.127  -85.216  -2.750 0.3000000119
144436  -23.904  -85.817  -2.368 0.3000000119
15153  -25.099  -86.137  -3.236 0.4000000060
14155  -25.971  -86.273  -3.704 0.4000000060
12357  -10.859  -88.369  -7.581 0.5000000000
15150  -22.166  -85.071  -2.205 0.3000000119
140083  -23.881  -85.369  -3.350 0.4000000060
19153  -14.322  -81.272  -4.051 0.5000000000
19152  -13.672  -81.804  -4.353 0.5000000000
157472  -15.047  -81.545  -4.822 0.5000000000
18154  -15.376  -82.065  -4.796 0.5000000000
148016  -15.294  -81.014  -1.545 0.5000000000
19105  -14.525  -81.440  -1.918 0.5000000000
19104  -13.798  -81.890  -2.336 0.5000000000
19165  -13.651  -82.077  -4.598 0.5000000000
17165  -14.597  -83.026  -4.417 0.5000000000
16140  -15.555  -85.452  -2.853 0.6000000238
14151  -15.344  -86.340  -3.633 0.6000000238
18079  -13.405  -82.789  -0.717 0.5000000000
14165  -16.111  -86.499  -4.335 0.6000000238
144922  -16.949  -85.316  -5.545 0.8000000119
8801  -27.466  -93.198  -0.791 0.3000000119
18046  -13.692  -82.922  0.892 0.6000000238
17091  -13.617  -83.349  0.466 0.6000000238
18100  -13.221  -82.572  -1.703 0.6000000238
158075  -17.361  -86.346  -3.633 0.4000000060
8814  -28.343  -92.841  -1.563 0.3000000119
16077  -14.005  -83.738  0.971 0.6999999881
15190  -17.577  -85.314  -5.069 0.5000000000
16182  -16.708  -84.755  -6.141 0.6000000238
10496  -28.178  -91.349  -3.401 0.3000000119
10509  -28.477  -90.842  -3.813 0.3000000119
15074  -14.748  -85.290  1.285 0.6999999881
137952  -18.966  -85.422  -3.872 0.4000000060
10524  -28.730  -90.092  -4.410 0.3000000119
15097  -14.428  -85.647  0.557 0.6000000238
14169  -28.389  -86.881  -5.553 0.3000000119
14074  -15.103  -86.735  1.690 0.6000000238
136149  -14.896  -87.120  1.147 0.6999999881
14127  -13.306  -86.937  -1.409 0.6000000238
13207  -12.846  -87.779  -2.975 0.5000000000
13215  -12.414  -88.073  -3.660 0.5000000000
12347  -10.555  -87.920  -6.394 0.6000000238
15163  -19.493  -85.455  -3.146 0.4000000060
15179  -19.821  -84.806  -3.909 0.4000000060
159652  -22.710  -85.628  0.528 0.3000000119
15122  -23.247  -85.729  -0.199 0.3000000119
142594  -24.135  -85.842  -0.074 0.3000000119
141097  -23.828  -85.899  -1.173 0.3000000119
15152  -24.665  -86.150  -2.507 0.4000000060
145242  -27.710  -86.604  -4.922 0.3000000119
13180  -13.922  -87.487  -0.890 0.6000000238
13208  -13.362  -88.308  -2.458 0.5000000000
12302  -12.854  -88.749  -3.147 0.5000000000
12315  -11.778  -88.320  -4.262 0.5000000000
11444  -10.573  -89.023  -5.403 0.5000000000
11443  -10.336  -89.291  -5.946 0.6000000238
11453  -10.574  -89.177  -7.043 0.5000000000
136971  -20.806  -84.979  -2.686 0.3000000119
15136  -21.412  -85.337  -1.472 0.3000000119
13198  -13.705  -87.880  -1.721 0.5000000000
12316  -12.095  -88.869  -3.703 0.5000000000
11433  -10.521  -89.557  -4.666 0.5000000000
10505  -10.573  -90.335  -3.126 0.5000000000
20049  -15.725  -80.269  -2.263 0.5000000000
19128  -15.007  -80.712  -2.642 0.5000000000
20093  -15.211  -80.975  -4.702 0.5000000000
18155  -16.313  -81.656  -4.658 0.5000000000
18139  -16.157  -82.505  -4.148 0.5000000000
18138  -15.399  -82.889  -4.241 0.5000000000
19086  -14.696  -81.781  0.189 0.5000000000
20059  -14.882  -80.679  -3.661 0.5000000000
17136  -16.346  -83.999  -2.605 0.4000000060
18080  -14.052  -82.320  -0.271 0.5000000000
16141  -16.111  -84.973  -2.292 0.4000000060
8026  -27.592  -93.606  -0.195 0.3000000119
8027  -28.388  -93.800  -0.330 0.3000000119
18047  -14.166  -82.593  1.513 0.6000000238
15145  -16.177  -85.738  -2.372 0.4000000060
14140  -16.367  -86.256  -2.644 0.4000000060
139940  -14.114  -83.012  1.882 0.6000000238
17074  -13.879  -83.155  1.255 0.6000000238
8826  -28.664  -92.298  -2.215 0.3000000119
9630  -28.397  -91.792  -2.791 0.3000000119
15057  -15.015  -84.967  2.081 0.6000000238
15162  -18.513  -86.068  -2.868 0.4000000060
15058  -15.373  -85.712  2.727 0.6000000238
15134  -18.833  -85.708  -1.079 0.4000000060
15147  -19.137  -85.834  -2.166 0.4000000060
11442  -29.376  -89.163  -4.963 0.3000000119
137869  -20.542  -85.432  -1.763 0.3000000119
144872  -21.498  -85.532  -0.554 0.3000000119
137537  -16.203  -80.035  -3.540 0.5000000000
20079  -15.528  -80.463  -4.100 0.5000000000
20095  -16.838  -80.409  -4.387 0.5000000000
18140  -17.132  -82.158  -4.055 0.4000000060
19087  -15.496  -81.196  -0.399 0.5000000000
18121  -17.625  -82.743  -3.058 0.4000000060
17137  -17.199  -83.640  -2.248 0.4000000060
19088  -16.255  -80.730  -0.390 0.6000000238
16128  -17.195  -84.906  -1.268 0.4000000060
15132  -17.364  -85.416  -1.291 0.4000000060
8815  -29.021  -92.723  -1.573 0.3000000119
8038  -28.680  -93.332  -0.972 0.3000000119
16059  -14.617  -84.046  2.341 0.6000000238
14129  -17.465  -86.038  -1.716 0.4000000060
14142  -17.758  -86.281  -2.307 0.4000000060
15133  -17.961  -85.698  -1.075 0.4000000060
15119  -19.971  -85.532  0.086 0.4000000060
15135  -19.767  -85.646  -0.827 0.3000000119
15120  -20.830  -85.558  0.170 0.3000000119
14056  -15.554  -86.573  3.438 0.6000000238
20061  -16.314  -79.631  -2.978 0.5000000000
20081  -16.880  -79.441  -4.095 0.5000000000
19170  -17.711  -80.787  -4.409 0.4000000060
19154  -17.741  -81.595  -4.263 0.4000000060
20039  -16.602  -80.140  -0.994 0.5000000000
20924  -16.738  -79.262  -2.475 0.5000000000
18122  -18.549  -82.328  -2.931 0.4000000060
19069  -15.346  -81.400  0.647 0.6000000238
19070  -16.611  -80.948  0.252 0.6000000238
20040  -17.296  -79.915  -0.775 0.6000000238
17138  -18.013  -83.125  -2.111 0.4000000060
19068  -14.681  -81.878  1.152 0.6000000238
161707  -16.033  -81.209  0.942 0.6000000238
17110  -18.425  -84.220  -0.346 0.4000000060
16112  -18.135  -84.975  -0.194 0.4000000060
152408  -14.263  -82.584  2.408 0.6000000238
15117  -18.363  -85.381  -0.356 0.4000000060
16096  -19.351  -84.949  0.767 0.4000000060
15099  -19.516  -85.236  0.600 0.4000000060
16079  -20.565  -84.878  1.411 0.4000000060
9641  -28.739  -91.166  -3.332 0.3000000119
9632  -29.967  -91.159  -2.604 0.3000000119
16051  -14.663  -83.609  3.279 0.6000000238
15100  -20.325  -85.368  0.799 0.4000000060
158486  -30.185  -88.929  -4.910 0.3000000119
10510  -29.318  -90.351  -3.936 0.3000000119
16052  -15.210  -84.331  3.734 0.6000000238
137204  -15.831  -86.268  4.176 0.6000000238
15025  -15.995  -85.237  5.456 0.6999999881
17023  -14.662  -82.574  5.263 0.6999999881
15030  -15.933  -85.711  4.691 0.6000000238
16025  -15.596  -84.243  5.627 0.6999999881
137324  -15.671  -84.039  6.537 0.6999999881
158942  -16.155  -85.838  6.224 0.6000000238
136610  -14.733  -82.233  5.887 0.6999999881
18965  -15.284  -81.130  6.271 0.6000000238
16019  -16.132  -84.746  7.020 0.6999999881
17015  -15.260  -82.897  6.918 0.6999999881
20944  -16.691  -79.313  -3.742 0.5000000000
20082  -18.107  -78.947  -4.100 0.5000000000
20915  -17.632  -79.073  -1.369 0.5000000000
20926  -17.995  -78.376  -2.201 0.5000000000
20935  -17.658  -78.398  -3.220 0.5000000000
20083  -19.064  -79.636  -3.991 0.5000000000
19155  -18.524  -81.504  -4.023 0.4000000060
19071  -16.986  -81.165  1.050 0.6000000238
20026  -17.502  -80.552  0.063 0.6000000238
20041  -18.052  -79.592  -0.482 0.6000000238
20916  -18.412  -78.659  -1.165 0.6000000238
18102  -18.809  -82.845  -1.814 0.4000000060
19052  -14.676  -81.889  2.167 0.6000000238
20027  -18.380  -80.110  0.369 0.6000000238
20899  -18.922  -79.108  -0.097 0.6000000238
17124  -18.939  -83.337  -0.805 0.4000000060
18030  -14.473  -82.056  3.070 0.6000000238
19038  -15.314  -81.430  2.386 0.6000000238
137613  -16.860  -81.452  2.065 0.6000000238
19056  -18.861  -81.080  1.779 0.6000000238
20012  -18.647  -80.682  1.079 0.6000000238
17092  -19.347  -84.447  0.661 0.4000000060
17095  -22.083  -83.751  1.635 0.4000000060
19018  -14.770  -81.695  3.638 0.6000000238
19039  -16.005  -81.405  2.638 0.6000000238
19040  -17.506  -81.613  2.371 0.6000000238
147590  -19.186  -81.376  2.308 0.6000000238
19996  -20.380  -80.598  2.298 0.6000000238
17076  -20.846  -84.352  1.465 0.4000000060
17077  -21.515  -84.242  1.714 0.4000000060
153672  -14.541  -82.879  3.965 0.6000000238
151278  -15.294  -81.460  4.091 0.5000000000
19021  -16.787  -81.612  3.002 0.6000000238
18032  -19.198  -81.947  2.834 0.6000000238
19042  -19.876  -81.319  2.572 0.6000000238
19979  -21.561  -80.681  3.065 0.6999999881
16037  -15.530  -84.550  4.608 0.6999999881
18000  -14.487  -82.150  4.792 0.6000000238
144636  -16.323  -81.609  3.917 0.6000000238
18015  -17.259  -81.983  3.663 0.6000000238
19022  -20.049  -81.876  3.227 0.6000000238
137713  -22.156  -80.611  3.425 0.6000000238
20846  -23.149  -79.784  3.100 0.6000000238
161265  -18.657  -82.518  4.087 0.6000000238
18018  -20.130  -82.267  3.992 0.6000000238
19024  -21.718  -81.197  3.739 0.6000000238
136102  -23.183  -80.308  3.859 0.6000000238
18986  -15.007  -81.379  5.189 0.6000000238
19006  -16.816  -81.841  4.537 0.6000000238
137827  -20.215  -82.455  4.756 0.5000000000
18004  -20.946  -82.249  4.973 0.6000000238
19009  -22.179  -81.355  4.476 0.6000000238
18001  -17.330  -82.111  5.296 0.5000000000
16008  -15.928  -84.105  7.496 0.6999999881
17954  -15.289  -82.044  7.872 0.6999999881
18966  -15.851  -80.752  6.486 0.5000000000
17972  -17.456  -81.834  6.259 0.6000000238
17987  -18.393  -82.485  5.812 0.5000000000
17989  -20.403  -82.493  5.394 0.5000000000
17973  -18.402  -82.323  6.662 0.6000000238
23833  -15.910  -76.994  4.597 0.6000000238
23813  -14.809  -77.460  5.636 0.6000000238
22784  -13.702  -78.105  5.360 0.6000000238
21880  -18.094  -78.248  -3.633 0.5000000000
21866  -18.371  -77.958  -2.950 0.5000000000
20946  -18.818  -78.567  -3.695 0.5000000000
19129  -19.171  -81.649  -3.252 0.5000000000
18123  -19.413  -82.161  -2.407 0.4000000060
20028  -19.110  -79.866  0.786 0.5000000000
20901  -20.609  -78.128  -0.235 0.5000000000
18104  -20.479  -82.532  -1.095 0.4000000060
144848  -21.069  -82.700  -0.564 0.4000000060
155411  -20.287  -78.721  0.424 0.5000000000
137703  -21.034  -78.596  0.537 0.5000000000
17112  -19.809  -83.759  0.479 0.4000000060
18066  -21.336  -83.091  0.239 0.4000000060
147866  -22.061  -83.195  0.836 0.4000000060
20014  -20.972  -79.817  1.968 0.5000000000
20883  -21.448  -79.074  1.315 0.5000000000
20882  -20.426  -79.276  1.169 0.5000000000
18065  -20.596  -83.703  0.842 0.4000000060
19997  -21.717  -80.027  2.471 0.6000000238
20863  -21.853  -79.492  1.911 0.6000000238
19998  -22.297  -80.123  2.993 0.6000000238
20864  -22.518  -79.626  2.326 0.5000000000
19982  -24.480  -79.898  3.586 0.4000000060
20847  -24.916  -79.778  3.136 0.4000000060
20867  -25.401  -79.688  2.503 0.4000000060
19949  -23.408  -80.962  5.193 0.6000000238
19966  -23.789  -80.420  4.482 0.6000000238
20831  -26.156  -80.264  4.022 0.5000000000
158506  -26.701  -80.077  3.543 0.4000000060
145418  -26.892  -79.871  3.003 0.4000000060
160441  -27.577  -79.523  3.049 0.4000000060
13985  -15.813  -85.361  8.505 0.6999999881
18989  -21.776  -81.928  5.225 0.6000000238
139090  -24.931  -80.323  4.645 0.5000000000
20849  -27.419  -79.729  3.582 0.4000000060
19911  -15.538  -80.614  7.489 0.6000000238
17975  -20.246  -82.558  6.101 0.5000000000
18969  -21.779  -82.211  6.143 0.5000000000
144891  -24.697  -80.795  5.880 0.5000000000
19952  -26.204  -80.534  5.578 0.5000000000
19969  -26.595  -80.299  4.801 0.4000000060
20833  -27.881  -79.465  4.298 0.4000000060
18967  -16.670  -80.888  6.796 0.6000000238
18970  -22.488  -81.856  6.484 0.5000000000
164546  -17.418  -76.623  3.459 0.6999999881
23834  -16.720  -76.723  4.687 0.6000000238
150632  -18.192  -76.713  4.589 0.6999999881
23815  -16.427  -76.824  5.333 0.6000000238
22786  -19.055  -77.193  5.679 0.6000000238
23795  -14.518  -77.545  6.345 0.6000000238
23797  -16.538  -76.710  6.649 0.6000000238
23799  -18.633  -76.967  6.550 0.6000000238
22765  -19.496  -77.383  6.129 0.6000000238
22749  -20.332  -77.502  7.086 0.6000000238
21749  -13.263  -78.306  6.032 0.5000000000
23777  -14.802  -77.253  7.092 0.6000000238
23779  -16.699  -76.535  7.419 0.6000000238
23780  -17.791  -76.521  7.454 0.6000000238
23781  -18.813  -76.769  7.617 0.6000000238
19130  -19.947  -81.327  -3.131 0.5000000000
21733  -13.287  -78.212  6.859 0.5000000000
22764  -14.146  -77.623  6.958 0.5000000000
23763  -17.044  -76.367  8.308 0.5000000000
23764  -18.064  -76.401  8.402 0.5000000000
21850  -18.762  -77.899  -2.037 0.4000000060
21867  -19.144  -77.769  -2.693 0.5000000000
19131  -20.742  -81.409  -2.736 0.5000000000
19106  -20.174  -82.010  -2.042 0.4000000060
22731  -13.764  -77.829  8.292 0.5000000000
22732  -14.425  -77.352  8.702 0.5000000000
23745  -16.815  -76.587  9.771 0.5000000000
144479  -18.233  -76.490  9.220 0.5000000000
21852  -20.546  -77.271  -1.718 0.5000000000
18105  -21.368  -82.278  -1.334 0.4000000060
18084  -22.826  -82.532  -0.355 0.4000000060
18085  -23.548  -82.288  -0.645 0.4000000060
21712  -12.706  -78.878  8.220 0.5000000000
138955  -14.657  -77.505  9.741 0.5000000000
23743  -15.182  -76.873  9.091 0.6000000238
23724  -16.258  -76.941  10.250 0.6000000238
149527  -22.130  -82.752  -0.074 0.4000000060
21703  -13.826  -79.047  10.374 0.6000000238
21684  -14.280  -78.371  10.305 0.6000000238
22694  -15.901  -77.512  10.674 0.6999999881
20902  -21.940  -78.539  0.525 0.4000000060
21801  -23.248  -79.016  1.227 0.5000000000
151557  -12.672  -83.230  8.468 0.6000000238
20885  -23.778  -79.221  1.471 0.5000000000
20886  -24.944  -79.458  1.899 0.4000000060
16989  -13.126  -83.805  8.789 0.6000000238
149792  -24.197  -79.419  2.049 0.4000000060
15981  -14.615  -84.292  9.447 0.6000000238
144779  -15.410  -83.798  9.404 0.6000000238
20869  -27.284  -79.561  2.469 0.4000000060
18922  -15.502  -81.144  9.039 0.6000000238
17002  -15.760  -83.428  8.234 0.6999999881
18968  -17.705  -81.648  7.071 0.6000000238
18948  -18.004  -81.604  7.834 0.6000000238
144495  -19.167  -82.445  7.020 0.5000000000
17976  -21.014  -82.419  6.603 0.5000000000
23836  -18.980  -76.665  4.262 0.6999999881
22808  -19.405  -77.020  5.053 0.6999999881
148305  -20.234  -76.566  5.059 0.6000000238
22787  -19.881  -77.311  5.614 0.6000000238
23800  -20.676  -76.716  5.962 0.6000000238
22767  -20.768  -77.160  6.545 0.6000000238
23783  -21.385  -76.832  7.360 0.6999999881
22751  -21.409  -77.164  7.659 0.6000000238
23782  -19.656  -77.302  7.843 0.6000000238
142148  -20.909  -77.847  -2.996 0.5000000000
20936  -20.454  -78.732  -3.384 0.5000000000
20063  -20.446  -80.246  -3.475 0.5000000000
162212  -20.989  -80.651  -3.225 0.5000000000
23766  -19.688  -77.288  8.929 0.6000000238
22716  -21.438  -77.597  9.019 0.5000000000
20064  -21.249  -79.891  -3.432 0.5000000000
19108  -21.283  -81.809  -2.169 0.5000000000
18107  -22.924  -82.218  -1.257 0.4000000060
22696  -18.025  -77.667  10.875 0.6000000238
23727  -18.518  -77.188  10.368 0.6000000238
22698  -20.723  -78.084  9.583 0.5000000000
143624  -21.000  -77.453  -1.016 0.5000000000
17929  -12.624  -82.502  8.948 0.6000000238
149459  -12.279  -81.043  8.910 0.4000000060
20774  -12.707  -79.886  9.389 0.6000000238
21685  -15.736  -78.226  10.955 0.6000000238
21666  -16.482  -77.816  10.963 0.6000000238
149920  -19.933  -78.254  10.301 0.6000000238
21820  -22.803  -78.556  0.414 0.4000000060
21837  -22.587  -77.812  -0.866 0.4000000060
149632  -13.194  -82.110  9.721 0.5000000000
19860  -13.919  -80.667  10.502 0.5000000000
20752  -14.002  -79.792  10.594 0.6000000238
21683  -14.360  -79.093  10.721 0.6999999881
20755  -16.624  -78.924  10.802 0.6000000238
143975  -17.117  -78.508  10.997 0.6000000238
21688  -18.569  -78.207  10.951 0.6000000238
21802  -23.727  -78.824  0.635 0.5000000000
17930  -13.550  -82.888  9.659 0.6000000238
19861  -14.678  -80.450  10.676 0.6000000238
20753  -14.805  -79.499  10.852 0.6000000238
19864  -17.967  -79.586  10.484 0.6000000238
19865  -18.917  -79.878  10.749 0.6000000238
20758  -19.778  -79.578  10.774 0.6000000238
153838  -24.403  -79.242  1.292 0.4000000060
17922  -13.938  -82.175  10.230 0.5000000000
18890  -14.317  -81.368  10.464 0.6000000238
19882  -16.542  -79.909  9.599 0.6000000238
153543  -18.274  -80.347  9.991 0.6000000238
19884  -19.040  -80.667  10.260 0.6000000238
15980  -14.200  -83.574  9.654 0.6000000238
16986  -15.218  -82.980  9.756 0.6000000238
18903  -15.303  -81.238  9.859 0.6000000238
141184  -17.060  -80.114  8.883 0.6000000238
19883  -17.448  -79.961  9.686 0.6000000238
19898  -17.097  -80.338  8.183 0.6000000238
19913  -16.511  -80.403  7.513 0.6000000238
162280  -19.946  -82.243  7.736 0.5000000000
18949  -21.812  -82.214  7.082 0.5000000000
155132  -19.654  -76.028  2.621 0.6999999881
23838  -20.146  -76.149  3.970 0.6999999881
24956  -20.491  -75.036  1.434 0.6999999881
26008  -20.496  -74.623  2.893 0.6999999881
24931  -20.270  -75.485  3.395 0.6999999881
24913  -20.306  -75.874  4.335 0.6999999881
137845  -20.596  -75.868  5.971 0.6000000238
25961  -20.370  -74.968  6.604 0.6000000238
26926  -20.767  -74.594  8.379 0.5000000000
24858  -21.197  -76.358  7.162 0.6999999881
25932  -21.355  -75.520  8.372 0.5000000000
146675  -21.734  -76.228  8.366 0.5000000000
23748  -22.020  -76.655  8.830 0.5000000000
20937  -21.257  -78.712  -3.261 0.4000000060
136626  -22.119  -80.375  -3.246 0.5000000000
19133  -23.019  -80.830  -3.017 0.5000000000
143254  -22.828  -81.729  -2.169 0.5000000000
137430  -24.249  -81.566  -1.883 0.4000000060
22885  -21.427  -77.063  -1.630 0.4000000060
20065  -22.754  -79.843  -3.250 0.4000000060
144216  -20.953  -78.641  9.912 0.6000000238
147451  -20.290  -79.028  10.470 0.6000000238
137554  -21.270  -79.202  10.315 0.6000000238
145264  -20.304  -80.202  10.607 0.6000000238
20760  -21.545  -79.871  10.528 0.6000000238
157858  -18.763  -81.221  9.498 0.6000000238
18905  -20.466  -81.412  9.680 0.6000000238
19868  -21.831  -80.566  10.413 0.6000000238
18924  -18.285  -81.468  8.611 0.6000000238
18893  -21.274  -81.124  10.097 0.5000000000
17940  -19.711  -82.048  8.320 0.6000000238
18926  -20.482  -81.869  8.812 0.5000000000
148647  -21.281  -82.047  8.303 0.5000000000
27012  -21.116  -73.796  1.219 0.6999999881
27001  -20.905  -73.822  2.228 0.6999999881
26991  -20.109  -73.481  3.982 0.6999999881
25994  -20.336  -75.067  3.836 0.6999999881
26979  -19.897  -73.491  4.851 0.6000000238
25976  -19.997  -74.310  5.234 0.6999999881
25960  -19.944  -73.936  6.789 0.4000000060
144825  -21.351  -72.943  0.753 0.6999999881
158389  -21.186  -73.155  1.682 0.6999999881
28035  -20.512  -72.716  3.458 0.6000000238
28027  -20.039  -72.584  4.474 0.6000000238
160847  -20.369  -73.763  8.400 0.5000000000
28064  -19.513  -72.737  -0.736 0.6999999881
28066  -21.170  -71.831  -0.580 0.6999999881
26912  -21.018  -73.876  9.838 0.5000000000
28053  -19.129  -72.205  0.135 0.6999999881
25919  -21.273  -74.795  9.264 0.5000000000
163457  -18.769  -71.820  0.883 0.6000000238
146325  -18.173  -71.854  1.683 0.6000000238
29043  -17.571  -71.747  2.482 0.6000000238
147373  -15.965  -71.271  4.203 0.5000000000
158475  -15.720  -70.239  2.591 0.5000000000
20085  -23.616  -80.180  -3.354 0.4000000060
19135  -24.367  -81.008  -2.585 0.4000000060
18894  -22.187  -81.062  10.189 0.6000000238
162086  -19.687  -72.974  5.831 0.5000000000
26958  -19.741  -73.210  6.347 0.5000000000
28044  -21.420  -72.191  1.486 0.6000000238
143430  -21.097  -71.855  2.708 0.6000000238
152671  -20.089  -71.660  4.666 0.6000000238
139333  -19.801  -72.177  5.198 0.6000000238
27989  -19.797  -72.324  7.606 0.5000000000
26925  -20.070  -73.100  8.043 0.5000000000
141997  -20.600  -73.268  9.539 0.5000000000
29059  -21.149  -71.044  -0.613 0.6999999881
29053  -21.682  -71.199  0.693 0.6000000238
29045  -21.602  -71.222  1.676 0.6000000238
29028  -20.623  -71.064  4.062 0.6000000238
29984  -20.159  -70.837  4.844 0.6000000238
26904  -20.882  -73.033  10.272 0.5000000000
29058  -20.563  -70.882  -0.593 0.6999999881
30021  -21.474  -70.596  0.081 0.6000000238
30986  -21.435  -69.375  0.794 0.6000000238
30967  -21.267  -69.581  3.287 0.6000000238
30956  -20.241  -69.995  4.942 0.6000000238
29052  -18.740  -70.991  0.680 0.6000000238
30012  -20.628  -69.844  -0.096 0.6000000238
30985  -21.090  -69.080  0.355 0.6000000238
30968  -21.495  -68.948  2.466 0.6000000238
30002  -18.051  -70.104  0.711 0.6000000238
30983  -18.858  -69.213  0.770 0.6000000238
32004  -20.756  -68.452  0.802 0.6000000238
31997  -21.276  -68.410  1.861 0.6000000238
160342  -17.248  -70.222  1.247 0.5000000000
152713  -16.311  -70.585  2.502 0.5000000000
30975  -17.686  -69.436  1.272 0.5000000000
31995  -20.081  -68.037  1.358 0.6000000238
31996  -21.031  -67.914  1.463 0.6000000238
20066  -23.977  -80.710  -3.062 0.4000000060
29968  -13.760  -70.638  4.429 0.5000000000
31993  -17.290  -68.790  1.868 0.5000000000
31994  -18.645  -68.458  1.461 0.6000000238
33039  -20.565  -67.377  1.816 0.6000000238
30954  -14.079  -69.752  3.497 0.5000000000
30965  -15.363  -69.054  2.931 0.5000000000
31992  -16.542  -68.994  2.282 0.4000000060
31983  -17.976  -67.862  2.261 0.5000000000
33038  -19.304  -67.565  1.904 0.6000000238
155214  -19.596  -71.652  7.155 0.6000000238
27951  -20.157  -71.653  9.213 0.5000000000
27952  -20.371  -72.428  9.558 0.5000000000
141198  -19.551  -71.002  6.797 0.6000000238
29947  -19.791  -70.729  7.946 0.5000000000
28963  -20.723  -72.150  10.388 0.5000000000
30943  -19.934  -69.779  5.751 0.6999999881
30927  -19.756  -69.350  7.330 0.6999999881
30957  -20.820  -69.375  4.188 0.6000000238
31959  -20.042  -68.971  5.893 0.6999999881
31984  -21.288  -68.732  3.346 0.6000000238
31960  -20.480  -68.303  5.167 0.6999999881
31969  -21.246  -67.888  3.397 0.6000000238
33014  -21.032  -67.501  4.246 0.6999999881
33041  -21.068  -67.025  2.549 0.6000000238
148936  -21.363  -66.741  3.789 0.6999999881
30942  -13.114  -69.531  4.608 0.5000000000
31966  -15.095  -68.520  3.696 0.5000000000
33025  -17.369  -67.260  3.052 0.4000000060
33026  -18.578  -67.074  2.669 0.6000000238
34031  -20.824  -66.771  2.264 0.6000000238
30953  -13.712  -69.297  4.149 0.5000000000
31967  -15.843  -68.117  3.635 0.4000000060
33013  -17.952  -66.690  3.600 0.5000000000
28975  -20.452  -71.568  9.891 0.5000000000
29939  -20.322  -70.834  9.368 0.5000000000
30920  -19.864  -69.898  7.985 0.6000000238
30921  -20.186  -69.604  8.663 0.5000000000
30898  -21.086  -69.457  10.185 0.5000000000
31940  -19.882  -68.537  7.401 0.6999999881
32987  -19.899  -68.145  6.750 0.6999999881
32988  -20.090  -67.517  6.365 0.6000000238
34020  -21.302  -66.629  3.183 0.6999999881
137855  -20.493  -66.747  5.896 0.6000000238
34018  -20.468  -66.018  2.714 0.6000000238
144309  -21.315  -65.909  3.255 0.6000000238
33000  -15.497  -67.530  5.177 0.5000000000
33012  -17.105  -67.101  4.082 0.4000000060
158087  -19.091  -66.352  3.037 0.6000000238
33993  -15.859  -66.904  5.624 0.4000000060
33002  -17.106  -67.256  5.260 0.4000000060
158179  -17.654  -66.693  4.725 0.5000000000
34006  -18.378  -66.059  3.951 0.5000000000
157880  -20.339  -68.921  8.685 0.6000000238
31924  -21.110  -68.685  9.817 0.5000000000
31931  -20.235  -68.198  8.201 0.6000000238
143579  -21.208  -67.892  9.529 0.5000000000
32962  -20.303  -67.147  7.923 0.6000000238
33974  -20.324  -66.431  7.344 0.6000000238
33965  -21.186  -66.341  8.780 0.5000000000
34952  -20.606  -65.675  7.273 0.6000000238
33998  -21.422  -65.663  4.558 0.6999999881
34977  -20.923  -65.354  6.165 0.5000000000
35011  -21.137  -65.536  3.070 0.6000000238
156160  -19.460  -65.611  3.406 0.5000000000
33995  -17.364  -66.574  5.508 0.4000000060
34997  -18.790  -65.276  4.250 0.5000000000
30894  -13.711  -69.790  10.166 0.4000000060
30895  -14.635  -69.802  10.152 0.3000000119
30910  -14.163  -69.048  9.836 0.4000000060
147628  -22.211  -66.933  10.347 0.5000000000
31919  -13.678  -68.183  9.644 0.3000000119
31920  -14.596  -68.289  9.562 0.4000000060
155476  -20.900  -65.768  8.211 0.5000000000
33953  -21.838  -66.349  9.656 0.5000000000
33949  -12.677  -66.101  9.400 0.3000000119
32948  -14.067  -67.347  9.398 0.4000000060
34964  -20.970  -65.048  7.812 0.5000000000
34948  -12.802  -64.981  8.662 0.3000000119
34978  -21.380  -64.508  5.764 0.6000000238
36024  -21.459  -64.421  3.926 0.6999999881
35998  -21.510  -63.600  5.540 0.6000000238
36021  -18.723  -64.597  4.688 0.5000000000
36023  -20.994  -63.907  3.874 0.5000000000
152279  -20.187  -63.900  3.961 0.4000000060
37054  -21.267  -63.179  4.661 0.4000000060
28962  -15.380  -71.098  11.022 0.3000000119
29923  -15.065  -70.508  10.569 0.3000000119
146039  -15.591  -69.752  10.360 0.3000000119
31921  -15.473  -68.337  9.611 0.3000000119
32949  -15.846  -67.587  9.416 0.4000000060
34936  -22.233  -65.385  9.579 0.5000000000
154857  -13.491  -66.469  9.319 0.4000000060
146260  -15.346  -66.797  9.126 0.4000000060
34953  -21.977  -64.754  8.972 0.5000000000
34930  -13.582  -65.129  8.647 0.4000000060
34950  -14.836  -64.650  8.402 0.4000000060
35986  -21.284  -64.331  7.302 0.5000000000
35974  -21.529  -64.527  8.242 0.5000000000
159006  -13.364  -64.891  8.322 0.4000000060
151032  -21.501  -63.643  6.720 0.5000000000
150780  -21.497  -63.459  4.737 0.5000000000
37023  -21.501  -62.990  6.190 0.5000000000
158720  -16.976  -65.319  5.842 0.3000000119
36008  -18.077  -64.241  5.186 0.4000000060
38092  -20.038  -62.603  4.742 0.4000000060
38061  -21.243  -62.431  5.923 0.4000000060
28949  -15.819  -72.043  12.036 0.3000000119
29925  -16.478  -69.860  10.856 0.3000000119
31922  -16.284  -68.333  9.856 0.4000000060
33952  -16.864  -66.770  9.588 0.4000000060
33921  -23.955  -66.098  11.897 0.4000000060
33951  -16.122  -66.752  9.245 0.4000000060
34910  -23.618  -65.651  11.265 0.4000000060
34931  -15.320  -65.775  8.846 0.4000000060
35958  -16.365  -64.607  8.754 0.4000000060
34937  -22.791  -64.982  9.963 0.4000000060
163373  -15.407  -64.248  8.445 0.4000000060
35987  -21.688  -63.768  7.711 0.5000000000
35971  -14.589  -64.430  8.022 0.4000000060
37020  -15.702  -63.570  6.968 0.3000000119
37012  -22.139  -63.162  8.060 0.5000000000
38074  -18.226  -62.241  5.438 0.3000000119
29909  -16.641  -70.739  11.618 0.3000000119
164047  -17.005  -69.474  10.947 0.3000000119
30896  -16.624  -69.046  10.465 0.3000000119
32930  -17.426  -67.297  10.289 0.4000000060
33933  -17.446  -66.305  9.758 0.4000000060
34934  -18.067  -64.973  9.639 0.3000000119
34933  -17.372  -65.365  9.324 0.4000000060
34898  -24.547  -65.746  12.271 0.4000000060
34879  -25.688  -65.626  13.340 0.4000000060
35959  -17.406  -64.482  9.039 0.4000000060
34921  -23.998  -64.879  11.048 0.4000000060
35961  -23.338  -64.286  9.890 0.4000000060
37001  -15.900  -62.881  8.098 0.3000000119
35976  -23.041  -63.724  9.198 0.4000000060
35984  -15.170  -63.772  7.814 0.3000000119
37010  -15.819  -62.910  7.684 0.3000000119
38060  -16.459  -62.145  6.394 0.3000000119
39149  -20.893  -61.929  5.819 0.4000000060
30869  -17.462  -69.863  12.534 0.3000000119
137630  -17.671  -68.118  10.923 0.4000000060
33934  -18.105  -66.592  10.560 0.4000000060
34918  -18.083  -65.767  9.987 0.4000000060
153460  -27.666  -64.942  14.205 0.4000000060
34900  -25.716  -64.885  12.993 0.4000000060
162170  -18.071  -64.305  9.400 0.4000000060
35936  -24.609  -64.669  11.455 0.4000000060
37002  -16.586  -63.684  8.611 0.4000000060
35962  -24.102  -63.792  10.095 0.4000000060
35949  -25.170  -64.038  11.324 0.4000000060
38032  -16.215  -62.078  8.052 0.3000000119
36993  -24.467  -63.168  9.670 0.4000000060
40045  -15.634  -60.534  7.008 0.3000000119
37003  -22.824  -63.180  8.650 0.5000000000
38059  -16.064  -61.993  7.255 0.3000000119
40061  -16.185  -60.410  6.642 0.3000000119
39106  -22.855  -61.964  8.626 0.5000000000
39147  -19.649  -61.437  5.408 0.3000000119
39122  -21.727  -61.779  7.290 0.4000000060
37038  -19.195  -62.869  4.948 0.4000000060
31883  -17.905  -69.027  12.637 0.3000000119
35945  -18.654  -64.499  10.056 0.3000000119
36991  -18.874  -62.936  9.538 0.3000000119
35906  -27.334  -64.351  14.147 0.4000000060
36989  -17.945  -62.947  8.845 0.3000000119
35924  -25.608  -64.443  12.434 0.4000000060
36945  -27.050  -63.641  13.882 0.3000000119
38033  -17.092  -62.112  8.550 0.3000000119
36984  -25.326  -63.339  10.668 0.4000000060
36963  -26.021  -63.673  12.283 0.4000000060
39121  -15.897  -60.492  7.389 0.3000000119
40949  -16.601  -59.555  6.598 0.3000000119
39108  -24.354  -62.015  9.121 0.4000000060
143590  -17.510  -60.485  6.054 0.3000000119
40064  -20.249  -60.361  6.250 0.3000000119
40065  -20.934  -60.794  6.607 0.3000000119
40049  -21.769  -61.139  7.877 0.3000000119
38023  -18.151  -62.031  8.935 0.3000000119
38024  -19.016  -62.098  9.475 0.3000000119
39090  -17.768  -61.058  8.678 0.3000000119
36944  -26.496  -63.612  13.152 0.3000000119
36973  -26.116  -62.980  11.680 0.4000000060
145099  -26.454  -62.982  12.533 0.4000000060
40929  -16.432  -59.069  6.922 0.3000000119
38026  -25.237  -62.225  9.749 0.4000000060
38010  -25.927  -62.372  11.183 0.4000000060
40062  -17.999  -59.688  6.179 0.3000000119
40063  -19.325  -59.964  6.068 0.3000000119
40035  -23.071  -61.278  9.011 0.3000000119
40048  -21.163  -60.516  7.343 0.3000000119
41770  -17.399  -57.791  7.512 0.3000000119
40950  -17.129  -58.729  6.531 0.3000000119
39084  -25.703  -61.736  10.722 0.3000000119
39075  -25.957  -61.642  11.517 0.3000000119
141973  -18.524  -59.005  6.434 0.3000000119
40019  -24.484  -60.931  9.753 0.3000000119
40047  -20.544  -59.970  6.839 0.3000000119
40034  -22.194  -60.761  8.637 0.3000000119
43537  -18.348  -56.553  7.740 0.3000000119
43522  -18.463  -56.177  8.342 0.3000000119
41786  -19.333  -57.508  7.214 0.3000000119
40005  -25.251  -60.611  10.665 0.3000000119
42619  -19.496  -56.845  7.653 0.3000000119
43539  -19.520  -56.288  8.141 0.3000000119
39148  -20.425  -61.707  5.530 0.4000000060
38073  -17.286  -62.420  5.832 0.3000000119
39134  -18.495  -61.369  5.563 0.3000000119
16195  -16.383  -84.228  -6.768 0.6000000238
17189  -17.276  -83.910  -7.790 0.5000000000
16222  -16.111  -84.741  -8.203 0.5000000000
14196  -15.307  -86.212  -8.546 0.5000000000
16215  -17.567  -84.481  -8.100 0.5000000000
17187  -22.251  -83.345  -7.249 0.5000000000
15196  -14.584  -85.528  -6.281 0.6999999881
15176  -16.697  -86.127  -4.907 0.6999999881
150770  -12.748  -85.280  -6.439 0.6999999881
16203  -13.468  -84.789  -7.733 0.6999999881
17192  -20.148  -83.600  -7.836 0.4000000060
145420  -11.259  -85.878  -6.889 0.6999999881
17178  -19.803  -83.194  -6.147 0.5000000000
12337  -29.649  -88.502  -5.147 0.3000000119
16172  -21.234  -83.863  -4.209 0.5000000000
15164  -21.606  -84.709  -2.873 0.3000000119
17135  -15.603  -84.423  -2.980 0.6000000238
16154  -14.418  -85.600  -4.053 0.6000000238
17152  -15.873  -83.410  -3.448 0.5000000000
18099  -12.548  -82.917  -2.163 0.6000000238
9629  -28.072  -91.791  -2.798 0.3000000119
16138  -11.491  -84.776  -3.031 0.6000000238
16153  -11.063  -84.134  -3.968 0.6000000238
15185  -11.152  -85.415  -5.623 0.6999999881
16184  -18.377  -84.456  -5.290 0.5000000000
142281  -19.139  -83.216  -6.517 0.6000000238
17183  -18.396  -83.381  -7.564 0.5000000000
15173  -10.959  -86.057  -5.021 0.6000000238
14176  -10.796  -86.109  -6.343 0.6999999881
13197  -13.090  -87.350  -2.188 0.5000000000
13223  -10.810  -87.317  -5.602 0.5000000000
13226  -29.535  -88.061  -5.125 0.3000000119
13163  -14.701  -87.557  0.489 0.6000000238
12328  -11.107  -88.669  -4.848 0.5000000000
15138  -24.496  -86.137  -1.791 0.3000000119
15177  -17.488  -86.013  -4.328 0.5000000000
13217  -28.931  -87.538  -4.359 0.3000000119
11434  -11.256  -89.175  -4.152 0.5000000000
145827  -17.673  -83.821  -1.560 0.4000000060
9619  -29.409  -92.035  -2.115 0.3000000119
19054  -16.058  -81.330  1.788 0.6000000238
17037  -15.079  -83.450  5.024 0.6999999881
18985  -14.650  -81.717  5.138 0.6000000238
18987  -15.641  -81.190  5.696 0.6000000238
20011  -17.958  -80.947  0.734 0.6000000238
21834  -19.221  -78.144  -1.027 0.5000000000
18081  -19.720  -83.164  -0.441 0.4000000060
19057  -19.616  -80.800  2.014 0.6000000238
157527  -19.697  -79.734  1.184 0.5000000000
18017  -19.303  -82.352  3.609 0.6000000238
139008  -24.085  -79.646  2.918 0.4000000060
15994  -15.545  -84.669  9.085 0.6000000238
17938  -15.425  -81.897  8.824 0.6999999881
23796  -15.214  -77.193  6.313 0.6000000238
20947  -19.480  -78.148  -3.261 0.4000000060
21819  -21.474  -78.038  -0.309 0.4000000060
20888  -26.816  -79.447  1.772 0.4000000060
18991  -23.001  -81.439  5.876 0.4000000060
14960  -14.989  -85.082  9.201 0.6000000238
145856  -16.969  -76.741  5.955 0.6000000238
23762  -15.965  -76.521  8.370 0.6000000238
19132  -21.509  -81.103  -2.942 0.5000000000
21713  -13.272  -78.401  8.760 0.5000000000
23728  -19.595  -77.530  9.928 0.6000000238
20784  -12.368  -79.588  8.562 0.4000000060
19881  -15.854  -80.376  9.241 0.5000000000
21821  -23.197  -78.312  -0.260 0.5000000000
19863  -17.033  -79.454  10.352 0.6000000238
19862  -15.536  -80.277  10.183 0.5000000000
141517  -17.712  -72.252  2.479 0.6000000238
29992  -15.145  -70.044  2.773 0.5000000000
29017  -19.750  -71.467  5.550 0.5000000000
29046  -21.807  -70.182  1.138 0.6000000238
29993  -21.162  -70.456  3.291 0.6000000238
29961  -19.663  -70.375  6.360 0.6000000238
30984  -20.172  -69.097  0.481 0.6000000238
29980  -13.537  -69.979  3.987 0.5000000000
30912  -20.348  -70.048  9.183 0.5000000000
34987  -20.919  -65.901  5.482 0.6000000238
33010  -15.758  -67.810  4.543 0.5000000000
34999  -21.636  -65.040  4.163 0.6000000238
31907  -13.211  -68.950  9.935 0.3000000119
32951  -21.266  -67.086  9.240 0.5000000000
34985  -17.474  -65.738  5.594 0.3000000119
33936  -22.996  -66.004  10.846 0.4000000060
34919  -22.655  -65.622  10.231 0.4000000060
37051  -19.139  -63.783  4.638 0.4000000060
36007  -17.200  -63.903  5.696 0.3000000119
38047  -21.958  -62.468  7.646 0.5000000000
34912  -24.711  -65.107  11.978 0.4000000060
30879  -17.258  -69.897  11.550 0.3000000119
39103  -15.829  -61.323  7.449 0.3000000119
37005  -24.157  -62.949  9.225 0.4000000060
150409  -21.393  -61.175  7.087 0.3000000119
39104  -16.378  -61.320  8.046 0.3000000119
153841  -22.396  -61.427  8.483 0.4000000060
31884  -18.379  -68.289  12.791 0.3000000119
40031  -16.291  -59.735  7.391 0.3000000119
39093  -24.885  -61.674  9.506 0.4000000060
41785  -18.324  -57.393  6.986 0.3000000119
8788  -9.937  -92.119  0.620 0.5000000000
9598  -10.285  -91.259  -0.342 0.5000000000
9612  -10.414  -91.044  -0.995 0.5000000000
10491  -10.776  -90.468  -2.272 0.4000000060
139802  -10.682  -92.443  2.574 0.5000000000
8780  -10.418  -91.858  1.479 0.5000000000
9587  -11.002  -90.991  0.278 0.5000000000
10454  -11.237  -90.823  -0.506 0.5000000000
10474  -11.286  -90.476  -1.365 0.5000000000
11401  -11.553  -89.834  -2.804 0.4000000060
8755  -11.152  -92.455  3.335 0.4000000060
8781  -11.141  -91.885  2.137 0.5000000000
10433  -12.058  -90.943  0.040 0.5000000000
11402  -12.561  -89.501  -2.746 0.4000000060
9549  -12.373  -91.807  3.032 0.5000000000
9575  -12.542  -91.363  1.436 0.5000000000
9588  -11.740  -91.126  0.830 0.5000000000
9562  -12.992  -91.512  2.330 0.5000000000
10434  -12.740  -91.125  0.547 0.5000000000
149355  -14.226  -90.907  0.849 0.5000000000
10436  -14.416  -90.353  0.066 0.5000000000
11385  -14.158  -89.299  -1.359 0.4000000060
9537  -12.574  -91.732  4.011 0.5000000000
10419  -14.510  -90.736  1.687 0.5000000000
12265  -14.591  -89.020  -0.771 0.5000000000
10348  -13.402  -90.360  6.930 0.5000000000
9538  -13.349  -91.105  4.044 0.5000000000
152572  -13.440  -90.856  4.691 0.5000000000
10384  -13.943  -90.821  3.368 0.5000000000
10385  -14.357  -90.164  3.639 0.5000000000
147719  -14.594  -90.370  2.656 0.5000000000
146728  -14.815  -89.653  3.163 0.5000000000
143312  -14.913  -90.168  0.863 0.5000000000
11352  -14.925  -89.332  0.031 0.5000000000
145859  -13.593  -90.368  5.925 0.5000000000
10349  -14.020  -89.706  6.479 0.5000000000
12165  -14.513  -88.536  7.815 0.5000000000
11282  -14.505  -89.426  4.858 0.5000000000
12203  -14.896  -88.508  5.764 0.5000000000
12185  -14.993  -88.306  6.644 0.5000000000
11299  -14.609  -89.510  4.019 0.5000000000
11283  -14.812  -88.880  4.430 0.5000000000
145889  -15.025  -88.338  4.928 0.5000000000
11318  -15.033  -89.087  2.684 0.5000000000
12220  -15.160  -88.037  3.377 0.5000000000
11335  -15.089  -89.276  2.000 0.5000000000
152118  -14.915  -88.427  0.502 0.5000000000
14111  -14.179  -87.058  -0.126 0.5000000000
14984  -14.510  -85.748  8.813 0.5000000000
13984  -15.480  -86.183  8.466 0.6000000238
13093  -15.473  -87.475  7.423 0.5000000000
149265  -15.261  -87.951  5.409 0.5000000000
14031  -15.808  -87.140  6.938 0.5000000000
13125  -15.421  -87.593  4.734 0.5000000000
14049  -15.789  -86.696  4.994 0.5000000000
13150  -15.064  -87.487  1.882 0.5000000000
151139  -15.265  -86.804  2.484 0.5000000000
13149  -14.958  -88.025  1.215 0.5000000000
15991  -12.599  -83.948  8.089 0.5000000000
15993  -14.183  -84.959  9.023 0.5000000000
14007  -16.080  -85.974  7.878 0.6000000238
22848  -14.937  -77.726  2.344 0.5000000000
22807  -15.229  -77.300  3.985 0.6000000238
157752  -15.452  -77.556  1.597 0.5000000000
23875  -16.191  -76.924  2.850 0.5000000000
23857  -15.980  -76.953  3.701 0.6000000238
141084  -17.016  -76.726  2.739 0.6000000238
144402  -16.512  -77.011  1.800 0.5000000000
152072  -18.091  -76.366  2.009 0.6000000238
23889  -18.572  -76.158  1.460 0.5000000000
137259  -17.942  -76.534  2.852 0.6000000238
23890  -19.374  -75.941  1.786 0.6000000238
24966  -18.668  -75.479  -0.372 0.5000000000
24955  -19.823  -75.420  1.077 0.6000000238
24945  -20.033  -75.572  2.117 0.6000000238
24979  -19.055  -74.902  -0.836 0.5000000000
26028  -20.304  -74.849  0.273 0.5000000000
27021  -18.913  -73.488  -0.781 0.5000000000
27011  -18.628  -72.879  0.043 0.6000000238
26978  -16.473  -72.886  3.775 0.6000000238
26988  -16.066  -73.236  3.015 0.5000000000
27030  -20.447  -73.290  -0.903 0.6000000238
26038  -20.630  -74.066  -0.471 0.5000000000
28052  -18.279  -72.387  1.302 0.5000000000
28025  -16.431  -72.126  4.548 0.6000000238
26989  -17.010  -72.517  3.657 0.6000000238
161714  -16.514  -71.187  3.252 0.6000000238
13209  -28.097  -87.207  -3.763 0.3000000119
13200  -28.528  -87.579  -1.902 0.3000000119
150204  -26.269  -86.586  -2.212 0.3000000119
13164  -28.955  -87.349  0.091 0.3000000119
14131  -25.723  -86.452  -1.654 0.3000000119
14144  -26.536  -86.530  -3.109 0.3000000119
14157  -27.454  -86.763  -3.712 0.3000000119
11384  -13.509  -89.538  -1.853 0.4000000060
12214  -15.088  -88.200  4.147 0.5000000000
164468  -16.047  -86.053  5.462 0.5000000000
22806  -14.486  -77.664  4.275 0.5000000000
10475  -12.670  -90.064  -1.610 0.4000000060
10476  -13.569  -90.022  -1.193 0.5000000000
10401  -13.926  -91.110  2.498 0.5000000000
145933  -13.011  -90.947  6.370 0.5000000000
10359  -13.759  -90.433  5.018 0.5000000000
10335  -13.655  -89.792  7.384 0.5000000000
11236  -14.193  -89.187  7.450 0.5000000000
11265  -14.478  -89.245  5.686 0.5000000000
157672  -15.658  -87.392  6.305 0.5000000000
154111  -27.642  -87.104  -2.975 0.3000000119
14113  -26.554  -86.627  -0.520 0.3000000119
13182  -27.820  -87.241  -1.045 0.3000000119
14145  -27.005  -86.783  -2.364 0.3000000119
14133  -27.059  -86.935  -1.265 0.3000000119
14115  -28.093  -87.177  -0.082 0.3000000119
152790  -26.238  -62.331  12.011 0.3000000119
8767  -10.277  -93.032  2.725 0.5000000000
8768  -11.420  -92.029  2.864 0.4000000060
8802  -27.998  -93.389  -0.968 0.3000000119
8803  -29.434  -93.047  -0.845 0.3000000119
8813  -27.817  -92.843  -1.418 0.3000000119
8816  -29.758  -92.309  -1.370 0.3000000119
9528  -13.246  -90.900  5.415 0.5000000000
9550  -13.237  -91.374  3.203 0.5000000000
9561  -12.004  -91.720  2.209 0.5000000000
9574  -11.402  -91.460  1.520 0.5000000000
9586  -10.284  -91.481  0.472 0.5000000000
9618  -28.170  -92.333  -2.149 0.3000000119
9631  -29.060  -91.593  -2.750 0.3000000119
10334  -13.064  -90.171  7.776 0.5000000000
10360  -14.110  -89.880  5.403 0.5000000000
10370  -13.863  -90.563  4.209 0.5000000000
10371  -14.210  -90.007  4.519 0.5000000000
10418  -13.674  -91.262  1.609 0.5000000000
10435  -13.630  -90.927  0.240 0.5000000000
10455  -12.500  -90.522  -0.748 0.4000000060
10456  -13.631  -90.452  -0.449 0.5000000000
10480  -27.639  -91.481  -2.610 0.3000000119
10492  -11.960  -89.993  -2.152 0.4000000060
10495  -27.878  -91.221  -3.453 0.3000000119
10508  -27.874  -90.235  -4.598 0.3000000119
10543  -10.456  -89.611  -6.687 0.5000000000
11226  -14.068  -88.875  8.115 0.5000000000
11266  -14.744  -88.892  5.126 0.5000000000
11300  -14.934  -88.848  3.528 0.5000000000
11317  -14.991  -89.719  2.455 0.5000000000
11334  -15.052  -89.978  1.787 0.5000000000
11368  -14.365  -89.811  -0.697 0.5000000000
11383  -12.903  -89.700  -2.227 0.4000000060
11403  -13.307  -89.139  -2.480 0.5000000000
11416  -10.478  -89.978  -3.899 0.5000000000
11417  -11.362  -89.565  -3.465 0.5000000000
11418  -12.199  -89.330  -3.229 0.5000000000
11426  -30.866  -89.082  -4.750 0.3000000119
11441  -28.428  -89.516  -5.032 0.3000000119
11450  -29.001  -88.715  -5.460 0.3000000119
11451  -10.509  -89.132  -6.540 0.5000000000
11457  -10.927  -88.825  -7.767 0.5000000000
12145  -14.277  -88.296  8.276 0.5000000000
12166  -15.034  -88.055  7.453 0.5000000000
12184  -14.556  -88.951  6.541 0.5000000000
12230  -15.075  -88.447  2.869 0.5000000000
12239  -15.075  -89.100  1.182 0.5000000000
12240  -15.069  -88.458  2.076 0.5000000000
12264  -14.187  -88.431  -1.182 0.5000000000
12285  -13.857  -88.794  -1.938 0.5000000000
12327  -10.828  -88.149  -5.513 0.5000000000
12336  -29.238  -88.052  -5.704 0.3000000119
12338  -10.472  -88.439  -6.018 0.5000000000
12346  -10.552  -88.486  -6.473 0.6000000238
12351  -27.422  -88.080  -6.734 0.3000000119
12352  -28.183  -88.180  -6.398 0.3000000119
12353  -10.597  -88.513  -6.935 0.5000000000
12354  -10.721  -88.687  -7.344 0.5000000000
12365  -15.043  -88.488  -8.640 0.5000000000
13107  -15.426  -87.728  6.815 0.5000000000
13121  -15.316  -87.883  6.083 0.5000000000
13130  -15.389  -87.485  3.851 0.5000000000
13140  -15.150  -87.775  2.654 0.5000000000
13181  -14.550  -88.177  -0.298 0.5000000000
13199  -27.670  -87.217  -2.069 0.3000000119
13210  -28.439  -87.488  -3.063 0.3000000119
13214  -11.849  -87.435  -4.099 0.5000000000
13216  -28.316  -87.017  -4.712 0.3000000119
13224  -11.291  -87.621  -4.879 0.5000000000
13225  -28.869  -87.492  -5.552 0.3000000119
13227  -10.651  -87.154  -6.321 0.6999999881
13233  -10.622  -87.757  -6.830 0.6000000238
13241  -10.802  -87.400  -7.152 0.6000000238
13246  -26.662  -86.488  -7.288 0.3000000119
13247  -10.980  -87.813  -7.540 0.6000000238
13249  -12.327  -87.334  -8.139 0.5000000000
13253  -13.562  -87.486  -8.735 0.6000000238
13256  -16.318  -87.871  -8.407 0.5000000000
13966  -15.070  -85.833  8.851 0.6000000238
14032  -16.078  -86.396  7.038 0.5000000000
14043  -15.932  -86.735  6.086 0.5000000000
14067  -15.194  -85.958  1.856 0.6000000238
14093  -14.901  -86.237  1.118 0.6999999881
14114  -27.243  -86.952  -0.275 0.3000000119
14128  -16.784  -85.910  -1.939 0.4000000060
14130  -25.104  -86.315  -2.006 0.4000000060
14132  -26.417  -86.642  -1.441 0.3000000119
14139  -15.675  -86.133  -2.987 0.6000000238
14141  -17.080  -86.276  -2.385 0.4000000060
14143  -25.681  -86.416  -2.622 0.4000000060
14148  -11.694  -86.557  -3.774 0.6000000238
14149  -12.247  -87.199  -3.390 0.6000000238
14150  -14.791  -86.315  -4.161 0.6000000238
14152  -16.021  -86.445  -3.517 0.6000000238
14153  -16.828  -86.436  -3.146 0.4000000060
14154  -17.598  -86.351  -2.985 0.4000000060
14156  -26.859  -86.395  -4.253 0.3000000119
14164  -15.408  -86.477  -4.258 0.6000000238
14166  -16.765  -86.482  -3.983 0.4000000060
14170  -28.409  -87.083  -6.154 0.3000000119
14173  -15.674  -86.421  -5.006 0.6999999881
14174  -27.235  -86.255  -6.258 0.3000000119
14183  -11.360  -86.362  -7.238 0.6999999881
14189  -11.787  -86.829  -7.640 0.6000000238
14190  -12.459  -86.488  -7.916 0.6000000238
14195  -14.521  -86.392  -8.548 0.6000000238
14983  -13.731  -85.566  8.507 0.5000000000
14985  -15.356  -85.435  8.849 0.6000000238
15005  -16.166  -85.076  7.784 0.6999999881
15020  -16.084  -84.942  6.295 0.6000000238
15042  -15.127  -84.657  2.961 0.6000000238
15043  -15.631  -85.383  3.712 0.6000000238
15075  -20.053  -85.050  1.086 0.4000000060
15076  -20.778  -85.155  1.330 0.4000000060
15096  -13.909  -85.035  0.016 0.6999999881
15098  -18.793  -85.114  0.299 0.4000000060
15101  -21.123  -85.483  0.939 0.3000000119
15114  -12.793  -85.240  -1.171 0.6999999881
15116  -17.846  -85.242  -0.658 0.4000000060
15118  -19.085  -85.469  -0.043 0.4000000060
15121  -22.299  -85.608  -0.203 0.3000000119
15130  -12.410  -85.507  -1.708 0.6000000238
15137  -22.228  -85.429  -1.214 0.3000000119
15144  -12.014  -85.835  -2.521 0.6000000238
15146  -18.239  -86.075  -1.811 0.4000000060
15148  -20.002  -85.399  -2.481 0.4000000060
15149  -21.305  -85.048  -2.210 0.3000000119
15160  -15.043  -85.938  -3.444 0.6000000238
15161  -18.075  -85.990  -3.726 0.5000000000
15168  -25.456  -85.821  -4.287 0.4000000060
15174  -11.008  -85.141  -4.825 0.6999999881
15178  -18.308  -85.295  -4.503 0.5000000000
15183  -26.605  -85.791  -5.873 0.4000000060
15184  -10.944  -85.806  -5.524 0.6000000238
15187  -14.360  -86.019  -5.518 0.6999999881
15189  -16.080  -85.692  -5.706 0.6999999881
15192  -25.950  -85.335  -6.325 0.4000000060
15200  -10.932  -86.383  -6.919 0.6000000238
15207  -12.019  -86.175  -7.493 0.6000000238
15209  -13.295  -85.262  -8.059 0.6999999881
15214  -13.905  -85.772  -8.266 0.6000000238
15216  -15.668  -85.342  -8.341 0.5000000000
15218  -17.380  -85.373  -8.199 0.5000000000
15982  -15.132  -84.306  9.430 0.6000000238
15992  -13.229  -84.696  8.480 0.5000000000
15995  -15.994  -84.479  8.451 0.6000000238
16036  -14.949  -83.549  4.189 0.6999999881
16078  -14.470  -84.339  1.515 0.6999999881
16094  -14.256  -84.654  0.732 0.6999999881
16095  -18.775  -84.738  0.359 0.4000000060
16109  -12.994  -84.699  -0.957 0.6999999881
16111  -17.622  -85.045  -0.765 0.4000000060
16127  -16.695  -85.305  -1.777 0.4000000060
16155  -14.924  -84.983  -3.452 0.6000000238
16156  -21.051  -84.481  -3.391 0.3000000119
16158  -22.703  -84.188  -3.957 0.4000000060
16159  -23.417  -84.316  -4.379 0.4000000060
16169  -13.778  -85.158  -4.590 0.6999999881
16171  -20.294  -84.033  -4.474 0.5000000000
16175  -23.979  -84.086  -5.313 0.4000000060
16176  -24.789  -84.181  -6.178 0.4000000060
16179  -11.626  -85.092  -5.618 0.6999999881
16181  -13.024  -85.155  -5.594 0.6999999881
16183  -17.555  -84.400  -5.869 0.6000000238
16186  -20.946  -83.390  -5.155 0.5000000000
16188  -22.588  -83.361  -5.688 0.5000000000
16191  -12.076  -85.311  -6.507 0.6999999881
16192  -13.398  -84.973  -7.173 0.6999999881
16193  -14.168  -84.932  -7.123 0.6999999881
16198  -19.150  -83.669  -5.641 0.5000000000
16199  -23.942  -83.826  -7.315 0.5000000000
16201  -11.759  -85.528  -6.887 0.6999999881
16202  -12.292  -85.325  -7.198 0.6999999881
16204  -14.193  -84.532  -7.932 0.6999999881
16205  -15.422  -84.137  -7.874 0.5000000000
16206  -15.941  -84.079  -7.397 0.6000000238
16211  -12.830  -85.065  -7.655 0.6999999881
16212  -14.489  -84.685  -8.083 0.6000000238
16213  -15.733  -84.303  -8.030 0.5000000000
16214  -16.595  -84.358  -8.021 0.5000000000
16217  -19.692  -84.127  -8.186 0.5000000000
16223  -16.995  -84.837  -8.184 0.5000000000
16978  -14.936  -82.778  10.055 0.6000000238
16984  -13.066  -83.203  9.070 0.6000000238
16985  -14.922  -83.533  9.751 0.6000000238
17036  -14.644  -82.810  4.614 0.6000000238
17046  -14.347  -82.734  3.214 0.6000000238
17057  -14.307  -83.243  2.483 0.6000000238
17075  -14.255  -83.533  1.717 0.6000000238
17093  -20.017  -84.541  1.092 0.4000000060
17094  -21.370  -83.686  1.221 0.4000000060
17108  -13.296  -83.284  -0.389 0.6999999881
17109  -17.734  -84.487  -0.889 0.4000000060
17111  -19.089  -83.927  0.106 0.4000000060
17119  -12.311  -83.608  -1.741 0.6000000238
17120  -12.867  -83.192  -1.248 0.6000000238
17121  -16.747  -84.538  -1.867 0.4000000060
17122  -17.287  -84.307  -1.522 0.4000000060
17123  -18.238  -83.606  -1.215 0.4000000060
17133  -11.508  -83.770  -3.226 0.6000000238
17151  -15.080  -83.814  -3.749 0.5000000000
17161  -11.541  -83.767  -4.365 0.6000000238
17170  -11.717  -84.281  -4.867 0.6999999881
17172  -13.125  -83.196  -4.574 0.6000000238
17175  -23.313  -83.430  -6.709 0.5000000000
17177  -18.402  -83.304  -6.917 0.5000000000
17179  -20.912  -83.002  -7.053 0.5000000000
17182  -16.252  -83.969  -7.893 0.6000000238
17185  -20.576  -83.246  -7.415 0.4000000060
17186  -21.393  -83.261  -7.282 0.5000000000
17191  -19.205  -83.577  -7.888 0.5000000000
17193  -21.030  -83.645  -7.709 0.4000000060
17194  -21.930  -83.676  -7.594 0.5000000000
17923  -14.685  -82.142  10.281 0.5000000000
17924  -15.083  -82.168  10.071 0.6000000238
17931  -14.444  -82.876  10.045 0.5000000000
17932  -15.330  -82.149  9.578 0.6000000238
17939  -18.788  -82.061  8.141 0.6000000238
17941  -20.443  -82.153  7.939 0.5000000000
17955  -18.557  -82.177  7.403 0.5000000000
17956  -19.391  -82.301  7.616 0.5000000000
17957  -21.044  -82.292  7.449 0.5000000000
17971  -14.945  -81.660  6.577 0.6000000238
17974  -20.096  -82.456  7.095 0.5000000000
17985  -14.525  -81.974  5.342 0.6000000238
17986  -14.770  -81.601  5.663 0.6999999881
17988  -19.512  -82.639  5.396 0.5000000000
17990  -21.042  -82.386  5.734 0.5000000000
18002  -18.499  -82.565  4.883 0.5000000000
18003  -19.405  -82.568  4.445 0.5000000000
18014  -14.490  -82.199  3.974 0.6000000238
18016  -18.310  -82.244  3.348 0.6000000238
18031  -17.634  -81.896  2.920 0.6000000238
18063  -13.566  -82.883  0.185 0.6000000238
18064  -14.102  -82.441  0.645 0.6000000238
18082  -20.495  -83.125  -0.072 0.4000000060
18083  -21.635  -82.622  -0.564 0.4000000060
18101  -13.970  -82.159  -1.273 0.5000000000
18103  -19.602  -82.651  -1.427 0.4000000060
18106  -22.200  -82.371  -1.046 0.4000000060
18118  -12.386  -82.622  -3.224 0.5000000000
18120  -16.748  -83.099  -3.260 0.4000000060
18135  -12.037  -83.174  -4.172 0.6000000238
18141  -18.027  -82.140  -3.827 0.4000000060
18151  -12.593  -82.779  -4.349 0.6000000238
18152  -13.090  -82.570  -4.467 0.5000000000
18160  -12.673  -83.245  -4.516 0.6000000238
18891  -14.986  -81.201  10.346 0.6000000238
18892  -20.400  -80.798  10.273 0.6000000238
18895  -23.002  -81.055  10.290 0.6000000238
18901  -12.653  -81.573  9.341 0.4000000060
18902  -13.397  -81.305  10.086 0.5000000000
18904  -19.670  -81.108  10.000 0.6000000238
18923  -17.619  -80.980  8.233 0.6000000238
18925  -19.694  -81.653  9.223 0.6000000238
18946  -15.193  -81.010  7.175 0.6999999881
18947  -17.246  -80.870  7.559 0.6000000238
18950  -22.659  -81.864  7.327 0.5000000000
18988  -16.477  -81.309  5.948 0.6000000238
18990  -22.615  -81.386  5.177 0.6000000238
19004  -14.723  -81.718  4.514 0.6000000238
19005  -15.851  -81.427  4.776 0.6000000238
19007  -20.739  -82.149  4.357 0.6000000238
19008  -21.385  -81.796  4.407 0.6000000238
19019  -15.280  -81.452  3.172 0.6000000238
19020  -15.915  -81.464  3.370 0.6000000238
19023  -20.870  -81.700  3.709 0.6000000238
19025  -22.502  -80.786  3.895 0.6000000238
19037  -14.834  -81.627  2.905 0.6000000238
19041  -18.376  -81.646  2.444 0.6000000238
19043  -20.733  -81.146  2.941 0.6999999881
19053  -15.312  -81.435  1.544 0.6000000238
19055  -17.900  -81.285  1.617 0.6000000238
19107  -20.825  -82.051  -1.863 0.4000000060
19109  -21.980  -81.906  -2.060 0.5000000000
19110  -23.599  -81.938  -1.611 0.4000000060
19126  -13.669  -81.722  -3.480 0.5000000000
19127  -14.360  -81.251  -3.029 0.5000000000
19134  -23.658  -81.396  -2.467 0.4000000060
19151  -13.054  -82.265  -4.388 0.6000000238
19156  -19.267  -80.878  -3.870 0.4000000060
19166  -14.437  -81.470  -4.636 0.5000000000
19167  -15.706  -81.280  -4.790 0.5000000000
19168  -16.362  -81.024  -4.718 0.5000000000
19169  -17.032  -81.218  -4.569 0.5000000000
19866  -19.685  -80.407  10.540 0.6000000238
19867  -20.990  -80.404  10.427 0.6000000238
19869  -22.642  -80.598  10.558 0.6000000238
19880  -12.700  -80.742  9.488 0.4000000060
19897  -15.734  -80.472  8.214 0.6000000238
19899  -17.723  -80.594  9.001 0.6000000238
19912  -15.920  -80.261  7.494 0.6000000238
19932  -15.600  -80.560  6.953 0.5000000000
19933  -16.050  -80.455  7.017 0.6000000238
19950  -24.695  -80.501  5.158 0.5000000000
19951  -25.257  -80.509  5.354 0.5000000000
19965  -22.961  -80.856  4.510 0.6000000238
19967  -24.454  -80.147  4.152 0.6000000238
19968  -25.667  -80.391  4.703 0.5000000000
19980  -22.661  -80.283  3.461 0.6000000238
19981  -23.877  -79.956  3.704 0.4000000060
20013  -20.052  -80.069  1.711 0.6000000238
20025  -16.871  -80.489  -0.370 0.6000000238
20038  -15.957  -80.499  -1.206 0.5000000000
20050  -16.397  -79.881  -1.911 0.5000000000
20051  -16.994  -79.516  -1.617 0.5000000000
20060  -15.584  -80.252  -3.215 0.5000000000
20062  -19.773  -80.274  -3.694 0.5000000000
20067  -24.682  -80.552  -3.239 0.4000000060
20078  -14.855  -80.910  -4.337 0.5000000000
20080  -16.419  -80.107  -4.023 0.5000000000
20084  -19.731  -79.221  -3.666 0.5000000000
20094  -15.976  -80.696  -4.579 0.5000000000
20096  -17.470  -79.635  -4.213 0.5000000000
20754  -15.643  -79.004  10.881 0.6000000238
20756  -17.521  -78.962  10.870 0.6000000238
20757  -18.501  -78.956  10.960 0.6000000238
20759  -20.677  -79.724  10.536 0.6000000238
20775  -13.280  -80.304  10.096 0.5000000000
20830  -25.158  -80.118  3.906 0.5000000000
20832  -27.074  -80.081  4.168 0.4000000060
20848  -25.892  -80.030  3.177 0.4000000060
20850  -28.092  -79.221  3.480 0.4000000060
20865  -23.363  -79.417  2.081 0.5000000000
20866  -24.696  -79.592  2.525 0.4000000060
20868  -26.331  -79.745  2.430 0.4000000060
20884  -22.491  -79.071  1.419 0.5000000000
20887  -25.820  -79.480  1.806 0.4000000060
20900  -19.688  -79.191  0.589 0.5000000000
20925  -17.282  -78.835  -2.364 0.5000000000
20934  -16.952  -78.915  -3.253 0.5000000000
20945  -17.311  -78.776  -3.890 0.5000000000
21667  -17.178  -78.003  11.066 0.6000000238
21686  -16.453  -78.392  10.976 0.6000000238
21687  -17.829  -78.343  11.021 0.6000000238
21689  -19.329  -78.657  10.811 0.6000000238
21702  -12.870  -79.076  9.141 0.4000000060
21720  -12.656  -78.752  7.277 0.5000000000
21721  -13.212  -78.293  7.802 0.5000000000
21778  -28.519  -78.649  2.996 0.4000000060
21835  -20.070  -77.642  -0.978 0.5000000000
21836  -21.821  -77.460  -1.010 0.4000000060
21851  -19.623  -77.600  -1.863 0.5000000000
21868  -20.139  -77.615  -2.602 0.5000000000
22693  -15.112  -77.863  10.609 0.6999999881
22695  -17.165  -77.466  10.806 0.6000000238
22697  -19.009  -77.806  10.673 0.6000000238
22699  -21.651  -77.899  9.695 0.5000000000
22713  -13.893  -77.933  9.303 0.5000000000
22714  -15.457  -77.121  10.064 0.6999999881
22715  -20.595  -77.721  8.964 0.5000000000
22733  -20.495  -77.553  8.059 0.6000000238
22734  -21.213  -77.463  8.182 0.6000000238
22735  -21.724  -77.174  8.412 0.5000000000
22746  -13.731  -77.853  7.413 0.5000000000
22747  -14.299  -77.444  7.740 0.5000000000
22748  -19.533  -77.372  6.852 0.6000000238
22750  -21.007  -77.395  7.344 0.6000000238
22763  -13.872  -77.950  6.311 0.5000000000
22766  -20.155  -77.464  6.237 0.6000000238
22768  -21.193  -77.139  7.062 0.6999999881
22785  -14.376  -77.737  5.073 0.6000000238
22788  -20.373  -77.128  5.728 0.6000000238
22828  -14.637  -77.657  3.389 0.6000000238
22829  -15.424  -77.260  3.089 0.5000000000
22847  -14.151  -78.089  2.834 0.5000000000
22849  -15.702  -77.247  2.208 0.5000000000
22895  -22.110  -77.260  -1.536 0.4000000060
23725  -17.049  -76.939  10.421 0.6000000238
23726  -17.723  -77.129  10.556 0.6000000238
23744  -15.992  -76.639  9.471 0.6000000238
23746  -17.830  -76.651  9.991 0.6000000238
23747  -18.827  -76.840  9.643 0.5000000000
23761  -15.011  -76.930  8.024 0.6000000238
23765  -18.925  -76.696  8.665 0.5000000000
23767  -21.681  -76.769  8.018 0.5000000000
23778  -15.703  -76.821  7.148 0.6000000238
23798  -17.436  -76.662  6.627 0.6000000238
23801  -21.093  -76.872  6.734 0.6000000238
23814  -15.537  -77.137  5.482 0.6000000238
23816  -18.529  -76.893  5.177 0.6000000238
23817  -20.056  -77.062  5.196 0.6000000238
23832  -15.021  -77.360  4.845 0.6000000238
23835  -17.305  -76.654  4.218 0.6999999881
23837  -19.827  -76.640  4.547 0.6999999881
23858  -16.723  -76.726  3.527 0.6000000238
23859  -18.098  -76.601  3.830 0.6999999881
23860  -18.721  -76.505  3.407 0.6999999881
23876  -17.405  -76.673  1.899 0.6000000238
23877  -18.893  -76.343  2.530 0.6000000238
23899  -18.240  -75.998  0.368 0.5000000000
24820  -21.815  -75.794  9.025 0.5000000000
24837  -20.885  -75.420  7.498 0.6999999881
24838  -21.455  -76.230  7.765 0.6999999881
24878  -20.871  -76.107  6.610 0.6000000238
24895  -20.450  -76.088  5.248 0.6000000238
24930  -20.098  -75.814  3.024 0.6999999881
24946  -20.436  -75.204  2.461 0.6000000238
24954  -19.061  -75.780  0.719 0.5000000000
24967  -19.504  -75.230  -0.053 0.5000000000
25902  -21.590  -74.449  10.177 0.5000000000
25946  -20.269  -74.137  7.578 0.5000000000
25977  -20.254  -75.130  5.647 0.6000000238
25993  -20.068  -74.325  4.372 0.6999999881
26007  -20.240  -74.234  3.634 0.6999999881
26019  -20.830  -74.541  1.835 0.6999999881
26029  -20.905  -74.391  0.697 0.6999999881
26037  -19.839  -74.601  -0.687 0.5000000000
26047  -19.348  -74.431  -1.031 0.5000000000
26911  -20.637  -73.920  9.084 0.5000000000
26971  -19.807  -73.485  5.636 0.6000000238
26990  -17.331  -72.535  3.047 0.6000000238
26992  -20.525  -73.643  3.134 0.6999999881
26999  -16.553  -73.189  2.262 0.5000000000
27000  -17.458  -72.814  2.190 0.5000000000
27010  -17.815  -73.006  0.843 0.6000000238
27020  -17.988  -73.552  -0.248 0.5000000000
27022  -21.191  -73.623  0.126 0.6999999881
27029  -19.754  -73.365  -0.974 0.6000000238
27945  -21.169  -72.550  10.940 0.5000000000
27969  -19.993  -72.194  8.552 0.5000000000
27970  -20.286  -73.104  8.875 0.5000000000
28008  -19.633  -72.393  6.797 0.5000000000
28017  -19.770  -72.837  5.332 0.6000000238
28026  -16.632  -71.660  3.951 0.6000000238
28033  -16.878  -72.162  4.022 0.6000000238
28034  -17.276  -72.067  3.368 0.6000000238
28036  -21.003  -72.920  2.501 0.6999999881
28054  -19.499  -71.302  -0.071 0.6999999881
28055  -21.509  -72.002  0.257 0.6999999881
28056  -21.429  -71.282  -0.105 0.6000000238
28065  -20.078  -71.870  -0.727 0.6999999881
28072  -20.324  -72.553  -0.928 0.6999999881
28073  -20.872  -72.543  -0.890 0.6000000238
28989  -19.983  -71.222  8.600 0.5000000000
29000  -19.786  -71.527  7.869 0.6000000238
29009  -19.575  -71.650  6.414 0.6000000238
29027  -20.497  -71.849  3.800 0.6000000238
29035  -17.020  -71.428  3.063 0.6000000238
29036  -21.001  -71.220  3.314 0.6000000238
29044  -17.802  -71.132  1.487 0.6000000238
29066  -20.782  -71.723  -1.001 0.6999999881
29908  -15.980  -71.373  11.526 0.3000000119
29924  -15.876  -70.571  10.943 0.3000000119
29926  -20.715  -70.873  10.182 0.5000000000
29948  -20.061  -70.387  8.631 0.5000000000
29954  -19.628  -70.281  7.204 0.6000000238
29969  -19.840  -70.577  5.612 0.6000000238
29981  -14.171  -70.291  3.707 0.5000000000
29983  -15.937  -70.783  3.277 0.5000000000
29985  -20.709  -70.235  4.137 0.6000000238
30000  -16.601  -69.763  1.661 0.5000000000
30001  -16.986  -70.861  1.993 0.5000000000
30003  -21.462  -70.775  2.418 0.6000000238
30004  -21.555  -69.805  2.316 0.6000000238
30011  -19.394  -69.843  0.331 0.6000000238
30013  -21.387  -69.816  0.193 0.6000000238
30020  -21.101  -70.374  -0.338 0.6000000238
30897  -20.675  -70.122  9.826 0.5000000000
30911  -15.083  -69.081  9.834 0.3000000119
30913  -20.614  -69.316  9.364 0.5000000000
30935  -19.747  -69.588  6.545 0.6999999881
30941  -12.479  -69.711  5.121 0.5000000000
30944  -20.402  -69.164  5.062 0.6999999881
30955  -14.675  -69.484  3.164 0.5000000000
30966  -15.824  -69.611  2.322 0.5000000000
30976  -21.512  -69.204  1.564 0.6000000238
31908  -15.895  -69.027  9.994 0.3000000119
31909  -17.423  -68.978  11.107 0.3000000119
31910  -21.616  -68.196  10.236 0.5000000000
31918  -12.720  -67.961  9.820 0.3000000119
31923  -20.702  -68.429  9.079 0.6000000238
31930  -19.976  -69.072  8.073 0.6000000238
31941  -19.968  -67.720  7.269 0.6999999881
31950  -19.839  -68.791  6.669 0.6999999881
31951  -20.045  -68.188  6.031 0.6999999881
31957  -14.089  -68.388  4.647 0.5000000000
31958  -14.911  -68.109  4.523 0.5000000000
31965  -14.372  -68.946  3.850 0.5000000000
31968  -20.900  -68.495  4.232 0.6000000238
31981  -16.103  -68.530  2.799 0.4000000060
31982  -16.977  -68.197  2.679 0.5000000000
31985  -21.323  -68.167  2.658 0.6000000238
32003  -19.733  -68.573  0.891 0.6000000238
32005  -21.187  -68.701  1.075 0.6000000238
32893  -18.789  -67.616  13.008 0.3000000119
32929  -16.629  -67.527  9.740 0.4000000060
32931  -21.720  -67.369  9.974 0.5000000000
32950  -20.753  -67.608  8.788 0.5000000000
32963  -20.814  -66.900  8.597 0.5000000000
33001  -16.408  -67.395  5.275 0.4000000060
33003  -20.523  -67.469  5.406 0.6999999881
33011  -16.508  -67.572  4.584 0.4000000060
33015  -21.328  -67.205  3.426 0.6999999881
33024  -16.570  -67.696  3.445 0.4000000060
33027  -19.941  -66.823  2.290 0.6000000238
33028  -21.258  -67.415  2.878 0.6000000238
33040  -20.938  -67.379  2.045 0.6000000238
33935  -22.452  -66.296  10.352 0.5000000000
33950  -14.299  -66.196  9.033 0.4000000060
33963  -14.370  -65.221  8.629 0.4000000060
33964  -20.616  -66.363  8.065 0.6000000238
33986  -20.492  -66.166  6.508 0.6000000238
33994  -16.755  -66.858  5.707 0.4000000060
33996  -17.988  -65.994  4.942 0.5000000000
33997  -21.071  -66.543  4.686 0.6999999881
34007  -21.470  -65.938  3.806 0.6999999881
34019  -21.135  -66.274  2.757 0.6000000238
34880  -26.216  -64.954  13.501 0.4000000060
34881  -26.926  -65.091  14.050 0.4000000060
34899  -25.162  -65.195  12.560 0.4000000060
34911  -24.227  -65.367  11.653 0.4000000060
34920  -23.311  -65.132  10.539 0.4000000060
34929  -13.142  -65.526  9.080 0.3000000119
34932  -16.490  -65.820  9.116 0.4000000060
34935  -21.500  -65.459  8.785 0.5000000000
34947  -12.321  -65.294  9.037 0.3000000119
34949  -14.038  -64.870  8.242 0.4000000060
34951  -15.665  -64.979  8.719 0.4000000060
34963  -13.853  -64.812  7.875 0.4000000060
34986  -18.066  -65.125  5.055 0.3000000119
34988  -21.445  -65.064  5.068 0.6999999881
34998  -19.740  -65.013  3.698 0.5000000000
35010  -20.521  -65.238  3.298 0.5000000000
35012  -21.409  -65.259  3.600 0.6000000238
35905  -26.652  -64.314  13.664 0.3000000119
35925  -26.084  -64.292  13.019 0.4000000060
35937  -25.121  -64.568  11.938 0.4000000060
35947  -23.844  -64.425  10.478 0.4000000060
35948  -24.563  -64.084  10.743 0.4000000060
35960  -22.587  -64.510  9.397 0.4000000060
35972  -15.086  -63.904  8.143 0.4000000060
35973  -15.603  -63.660  8.312 0.4000000060
35975  -22.248  -63.942  8.624 0.5000000000
35985  -20.984  -64.835  6.802 0.5000000000
36009  -21.548  -64.162  4.635 0.6000000238
36022  -19.509  -64.498  4.120 0.5000000000
36036  -20.463  -64.498  3.664 0.5000000000
36037  -21.115  -64.779  3.504 0.6999999881
36962  -25.543  -64.045  11.863 0.4000000060
36972  -25.710  -63.493  11.441 0.4000000060
36980  -19.026  -63.778  10.019 0.3000000119
36983  -24.735  -63.436  10.205 0.4000000060
36990  -18.401  -63.718  9.445 0.3000000119
36992  -23.795  -63.478  9.481 0.4000000060
36994  -25.103  -62.859  9.925 0.4000000060
37004  -23.592  -63.091  8.966 0.4000000060
37011  -21.715  -63.060  7.177 0.5000000000
37021  -16.136  -62.860  6.731 0.3000000119
37037  -17.997  -63.220  5.401 0.4000000060
37039  -21.443  -62.991  5.248 0.4000000060
37052  -20.279  -63.261  4.330 0.4000000060
37053  -21.054  -63.368  4.305 0.4000000060
37982  -26.857  -62.955  13.428 0.3000000119
37999  -26.534  -62.262  12.961 0.4000000060
38009  -25.835  -62.947  11.008 0.4000000060
38018  -25.600  -62.469  10.388 0.4000000060
38025  -24.664  -62.473  9.389 0.4000000060
38034  -22.536  -62.544  8.329 0.5000000000
38035  -23.285  -62.561  8.743 0.5000000000
38036  -24.027  -62.515  8.991 0.4000000060
38045  -15.904  -62.141  7.738 0.3000000119
38046  -21.591  -62.382  6.752 0.4000000060
38075  -19.354  -62.129  5.200 0.4000000060
38076  -20.259  -62.195  5.081 0.4000000060
38077  -20.946  -62.509  5.226 0.4000000060
38093  -20.724  -62.872  4.671 0.4000000060
39063  -26.248  -61.549  12.412 0.3000000119
39074  -25.636  -61.024  11.075 0.3000000119
39083  -25.434  -61.234  10.456 0.3000000119
39092  -24.063  -61.463  9.300 0.3000000119
39094  -25.420  -61.713  10.030 0.4000000060
39105  -17.191  -61.436  8.538 0.3000000119
39107  -23.693  -61.983  8.903 0.4000000060
39123  -22.179  -61.898  8.080 0.4000000060
39132  -15.974  -61.233  6.788 0.3000000119
39133  -17.107  -61.472  6.077 0.3000000119
39135  -18.912  -60.586  5.732 0.3000000119
39136  -20.672  -61.195  6.005 0.4000000060
39137  -21.246  -61.653  6.451 0.3000000119
39993  -25.897  -60.856  11.906 0.3000000119
40020  -25.126  -61.075  10.022 0.3000000119
40033  -21.441  -60.272  8.149 0.3000000119
40046  -15.852  -59.817  6.948 0.3000000119
40082  -19.957  -60.836  5.739 0.3000000119
40916  -16.937  -58.852  7.580 0.3000000119
40930  -16.949  -58.132  6.942 0.3000000119
40932  -20.810  -59.684  7.568 0.3000000119
41784  -17.640  -57.436  7.167 0.3000000119
41802  -17.814  -58.051  6.721 0.3000000119
41803  -19.117  -58.306  6.775 0.3000000119
42617  -18.001  -56.871  7.239 0.3000000119
42618  -18.717  -56.861  7.363 0.3000000119
43538  -18.911  -56.135  8.233 0.3000000119
43555  -18.970  -56.440  7.734 0.3000000119
136097  -22.661  -82.837  0.443 0.4000000060
136508  -19.627  -72.385  5.934 0.5000000000
136820  -21.940  -79.255  -3.284 0.4000000060
137298  -20.098  -66.909  6.879 0.6000000238
137624  -17.029  -68.227  10.365 0.3000000119
138296  -15.297  -87.358  3.164 0.5000000000
138336  -19.663  -85.678  -1.669 0.3000000119
138396  -14.314  -82.238  -4.712 0.5000000000
138642  -20.044  -83.081  -6.977 0.5000000000
138948  -15.831  -87.044  -8.463 0.6000000238
138959  -16.087  -79.527  10.466 0.6000000238
139038  -14.960  -78.691  10.914 0.6999999881
139056  -22.056  -82.088  7.930 0.5000000000
139408  -12.955  -91.348  4.806 0.5000000000
139693  -13.296  -79.435  9.945 0.6000000238
139873  -18.390  -80.230  -4.213 0.5000000000
140758  -19.552  -76.337  3.494 0.6999999881
140785  -18.023  -76.784  5.853 0.6000000238
140794  -19.797  -70.431  -0.138 0.6000000238
140889  -11.280  -84.815  -5.124 0.6999999881
141008  -15.564  -82.989  9.119 0.6999999881
141297  -14.671  -81.643  -0.845 0.5000000000
141398  -15.643  -73.248  3.801 0.6000000238
141404  -15.040  -87.096  -8.774 0.5000000000
141482  -11.911  -84.964  -2.139 0.6000000238
141568  -11.088  -84.989  -3.938 0.6000000238
141724  -19.320  -82.570  6.347 0.5000000000
141979  -10.731  -86.905  -6.837 0.6000000238
141988  -21.063  -80.446  2.558 0.6999999881
142139  -12.945  -90.861  -0.119 0.5000000000
142163  -20.289  -84.930  -3.267 0.4000000060
142268  -15.253  -71.756  11.378 0.3000000119
142320  -16.859  -62.883  8.539 0.4000000060
142484  -15.642  -86.954  4.232 0.5000000000
142882  -26.890  -93.176  -0.254 0.3000000119
142911  -16.382  -81.501  5.247 0.6000000238
143045  -14.969  -67.470  9.322 0.4000000060
143272  -17.449  -76.703  5.126 0.6000000238
143469  -18.601  -65.878  10.773 0.4000000060
143474  -15.339  -81.103  8.084 0.6000000238
143477  -17.796  -69.346  11.910 0.3000000119
143718  -17.412  -64.831  5.597 0.3000000119
144211  -19.860  -73.178  7.212 0.5000000000
144273  -22.952  -85.666  -0.941 0.3000000119
144283  -15.293  -79.890  10.726 0.6000000238
144394  -21.352  -73.180  10.884 0.5000000000
144580  -20.670  -85.575  -0.730 0.3000000119
144669  -15.603  -87.397  5.593 0.5000000000
144901  -26.374  -65.579  13.825 0.4000000060
144998  -19.962  -74.166  6.070 0.6999999881
145231  -15.831  -83.942  9.016 0.6000000238
145916  -21.119  -67.702  2.213 0.6000000238
146133  -15.079  -83.207  5.879 0.6999999881
146306  -14.676  -88.632  7.209 0.5000000000
146739  -28.025  -90.854  -4.006 0.3000000119
147836  -21.358  -63.698  4.285 0.5000000000
148436  -17.804  -83.643  -6.551 0.6000000238
148640  -22.249  -78.086  -0.349 0.4000000060
149187  -21.237  -72.716  -0.257 0.6999999881
149224  -16.556  -77.322  10.657 0.6000000238
149552  -14.516  -86.622  0.503 0.6000000238
149664  -16.901  -72.952  3.063 0.6000000238
150074  -16.220  -85.536  7.062 0.6000000238
150118  -20.267  -75.243  4.739 0.6999999881
150701  -16.521  -76.772  4.151 0.6000000238
151122  -19.336  -80.372  1.436 0.6000000238
151687  -10.560  -87.785  -6.014 0.5000000000
151944  -21.532  -85.567  0.242 0.3000000119
153023  -17.796  -82.325  4.292 0.6000000238
153084  -16.041  -76.900  6.145 0.6000000238
153160  -29.277  -87.033  0.756 0.3000000119
153557  -21.870  -81.433  9.688 0.5000000000
153571  -22.342  -81.794  5.775 0.4000000060
153815  -13.518  -78.671  9.677 0.6000000238
154044  -19.636  -71.041  7.393 0.6000000238
155110  -24.150  -80.660  5.221 0.6000000238
155520  -19.624  -71.014  6.163 0.5000000000
156007  -13.808  -84.177  9.197 0.6000000238
156980  -10.892  -91.243  0.948 0.5000000000
157551  -21.374  -64.178  6.428 0.5000000000
157574  -15.378  -63.351  8.049 0.3000000119
157683  -18.719  -77.985  -3.300 0.4000000060
157950  -16.400  -80.099  8.351 0.5000000000
157993  -16.673  -60.643  8.124 0.3000000119
158466  -14.534  -82.494  4.376 0.6000000238
158911  -17.604  -63.701  8.927 0.3000000119
159085  -18.807  -76.843  4.795 0.6999999881
159169  -20.924  -73.264  -0.584 0.6000000238
159207  -22.254  -81.224  -2.766 0.5000000000
159281  -22.715  -78.188  -0.357 0.5000000000
159307  -19.766  -78.454  -0.175 0.5000000000
159330  -13.940  -84.661  -7.704 0.8000000119
159360  -27.989  -88.789  -6.075 0.3000000119
159373  -15.946  -81.073  0.247 0.6000000238
159862  -21.479  -68.896  10.431 0.5000000000
159925  -17.406  -76.386  9.149 0.5000000000
160158  -18.403  -84.570  -8.335 0.5000000000
160415  -19.016  -81.833  8.809 0.6000000238
160785  -11.016  -84.550  -4.381 0.6000000238
160848  -16.147  -69.414  10.394 0.3000000119
160992  -16.991  -70.464  12.685 0.3000000119
161366  -27.170  -86.352  -6.666 0.3000000119
161370  -20.795  -71.482  10.474 0.5000000000
161457  -17.739  -86.055  -8.148 0.5000000000
161766  -12.381  -82.805  8.259 0.6000000238
161786  -21.547  -82.190  7.687 0.5000000000
161921  -14.504  -70.073  3.156 0.5000000000
162095  -15.118  -80.468  10.554 0.6000000238
162458  -18.489  -65.251  10.253 0.4000000060
163127  -16.595  -76.414  9.033 0.5000000000
163148  -22.289  -65.923  9.959 0.5000000000
163365  -13.538  -83.540  9.311 0.6000000238
163460  -19.145  -79.258  10.912 0.6000000238
163513  -13.425  -91.206  0.920 0.5000000000
163719  -24.420  -80.398  4.713 0.5000000000
163724  -21.225  -81.192  3.357 0.6000000238
163828  -14.279  -77.791  5.745 0.6000000238
163916  -25.124  -86.293  -2.577 0.4000000060
164066  -24.385  -85.893  -3.087 0.4000000060
164067  -15.771  -84.583  -6.796 0.6999999881
164080  -28.298  -79.047  4.049 0.4000000060
164196  -13.754  -77.888  6.882 0.5000000000
164342  -22.483  -82.101  -1.651 0.4000000060
164577  -17.880  -83.599  -7.682 0.5000000000
