#!ascii label  , from subject sub-v1s0x0050653_ses-1 vox2ras=TkReg
1161
85751  19.710  -8.773  2.451 0.2500000000
84806  20.980  -9.301  1.840 0.2500000000
151514  21.349  -9.879  1.492 0.7500000000
88671  18.596  -5.782  3.109 0.2500000000
87668  18.594  -6.625  3.140 0.1250000000
88691  19.139  -6.173  2.667 0.3750000000
86696  19.379  -7.464  2.476 0.2500000000
142638  19.385  -8.209  2.547 0.2500000000
85761  21.151  -8.518  1.426 0.7500000000
85762  20.431  -8.652  1.975 0.3750000000
84804  22.080  -10.025  0.974 0.8750000000
84805  21.598  -9.234  1.159 0.8750000000
151152  22.681  -9.795  0.274 0.8750000000
87683  19.667  -6.604  2.353 0.3750000000
141298  20.179  -7.140  1.978 0.3750000000
87697  20.905  -6.962  1.348 0.8750000000
86707  20.624  -7.820  1.619 0.7500000000
85782  22.845  -8.171  -0.513 1.0000000000
86717  22.119  -7.672  0.224 1.0000000000
86718  21.326  -7.724  0.971 0.8750000000
84818  22.967  -9.163  -0.329 1.0000000000
85770  21.787  -8.476  0.725 0.8750000000
84829  23.969  -9.572  -1.056 1.0000000000
87698  20.360  -6.138  1.718 0.7500000000
87709  21.223  -6.122  0.834 0.8750000000
146425  21.529  -6.939  0.618 0.8750000000
85797  23.388  -7.738  -1.333 1.0000000000
86729  22.052  -6.750  -0.021 1.0000000000
85795  24.877  -8.609  -2.268 1.0000000000
85781  23.600  -8.669  -1.214 1.0000000000
84841  24.388  -9.029  -1.762 1.0000000000
89647  18.098  -5.474  3.713 0.1250000000
142177  19.315  -5.344  2.631 0.6250000000
88740  21.848  -5.942  -0.018 1.0000000000
88690  19.747  -5.867  2.317 0.8750000000
159313  21.650  -6.433  0.361 1.0000000000
86746  25.166  -7.636  -2.608 1.0000000000
86736  23.786  -7.394  -2.016 1.0000000000
86728  22.659  -7.235  -0.665 1.0000000000
87718  22.535  -6.317  -0.743 1.0000000000
85808  25.181  -8.201  -2.443 1.0000000000
85796  24.176  -8.168  -2.065 1.0000000000
86726  26.489  -7.632  -1.130 1.0000000000
85794  25.326  -8.695  -2.110 1.0000000000
134324  19.127  -1.984  3.381 0.2500000000
154019  18.244  -4.761  3.816 0.2500000000
89646  18.785  -4.820  3.184 0.3750000000
89670  20.558  -4.419  1.303 1.0000000000
148772  19.566  -4.368  2.507 0.6250000000
88724  20.747  -5.258  1.129 1.0000000000
88755  22.990  -5.671  -1.597 1.0000000000
141640  21.956  -5.123  -0.241 1.0000000000
148484  25.046  -7.001  -2.798 1.0000000000
87737  24.663  -6.491  -2.969 1.0000000000
144616  23.973  -5.756  -3.100 1.0000000000
137597  26.093  -5.868  -1.870 1.0000000000
87717  26.332  -6.733  -1.470 1.0000000000
88722  26.713  -5.127  -0.332 1.0000000000
88738  26.572  -5.922  -0.882 1.0000000000
91552  19.210  -2.310  3.153 0.5000000000
154808  18.794  -2.518  3.692 0.3750000000
150247  18.698  -3.084  3.683 0.3750000000
147659  19.146  -3.253  3.105 0.5000000000
90666  20.910  -3.783  0.738 0.8750000000
91574  21.396  -3.107  0.130 1.0000000000
88754  23.549  -5.283  -2.596 1.0000000000
89694  22.047  -4.406  -0.417 1.0000000000
89733  24.745  -4.989  -3.174 1.0000000000
88767  23.948  -4.979  -3.176 1.0000000000
89692  26.410  -4.371  -0.804 1.0000000000
144712  26.401  -5.228  -1.140 1.0000000000
145106  27.148  -5.026  0.507 0.8750000000
134331  19.707  -1.671  2.434 0.5000000000
91561  19.684  -2.712  2.418 0.5000000000
92503  20.560  -2.155  1.147 0.6250000000
150166  21.082  -2.247  0.467 0.6250000000
91575  20.724  -2.960  0.900 1.0000000000
90673  22.616  -3.321  -1.313 1.0000000000
91592  25.978  -2.668  -1.110 1.0000000000
91600  25.517  -2.626  -1.920 1.0000000000
90695  24.192  -3.851  -3.478 1.0000000000
89735  23.878  -4.149  -3.323 1.0000000000
91582  26.431  -2.820  -0.335 1.0000000000
89704  25.889  -3.964  -1.591 1.0000000000
146818  25.123  -4.304  -2.960 1.0000000000
91572  27.252  -2.405  0.950 0.8750000000
90664  26.657  -3.625  -0.135 1.0000000000
90663  27.120  -3.756  0.604 0.8750000000
161679  20.437  -1.470  1.348 0.5000000000
92512  21.438  -1.477  -0.019 0.8750000000
92533  23.888  -1.631  -3.098 1.0000000000
91593  23.178  -2.234  -2.081 1.0000000000
92517  25.706  -1.909  -1.446 1.0000000000
92531  24.867  -1.768  -2.945 1.0000000000
90689  23.583  -3.564  -2.799 1.0000000000
93420  26.239  -0.483  -0.191 1.0000000000
92494  27.542  -1.808  1.451 1.0000000000
149570  26.665  -2.199  0.215 1.0000000000
93419  26.794  -0.841  0.507 1.0000000000
92500  27.025  -1.610  0.684 1.0000000000
134332  20.178  -1.039  1.860 0.5000000000
92502  20.795  -1.464  0.739 0.8750000000
94358  24.861  0.801  -2.286 1.0000000000
93444  23.826  -0.911  -2.953 1.0000000000
92518  22.634  -1.683  -1.499 1.0000000000
95293  26.166  1.287  0.112 1.0000000000
94343  26.067  0.441  -0.188 1.0000000000
95282  27.108  1.411  1.884 1.0000000000
95283  26.543  1.430  1.019 1.0000000000
150932  27.404  0.120  2.081 1.0000000000
94323  26.778  0.857  1.375 1.0000000000
93398  27.677  -0.500  2.471 0.8750000000
98164  24.786  3.803  -3.406 1.0000000000
97218  23.109  2.860  -1.436 0.3750000000
97226  24.316  3.119  -2.936 0.8750000000
95322  24.705  1.437  -2.749 1.0000000000
96293  26.371  2.217  0.393 1.0000000000
139834  26.011  1.890  -0.623 1.0000000000
98172  24.775  4.869  -3.626 0.8750000000
98170  25.064  4.496  -3.787 1.0000000000
97236  25.037  3.811  -3.645 1.0000000000
97225  24.810  3.062  -3.266 1.0000000000
98163  25.457  4.451  -3.278 1.0000000000
97217  25.673  2.869  -2.414 1.0000000000
139456  26.425  3.026  0.232 1.0000000000
97209  26.359  3.499  -0.367 1.0000000000
96292  26.679  2.994  1.009 1.0000000000
98979  24.640  5.667  -3.681 0.7500000000
98978  25.828  5.319  -3.009 1.0000000000
98162  25.962  4.874  -2.444 1.0000000000
98957  26.765  5.466  -0.116 1.0000000000
148568  26.559  4.893  -0.614 1.0000000000
98129  26.601  4.283  -0.070 1.0000000000
98987  25.208  5.135  -3.752 1.0000000000
144585  26.297  4.881  -1.584 1.0000000000
105074  19.675  12.437  -2.721 0.1250000000
105058  19.232  13.121  -2.325 0.1250000000
104113  19.100  12.094  -3.796 0.2500000000
104097  18.579  12.209  -3.077 0.1250000000
104124  19.017  11.767  -4.481 0.3750000000
105089  17.775  12.386  -3.257 0.2500000000
145276  18.530  11.891  -4.851 0.5000000000
104125  17.944  12.248  -4.764 0.2500000000
105107  18.368  12.607  -5.605 0.3750000000
105914  17.488  13.085  -2.711 0.2500000000
105099  17.472  12.501  -4.319 0.2500000000
105933  16.539  13.969  -4.224 0.2500000000
106715  16.275  14.843  -4.804 0.2500000000
105108  17.488  12.789  -5.452 0.2500000000
105951  16.554  13.985  -6.222 0.2500000000
105964  17.002  13.424  -6.317 0.3750000000
151881  16.427  14.120  -5.286 0.2500000000
105963  17.845  13.120  -6.380 0.3750000000
105972  17.324  13.877  -7.003 0.2500000000
85752  19.076  -8.841  2.878 0.1250000000
86708  19.976  -7.982  2.209 0.2500000000
150256  18.755  -7.399  3.061 0.1250000000
84839  25.574  -9.377  -1.623 1.0000000000
92511  22.046  -1.971  -0.768 0.8750000000
93428  25.610  0.014  -0.974 1.0000000000
84778  19.393  -10.253  3.142 0.1250000000
83813  21.545  -10.549  1.734 0.6250000000
83812  22.410  -11.003  1.311 0.7500000000
88672  18.001  -6.323  3.722 0.1250000000
82842  23.130  -11.174  0.665 1.0000000000
85738  18.667  -8.767  3.379 0.1250000000
83843  24.232  -10.460  -0.759 1.0000000000
83854  25.346  -10.068  -1.433 1.0000000000
85768  26.604  -9.030  -0.784 1.0000000000
90623  18.037  -4.354  4.228 0.3750000000
91535  18.379  -3.198  4.128 0.2500000000
153571  18.299  -3.652  4.121 0.2500000000
88737  26.941  -5.856  0.087 0.8750000000
91565  27.935  -2.668  1.771 0.8750000000
89681  27.281  -4.369  0.752 0.8750000000
92493  28.105  -1.867  2.282 0.8750000000
96294  21.806  2.853  -0.004 0.1250000000
96303  22.427  2.478  -0.728 0.1250000000
93422  20.544  -0.785  1.158 0.3750000000
148801  21.821  -0.078  -0.517 0.6250000000
94322  27.095  0.655  1.854 1.0000000000
92483  27.594  -1.175  2.036 0.8750000000
97210  23.716  3.332  -2.195 0.5000000000
162255  24.632  4.389  -3.436 0.8750000000
156931  22.310  1.825  -0.869 0.3750000000
95314  22.969  1.950  -1.621 0.8750000000
149754  27.293  2.997  1.734 1.0000000000
97173  27.781  3.736  2.130 1.0000000000
98118  27.566  4.339  1.590 1.0000000000
98988  25.040  5.183  -3.827 1.0000000000
98945  26.795  4.966  0.207 1.0000000000
99874  24.747  6.460  -5.023 0.8750000000
100684  25.141  7.052  -4.857 1.0000000000
150011  26.053  6.814  -2.790 1.0000000000
98967  26.563  5.665  -1.002 1.0000000000
105056  20.634  12.515  -2.318 0.1250000000
104111  20.563  11.784  -3.891 0.1250000000
102304  20.854  9.106  -5.723 0.6250000000
103260  19.560  10.585  -5.685 0.6250000000
103286  20.616  10.862  -6.632 0.5000000000
154160  18.182  12.479  -2.543 0.2500000000
104135  19.756  12.153  -6.225 0.5000000000
146417  17.347  13.963  -2.157 0.2500000000
105915  16.762  13.923  -3.063 0.2500000000
105106  19.160  12.762  -6.251 0.5000000000
107476  16.756  15.874  -3.183 0.1250000000
106728  16.309  14.779  -5.960 0.2500000000
106749  16.965  14.654  -7.204 0.2500000000
144025  19.385  13.243  -6.515 0.3750000000
107506  18.462  15.316  -6.665 0.2500000000
107488  16.461  15.778  -4.297 0.1250000000
84794  19.353  -9.449  2.841 0.1250000000
84793  20.088  -9.613  2.390 0.3750000000
84792  20.818  -10.158  2.094 0.5000000000
86697  18.942  -8.124  2.921 0.1250000000
84819  22.243  -9.205  0.495 0.8750000000
83830  22.855  -10.494  0.480 1.0000000000
84817  23.384  -10.057  -0.224 1.0000000000
85769  22.392  -8.532  0.138 1.0000000000
83855  24.747  -10.002  -1.388 1.0000000000
84840  25.023  -9.369  -1.831 1.0000000000
88707  20.114  -5.082  1.998 0.8750000000
86727  25.951  -7.435  -1.985 1.0000000000
142849  23.835  -6.839  -2.371 1.0000000000
87726  23.616  -6.144  -2.472 1.0000000000
150147  26.020  -8.108  -1.776 1.0000000000
85780  26.310  -8.574  -1.262 1.0000000000
90637  18.629  -3.974  3.626 0.3750000000
90636  19.154  -4.003  3.031 0.5000000000
89671  20.165  -4.206  1.920 0.8750000000
89683  21.569  -4.670  0.108 1.0000000000
88739  22.531  -4.929  -0.980 1.0000000000
87725  25.866  -6.732  -2.176 1.0000000000
87736  25.040  -6.458  -2.955 1.0000000000
87748  24.328  -6.025  -3.182 1.0000000000
87746  24.970  -5.745  -3.117 1.0000000000
88753  25.424  -5.220  -2.563 1.0000000000
89682  26.875  -4.374  0.117 1.0000000000
90656  19.969  -3.550  2.131 0.6250000000
91566  20.275  -2.826  1.663 0.6250000000
90674  22.035  -3.623  -0.535 1.0000000000
91584  22.027  -2.808  -0.678 1.0000000000
138950  24.595  -4.293  -3.348 1.0000000000
89707  23.082  -4.707  -1.892 1.0000000000
143688  23.183  -3.851  -2.000 1.0000000000
88752  25.994  -4.847  -1.713 1.0000000000
89669  27.622  -4.768  1.244 0.8750000000
91583  22.616  -2.516  -1.404 1.0000000000
90682  23.224  -3.019  -2.030 1.0000000000
92509  26.190  -2.000  -0.605 1.0000000000
90681  25.434  -3.495  -2.418 1.0000000000
148544  24.250  -3.095  -3.337 1.0000000000
91609  25.117  -2.582  -2.787 1.0000000000
93451  24.154  -1.107  -3.134 1.0000000000
92526  23.172  -1.507  -2.202 1.0000000000
93449  25.015  -1.093  -2.467 1.0000000000
92532  24.326  -1.725  -3.199 1.0000000000
92510  25.865  -1.074  -0.972 1.0000000000
91610  24.563  -2.493  -3.183 1.0000000000
156909  25.407  -1.281  -1.788 1.0000000000
94334  27.036  0.178  1.247 1.0000000000
93411  27.330  -0.475  1.639 1.0000000000
93421  21.030  -0.698  0.485 0.6250000000
93429  22.101  -0.989  -0.815 0.7500000000
151133  22.709  -0.878  -1.732 1.0000000000
93445  23.284  -0.693  -2.476 1.0000000000
94360  23.842  0.451  -2.789 1.0000000000
93443  24.161  -0.303  -3.005 1.0000000000
95313  25.284  1.511  -2.377 1.0000000000
95303  25.725  1.632  -1.554 1.0000000000
150090  25.414  0.848  -1.497 1.0000000000
96284  26.865  2.221  1.396 1.0000000000
95302  25.881  1.115  -0.783 1.0000000000
94351  25.046  0.204  -1.725 1.0000000000
96314  23.668  2.494  -2.371 0.7500000000
94361  23.173  0.309  -2.531 1.0000000000
96313  25.599  2.110  -2.265 1.0000000000
150194  23.527  0.975  -2.546 1.0000000000
96324  25.099  2.288  -2.933 1.0000000000
150511  26.150  2.705  -0.506 1.0000000000
98996  25.008  5.997  -4.296 0.8750000000
97224  25.167  3.097  -3.189 1.0000000000
98152  25.498  3.656  -2.872 1.0000000000
98140  26.247  4.091  -1.157 1.0000000000
96312  26.051  3.189  -1.314 1.0000000000
147308  25.966  3.591  -2.054 1.0000000000
97200  26.688  3.686  0.528 1.0000000000
99855  25.636  6.067  -3.514 1.0000000000
142905  26.444  6.137  -1.672 1.0000000000
149374  25.743  6.867  -3.529 1.0000000000
99863  25.377  6.559  -4.293 1.0000000000
105073  20.313  12.234  -2.770 0.1250000000
104112  19.862  11.967  -3.821 0.1250000000
104094  20.721  11.846  -3.237 0.1250000000
105913  18.221  13.149  -1.997 0.2500000000
104114  18.310  12.022  -3.952 0.2500000000
103232  20.315  11.533  -4.395 0.3750000000
102270  19.502  11.196  -4.960 0.5000000000
104136  19.029  12.027  -5.571 0.5000000000
103271  19.752  10.444  -6.148 0.7500000000
106740  16.587  14.716  -6.815 0.2500000000
106738  18.727  14.197  -6.675 0.2500000000
83799  20.125  -10.633  2.793 0.2500000000
83789  19.551  -11.109  3.671 0.1250000000
83829  23.620  -10.889  -0.028 1.0000000000
141497  21.310  0.030  0.197 0.6250000000
93436  22.766  -0.186  -2.048 0.8750000000
94344  22.170  0.598  -0.913 0.7500000000
94352  22.626  0.498  -1.772 0.8750000000
95315  22.506  1.228  -1.320 0.8750000000
95325  22.983  1.118  -2.196 1.0000000000
96325  24.356  2.170  -2.889 1.0000000000
99873  24.952  6.563  -4.913 1.0000000000
100675  25.606  7.356  -3.936 1.0000000000
99845  26.301  6.859  -1.810 1.0000000000
103231  21.122  11.276  -4.381 0.3750000000
102317  21.144  8.920  -6.446 0.7500000000
102306  19.685  9.951  -6.105 0.7500000000
102289  19.894  10.566  -5.254 0.5000000000
102318  20.096  9.955  -6.496 0.7500000000
105949  19.542  13.830  -6.118 0.2500000000
105962  19.950  13.291  -6.704 0.3750000000
78696  24.497  -16.003  2.142 0.7500000000
78694  26.202  -15.939  1.667 0.7500000000
139631  23.649  -15.766  2.533 0.7500000000
78713  23.446  -14.909  2.431 0.7500000000
78711  25.677  -15.354  1.379 0.7500000000
78712  24.794  -15.327  1.684 0.7500000000
79699  24.101  -14.578  1.748 0.7500000000
79696  26.760  -14.652  0.788 0.7500000000
79698  25.187  -14.649  1.036 0.7500000000
80700  24.464  -13.942  1.074 0.7500000000
81767  22.603  -12.464  1.924 0.7500000000
82828  22.318  -11.773  1.798 0.6250000000
158098  24.430  -12.797  0.473 0.8750000000
81766  23.294  -12.751  1.459 0.8750000000
80699  26.867  -13.919  0.353 0.7500000000
79710  26.094  -14.212  0.357 0.7500000000
80713  25.644  -13.443  0.090 0.7500000000
82840  24.499  -12.183  0.100 0.8750000000
82841  23.747  -11.659  0.345 0.8750000000
81778  26.574  -12.769  -0.221 0.7500000000
81779  25.929  -12.695  -0.388 0.7500000000
81796  25.848  -11.953  -0.706 0.8750000000
82854  24.563  -11.371  -0.475 0.8750000000
82839  26.606  -11.334  -0.323 0.7500000000
82852  26.020  -11.391  -0.872 0.8750000000
83841  25.684  -10.724  -1.143 0.8750000000
140776  27.337  -8.859  0.790 0.8750000000
84816  26.644  -9.709  -0.538 0.8750000000
85767  27.018  -8.983  -0.099 0.8750000000
85779  26.777  -8.315  -0.517 0.8750000000
87681  29.075  -6.162  2.999 0.3750000000
87695  28.197  -6.638  1.979 0.6250000000
87696  27.696  -6.606  1.297 0.7500000000
86716  27.025  -7.461  -0.109 0.7500000000
138909  29.515  -5.779  3.419 0.5000000000
88688  28.555  -5.860  2.333 0.5000000000
89656  28.663  -4.984  2.368 0.7500000000
89668  28.121  -5.261  1.764 0.7500000000
90629  32.016  -3.623  3.729 0.1250000000
89640  30.286  -4.331  3.740 0.3750000000
89655  29.283  -4.227  2.920 0.6250000000
90654  28.256  -4.288  1.937 0.6250000000
90643  33.094  -4.036  1.956 0.1250000000
90644  32.735  -3.416  2.571 0.1250000000
148646  30.852  -2.942  3.906 0.1250000000
91544  31.734  -2.212  3.388 0.1250000000
91559  29.538  -2.173  3.304 0.6250000000
92482  28.759  -1.708  3.129 0.7500000000
161057  32.548  -2.263  1.298 0.1250000000
92491  32.238  -1.299  1.400 0.1250000000
93394  31.332  -0.692  3.053 0.1250000000
92468  30.645  -0.910  3.531 0.5000000000
93396  28.785  -0.875  3.550 0.7500000000
90662  32.787  -3.094  0.669 0.1250000000
159500  31.195  0.010  2.901 0.5000000000
93382  30.707  0.012  3.326 0.5000000000
156156  29.988  0.351  3.649 0.6250000000
93397  28.164  -0.476  3.236 0.7500000000
99865  24.170  6.464  -3.956 0.6250000000
149247  23.578  6.970  -4.471 0.5000000000
99875  24.327  6.565  -4.934 0.7500000000
95269  30.644  1.587  2.999 0.6250000000
96250  28.999  2.492  3.480 0.6250000000
95270  27.764  1.640  2.733 0.8750000000
96267  30.740  2.328  2.586 0.5000000000
96248  30.198  2.298  3.175 0.6250000000
97154  29.633  2.995  3.208 0.6250000000
96268  28.209  2.553  2.901 0.7500000000
100686  23.635  6.766  -5.472 0.7500000000
144641  27.487  2.306  2.182 0.8750000000
98128  27.077  4.517  0.853 0.8750000000
98944  27.329  5.561  0.712 0.8750000000
148121  28.235  3.300  2.665 0.7500000000
98107  28.329  4.689  2.062 0.8750000000
98933  28.122  5.495  1.504 0.8750000000
99819  28.101  6.232  1.114 0.8750000000
99826  27.560  6.553  0.473 0.8750000000
96283  31.418  2.633  1.053 0.3750000000
97169  30.780  3.097  2.316 0.5000000000
156445  30.804  3.814  2.132 0.5000000000
98105  29.796  4.527  2.558 0.6250000000
144682  31.558  3.362  -0.190 0.2500000000
97188  31.191  3.307  1.641 0.3750000000
97189  30.521  4.599  2.141 0.5000000000
100700  22.976  7.337  -5.881 0.6250000000
100715  23.059  7.309  -6.650 0.7500000000
100685  24.628  6.724  -5.444 0.8750000000
100698  24.265  6.911  -6.283 0.7500000000
99834  26.656  6.626  -0.884 0.8750000000
100648  26.573  7.323  -1.148 0.7500000000
100642  27.742  7.443  0.225 0.8750000000
98921  29.273  5.055  2.322 0.6250000000
98932  28.788  5.418  1.929 0.7500000000
141473  31.113  4.169  1.514 0.3750000000
98117  31.007  5.029  1.458 0.5000000000
100635  29.178  7.264  1.164 0.7500000000
97198  31.541  4.127  -0.136 0.2500000000
101469  22.254  8.106  -5.205 0.6250000000
147750  24.703  7.106  -5.602 0.8750000000
101467  25.416  8.023  -4.169 0.8750000000
101433  25.892  8.610  -2.700 0.8750000000
102285  25.165  8.899  -4.201 0.7500000000
101432  26.250  8.213  -1.975 0.8750000000
101410  28.211  8.193  0.234 0.7500000000
99817  29.570  6.545  1.550 0.5000000000
150881  31.457  6.084  -0.581 0.2500000000
145163  31.285  6.004  0.367 0.5000000000
98930  30.816  5.891  1.255 0.5000000000
98150  31.530  4.493  -0.999 0.2500000000
141673  21.550  8.640  -5.477 0.5000000000
101486  21.521  8.521  -6.255 0.5000000000
101500  21.857  8.206  -6.899 0.6250000000
101498  23.403  7.967  -7.009 0.7500000000
102286  24.628  8.888  -4.919 0.7500000000
102303  23.548  9.002  -6.504 0.7500000000
148607  25.093  9.694  -4.367 0.7500000000
103216  25.886  10.224  -3.000 0.7500000000
142000  25.544  9.880  -3.843 0.7500000000
103246  24.625  10.105  -5.035 0.7500000000
102249  26.068  9.504  -2.522 0.7500000000
102235  27.202  9.855  -0.992 0.7500000000
153668  26.841  10.347  -1.555 0.7500000000
159430  29.511  8.724  0.434 0.5000000000
102223  29.534  9.747  -0.306 0.3750000000
102224  28.728  9.740  -0.269 0.6250000000
99823  31.318  6.802  -0.019 0.2500000000
100646  30.647  8.085  0.059 0.3750000000
101415  30.438  8.841  -0.269 0.3750000000
102330  21.732  9.054  -7.058 0.6250000000
102328  22.617  9.065  -7.322 0.7500000000
103258  23.951  10.044  -6.019 0.7500000000
103245  25.205  10.528  -4.195 0.7500000000
103229  25.574  10.793  -3.522 0.7500000000
103201  26.786  10.966  -1.831 0.6250000000
103182  29.923  10.279  -0.800 0.3750000000
103199  28.649  10.975  -1.103 0.3750000000
147428  31.490  7.043  -1.866 0.1250000000
102233  31.198  9.135  -2.034 0.1250000000
101423  30.768  9.195  -1.172 0.2500000000
102329  22.200  9.526  -7.492 0.6250000000
103282  22.711  10.040  -7.649 0.7500000000
104132  24.340  11.174  -5.706 0.6250000000
104122  25.355  11.391  -3.955 0.7500000000
104079  27.327  11.396  -1.769 0.3750000000
104108  26.305  11.654  -2.847 0.3750000000
147968  26.285  11.017  -2.458 0.7500000000
103197  30.257  10.621  -1.485 0.2500000000
103198  29.587  10.911  -1.208 0.3750000000
103200  27.560  10.807  -1.287 0.6250000000
101466  31.416  8.521  -4.136 0.1250000000
102248  31.308  9.427  -2.925 0.1250000000
100674  31.521  7.234  -2.835 0.1250000000
103285  20.999  10.392  -7.244 0.6250000000
103283  22.011  10.509  -8.034 0.6250000000
104146  23.757  11.712  -6.599 0.3750000000
104133  23.760  10.841  -6.491 0.3750000000
105097  25.254  12.122  -4.544 0.3750000000
105086  27.648  12.884  -3.064 0.2500000000
105070  27.051  12.285  -2.797 0.3750000000
105088  25.734  11.974  -3.846 0.3750000000
103227  30.796  11.048  -3.187 0.1250000000
104089  29.466  11.935  -2.301 0.3750000000
104077  29.122  11.526  -1.640 0.3750000000
101482  31.227  8.265  -4.944 0.1250000000
103215  30.517  10.868  -2.336 0.1250000000
105123  21.262  12.301  -7.868 0.3750000000
104163  20.945  11.226  -7.712 0.3750000000
104160  22.433  11.311  -8.008 0.3750000000
105105  24.217  12.215  -6.065 0.3750000000
139111  23.218  12.087  -7.357 0.3750000000
105943  25.535  13.002  -5.052 0.3750000000
105098  24.691  11.906  -5.231 0.3750000000
105925  27.865  13.473  -3.476 0.3750000000
105096  26.058  12.593  -4.146 0.3750000000
104121  31.065  11.749  -4.542 0.1250000000
105067  29.713  12.315  -2.883 0.1250000000
105085  28.453  13.045  -3.041 0.2500000000
103256  31.210  10.443  -4.767 0.1250000000
105113  22.897  12.762  -7.404 0.2500000000
105958  24.046  13.087  -6.644 0.2500000000
106722  26.667  14.162  -5.053 0.1250000000
105957  24.775  13.472  -6.185 0.3750000000
105104  24.801  12.629  -5.590 0.3750000000
105941  27.295  13.777  -4.182 0.1250000000
105942  26.395  13.392  -4.556 0.2500000000
156235  29.624  14.173  -4.588 0.1250000000
139563  20.488  13.077  -7.192 0.3750000000
105977  21.645  12.761  -7.653 0.3750000000
135817  23.232  13.416  -7.037 0.2500000000
106734  25.810  14.674  -6.056 0.1250000000
106746  24.103  14.950  -7.763 0.1250000000
106733  26.921  14.962  -5.553 0.1250000000
106745  24.760  15.170  -7.407 0.1250000000
106719  30.134  14.123  -4.969 0.1250000000
107492  27.900  15.249  -5.211 0.1250000000
107515  23.938  15.671  -8.061 0.1250000000
107502  27.121  15.954  -6.007 0.1250000000
107513  24.958  16.198  -7.622 0.1250000000
107500  29.523  15.591  -5.577 0.1250000000
106732  30.315  14.797  -5.664 0.1250000000
82853  25.460  -11.390  -0.873 0.8750000000
85760  27.539  -8.087  1.228 0.6250000000
94291  30.428  0.900  3.449 0.6250000000
141596  30.161  5.959  1.809 0.5000000000
98127  31.384  4.576  0.722 0.3750000000
101485  22.259  7.871  -6.393 0.6250000000
100713  23.999  7.425  -6.711 0.8750000000
101468  24.881  7.858  -4.926 0.8750000000
101484  24.006  8.178  -6.459 0.7500000000
102266  25.618  9.049  -3.385 0.8750000000
102236  26.517  9.688  -1.744 0.7500000000
101424  26.637  8.998  -1.346 0.7500000000
100634  29.920  7.326  1.246 0.5000000000
101407  30.076  8.526  0.444 0.5000000000
101408  29.531  8.048  0.837 0.7500000000
100639  30.857  7.392  0.424 0.5000000000
154640  29.479  13.503  -3.875 0.1250000000
106735  24.737  14.339  -6.765 0.2500000000
107503  25.971  15.613  -6.539 0.1250000000
155507  28.920  15.897  -5.472 0.1250000000
90630  30.253  -2.587  3.615 0.5000000000
90645  28.608  -3.366  2.301 0.6250000000
155729  27.968  -3.498  1.679 0.7500000000
94305  31.519  0.896  1.844 0.3750000000
95268  31.204  1.640  2.302 0.3750000000
144979  31.589  2.177  -0.262 0.2500000000
99825  28.306  6.996  0.852 0.7500000000
106709  28.188  14.122  -3.983 0.1250000000
96301  31.570  2.790  -0.726 0.1250000000
76823  24.927  -17.577  2.678 0.7500000000
77811  24.142  -16.729  2.657 0.7500000000
77793  23.179  -16.306  3.143 0.7500000000
78679  22.821  -15.273  3.062 0.7500000000
76822  25.851  -17.637  2.364 0.7500000000
141915  26.901  -15.767  1.589 0.7500000000
80701  23.659  -13.750  1.631 0.7500000000
80711  27.278  -13.380  0.629 0.7500000000
81765  27.445  -12.528  1.076 0.6250000000
83827  27.099  -10.727  0.482 0.6250000000
85750  27.686  -8.787  1.614 0.5000000000
149137  28.398  -8.021  2.578 0.3750000000
85759  28.011  -8.069  1.962 0.5000000000
87661  29.551  -6.431  3.605 0.1250000000
89639  31.751  -4.473  4.013 0.1250000000
89654  32.835  -4.230  2.774 0.1250000000
90652  33.125  -3.899  0.988 0.1250000000
90671  32.719  -3.419  -0.876 0.1250000000
91581  32.499  -2.511  -0.755 0.1250000000
159297  32.446  -1.898  -0.360 0.1250000000
92507  32.323  -1.373  -0.432 0.1250000000
93409  32.192  -0.836  0.695 0.1250000000
94321  31.747  0.256  1.341 0.1250000000
142700  31.659  0.975  0.703 0.2500000000
95281  31.467  1.765  1.409 0.2500000000
101451  22.469  8.584  -4.234 0.5000000000
144224  31.572  4.015  -1.569 0.1250000000
97208  31.551  3.608  -0.938 0.2500000000
147283  31.528  5.094  -2.802 0.1250000000
99853  31.524  6.384  -2.438 0.1250000000
100683  31.464  7.171  -3.874 0.1250000000
102287  21.099  9.520  -4.767 0.3750000000
100696  31.324  7.254  -5.028 0.1250000000
149667  30.796  8.885  -5.626 0.1250000000
100697  30.917  7.986  -5.719 0.1250000000
104131  31.192  11.805  -5.267 0.1250000000
104145  30.546  11.474  -7.012 0.1250000000
105912  18.747  13.877  -1.796 0.1250000000
105960  21.668  13.417  -6.087 0.2500000000
105959  22.449  13.448  -6.316 0.1250000000
105945  22.792  13.622  -5.226 0.1250000000
108266  26.066  16.748  -7.060 0.1250000000
108279  24.192  16.411  -8.142 0.1250000000
108265  27.253  17.087  -6.581 0.1250000000
154686  30.874  13.911  -6.568 0.1250000000
108263  29.051  16.414  -5.948 0.1250000000
87716  26.794  -6.710  -0.520 0.7500000000
94307  28.069  0.952  3.313 0.7500000000
157077  27.817  0.159  2.984 0.7500000000
98980  24.293  4.957  -3.103 0.3750000000
99833  26.940  6.138  -0.116 0.8750000000
84828  26.167  -9.462  -1.264 0.8750000000
82827  23.030  -11.885  1.179 0.7500000000
81781  23.781  -12.425  0.745 0.8750000000
83842  25.035  -10.745  -1.167 0.8750000000
87708  27.246  -6.617  0.444 0.7500000000
91560  28.726  -2.499  2.624 0.6250000000
96269  27.752  3.006  2.378 0.8750000000
100665  25.834  7.641  -2.917 0.8750000000
100664  26.144  7.424  -2.220 0.8750000000
100647  27.046  7.418  -0.529 0.8750000000
153725  20.395  12.251  -6.987 0.3750000000
104134  19.856  12.912  -7.022 0.3750000000
105948  20.483  13.796  -5.688 0.1250000000
105961  20.810  13.489  -6.345 0.2500000000
154645  24.095  -15.306  2.120 0.7500000000
78695  25.367  -16.040  1.821 0.7500000000
77809  26.003  -16.801  1.897 0.7500000000
77808  26.824  -16.470  1.911 0.7500000000
78710  26.502  -15.303  1.235 0.7500000000
79683  22.782  -14.502  2.741 0.7500000000
79682  23.208  -14.128  2.246 0.7500000000
79711  25.239  -13.969  0.531 0.7500000000
80702  22.977  -13.282  2.061 0.7500000000
82812  21.947  -12.118  2.447 0.6250000000
160920  23.453  -13.259  1.570 0.7500000000
80714  24.799  -13.388  0.486 0.8750000000
80712  26.393  -13.414  -0.031 0.7500000000
81780  25.128  -12.796  -0.018 0.8750000000
81797  25.291  -12.087  -0.472 0.8750000000
81795  26.286  -12.116  -0.574 0.7500000000
82838  27.169  -11.750  0.545 0.7500000000
83828  26.703  -10.419  -0.217 0.7500000000
83840  26.234  -10.504  -0.944 0.8750000000
83811  27.400  -10.117  1.259 0.6250000000
86706  27.423  -7.367  0.825 0.7500000000
87662  29.080  -6.901  3.243 0.2500000000
86695  28.317  -7.374  2.282 0.5000000000
86705  27.867  -7.347  1.606 0.6250000000
88705  28.011  -6.006  1.702 0.7500000000
88687  29.140  -5.345  2.906 0.5000000000
89626  30.969  -4.491  4.124 0.2500000000
88647  30.578  -5.070  4.064 0.1250000000
136977  31.561  -2.907  3.769 0.2500000000
139166  30.174  -3.457  3.628 0.3750000000
90653  32.846  -3.203  1.666 0.1250000000
90661  33.022  -3.719  0.034 0.1250000000
91543  32.289  -2.893  3.234 0.1250000000
91545  31.077  -2.289  3.727 0.5000000000
92481  31.778  -1.563  2.946 0.1250000000
92480  32.258  -1.780  2.265 0.1250000000
91546  30.462  -1.774  3.572 0.5000000000
92492  31.846  -0.969  2.259 0.1250000000
93410  31.940  -0.486  1.409 0.1250000000
93383  29.823  -0.423  3.622 0.6250000000
137914  31.518  -0.042  2.256 0.1250000000
94292  29.672  1.006  3.715 0.6250000000
95253  29.322  1.720  3.584 0.6250000000
97171  29.375  3.821  2.850 0.6250000000
99818  28.775  6.631  1.294 0.7500000000
100641  28.632  7.775  0.684 0.7500000000
98920  30.023  5.263  2.238 0.5000000000
101499  22.732  7.697  -7.057 0.6250000000
141642  27.545  8.177  -0.292 0.7500000000
98943  31.279  5.346  0.773 0.3750000000
151361  26.281  9.020  -2.067 0.7500000000
101409  28.899  8.549  0.481 0.6250000000
101417  27.324  8.957  -0.639 0.7500000000
99816  30.320  6.670  1.406 0.5000000000
99844  31.522  6.236  -1.536 0.1250000000
98966  31.528  5.374  -1.231 0.1250000000
98956  31.501  5.150  -0.139 0.2500000000
98161  31.606  4.696  -1.962 0.1250000000
102316  23.065  9.012  -7.208 0.7500000000
103184  28.200  10.293  -0.690 0.6250000000
102222  30.198  9.586  -0.533 0.3750000000
103183  29.151  10.373  -0.670 0.3750000000
100645  31.170  7.540  -0.399 0.1250000000
101414  30.967  8.310  -0.773 0.3750000000
104123  24.863  11.248  -4.664 0.3750000000
143580  30.401  9.962  -1.147 0.3750000000
100663  31.469  7.804  -2.160 0.1250000000
102234  30.745  9.928  -2.006 0.1250000000
101431  31.445  8.499  -2.605 0.1250000000
105069  28.022  12.546  -2.536 0.3750000000
105087  26.320  12.184  -3.435 0.3750000000
104088  30.248  11.671  -2.796 0.2500000000
102265  31.311  9.992  -3.664 0.1250000000
148847  31.239  9.084  -4.736 0.1250000000
146982  31.500  7.979  -3.414 0.1250000000
103214  30.995  10.327  -2.955 0.1250000000
104162  21.341  11.652  -8.220 0.3750000000
105068  28.962  12.523  -2.650 0.2500000000
103244  31.316  10.415  -4.139 0.1250000000
104107  30.769  11.618  -3.714 0.1250000000
105083  30.225  12.335  -3.463 0.1250000000
105122  21.908  12.126  -8.265 0.3750000000
105956  25.702  13.827  -5.569 0.3750000000
105926  26.945  12.965  -3.624 0.3750000000
104130  31.230  11.146  -5.048 0.1250000000
105094  30.654  12.260  -4.131 0.1250000000
105938  30.520  13.398  -4.880 0.1250000000
149241  30.944  13.061  -5.522 0.1250000000
105084  29.439  12.950  -3.317 0.1250000000
105924  28.756  13.588  -3.575 0.1250000000
102300  30.971  9.727  -5.196 0.1250000000
103257  30.878  10.457  -5.558 0.1250000000
105969  22.673  13.196  -7.246 0.2500000000
105970  21.994  13.150  -7.060 0.2500000000
105968  23.877  13.986  -7.156 0.2500000000
106721  27.603  14.495  -4.698 0.1250000000
107491  28.755  15.402  -5.150 0.1250000000
105940  29.106  14.124  -4.195 0.1250000000
152140  29.450  14.728  -4.885 0.1250000000
106737  23.114  13.729  -6.952 0.1250000000
106747  23.804  14.489  -7.221 0.1250000000
107514  24.116  15.732  -8.210 0.1250000000
105955  30.727  13.844  -5.707 0.1250000000
106736  23.556  14.860  -7.060 0.1250000000
106725  23.107  13.955  -6.075 0.1250000000
76824  24.207  -17.463  3.041 0.7500000000
77810  25.137  -16.811  2.247 0.7500000000
137983  23.642  -17.068  3.173 0.7500000000
81756  22.248  -12.876  2.622 0.5000000000
140891  27.444  -10.979  1.353 0.6250000000
84791  27.704  -9.531  1.916 0.5000000000
93427  31.957  -0.212  -0.613 0.1250000000
92508  32.081  -0.945  -0.927 0.1250000000
93418  31.982  -0.060  0.435 0.1250000000
152932  31.516  5.795  -2.882 0.1250000000
146813  30.914  11.260  -5.876 0.1250000000
147771  31.090  12.271  -6.007 0.1250000000
77794  22.633  -16.453  3.680 0.7500000000
79672  22.186  -14.477  3.262 0.5000000000
75792  25.138  -18.922  3.534 0.6250000000
76805  25.595  -18.397  2.937 0.6250000000
76803  27.389  -17.634  2.898 0.3750000000
76821  26.721  -17.358  2.305 0.6250000000
78677  28.786  -15.599  3.028 0.2500000000
78693  27.555  -15.838  2.031 0.3750000000
85749  28.144  -8.813  2.470 0.3750000000
100687  22.862  7.467  -4.826 0.3750000000
101452  21.895  9.097  -4.563 0.2500000000
158204  20.458  10.857  -4.778 0.2500000000
76806  24.630  -18.164  3.199 0.6250000000
79681  27.998  -15.000  1.812 0.5000000000
140497  27.749  -13.284  1.595 0.5000000000
82826  27.506  -11.742  1.491 0.3750000000
141984  27.746  -17.642  3.696 0.5000000000
159567  27.221  -18.137  3.377 0.6250000000
74790  24.710  -19.438  4.038 0.6250000000
78680  22.002  -15.242  3.790 0.3750000000
77774  22.131  -16.099  4.066 0.3750000000
75793  24.228  -18.702  3.680 0.6250000000
76808  22.922  -17.767  3.991 0.6250000000
75753  27.380  -18.108  5.038 0.3750000000
158290  26.996  -18.534  4.493 0.5000000000
158674  25.402  -19.426  4.010 0.6250000000
79673  21.512  -14.412  3.863 0.2500000000
76775  28.363  -17.207  4.982 0.3750000000
79680  28.595  -14.933  2.542 0.2500000000
77791  28.614  -16.291  3.310 0.2500000000
82829  21.742  -11.347  2.148 0.3750000000
80689  28.240  -14.099  2.217 0.2500000000
139000  28.211  -13.124  2.459 0.3750000000
143994  27.815  -12.275  2.186 0.2500000000
83797  27.688  -10.360  2.089 0.2500000000
84790  28.045  -9.742  2.701 0.2500000000
86682  29.168  -7.619  3.567 0.2500000000
95304  21.905  1.357  -0.586 0.3750000000
94327  20.816  0.054  0.959 0.2500000000
98165  24.244  4.006  -2.828 0.2500000000
154816  21.851  9.931  -4.235 0.2500000000
134325  18.084  -1.472  5.003 0.1250000000
83798  21.016  -10.922  2.592 0.2500000000
94345  21.613  0.710  -0.203 0.3750000000
79695  27.458  -14.251  1.170 0.5000000000
140252  22.527  -15.868  3.519 0.5000000000
76804  26.579  -18.265  2.900 0.6250000000
76820  27.530  -16.826  2.458 0.5000000000
78709  27.255  -15.142  1.368 0.5000000000
85737  28.684  -8.370  3.292 0.2500000000
80690  22.376  -13.760  2.749 0.3750000000
76807  23.703  -17.825  3.484 0.6250000000
80675  21.674  -13.774  3.389 0.3750000000
82811  27.730  -11.239  2.208 0.2500000000
75791  26.041  -19.041  3.580 0.6250000000
75773  26.820  -18.615  3.732 0.5000000000
78678  28.157  -16.187  2.740 0.2500000000
76789  28.336  -17.175  4.150 0.2500000000
135462  29.165  -15.971  3.657 0.2500000000
78692  28.229  -15.484  2.413 0.3750000000
137291  27.372  -18.154  4.131 0.5000000000
76790  27.831  -17.610  4.626 0.3750000000
75794  23.414  -18.499  3.968 0.6250000000
75754  26.809  -18.622  5.267 0.3750000000
75774  26.470  -19.040  4.397 0.5000000000
83796  28.052  -10.616  2.902 0.2500000000
90612  17.980  -3.930  4.428 0.1250000000
73745  22.973  -20.074  4.892 0.5000000000
74759  26.155  -19.267  5.444 0.2500000000
73726  25.061  -20.302  5.441 0.3750000000
74760  25.064  -19.975  4.572 0.5000000000
74778  23.409  -19.618  4.539 0.5000000000
74761  22.250  -19.856  5.233 0.3750000000
75777  21.998  -18.356  4.914 0.5000000000
75775  23.189  -19.006  4.333 0.5000000000
74779  22.621  -19.235  4.742 0.5000000000
136560  22.366  -17.785  4.459 0.3750000000
73709  20.366  -20.791  6.526 0.1250000000
73730  21.806  -20.451  5.585 0.3750000000
76792  21.768  -17.392  4.779 0.2500000000
71814  20.669  -22.464  6.726 0.1250000000
73708  21.350  -21.077  5.976 0.2500000000
72773  22.189  -21.228  5.677 0.3750000000
74743  25.581  -19.790  6.038 0.2500000000
73707  23.824  -21.062  5.678 0.3750000000
73728  23.406  -20.652  5.182 0.5000000000
72761  20.091  -21.711  6.829 0.1250000000
72772  23.003  -21.231  5.576 0.3750000000
74744  20.116  -19.713  6.450 0.1250000000
75756  20.484  -18.175  5.855 0.1250000000
95301  31.622  1.459  -0.244 0.1250000000
76791  22.389  -16.980  4.212 0.3750000000
74776  25.772  -19.476  4.444 0.3750000000
74791  23.845  -19.215  4.132 0.5000000000
74777  24.188  -19.884  4.481 0.5000000000
148308  21.661  -16.507  4.670 0.2500000000
75736  26.663  -18.701  6.287 0.2500000000
73729  22.609  -20.610  5.335 0.5000000000
73744  23.658  -20.192  4.779 0.5000000000
74780  21.943  -19.139  5.210 0.5000000000
148101  25.534  -19.802  5.136 0.3750000000
73727  24.296  -20.483  5.101 0.3750000000
73706  24.512  -20.749  5.960 0.3750000000
74762  21.493  -19.584  5.565 0.2500000000
75755  21.298  -18.704  5.462 0.1250000000
75776  22.737  -18.447  4.381 0.5000000000
153904  19.574  -20.987  7.013 0.1250000000
73731  20.999  -20.134  6.046 0.2500000000
73710  19.428  -20.189  6.889 0.1250000000
76777  21.222  -17.813  5.331 0.1250000000
142314  19.789  -22.559  7.204 0.1250000000
148043  21.796  -21.835  6.061 0.3750000000
73690  24.669  -20.828  6.748 0.2500000000
74763  20.736  -19.170  5.987 0.1250000000
71812  22.233  -22.389  6.416 0.2500000000
71811  23.035  -22.240  6.562 0.2500000000
80691  21.851  -13.186  3.116 0.2500000000
73705  25.106  -20.360  6.422 0.2500000000
71813  21.463  -22.446  6.475 0.1250000000
72760  20.955  -21.756  6.365 0.1250000000
72758  23.392  -21.606  6.166 0.2500000000
72759  22.600  -21.798  6.000 0.2500000000
81744  21.264  -13.065  3.546 0.1250000000
140048  24.370  5.894  -2.856 0.1250000000
99856  24.153  6.521  -3.091 0.1250000000
99846  24.073  6.526  -2.163 0.1250000000
100666  23.769  7.562  -2.439 0.1250000000
101435  22.616  8.980  -3.336 0.1250000000
100676  23.613  7.248  -3.477 0.1250000000
100655  23.767  8.135  -1.625 0.1250000000
157099  23.292  8.374  -2.982 0.1250000000
102252  22.080  10.311  -3.689 0.1250000000
98968  24.172  5.598  -2.056 0.1250000000
102250  22.826  9.328  -2.459 0.1250000000
102237  22.762  9.794  -1.879 0.1250000000
159614  23.748  3.986  -1.945 0.1250000000
98153  24.068  4.666  -2.033 0.1250000000
161891  20.155  -0.544  2.014 0.1250000000
77775  21.559  -15.656  4.544 0.1250000000
80676  21.088  -13.691  3.957 0.1250000000
94336  21.332  0.781  0.558 0.1250000000
98142  22.913  4.056  -0.372 0.1250000000
146960  24.058  5.222  -1.050 0.1250000000
99827  24.160  6.536  -0.044 0.1250000000
145198  23.590  9.118  -0.554 0.1250000000
103202  22.610  10.279  -1.796 0.1250000000
103203  22.353  10.757  -2.417 0.1250000000
97211  23.280  3.636  -1.253 0.1250000000
83788  20.317  -11.467  3.278 0.1250000000
101450  23.160  8.038  -3.919 0.1250000000
102267  22.237  9.552  -3.832 0.1250000000
82813  21.170  -11.793  2.867 0.1250000000
81757  21.523  -12.548  3.060 0.1250000000
81745  20.775  -12.942  4.073 0.1250000000
99835  24.078  6.288  -1.075 0.1250000000
101434  23.492  8.582  -2.229 0.1250000000
100649  23.840  7.414  -0.736 0.1250000000
102238  22.358  10.035  -2.332 0.1250000000
147127  23.392  9.110  -1.593 0.1250000000
103185  22.987  10.519  -1.111 0.1250000000
76776  27.912  -17.518  5.713 0.1250000000
77753  28.726  -16.824  5.761 0.1250000000
138631  28.822  -16.729  4.713 0.1250000000
77772  29.304  -16.181  4.349 0.1250000000
79671  29.304  -14.951  3.078 0.1250000000
151629  28.850  -14.387  2.979 0.1250000000
80688  28.782  -13.493  3.194 0.1250000000
81755  28.427  -12.485  3.099 0.1250000000
82789  30.535  -11.632  4.454 0.1250000000
82798  28.743  -11.891  3.807 0.1250000000
82810  28.162  -11.554  3.027 0.1250000000
146766  29.604  -9.656  4.551 0.1250000000
84777  28.459  -9.974  3.497 0.1250000000
158189  30.139  -9.208  4.635 0.1250000000
155953  29.556  -8.942  4.422 0.1250000000
154322  29.335  -8.341  4.046 0.1250000000
73689  25.191  -20.593  7.276 0.1250000000
72757  24.130  -21.279  6.452 0.1250000000
74730  25.625  -19.888  7.034 0.1250000000
161004  27.133  -18.326  6.879 0.1250000000
154802  28.432  -17.267  6.711 0.1250000000
77752  29.342  -16.291  5.225 0.1250000000
78641  30.371  -15.316  4.824 0.1250000000
79669  30.533  -14.416  3.698 0.1250000000
151321  29.596  -13.264  3.727 0.1250000000
81733  30.821  -12.590  4.159 0.1250000000
84759  30.533  -9.909  4.625 0.1250000000
86668  29.785  -7.617  4.180 0.1250000000
86667  30.669  -7.548  4.591 0.1250000000
155340  31.321  -8.375  4.557 0.1250000000
156020  29.519  -7.070  3.748 0.1250000000
75735  27.263  -18.170  5.998 0.1250000000
144372  28.430  -9.212  3.213 0.1250000000
78661  29.858  -15.543  4.012 0.1250000000
142137  28.545  -10.915  3.722 0.1250000000
74742  26.137  -19.283  6.655 0.1250000000
72741  24.607  -21.367  7.399 0.1250000000
75734  27.683  -17.800  6.833 0.1250000000
137217  29.733  -15.793  4.788 0.1250000000
153450  29.688  -14.233  3.401 0.1250000000
79670  30.017  -14.987  3.488 0.1250000000
81743  28.969  -12.695  3.687 0.1250000000
82797  29.320  -11.282  4.359 0.1250000000
81742  29.678  -12.365  4.150 0.1250000000
83781  29.943  -10.577  4.647 0.1250000000
142136  28.993  -10.237  4.287 0.1250000000
85720  30.210  -8.435  4.540 0.1250000000
139377  31.839  -9.241  4.074 0.1250000000
72740  25.476  -21.120  7.964 0.1250000000
72739  25.899  -20.302  7.829 0.1250000000
157499  29.869  -15.765  5.558 0.1250000000
86681  32.212  -7.318  3.968 0.1250000000
74741  26.711  -18.816  7.395 0.1250000000
77773  28.770  -16.593  3.871 0.2500000000
77792  28.178  -17.008  3.209 0.3750000000
78660  30.540  -14.949  3.996 0.1250000000
78676  29.458  -15.407  3.445 0.2500000000
79697  26.064  -14.880  0.872 0.7500000000
80674  30.472  -13.769  3.716 0.1250000000
81777  27.064  -12.694  0.222 0.7500000000
83853  25.823  -10.061  -1.319 0.8750000000
84776  28.888  -9.219  4.026 0.1250000000
84803  27.442  -9.403  1.209 0.5000000000
85793  25.796  -8.706  -1.760 1.0000000000
85809  24.788  -7.926  -2.558 1.0000000000
85810  24.292  -7.357  -2.509 1.0000000000
86666  31.638  -7.513  4.496 0.1250000000
86683  28.695  -7.490  2.942 0.3750000000
86735  25.555  -8.036  -2.304 1.0000000000
86745  25.439  -7.136  -2.570 1.0000000000
86747  24.738  -7.169  -2.732 1.0000000000
87636  30.207  -5.907  4.066 0.1250000000
87637  30.083  -6.839  4.221 0.1250000000
87682  28.648  -6.721  2.631 0.3750000000
87684  19.054  -6.850  2.628 0.1250000000
87727  23.263  -6.754  -1.595 1.0000000000
87738  24.213  -6.526  -2.856 1.0000000000
87747  24.608  -5.936  -3.213 1.0000000000
88706  27.493  -5.727  1.058 0.7500000000
88723  21.380  -5.268  0.409 1.0000000000
88766  25.481  -6.258  -2.634 1.0000000000
88775  24.518  -5.400  -3.294 1.0000000000
88776  24.251  -5.486  -3.300 1.0000000000
89684  21.075  -4.566  0.624 1.0000000000
89693  22.618  -4.129  -1.170 1.0000000000
89705  25.582  -4.371  -2.279 1.0000000000
89706  23.542  -4.424  -2.757 1.0000000000
89734  24.224  -4.759  -3.399 1.0000000000
90617  31.083  -3.707  4.022 0.3750000000
90628  32.491  -3.678  3.177 0.1250000000
90647  19.495  -3.573  2.635 0.6250000000
90655  20.437  -3.625  1.450 0.8750000000
90665  21.507  -4.020  0.131 1.0000000000
90672  26.207  -3.444  -0.905 1.0000000000
90680  25.768  -3.239  -1.549 1.0000000000
90688  24.776  -3.439  -3.184 1.0000000000
90696  23.919  -3.297  -3.243 1.0000000000
91557  32.537  -2.591  2.388 0.1250000000
91558  32.160  -2.193  2.898 0.1250000000
91571  32.593  -2.392  0.180 0.1250000000
91573  26.871  -3.002  0.455 0.8750000000
91601  23.617  -2.651  -2.747 1.0000000000
91602  23.448  -2.003  -2.591 1.0000000000
91611  23.974  -2.414  -3.228 1.0000000000
92467  31.239  -1.542  3.448 0.1250000000
92469  29.670  -1.328  3.562 0.5000000000
92499  32.409  -1.547  0.379 0.1250000000
92501  26.464  -1.364  -0.053 1.0000000000
92516  31.861  -1.161  -1.731 0.1250000000
92524  25.291  -1.851  -2.316 1.0000000000
92525  23.576  -1.488  -2.729 1.0000000000
93395  31.091  0.725  2.776 0.3750000000
93417  32.241  -0.811  -0.094 0.1250000000
93430  21.509  -0.640  -0.134 0.6250000000
93435  25.217  -0.530  -1.699 1.0000000000
93442  24.649  -0.164  -2.430 1.0000000000
93450  24.520  -1.020  -2.941 1.0000000000
94293  28.891  1.133  3.597 0.6250000000
94306  28.911  0.217  3.584 0.7500000000
94308  27.470  0.814  2.535 0.7500000000
94335  26.512  0.676  0.682 1.0000000000
94359  24.364  0.608  -2.637 1.0000000000
95252  30.043  1.636  3.518 0.6250000000
95254  28.515  1.760  3.343 0.6250000000
95292  31.552  1.951  0.466 0.1250000000
95305  21.495  1.510  0.096 0.1250000000
95323  24.083  1.233  -2.666 1.0000000000
95324  23.599  1.647  -2.477 1.0000000000
96249  29.652  2.235  3.437 0.6250000000
96266  31.245  2.480  1.937 0.5000000000
96291  31.546  2.741  0.167 0.2500000000
96302  25.909  2.387  -1.480 1.0000000000
96304  21.735  2.108  -0.314 0.1250000000
97155  28.823  3.227  3.139 0.7500000000
97170  30.305  2.889  2.797 0.5000000000
97172  28.611  3.879  2.599 0.8750000000
97199  27.153  3.727  1.335 1.0000000000
98106  29.088  4.431  2.555 0.6250000000
98151  25.929  4.255  -2.246 1.0000000000
98171  25.060  4.379  -3.761 1.0000000000
98931  29.479  5.716  1.937 0.5000000000
98976  31.564  5.598  -2.147 0.1250000000
98977  26.264  5.495  -2.055 1.0000000000
99824  30.891  6.687  0.789 0.5000000000
99832  31.439  6.910  -0.936 0.2500000000
99854  26.191  6.098  -2.521 1.0000000000
99864  24.861  6.122  -4.343 0.8750000000
99884  24.299  6.663  -5.694 0.7500000000
100640  30.274  7.826  0.785 0.5000000000
100653  31.345  7.687  -1.287 0.1250000000
100654  26.371  7.595  -1.619 1.0000000000
100699  23.729  6.884  -6.348 0.7500000000
100714  23.567  7.201  -6.824 0.8750000000
101416  28.259  8.946  -0.057 0.7500000000
101422  31.256  8.457  -1.650 0.1250000000
101425  26.724  8.117  -1.009 0.7500000000
101448  31.472  8.737  -3.397 0.1250000000
101449  25.645  8.150  -3.420 0.8750000000
101483  24.426  7.749  -5.941 0.7500000000
101512  22.816  8.360  -7.185 0.7500000000
101513  22.318  8.534  -7.194 0.7500000000
102216  29.844  9.165  0.085 0.5000000000
102217  29.153  9.224  0.191 0.3750000000
102225  27.935  9.581  -0.478 0.7500000000
102226  23.172  9.891  -1.278 0.1250000000
102251  22.306  9.804  -3.022 0.1250000000
102268  20.929  10.495  -4.669 0.2500000000
102269  19.942  11.155  -4.739 0.5000000000
102284  31.281  9.826  -4.413 0.1250000000
102288  20.296  9.853  -5.292 0.5000000000
102302  24.155  8.998  -5.754 0.7500000000
102305  20.161  9.553  -6.118 0.7500000000
102331  20.987  9.629  -6.755 0.6250000000
103226  31.185  10.668  -3.658 0.1250000000
103228  25.901  11.075  -2.996 0.7500000000
103233  19.606  11.648  -4.357 0.3750000000
103259  23.396  10.004  -6.961 0.7500000000
103261  19.104  11.380  -5.185 0.5000000000
103270  30.481  10.510  -6.431 0.1250000000
103272  19.507  11.255  -5.779 0.7500000000
103284  21.459  10.861  -8.070 0.6250000000
104076  29.976  11.353  -1.865 0.2500000000
104078  28.132  11.508  -1.606 0.3750000000
104090  28.554  12.059  -2.085 0.3750000000
104091  27.602  11.965  -2.100 0.3750000000
104092  26.812  11.599  -2.231 0.6250000000
104095  20.088  12.036  -3.231 0.1250000000
104096  19.375  12.188  -3.156 0.1250000000
104106  31.266  11.052  -4.221 0.1250000000
104109  25.808  11.529  -3.397 0.3750000000
104110  21.265  11.527  -3.684 0.1250000000
104147  23.219  11.118  -7.320 0.3750000000
104148  20.247  11.425  -6.321 0.5000000000
104161  21.790  11.316  -8.345 0.3750000000
105057  19.985  12.896  -2.414 0.1250000000
105059  18.858  12.565  -2.616 0.1250000000
105095  30.201  12.974  -4.114 0.1250000000
105103  30.920  12.540  -4.877 0.1250000000
105112  23.536  12.613  -6.877 0.3750000000
105114  22.341  12.750  -7.702 0.3750000000
105121  22.603  12.188  -7.795 0.3750000000
105124  20.698  12.583  -7.305 0.3750000000
105932  16.992  13.066  -3.710 0.2500000000
105939  29.848  13.716  -4.412 0.1250000000
105950  16.809  13.282  -5.108 0.2500000000
105971  21.253  13.164  -7.057 0.2500000000
106701  16.466  14.883  -3.599 0.2500000000
106720  28.495  14.725  -4.589 0.1250000000
106739  16.769  14.051  -6.886 0.2500000000
106748  17.787  14.645  -6.956 0.2500000000
107496  16.296  15.682  -5.520 0.1250000000
107501  28.264  16.150  -5.723 0.1250000000
107517  17.480  15.435  -7.096 0.2500000000
107523  24.112  16.208  -8.377 0.1250000000
108264  28.329  17.245  -6.525 0.1250000000
108278  24.199  16.580  -8.173 0.1250000000
134333  20.158  -1.964  1.834 0.6250000000
134335  20.399  -0.323  1.628 0.1250000000
134406  19.863  -0.896  2.285 0.1250000000
135517  23.057  -17.067  3.589 0.7500000000
135892  27.628  4.949  1.404 0.8750000000
137410  24.568  -9.515  -1.553 1.0000000000
137736  20.853  11.972  -7.679 0.3750000000
138906  31.431  3.559  0.686 0.2500000000
138994  26.754  -12.169  -0.139 0.7500000000
139120  23.948  -13.209  1.059 0.7500000000
140743  19.731  9.962  -5.776 0.5000000000
140767  30.720  14.428  -6.329 0.1250000000
140892  28.034  -1.171  2.956 0.8750000000
141435  30.200  3.710  2.636 0.5000000000
141438  18.793  13.226  -6.467 0.3750000000
141531  32.706  -3.032  -0.147 0.1250000000
143992  27.080  -9.744  0.406 0.7500000000
144223  31.600  3.892  -2.241 0.1250000000
144370  27.608  -3.976  1.241 0.8750000000
144932  27.214  -1.072  1.218 1.0000000000
145710  31.428  9.268  -3.898 0.1250000000
146014  29.778  -5.094  3.549 0.5000000000
146499  30.445  7.224  1.027 0.5000000000
146524  21.530  10.533  -4.253 0.2500000000
147685  30.959  -9.206  4.572 0.1250000000
147845  27.188  -8.172  0.361 0.7500000000
148210  26.647  -0.085  0.491 1.0000000000
148771  31.393  7.835  -4.292 0.1250000000
148793  27.186  6.837  -0.162 0.8750000000
149105  26.362  10.300  -2.173 0.7500000000
149372  22.365  -0.165  -1.292 0.6250000000
149395  23.682  -0.203  -2.891 1.0000000000
149510  27.399  -3.214  1.167 0.8750000000
150167  21.564  -2.324  -0.183 0.6250000000
150549  30.494  5.367  1.823 0.5000000000
150578  23.707  -2.049  -2.933 1.0000000000
150874  28.808  6.020  1.579 0.7500000000
151718  31.274  -4.997  4.202 0.1250000000
153124  21.066  12.769  -7.430 0.3750000000
153174  26.881  -13.287  0.073 0.7500000000
155166  32.435  -4.336  3.453 0.1250000000
155631  17.912  14.089  -1.567 0.2500000000
156267  22.399  -5.594  -0.680 1.0000000000
156892  21.622  9.980  -7.566 0.6250000000
157038  31.077  11.098  -3.700 0.1250000000
157271  27.062  -0.445  0.976 1.0000000000
157425  29.413  -3.052  3.074 0.5000000000
160434  31.517  7.879  -2.751 0.1250000000
160977  22.901  11.717  -7.646 0.3750000000
161084  25.736  0.613  -0.847 1.0000000000
161632  20.676  11.590  -7.062 0.3750000000
162290  24.084  16.427  -8.284 0.1250000000
