#!ascii label  , from subject sub-v1s0x0050665_ses-1 vox2ras=TkReg
1197
87145  -51.551  18.343  46.111 0.0000000000
95257  -47.497  31.896  34.622 0.0000000000
130007  -43.319  25.565  40.086 0.0000000000
89325  -51.817  21.731  35.503 0.0000000000
94198  -48.118  29.887  28.887 0.0000000000
91199  -47.503  24.083  30.624 0.0000000000
89396  -47.518  21.506  27.724 0.0000000000
89330  -45.213  21.820  34.929 0.0000000000
81521  -45.578  10.518  50.080 0.0000000000
86399  -48.233  17.409  50.128 0.0000000000
96957  -40.423  34.573  36.316 0.0000000000
119832  -45.679  37.232  32.601 0.0000000000
96499  -45.136  34.031  27.469 0.0000000000
120216  -47.759  25.122  46.415 0.0000000000
92403  -42.453  26.927  34.357 0.0000000000
92366  -47.919  26.577  37.638 0.0000000000
89918  -50.420  23.641  43.048 0.0000000000
88576  -46.141  21.234  41.133 0.0000000000
87187  -42.022  18.732  40.683 0.0000000000
86444  -50.932  17.741  44.735 0.0000000000
93074  -45.627  27.209  27.436 0.0000000000
91230  -48.635  24.768  26.136 0.0000000000
90674  -45.080  23.828  25.665 0.0000000000
89393  -44.078  21.787  28.494 0.0000000000
83936  -47.879  14.207  51.021 0.0000000000
86406  -46.822  17.383  49.174 0.0000000000
98024  -40.397  36.071  39.029 0.0000000000
97561  -45.623  36.246  30.068 0.0000000000
90494  -45.203  23.323  46.743 0.0000000000
127495  -45.241  24.179  42.517 0.0000000000
128806  -45.486  32.471  36.562 0.0000000000
94161  -44.114  29.617  33.096 0.0000000000
90622  -51.626  22.429  32.487 0.0000000000
91167  -48.194  24.012  34.872 0.0000000000
91145  -51.110  24.583  36.324 0.0000000000
92333  -50.499  26.472  41.039 0.0000000000
90569  -50.884  23.724  38.980 0.0000000000
89928  -48.523  22.990  41.248 0.0000000000
89259  -49.004  22.053  38.083 0.0000000000
88629  -43.783  20.619  37.982 0.0000000000
94745  -49.702  30.776  31.665 0.0000000000
93619  -46.929  28.319  31.494 0.0000000000
92447  -48.865  26.765  28.400 0.0000000000
111315  -50.329  21.969  28.551 0.0000000000
111209  -50.638  20.866  31.451 0.0000000000
109029  -47.738  21.534  34.908 0.0000000000
89350  -45.965  21.720  32.281 0.0000000000
90011  -43.402  22.388  32.307 0.0000000000
117256  -48.264  12.544  48.622 0.0000000000
83937  -49.410  14.750  50.245 0.0000000000
86424  -49.394  17.887  48.398 0.0000000000
98008  -44.999  36.716  40.981 0.0000000000
96940  -43.884  34.990  38.091 0.0000000000
108607  -44.831  34.270  35.910 0.0000000000
96981  -47.917  34.793  33.991 0.0000000000
96461  -48.044  33.478  31.162 0.0000000000
95306  -44.707  31.415  29.705 0.0000000000
94780  -43.141  30.532  27.611 0.0000000000
95940  -46.169  31.926  25.429 0.0000000000
89159  -45.439  21.652  50.292 0.0000000000
89169  -47.199  21.784  49.619 0.0000000000
89180  -49.332  21.855  47.489 0.0000000000
92992  -42.469  27.149  37.852 0.0000000000
91788  -44.657  25.623  32.809 0.0000000000
91745  -44.809  25.490  36.102 0.0000000000
92344  -45.254  27.077  39.815 0.0000000000
92308  -48.245  26.728  41.526 0.0000000000
91691  -50.138  25.313  44.336 0.0000000000
89208  -50.643  21.655  45.178 0.0000000000
88559  -49.282  20.152  44.123 0.0000000000
87855  -46.418  19.448  43.546 0.0000000000
87156  -44.941  17.978  42.778 0.0000000000
110497  -45.744  21.164  38.305 0.0000000000
87862  -43.709  19.409  41.105 0.0000000000
84875  -42.757  16.281  42.049 0.0000000000
86425  -51.885  16.866  46.359 0.0000000000
86438  -51.906  17.553  45.717 0.0000000000
87148  -51.652  18.297  45.525 0.0000000000
92460  -43.956  26.190  26.789 0.0000000000
91831  -45.204  25.034  25.821 0.0000000000
114955  -43.676  24.782  25.285 0.0000000000
90662  -43.116  23.773  25.760 0.0000000000
91112  -44.420  24.565  41.257 0.0000000000
95248  -46.090  32.051  35.221 0.0000000000
90003  -52.220  21.796  33.406 0.0000000000
90599  -51.210  23.682  34.336 0.0000000000
90591  -51.957  23.016  35.535 0.0000000000
91139  -51.420  24.152  37.473 0.0000000000
89955  -51.357  22.574  37.117 0.0000000000
89940  -50.491  22.943  38.184 0.0000000000
89281  -50.305  21.982  37.209 0.0000000000
94764  -49.408  30.552  30.302 0.0000000000
94188  -49.235  29.454  30.628 0.0000000000
93635  -48.997  28.655  28.988 0.0000000000
129843  -48.133  22.485  26.502 0.0000000000
110684  -49.401  23.657  26.893 0.0000000000
89398  -49.621  21.252  28.177 0.0000000000
89379  -50.636  21.139  29.451 0.0000000000
89388  -48.643  21.017  29.200 0.0000000000
89352  -47.837  21.325  31.924 0.0000000000
89376  -46.986  21.355  30.154 0.0000000000
89360  -43.650  21.796  30.704 0.0000000000
85665  -48.075  15.971  50.655 0.0000000000
83924  -48.826  14.467  51.129 0.0000000000
85667  -49.072  16.130  50.548 0.0000000000
85680  -49.645  15.969  48.924 0.0000000000
86407  -48.350  17.853  49.772 0.0000000000
97500  -40.476  34.887  38.004 0.0000000000
97485  -41.999  35.448  38.615 0.0000000000
96949  -41.871  34.675  37.498 0.0000000000
96951  -44.515  34.630  37.302 0.0000000000
96967  -42.728  34.481  35.842 0.0000000000
98068  -44.238  36.438  33.093 0.0000000000
97528  -45.272  35.146  34.201 0.0000000000
97545  -47.123  36.434  32.974 0.0000000000
96989  -48.422  34.843  32.570 0.0000000000
97550  -47.698  35.555  32.149 0.0000000000
97028  -44.825  34.354  28.354 0.0000000000
96477  -44.946  33.669  29.795 0.0000000000
95911  -44.073  32.936  28.598 0.0000000000
130357  -43.565  31.029  28.994 0.0000000000
95332  -43.965  31.820  27.388 0.0000000000
95346  -44.537  31.283  26.412 0.0000000000
95933  -45.756  32.623  26.265 0.0000000000
89872  -41.740  22.360  47.543 0.0000000000
89166  -41.937  21.875  49.408 0.0000000000
89167  -42.951  22.013  49.434 0.0000000000
88530  -44.319  20.872  50.080 0.0000000000
89846  -43.807  22.339  49.242 0.0000000000
90513  -46.346  24.123  45.792 0.0000000000
90480  -46.310  23.406  48.695 0.0000000000
90497  -47.594  24.579  47.748 0.0000000000
89179  -48.397  22.223  48.392 0.0000000000
90498  -48.954  24.346  47.273 0.0000000000
93008  -41.019  27.762  35.145 0.0000000000
93003  -41.349  27.143  36.670 0.0000000000
92393  -42.548  26.599  35.342 0.0000000000
92439  -46.955  26.302  30.395 0.0000000000
93042  -45.630  27.340  31.673 0.0000000000
91190  -45.842  24.806  32.049 0.0000000000
91764  -47.915  25.156  35.995 0.0000000000
91156  -46.448  24.463  35.162 0.0000000000
92379  -46.538  26.105  36.921 0.0000000000
92995  -45.228  27.136  38.017 0.0000000000
92979  -46.613  27.404  38.778 0.0000000000
92329  -46.624  26.953  40.375 0.0000000000
92965  -48.050  27.451  39.589 0.0000000000
117374  -50.669  24.721  42.174 0.0000000000
91702  -50.397  25.815  42.791 0.0000000000
91096  -50.550  24.806  43.697 0.0000000000
90524  -50.542  23.577  44.778 0.0000000000
114417  -50.592  22.819  44.187 0.0000000000
89215  -50.212  21.185  44.196 0.0000000000
89907  -49.789  22.173  43.277 0.0000000000
110785  -46.789  21.464  41.807 0.0000000000
130935  -47.273  21.031  43.142 0.0000000000
119121  -46.151  20.514  42.671 0.0000000000
87157  -45.588  18.334  43.145 0.0000000000
87860  -45.279  19.522  42.584 0.0000000000
109030  -46.705  21.600  35.250 0.0000000000
89300  -46.898  21.510  37.142 0.0000000000
89299  -45.718  21.475  36.372 0.0000000000
117601  -42.952  19.891  39.532 0.0000000000
87901  -43.810  20.128  39.659 0.0000000000
87188  -42.865  19.002  40.817 0.0000000000
87168  -43.191  18.612  41.527 0.0000000000
125462  -42.170  17.754  41.521 0.0000000000
84891  -41.416  15.180  41.262 0.0000000000
83166  -51.699  13.447  46.559 0.0000000000
86443  -49.503  17.493  44.719 0.0000000000
93643  -46.892  28.693  28.101 0.0000000000
93076  -48.241  27.557  27.287 0.0000000000
92471  -47.255  26.310  26.318 0.0000000000
91242  -46.589  24.203  25.619 0.0000000000
90065  -46.645  22.563  26.439 0.0000000000
89394  -45.076  21.672  28.532 0.0000000000
110442  -44.819  22.430  26.971 0.0000000000
82311  -46.945  12.128  51.112 0.0000000000
83152  -46.546  13.527  50.215 0.0000000000
120713  -47.568  17.482  49.935 0.0000000000
96954  -37.948  34.795  36.321 0.0000000000
97554  -46.165  36.545  30.903 0.0000000000
97592  -45.773  35.639  27.093 0.0000000000
120774  -46.346  35.267  26.355 0.0000000000
89875  -44.110  22.711  47.284 0.0000000000
90530  -45.602  23.604  44.007 0.0000000000
91094  -46.536  24.498  43.486 0.0000000000
93033  -43.012  27.910  33.002 0.0000000000
114683  -48.891  23.405  31.612 0.0000000000
90619  -47.858  23.638  32.501 0.0000000000
90608  -49.666  23.481  33.134 0.0000000000
91159  -49.722  24.725  35.561 0.0000000000
91750  -50.183  25.644  36.792 0.0000000000
92982  -49.498  27.223  39.120 0.0000000000
91731  -51.150  25.541  38.285 0.0000000000
122169  -51.155  24.787  39.624 0.0000000000
90555  -50.461  24.512  41.564 0.0000000000
127578  -49.447  23.064  42.409 0.0000000000
90563  -49.308  23.682  40.982 0.0000000000
89932  -48.639  23.066  40.320 0.0000000000
89236  -47.102  21.857  39.930 0.0000000000
89298  -44.275  21.265  36.714 0.0000000000
91728  -41.507  26.444  39.574 0.0000000000
126184  -49.111  31.148  33.310 0.0000000000
94736  -47.841  30.234  32.675 0.0000000000
94173  -48.604  29.848  32.058 0.0000000000
93051  -48.388  27.869  29.922 0.0000000000
91808  -47.822  25.398  29.268 0.0000000000
92454  -49.025  26.602  27.574 0.0000000000
91216  -48.978  24.534  28.020 0.0000000000
126063  -49.354  23.223  29.357 0.0000000000
90637  -50.767  22.233  30.246 0.0000000000
90027  -51.648  21.362  31.223 0.0000000000
89346  -51.245  21.203  33.266 0.0000000000
109028  -49.858  21.400  34.904 0.0000000000
89344  -48.648  21.349  33.117 0.0000000000
89342  -46.852  21.508  33.481 0.0000000000
89340  -45.485  21.901  33.905 0.0000000000
120248  -45.216  21.668  30.475 0.0000000000
128251  -44.739  22.121  32.293 0.0000000000
82325  -48.262  12.886  50.662 0.0000000000
83153  -49.164  13.508  49.027 0.0000000000
110798  -49.833  13.961  48.101 0.0000000000
83957  -50.568  14.500  47.669 0.0000000000
85693  -50.426  16.109  47.768 0.0000000000
110774  -50.245  18.033  47.585 0.0000000000
97470  -45.764  34.877  40.571 0.0000000000
97477  -44.294  35.838  39.482 0.0000000000
96397  -46.712  33.998  39.123 0.0000000000
96411  -47.016  33.700  37.935 0.0000000000
96413  -47.186  33.488  37.301 0.0000000000
96416  -47.266  33.130  36.390 0.0000000000
96975  -41.515  34.838  34.950 0.0000000000
96977  -43.504  34.707  34.880 0.0000000000
96980  -46.944  34.398  34.995 0.0000000000
96420  -48.618  33.448  34.980 0.0000000000
96433  -50.020  33.229  32.993 0.0000000000
95877  -49.624  32.672  31.400 0.0000000000
95309  -48.189  31.157  29.846 0.0000000000
97009  -46.347  34.613  30.827 0.0000000000
122414  -46.490  32.639  30.563 0.0000000000
94760  -46.263  30.631  29.528 0.0000000000
94206  -45.007  29.253  28.906 0.0000000000
122773  -43.293  28.704  28.015 0.0000000000
94794  -43.012  29.263  26.537 0.0000000000
94805  -44.778  29.953  24.891 0.0000000000
96515  -46.962  33.255  25.243 0.0000000000
87815  -45.894  19.751  49.870 0.0000000000
109985  -46.853  20.320  50.281 0.0000000000
89860  -45.504  23.242  48.347 0.0000000000
131045  -46.551  21.271  50.297 0.0000000000
88519  -47.380  20.254  49.931 0.0000000000
88532  -47.814  20.598  49.143 0.0000000000
87832  -49.507  19.548  47.738 0.0000000000
88541  -50.377  20.357  46.723 0.0000000000
92961  -42.520  27.293  39.153 0.0000000000
94171  -46.084  29.417  32.492 0.0000000000
114469  -44.438  27.541  32.375 0.0000000000
92412  -43.460  26.537  33.315 0.0000000000
110123  -46.357  24.111  33.876 0.0000000000
91174  -45.016  24.859  34.021 0.0000000000
91773  -43.770  25.687  34.978 0.0000000000
92362  -43.897  26.617  37.253 0.0000000000
92976  -43.702  27.358  38.600 0.0000000000
92326  -43.935  26.488  39.869 0.0000000000
91721  -45.226  25.949  40.415 0.0000000000
128422  -46.546  25.332  41.967 0.0000000000
91102  -47.829  25.626  43.025 0.0000000000
92317  -48.969  27.118  41.135 0.0000000000
91689  -49.230  25.964  43.674 0.0000000000
91668  -48.961  25.560  45.358 0.0000000000
90500  -49.965  23.899  46.157 0.0000000000
89196  -50.555  21.440  45.955 0.0000000000
87846  -51.024  19.939  45.515 0.0000000000
109363  -50.980  19.309  44.931 0.0000000000
87851  -50.014  19.492  44.492 0.0000000000
87152  -48.289  18.664  44.518 0.0000000000
125772  -48.903  21.915  43.096 0.0000000000
88558  -48.212  19.968  44.063 0.0000000000
86441  -47.454  17.574  44.238 0.0000000000
86440  -46.667  17.263  43.679 0.0000000000
85715  -45.461  16.954  43.008 0.0000000000
89302  -48.656  21.684  36.643 0.0000000000
129690  -47.032  21.629  38.605 0.0000000000
89242  -45.734  21.086  39.700 0.0000000000
88617  -45.145  20.938  38.244 0.0000000000
122149  -45.299  20.816  39.438 0.0000000000
117066  -45.056  20.498  40.880 0.0000000000
126430  -43.908  18.883  41.913 0.0000000000
85721  -43.741  16.460  42.409 0.0000000000
86436  -51.583  17.708  46.441 0.0000000000
92459  -43.040  26.236  25.972 0.0000000000
118875  -43.591  25.542  25.821 0.0000000000
128254  -43.180  25.721  25.344 0.0000000000
91111  -43.607  24.276  41.248 0.0000000000
91124  -43.944  24.935  40.617 0.0000000000
95849  -47.106  32.321  35.366 0.0000000000
115724  -46.504  31.714  34.559 0.0000000000
95266  -46.912  31.291  33.905 0.0000000000
89337  -52.106  21.659  34.059 0.0000000000
114609  -52.165  22.786  34.678 0.0000000000
89977  -52.168  22.308  35.210 0.0000000000
90586  -51.653  22.747  36.674 0.0000000000
89962  -51.645  22.203  36.426 0.0000000000
89282  -51.226  22.079  36.802 0.0000000000
89304  -51.546  21.814  36.157 0.0000000000
94199  -48.846  29.681  29.047 0.0000000000
94200  -49.101  29.429  29.406 0.0000000000
94210  -48.847  28.921  28.740 0.0000000000
125088  -47.979  21.721  27.144 0.0000000000
89420  -48.768  21.890  26.967 0.0000000000
89409  -48.819  21.377  27.603 0.0000000000
89389  -49.862  20.999  28.789 0.0000000000
109536  -47.501  21.261  29.611 0.0000000000
109265  -47.304  21.350  28.779 0.0000000000
81522  -46.319  11.020  50.277 0.0000000000
116227  -48.032  17.039  50.353 0.0000000000
85666  -48.579  16.349  50.595 0.0000000000
86400  -48.678  16.930  50.106 0.0000000000
96947  -39.972  34.653  37.183 0.0000000000
96938  -41.415  34.910  38.084 0.0000000000
96948  -40.998  34.585  37.188 0.0000000000
96958  -41.837  34.516  36.737 0.0000000000
112551  -41.189  34.531  36.314 0.0000000000
98565  -44.357  37.411  32.071 0.0000000000
98080  -43.830  36.896  32.532 0.0000000000
98081  -44.799  37.115  32.606 0.0000000000
98069  -45.289  36.681  33.117 0.0000000000
98070  -46.292  36.815  33.023 0.0000000000
97549  -47.129  36.341  32.363 0.0000000000
98083  -46.576  36.953  32.490 0.0000000000
96489  -44.491  33.693  28.938 0.0000000000
96498  -44.478  33.542  28.034 0.0000000000
95910  -43.732  32.160  28.268 0.0000000000
95923  -44.217  32.705  27.718 0.0000000000
95932  -44.791  32.224  26.813 0.0000000000
96507  -45.649  33.532  26.775 0.0000000000
89194  -41.962  22.040  46.368 0.0000000000
89857  -42.427  22.494  48.125 0.0000000000
89845  -42.118  22.398  49.007 0.0000000000
112086  -42.980  22.436  48.770 0.0000000000
91056  -46.942  24.704  46.528 0.0000000000
90496  -46.750  24.407  47.400 0.0000000000
127690  -47.464  24.869  47.131 0.0000000000
91053  -48.291  24.521  47.609 0.0000000000
91057  -48.109  24.998  47.113 0.0000000000
93598  -41.830  28.173  33.874 0.0000000000
93018  -41.731  27.626  34.381 0.0000000000
92392  -41.815  27.142  35.158 0.0000000000
121292  -47.086  24.797  30.415 0.0000000000
91795  -46.189  25.141  31.328 0.0000000000
91198  -46.816  24.574  31.020 0.0000000000
92381  -48.588  26.162  37.073 0.0000000000
91747  -47.220  25.633  36.443 0.0000000000
92380  -47.568  26.183  37.006 0.0000000000
92365  -46.890  26.632  37.561 0.0000000000
92997  -47.257  27.033  38.200 0.0000000000
92980  -47.655  27.361  38.862 0.0000000000
92981  -48.636  27.318  38.973 0.0000000000
130750  -50.631  24.562  42.606 0.0000000000
91103  -50.675  25.006  42.861 0.0000000000
121956  -50.600  24.342  43.049 0.0000000000
90532  -50.627  23.820  43.826 0.0000000000
89908  -50.418  22.900  43.469 0.0000000000
89224  -50.388  22.236  43.789 0.0000000000
89233  -46.896  21.787  40.885 0.0000000000
88572  -46.104  20.896  41.992 0.0000000000
88571  -45.613  20.267  42.261 0.0000000000
129670  -45.559  20.646  41.422 0.0000000000
89320  -45.859  21.624  35.583 0.0000000000
87879  -42.448  19.369  40.178 0.0000000000
87167  -42.446  18.352  41.262 0.0000000000
87166  -41.682  18.081  41.151 0.0000000000
86462  -41.601  17.247  41.482 0.0000000000
86484  -40.944  17.643  41.057 0.0000000000
83970  -51.825  14.123  46.704 0.0000000000
85709  -50.503  16.751  44.607 0.0000000000
93651  -46.235  27.975  27.787 0.0000000000
126211  -46.711  27.473  27.240 0.0000000000
92462  -46.415  26.758  26.814 0.0000000000
91846  -45.475  24.591  25.689 0.0000000000
130332  -46.286  24.601  25.687 0.0000000000
120942  -46.003  23.692  25.708 0.0000000000
90666  -46.356  23.103  25.953 0.0000000000
90665  -45.474  23.307  25.882 0.0000000000
90057  -45.877  22.395  26.800 0.0000000000
90063  -45.154  22.880  26.186 0.0000000000
90657  -43.161  23.422  26.666 0.0000000000
83954  -46.087  14.240  49.104 0.0000000000
85664  -47.427  16.673  49.919 0.0000000000
122613  -37.781  34.961  37.053 0.0000000000
121707  -45.345  36.021  28.048 0.0000000000
131052  -46.153  35.902  26.636 0.0000000000
98598  -46.056  37.771  26.957 0.0000000000
90529  -44.712  23.361  43.491 0.0000000000
90539  -45.299  23.842  43.137 0.0000000000
90531  -46.285  24.087  43.974 0.0000000000
91100  -45.917  24.364  42.890 0.0000000000
95836  -45.307  32.569  36.989 0.0000000000
94169  -44.095  28.942  32.796 0.0000000000
90630  -50.549  22.685  31.198 0.0000000000
90620  -49.273  23.371  32.257 0.0000000000
90621  -50.740  22.879  32.220 0.0000000000
124757  -51.062  24.242  35.157 0.0000000000
127832  -50.396  24.327  34.923 0.0000000000
116361  -50.552  24.650  35.668 0.0000000000
91766  -49.974  25.157  36.181 0.0000000000
91767  -50.661  24.919  36.272 0.0000000000
91737  -50.647  25.753  37.270 0.0000000000
91751  -50.910  25.178  36.779 0.0000000000
90575  -51.054  23.541  38.394 0.0000000000
91129  -51.307  24.472  38.810 0.0000000000
111958  -50.784  24.262  39.699 0.0000000000
90565  -50.500  24.527  40.570 0.0000000000
90568  -50.380  23.979  39.663 0.0000000000
90564  -50.046  24.240  40.757 0.0000000000
89946  -49.521  22.625  38.521 0.0000000000
89939  -48.994  22.913  39.388 0.0000000000
89245  -48.455  22.252  38.839 0.0000000000
89938  -48.017  22.395  39.677 0.0000000000
89244  -47.463  21.864  39.093 0.0000000000
95277  -49.804  31.412  32.973 0.0000000000
122224  -48.915  30.492  32.596 0.0000000000
94174  -49.431  30.249  31.873 0.0000000000
93052  -48.960  28.243  29.249 0.0000000000
93629  -48.973  28.731  30.168 0.0000000000
93057  -48.746  27.395  29.093 0.0000000000
116360  -48.168  27.049  29.615 0.0000000000
92446  -48.331  26.458  29.074 0.0000000000
92473  -48.616  26.545  26.766 0.0000000000
92463  -48.940  26.636  27.213 0.0000000000
110756  -49.018  25.361  26.630 0.0000000000
90652  -49.871  22.660  27.917 0.0000000000
129717  -49.381  23.660  27.754 0.0000000000
90643  -49.604  23.041  28.487 0.0000000000
91206  -48.475  24.171  28.982 0.0000000000
90636  -49.604  23.036  30.081 0.0000000000
90644  -50.407  22.165  29.325 0.0000000000
89366  -50.704  20.840  30.728 0.0000000000
89380  -51.287  21.104  30.396 0.0000000000
89367  -51.427  20.948  31.214 0.0000000000
128353  -51.816  21.120  32.485 0.0000000000
89354  -51.147  20.922  32.133 0.0000000000
89345  -49.917  21.292  33.136 0.0000000000
89353  -49.684  21.195  32.244 0.0000000000
118015  -46.772  21.483  31.718 0.0000000000
89343  -47.667  21.385  32.909 0.0000000000
89351  -46.827  21.497  32.618 0.0000000000
89341  -46.250  21.653  33.914 0.0000000000
111490  -45.302  21.565  29.596 0.0000000000
89386  -44.173  21.596  29.260 0.0000000000
90023  -42.940  22.002  31.301 0.0000000000
90024  -44.142  22.137  31.730 0.0000000000
83119  -47.294  12.765  51.142 0.0000000000
82312  -47.712  12.619  51.149 0.0000000000
83120  -47.850  13.463  51.095 0.0000000000
83134  -48.799  13.535  50.222 0.0000000000
83154  -49.350  14.110  49.640 0.0000000000
83956  -49.782  14.560  48.744 0.0000000000
83968  -50.422  14.147  47.650 0.0000000000
86409  -49.734  17.029  48.304 0.0000000000
110832  -51.026  17.219  47.160 0.0000000000
98519  -44.836  37.135  41.440 0.0000000000
98005  -44.727  36.518  42.025 0.0000000000
98009  -45.154  36.344  41.515 0.0000000000
96921  -45.294  34.541  41.010 0.0000000000
98017  -45.449  35.732  40.869 0.0000000000
98012  -40.286  36.926  39.347 0.0000000000
98013  -41.108  36.716  39.474 0.0000000000
97486  -43.334  35.429  38.717 0.0000000000
97476  -42.738  35.949  39.200 0.0000000000
97487  -45.044  35.280  38.964 0.0000000000
97478  -45.756  35.256  40.033 0.0000000000
97488  -46.335  34.637  39.209 0.0000000000
96406  -46.904  33.705  38.539 0.0000000000
96941  -45.555  34.765  38.281 0.0000000000
96960  -44.616  34.398  36.468 0.0000000000
127155  -45.636  34.370  37.062 0.0000000000
96961  -46.192  34.130  36.686 0.0000000000
96415  -47.001  33.427  36.796 0.0000000000
96970  -46.819  33.855  35.980 0.0000000000
96976  -42.583  34.690  35.060 0.0000000000
97526  -43.067  35.143  34.294 0.0000000000
97530  -47.232  35.056  34.079 0.0000000000
117506  -47.693  34.277  34.874 0.0000000000
96419  -48.020  33.583  35.415 0.0000000000
124890  -48.329  34.135  34.639 0.0000000000
96425  -49.248  33.278  34.409 0.0000000000
96982  -48.944  34.018  34.232 0.0000000000
114260  -48.538  33.883  31.557 0.0000000000
96444  -49.268  33.529  31.722 0.0000000000
96462  -48.940  33.093  31.169 0.0000000000
95888  -49.290  32.208  30.872 0.0000000000
95887  -48.379  32.602  30.766 0.0000000000
118165  -46.549  35.708  31.072 0.0000000000
97008  -45.839  35.252  30.373 0.0000000000
95884  -44.919  32.788  30.047 0.0000000000
95885  -45.654  32.689  30.392 0.0000000000
95294  -45.205  32.041  30.085 0.0000000000
95308  -46.862  31.304  29.894 0.0000000000
95307  -45.664  31.328  29.901 0.0000000000
94196  -45.642  29.960  29.220 0.0000000000
94759  -45.097  30.677  29.560 0.0000000000
94772  -43.262  30.850  28.392 0.0000000000
94194  -43.503  30.268  28.835 0.0000000000
128745  -43.217  29.626  28.269 0.0000000000
94204  -42.942  29.371  27.664 0.0000000000
94779  -42.906  29.750  27.300 0.0000000000
95347  -45.441  31.626  25.902 0.0000000000
94796  -44.192  30.385  25.938 0.0000000000
95356  -45.143  30.738  25.448 0.0000000000
94806  -45.386  30.547  24.645 0.0000000000
95358  -46.216  31.623  24.846 0.0000000000
97047  -46.676  34.281  25.868 0.0000000000
87831  -44.337  19.471  48.590 0.0000000000
130943  -45.114  21.157  50.466 0.0000000000
87801  -45.406  20.591  50.324 0.0000000000
87802  -46.791  19.720  50.100 0.0000000000
108507  -46.276  20.447  50.388 0.0000000000
116127  -44.499  22.856  46.507 0.0000000000
89859  -44.732  22.942  47.914 0.0000000000
90486  -45.370  23.393  47.532 0.0000000000
90481  -46.960  23.401  48.842 0.0000000000
89840  -46.394  22.677  49.435 0.0000000000
89168  -46.613  21.795  49.909 0.0000000000
89161  -46.830  21.190  50.157 0.0000000000
88531  -47.265  20.983  49.805 0.0000000000
87816  -47.912  19.713  49.320 0.0000000000
89861  -48.887  22.955  47.837 0.0000000000
88539  -48.554  21.160  48.283 0.0000000000
88540  -49.567  20.577  47.450 0.0000000000
87833  -50.264  19.847  47.105 0.0000000000
88552  -50.139  21.154  46.696 0.0000000000
92360  -42.146  26.840  36.962 0.0000000000
92974  -42.005  27.313  38.617 0.0000000000
94172  -47.321  29.493  32.199 0.0000000000
94735  -46.703  30.114  32.809 0.0000000000
93611  -46.507  28.820  31.997 0.0000000000
92421  -44.953  26.030  32.097 0.0000000000
93035  -45.119  27.827  32.085 0.0000000000
92420  -44.473  26.298  32.503 0.0000000000
92419  -44.016  26.884  32.644 0.0000000000
92413  -44.033  26.006  33.090 0.0000000000
90606  -47.178  23.771  33.413 0.0000000000
116563  -46.956  23.839  32.771 0.0000000000
91166  -46.953  23.840  34.174 0.0000000000
91762  -45.834  24.932  35.633 0.0000000000
128400  -45.751  24.634  35.063 0.0000000000
122426  -45.133  25.144  35.635 0.0000000000
91774  -44.365  25.279  34.444 0.0000000000
91761  -44.501  25.305  35.330 0.0000000000
91744  -43.997  25.677  35.892 0.0000000000
92377  -44.412  26.029  36.663 0.0000000000
92978  -45.577  27.400  38.713 0.0000000000
92994  -44.272  27.122  37.952 0.0000000000
92977  -44.593  27.375  38.653 0.0000000000
92963  -43.925  27.294  39.295 0.0000000000
92343  -44.394  27.001  39.683 0.0000000000
92327  -44.782  26.575  40.040 0.0000000000
92328  -45.672  26.680  40.196 0.0000000000
92316  -47.267  26.608  41.013 0.0000000000
91708  -46.839  25.876  41.474 0.0000000000
91709  -47.614  26.272  41.723 0.0000000000
91698  -47.322  25.730  42.211 0.0000000000
92346  -50.236  26.949  39.441 0.0000000000
92951  -49.326  27.352  40.375 0.0000000000
92331  -49.786  27.071  40.947 0.0000000000
109887  -50.282  25.515  43.528 0.0000000000
91701  -49.847  26.058  43.303 0.0000000000
91690  -49.732  25.696  44.043 0.0000000000
91677  -49.145  25.717  44.497 0.0000000000
91678  -49.569  25.558  44.880 0.0000000000
109485  -49.226  25.063  46.351 0.0000000000
124740  -49.692  24.963  45.824 0.0000000000
89897  -50.589  22.578  44.975 0.0000000000
89877  -50.427  22.357  45.798 0.0000000000
88553  -50.706  20.559  46.097 0.0000000000
88556  -50.763  20.787  45.352 0.0000000000
87852  -50.647  20.160  44.829 0.0000000000
88567  -49.603  20.958  43.933 0.0000000000
113796  -49.191  18.535  44.646 0.0000000000
87850  -48.773  19.319  44.414 0.0000000000
113889  -48.692  22.783  42.100 0.0000000000
89916  -49.174  22.498  42.735 0.0000000000
89229  -48.297  22.102  42.619 0.0000000000
88564  -46.701  20.356  43.292 0.0000000000
88565  -47.667  20.574  43.621 0.0000000000
87856  -47.231  19.766  43.896 0.0000000000
87849  -47.781  19.187  44.306 0.0000000000
87848  -46.936  18.940  44.044 0.0000000000
87150  -46.790  18.120  43.930 0.0000000000
86450  -45.490  17.646  43.079 0.0000000000
86449  -44.959  17.324  42.821 0.0000000000
85722  -44.744  16.541  42.739 0.0000000000
130064  -48.808  21.454  35.172 0.0000000000
89323  -49.571  21.531  35.951 0.0000000000
89322  -48.243  21.589  35.829 0.0000000000
112493  -46.271  21.351  37.777 0.0000000000
120804  -47.190  21.590  37.928 0.0000000000
89257  -46.368  21.381  38.462 0.0000000000
89243  -46.487  21.448  39.248 0.0000000000
89256  -45.730  21.078  38.943 0.0000000000
88616  -44.447  20.648  38.375 0.0000000000
87881  -44.100  20.031  40.351 0.0000000000
88597  -44.653  20.473  39.678 0.0000000000
88579  -44.698  20.368  40.399 0.0000000000
88580  -45.191  20.713  40.081 0.0000000000
88575  -44.464  19.971  41.041 0.0000000000
87863  -44.324  19.462  41.637 0.0000000000
86464  -42.813  17.855  41.766 0.0000000000
87162  -43.575  18.066  42.119 0.0000000000
86453  -43.219  17.192  42.168 0.0000000000
84876  -43.421  15.757  42.217 0.0000000000
85694  -51.473  16.082  46.981 0.0000000000
85701  -52.186  15.793  46.248 0.0000000000
85711  -52.292  16.013  44.799 0.0000000000
93073  -44.363  26.977  27.502 0.0000000000
92461  -45.102  26.379  26.928 0.0000000000
92469  -44.634  25.569  26.233 0.0000000000
91845  -44.441  24.623  25.504 0.0000000000
91240  -43.943  24.449  25.348 0.0000000000
90663  -43.839  23.696  25.595 0.0000000000
90672  -43.650  24.261  25.350 0.0000000000
90552  -44.078  23.977  41.819 0.0000000000
91099  -44.860  24.315  41.924 0.0000000000
95247  -45.668  32.346  35.991 0.0000000000
95256  -45.017  31.701  34.902 0.0000000000
94733  -44.825  30.053  33.132 0.0000000000
90609  -50.979  23.285  33.244 0.0000000000
90610  -51.751  22.844  33.517 0.0000000000
91161  -51.652  23.634  35.115 0.0000000000
113196  -51.559  23.859  36.059 0.0000000000
91146  -51.323  24.458  36.802 0.0000000000
117837  -51.604  23.572  36.777 0.0000000000
90578  -51.424  23.223  37.349 0.0000000000
89941  -50.939  23.322  38.234 0.0000000000
124580  -50.633  23.502  38.816 0.0000000000
121414  -51.027  22.828  37.634 0.0000000000
89953  -50.144  22.333  37.768 0.0000000000
130156  -49.686  22.046  37.625 0.0000000000
94751  -49.630  30.636  30.923 0.0000000000
94182  -49.516  30.093  31.145 0.0000000000
94189  -49.373  29.908  30.292 0.0000000000
93630  -49.154  29.076  29.811 0.0000000000
93059  -48.941  28.009  28.569 0.0000000000
90667  -48.775  23.674  26.269 0.0000000000
91231  -49.114  24.473  26.545 0.0000000000
90668  -49.359  22.868  26.878 0.0000000000
126131  -50.041  21.832  27.779 0.0000000000
90048  -50.215  21.981  28.035 0.0000000000
90038  -50.570  21.499  29.178 0.0000000000
89399  -50.228  21.443  28.494 0.0000000000
89378  -49.848  20.813  29.609 0.0000000000
109493  -49.635  20.842  30.472 0.0000000000
89365  -49.358  21.076  31.439 0.0000000000
89364  -48.484  21.151  31.074 0.0000000000
130120  -47.583  21.309  31.199 0.0000000000
89363  -46.860  21.416  30.852 0.0000000000
89373  -43.387  21.694  29.846 0.0000000000
82345  -47.756  12.018  49.487 0.0000000000
84820  -48.329  15.043  51.145 0.0000000000
83923  -48.417  14.324  51.140 0.0000000000
84821  -48.845  15.014  51.335 0.0000000000
83925  -49.180  14.933  51.070 0.0000000000
84828  -49.335  15.424  50.608 0.0000000000
84837  -49.594  15.250  49.598 0.0000000000
125348  -49.388  15.866  50.005 0.0000000000
86408  -48.952  17.422  49.280 0.0000000000
87116  -48.715  18.260  48.962 0.0000000000
98007  -44.159  37.107  40.437 0.0000000000
116162  -40.143  35.425  38.477 0.0000000000
97484  -40.951  35.398  38.627 0.0000000000
96939  -42.468  34.965  38.092 0.0000000000
96950  -42.845  34.668  37.238 0.0000000000
110951  -43.384  34.504  36.466 0.0000000000
96968  -43.636  34.459  35.642 0.0000000000
98066  -42.282  36.140  32.987 0.0000000000
97539  -43.643  35.711  33.654 0.0000000000
97540  -44.705  35.822  33.636 0.0000000000
97541  -45.822  36.022  33.602 0.0000000000
97543  -47.563  35.634  33.420 0.0000000000
96984  -48.222  35.085  33.309 0.0000000000
97546  -47.701  35.716  32.803 0.0000000000
96443  -47.832  34.238  31.459 0.0000000000
97019  -45.366  35.236  29.598 0.0000000000
96478  -45.330  34.477  29.884 0.0000000000
97018  -44.966  34.439  29.251 0.0000000000
95898  -44.415  32.921  29.379 0.0000000000
120935  -44.463  32.157  29.655 0.0000000000
94758  -44.136  30.820  29.360 0.0000000000
95318  -43.596  31.536  28.676 0.0000000000
95331  -43.394  31.369  27.934 0.0000000000
95345  -43.582  30.957  27.003 0.0000000000
89206  -41.330  21.779  45.685 0.0000000000
89193  -41.125  22.069  46.910 0.0000000000
89856  -41.505  22.505  48.525 0.0000000000
111024  -43.771  20.255  49.278 0.0000000000
89157  -43.575  21.510  49.876 0.0000000000
89837  -43.882  21.902  49.771 0.0000000000
89838  -44.628  22.141  49.808 0.0000000000
90512  -45.714  23.662  46.217 0.0000000000
90495  -45.884  23.873  47.107 0.0000000000
90488  -46.955  24.018  48.250 0.0000000000
90482  -47.698  23.837  48.334 0.0000000000
130957  -47.685  22.346  48.979 0.0000000000
89850  -48.086  23.103  48.500 0.0000000000
90489  -48.553  23.834  47.880 0.0000000000
90490  -49.268  23.570  47.294 0.0000000000
93009  -41.319  27.253  35.824 0.0000000000
92374  -41.965  26.852  36.029 0.0000000000
93050  -46.750  27.042  30.832 0.0000000000
93043  -46.465  27.610  31.342 0.0000000000
108971  -46.079  26.980  31.273 0.0000000000
91794  -45.587  25.644  31.722 0.0000000000
91789  -45.227  25.244  32.429 0.0000000000
91158  -48.626  24.642  35.491 0.0000000000
116189  -47.189  24.020  34.781 0.0000000000
91746  -46.222  25.462  36.326 0.0000000000
92378  -45.454  25.930  36.733 0.0000000000
92364  -45.858  26.601  37.461 0.0000000000
92996  -46.231  27.099  38.109 0.0000000000
115418  -45.968  27.370  39.475 0.0000000000
92345  -45.986  27.169  39.996 0.0000000000
116720  -47.044  27.432  39.484 0.0000000000
92949  -47.431  27.334  40.167 0.0000000000
92330  -47.961  27.113  40.791 0.0000000000
91710  -50.776  25.661  41.461 0.0000000000
92319  -50.424  26.135  42.004 0.0000000000
111904  -50.746  25.340  42.147 0.0000000000
115020  -50.449  24.569  44.574 0.0000000000
91072  -50.167  24.329  45.513 0.0000000000
89216  -50.548  21.847  44.361 0.0000000000
88561  -50.519  21.004  44.672 0.0000000000
89223  -50.052  21.586  43.763 0.0000000000
89927  -47.708  22.213  41.691 0.0000000000
89228  -47.430  21.581  42.563 0.0000000000
89227  -46.682  21.020  42.620 0.0000000000
87158  -46.244  18.635  43.566 0.0000000000
88563  -45.906  19.891  43.003 0.0000000000
87164  -45.072  18.739  42.748 0.0000000000
89321  -47.331  21.592  35.755 0.0000000000
109507  -46.569  21.542  36.251 0.0000000000
108596  -46.015  21.385  37.044 0.0000000000
87912  -43.068  20.205  38.860 0.0000000000
130286  -43.574  20.216  39.137 0.0000000000
87880  -43.308  19.646  40.278 0.0000000000
86463  -42.379  17.135  41.838 0.0000000000
113778  -42.039  15.691  41.657 0.0000000000
85731  -41.876  16.499  41.696 0.0000000000
130108  -41.394  16.652  41.496 0.0000000000
83177  -51.764  12.871  46.148 0.0000000000
94208  -47.500  29.315  28.495 0.0000000000
93645  -48.583  28.433  28.195 0.0000000000
93652  -47.482  28.008  27.511 0.0000000000
93085  -48.164  26.926  26.742 0.0000000000
92472  -48.067  26.302  26.321 0.0000000000
92470  -45.931  25.834  26.292 0.0000000000
91847  -47.086  24.854  25.667 0.0000000000
91848  -47.948  24.970  25.730 0.0000000000
90675  -47.084  23.548  25.784 0.0000000000
89419  -47.638  22.204  26.678 0.0000000000
89408  -46.988  21.979  26.976 0.0000000000
89395  -46.268  21.644  28.154 0.0000000000
108563  -46.392  21.886  27.441 0.0000000000
124068  -44.668  21.946  27.842 0.0000000000
90062  -44.404  23.036  26.173 0.0000000000
90047  -44.113  22.219  27.696 0.0000000000
81504  -46.569  11.528  50.863 0.0000000000
82323  -46.213  11.819  50.882 0.0000000000
83132  -46.695  12.583  50.999 0.0000000000
83935  -47.290  14.171  50.566 0.0000000000
83955  -46.812  14.859  49.657 0.0000000000
84827  -47.655  15.016  50.534 0.0000000000
86398  -47.843  17.937  49.996 0.0000000000
98035  -38.509  35.902  38.246 0.0000000000
97498  -38.907  35.279  38.034 0.0000000000
96946  -38.991  34.793  37.285 0.0000000000
96956  -39.438  34.621  36.245 0.0000000000
98082  -45.969  37.391  32.081 0.0000000000
97571  -45.367  36.099  29.158 0.0000000000
97029  -45.109  35.212  28.716 0.0000000000
97038  -45.257  34.985  27.702 0.0000000000
97046  -45.883  34.456  26.744 0.0000000000
97593  -46.506  36.159  26.243 0.0000000000
90522  -44.838  23.089  44.348 0.0000000000
115235  -45.553  23.424  45.131 0.0000000000
90523  -46.341  24.035  44.752 0.0000000000
91068  -47.197  24.747  45.448 0.0000000000
93599  -42.426  28.495  33.479 0.0000000000
92411  -42.881  27.070  33.479 0.0000000000
112090  -48.422  23.574  30.966 0.0000000000
90628  -47.851  23.644  31.799 0.0000000000
90607  -48.327  23.580  33.268 0.0000000000
90597  -48.825  23.735  34.064 0.0000000000
90598  -50.074  23.830  34.051 0.0000000000
91168  -49.313  24.194  34.858 0.0000000000
91765  -49.018  25.220  36.075 0.0000000000
91749  -49.300  25.700  36.617 0.0000000000
92367  -48.927  26.505  37.671 0.0000000000
92351  -49.258  26.882  38.349 0.0000000000
92368  -49.962  26.315  37.614 0.0000000000
92352  -50.148  26.702  38.541 0.0000000000
92353  -50.862  26.169  38.958 0.0000000000
91732  -51.338  24.741  38.195 0.0000000000
91729  -51.292  25.265  38.929 0.0000000000
91723  -50.984  25.513  40.553 0.0000000000
91114  -50.811  24.937  41.325 0.0000000000
90541  -50.487  24.234  42.407 0.0000000000
90540  -50.025  23.557  42.414 0.0000000000
90554  -50.011  24.025  41.703 0.0000000000
90553  -49.343  23.379  41.803 0.0000000000
113888  -49.957  23.356  39.053 0.0000000000
89931  -47.745  22.434  40.618 0.0000000000
89235  -46.266  21.408  40.206 0.0000000000
89319  -44.927  21.589  35.962 0.0000000000
89276  -43.598  20.962  37.289 0.0000000000
88628  -42.946  20.671  37.814 0.0000000000
117400  -43.203  20.432  38.342 0.0000000000
125482  -42.413  19.966  39.054 0.0000000000
87900  -42.019  19.599  39.554 0.0000000000
87878  -41.587  19.111  40.121 0.0000000000
95267  -48.042  31.358  33.852 0.0000000000
94725  -47.303  30.773  33.253 0.0000000000
129533  -48.253  30.775  33.157 0.0000000000
94180  -48.227  29.260  31.533 0.0000000000
94181  -49.158  29.656  31.344 0.0000000000
93621  -48.804  29.068  30.867 0.0000000000
93044  -47.470  27.876  30.777 0.0000000000
110643  -47.558  27.084  30.224 0.0000000000
91802  -47.225  25.481  30.028 0.0000000000
91205  -47.596  24.515  29.837 0.0000000000
93654  -48.642  27.771  27.774 0.0000000000
93066  -48.939  27.389  28.017 0.0000000000
92453  -49.030  26.939  28.003 0.0000000000
91223  -49.323  24.834  27.023 0.0000000000
91817  -49.023  25.957  27.808 0.0000000000
91809  -48.522  25.583  28.458 0.0000000000
90635  -48.413  23.728  30.003 0.0000000000
90629  -49.712  23.057  30.773 0.0000000000
90014  -51.548  22.045  31.485 0.0000000000
90032  -50.906  21.501  29.905 0.0000000000
90026  -51.378  21.681  30.683 0.0000000000
89356  -52.035  21.438  32.527 0.0000000000
89347  -51.994  21.352  33.196 0.0000000000
89336  -51.742  21.403  33.893 0.0000000000
89324  -51.003  21.493  35.530 0.0000000000
123775  -50.128  21.362  33.981 0.0000000000
89334  -48.889  21.399  34.166 0.0000000000
109027  -48.561  21.292  32.339 0.0000000000
89333  -47.702  21.433  33.827 0.0000000000
89332  -46.841  21.560  34.331 0.0000000000
89331  -46.047  21.686  34.649 0.0000000000
89387  -46.048  21.558  28.922 0.0000000000
89375  -46.077  21.549  30.336 0.0000000000
89362  -45.796  21.687  31.250 0.0000000000
89374  -44.352  21.641  30.131 0.0000000000
89361  -44.694  21.819  31.033 0.0000000000
90025  -45.107  21.956  31.910 0.0000000000
81505  -47.107  11.576  50.396 0.0000000000
82324  -47.775  12.195  50.560 0.0000000000
82346  -48.441  12.785  49.641 0.0000000000
83121  -48.416  13.658  50.949 0.0000000000
83164  -48.846  13.102  48.331 0.0000000000
83173  -50.222  13.459  47.170 0.0000000000
83174  -51.092  13.163  46.590 0.0000000000
83165  -50.816  13.707  47.109 0.0000000000
83969  -51.174  13.971  47.135 0.0000000000
84850  -50.947  15.203  47.431 0.0000000000
84838  -50.049  15.176  48.316 0.0000000000
86435  -51.139  18.262  46.833 0.0000000000
98015  -43.557  36.507  39.806 0.0000000000
98016  -44.908  36.202  40.335 0.0000000000
96930  -46.244  34.404  39.835 0.0000000000
96404  -45.640  33.249  39.131 0.0000000000
96405  -46.643  33.459  38.881 0.0000000000
96410  -46.804  33.259  38.245 0.0000000000
95831  -46.846  33.211  37.715 0.0000000000
96952  -46.217  34.351  37.725 0.0000000000
95837  -46.424  32.886  37.050 0.0000000000
113899  -46.759  32.898  36.549 0.0000000000
110467  -46.869  32.626  36.067 0.0000000000
95842  -47.544  32.862  35.953 0.0000000000
96965  -40.929  34.654  35.597 0.0000000000
96966  -41.860  34.543  35.811 0.0000000000
115078  -44.394  34.541  35.216 0.0000000000
97527  -44.164  35.044  34.349 0.0000000000
96978  -45.010  34.622  34.859 0.0000000000
96969  -45.746  34.197  35.784 0.0000000000
96971  -47.458  33.670  35.748 0.0000000000
95843  -48.114  33.025  35.565 0.0000000000
95850  -47.969  32.525  35.284 0.0000000000
95259  -49.043  32.150  34.345 0.0000000000
95268  -49.578  31.846  33.697 0.0000000000
95866  -50.205  32.396  32.570 0.0000000000
96990  -49.366  33.965  32.562 0.0000000000
96445  -49.938  33.066  32.094 0.0000000000
95878  -50.061  32.162  31.757 0.0000000000
95298  -49.552  31.294  30.676 0.0000000000
95310  -49.119  30.852  29.983 0.0000000000
94762  -48.653  30.370  29.406 0.0000000000
97555  -46.588  36.383  31.359 0.0000000000
96997  -47.240  35.039  31.477 0.0000000000
96460  -47.096  34.005  31.103 0.0000000000
96459  -45.601  34.110  30.328 0.0000000000
111678  -46.171  33.482  30.664 0.0000000000
95886  -47.265  33.044  30.808 0.0000000000
95296  -47.447  32.052  30.409 0.0000000000
94761  -47.554  30.586  29.377 0.0000000000
94197  -46.914  29.957  29.031 0.0000000000
94207  -46.272  29.305  28.694 0.0000000000
93642  -45.629  28.577  28.380 0.0000000000
94195  -44.475  30.024  29.237 0.0000000000
94205  -43.894  29.380  28.730 0.0000000000
93641  -44.367  28.529  28.437 0.0000000000
93064  -43.752  27.706  27.863 0.0000000000
93072  -43.398  26.928  27.115 0.0000000000
94795  -43.316  29.952  26.534 0.0000000000
94246  -44.016  29.510  25.283 0.0000000000
96508  -46.311  33.436  26.098 0.0000000000
95934  -46.472  32.650  25.582 0.0000000000
86405  -46.086  18.053  48.571 0.0000000000
87814  -44.800  20.055  49.647 0.0000000000
87113  -45.819  18.937  48.967 0.0000000000
128383  -46.785  18.111  49.256 0.0000000000
87114  -46.695  18.836  49.569 0.0000000000
87106  -47.415  18.867  49.766 0.0000000000
87803  -47.254  19.621  49.938 0.0000000000
89847  -44.798  22.699  48.936 0.0000000000
89839  -45.519  22.365  49.681 0.0000000000
89848  -45.727  22.883  49.033 0.0000000000
89160  -46.213  21.413  50.377 0.0000000000
88517  -46.542  20.903  50.433 0.0000000000
113135  -47.171  20.136  50.151 0.0000000000
87107  -47.797  18.552  49.784 0.0000000000
87115  -48.085  18.810  49.534 0.0000000000
87817  -48.659  19.159  48.653 0.0000000000
88533  -48.612  20.099  48.380 0.0000000000
87130  -49.479  18.646  48.031 0.0000000000
87131  -50.488  19.018  47.185 0.0000000000
87144  -51.204  18.910  46.458 0.0000000000
92341  -41.587  27.157  39.211 0.0000000000
92342  -42.347  26.818  39.467 0.0000000000
117546  -43.121  26.518  39.662 0.0000000000
94724  -46.276  30.721  33.355 0.0000000000
94170  -44.946  29.314  32.715 0.0000000000
93618  -46.003  28.100  31.812 0.0000000000
93610  -45.512  28.643  32.270 0.0000000000
93609  -44.497  28.352  32.485 0.0000000000
93034  -43.813  27.708  32.655 0.0000000000
117863  -43.386  27.217  32.947 0.0000000000
108767  -43.075  26.482  33.954 0.0000000000
90618  -47.136  23.872  32.162 0.0000000000
91184  -46.390  24.235  32.458 0.0000000000
91183  -45.717  24.641  32.815 0.0000000000
118338  -46.501  24.151  34.523 0.0000000000
91175  -45.679  24.528  33.580 0.0000000000
91781  -45.051  24.967  33.203 0.0000000000
91780  -44.425  25.374  33.598 0.0000000000
91779  -43.672  25.846  33.982 0.0000000000
92404  -43.116  26.258  34.697 0.0000000000
92394  -43.265  26.099  35.614 0.0000000000
92376  -43.539  26.205  36.485 0.0000000000
92361  -43.006  26.687  37.118 0.0000000000
92363  -44.846  26.578  37.370 0.0000000000
92993  -43.367  27.138  37.893 0.0000000000
124746  -43.218  27.358  39.085 0.0000000000
125820  -43.703  26.934  39.588 0.0000000000
91720  -44.342  25.779  40.233 0.0000000000
91125  -44.783  25.229  40.744 0.0000000000
91113  -45.228  24.911  41.353 0.0000000000
91722  -46.181  26.100  40.766 0.0000000000
91707  -46.016  25.379  41.390 0.0000000000
110784  -45.795  24.748  42.090 0.0000000000
91101  -46.759  25.028  42.750 0.0000000000
91095  -47.419  25.034  43.666 0.0000000000
91084  -47.826  25.120  44.638 0.0000000000
92966  -48.953  27.469  39.697 0.0000000000
92950  -48.468  27.366  40.298 0.0000000000
92310  -49.842  26.406  42.538 0.0000000000
92309  -49.099  26.703  42.086 0.0000000000
91699  -48.300  26.292  42.423 0.0000000000
115173  -48.643  26.026  43.214 0.0000000000
91676  -48.554  25.501  44.837 0.0000000000
91069  -48.185  25.328  45.560 0.0000000000
91058  -48.734  24.886  46.936 0.0000000000
127600  -49.215  24.655  46.758 0.0000000000
89862  -49.508  22.728  47.145 0.0000000000
90514  -50.334  23.308  45.621 0.0000000000
89876  -49.907  23.145  46.487 0.0000000000
89195  -50.026  22.103  46.585 0.0000000000
87844  -50.896  19.693  46.405 0.0000000000
87147  -51.407  19.061  45.684 0.0000000000
87154  -51.324  18.505  45.054 0.0000000000
87153  -50.412  18.515  44.699 0.0000000000
89917  -49.920  22.973  42.905 0.0000000000
120256  -49.184  21.464  43.526 0.0000000000
88566  -48.663  20.777  43.778 0.0000000000
89222  -48.162  21.384  43.248 0.0000000000
85706  -47.377  16.890  43.990 0.0000000000
86451  -46.091  17.890  43.484 0.0000000000
123826  -45.960  17.278  43.295 0.0000000000
89303  -50.670  21.698  36.491 0.0000000000
117476  -49.701  21.714  36.798 0.0000000000
89280  -49.072  21.820  37.397 0.0000000000
89301  -47.569  21.617  36.492 0.0000000000
126541  -48.196  21.782  37.829 0.0000000000
89258  -47.874  21.833  38.396 0.0000000000
115071  -45.188  21.226  36.896 0.0000000000
88596  -44.237  20.422  39.042 0.0000000000
88598  -45.029  20.751  38.897 0.0000000000
89234  -45.620  20.958  40.541 0.0000000000
87864  -44.967  19.957  41.752 0.0000000000
87859  -44.612  19.170  42.241 0.0000000000
87163  -44.354  18.380  42.426 0.0000000000
86454  -44.189  17.424  42.541 0.0000000000
81489  -47.213  11.931  50.971 0.0000000000
83133  -47.292  13.387  51.007 0.0000000000
83135  -49.051  14.256  50.703 0.0000000000
84822  -49.046  15.601  51.105 0.0000000000
85658  -48.658  15.611  51.112 0.0000000000
85679  -49.193  16.559  49.636 0.0000000000
86397  -47.313  18.140  49.677 0.0000000000
87151  -47.550  18.399  44.342 0.0000000000
87804  -47.504  19.538  49.813 0.0000000000
87854  -45.723  19.092  43.151 0.0000000000
88516  -45.872  21.044  50.576 0.0000000000
88518  -46.985  20.631  50.258 0.0000000000
88560  -50.134  20.475  44.294 0.0000000000
88615  -43.742  20.391  38.611 0.0000000000
89158  -44.486  21.543  50.152 0.0000000000
89170  -47.750  21.545  49.056 0.0000000000
89279  -47.902  21.695  37.255 0.0000000000
89305  -51.948  21.989  35.751 0.0000000000
89326  -52.120  21.850  34.977 0.0000000000
89335  -50.998  21.369  34.406 0.0000000000
89355  -51.780  21.186  31.809 0.0000000000
89377  -48.190  21.109  30.283 0.0000000000
89397  -48.751  21.128  28.312 0.0000000000
89407  -45.474  21.958  27.603 0.0000000000
89410  -49.643  21.577  27.698 0.0000000000
89849  -47.221  22.734  49.126 0.0000000000
89947  -51.171  23.151  37.759 0.0000000000
89954  -50.907  22.382  37.302 0.0000000000
89991  -52.317  22.099  34.330 0.0000000000
90002  -52.138  22.088  32.862 0.0000000000
90015  -51.932  21.647  31.943 0.0000000000
90056  -44.168  22.687  26.865 0.0000000000
90058  -49.542  22.116  27.201 0.0000000000
90064  -45.862  22.840  26.177 0.0000000000
90066  -48.041  23.112  26.125 0.0000000000
90067  -48.846  22.628  26.626 0.0000000000
90487  -46.128  23.834  47.945 0.0000000000
90499  -49.522  24.078  46.754 0.0000000000
90567  -49.545  23.660  40.005 0.0000000000
90570  -51.139  23.995  38.995 0.0000000000
90576  -51.276  23.807  38.159 0.0000000000
90596  -47.730  23.716  34.125 0.0000000000
90600  -51.899  23.127  34.281 0.0000000000
90611  -52.212  22.462  33.807 0.0000000000
90658  -43.756  23.231  26.321 0.0000000000
90659  -49.787  22.585  27.463 0.0000000000
90664  -44.666  23.474  25.788 0.0000000000
90673  -44.264  23.992  25.470 0.0000000000
90676  -47.939  23.772  25.832 0.0000000000
90677  -48.189  24.303  25.822 0.0000000000
91059  -49.642  24.544  46.260 0.0000000000
91070  -48.641  25.272  46.265 0.0000000000
91071  -49.344  25.391  45.683 0.0000000000
91083  -46.960  24.548  44.311 0.0000000000
91085  -49.967  25.140  45.175 0.0000000000
91093  -45.916  24.054  43.477 0.0000000000
91126  -45.487  25.490  40.899 0.0000000000
91127  -50.857  24.751  40.397 0.0000000000
91155  -45.128  24.862  34.940 0.0000000000
91157  -47.522  24.524  35.409 0.0000000000
91160  -51.143  24.375  35.757 0.0000000000
91165  -45.788  24.475  34.454 0.0000000000
91176  -46.342  24.136  33.160 0.0000000000
91191  -46.570  24.377  31.745 0.0000000000
91192  -47.347  23.946  31.444 0.0000000000
91217  -49.188  24.757  27.478 0.0000000000
91241  -44.757  24.265  25.517 0.0000000000
91243  -47.473  24.288  25.653 0.0000000000
91688  -48.405  25.599  43.944 0.0000000000
91700  -49.221  26.345  42.923 0.0000000000
91738  -51.141  25.183  37.507 0.0000000000
91748  -48.276  25.704  36.539 0.0000000000
91763  -46.847  25.017  35.871 0.0000000000
91801  -46.677  25.433  30.664 0.0000000000
91818  -49.210  25.705  27.368 0.0000000000
91823  -49.177  25.963  27.083 0.0000000000
91829  -43.127  25.202  25.173 0.0000000000
91830  -44.059  24.997  25.478 0.0000000000
91832  -46.496  25.233  25.877 0.0000000000
91833  -47.584  25.601  25.947 0.0000000000
91834  -48.453  25.723  26.260 0.0000000000
91835  -48.958  26.127  26.777 0.0000000000
92318  -49.815  26.762  41.685 0.0000000000
92332  -50.115  27.066  40.289 0.0000000000
92347  -50.728  26.385  40.006 0.0000000000
92350  -48.282  26.951  38.286 0.0000000000
92369  -50.742  26.045  37.975 0.0000000000
92375  -42.737  26.490  36.264 0.0000000000
92382  -49.439  26.107  37.116 0.0000000000
92429  -44.826  26.934  32.068 0.0000000000
92430  -45.510  26.539  31.613 0.0000000000
92431  -46.200  26.187  31.072 0.0000000000
92440  -47.620  26.320  29.740 0.0000000000
92962  -43.138  27.080  39.385 0.0000000000
92964  -44.921  27.330  39.346 0.0000000000
92967  -49.641  27.339  39.788 0.0000000000
93026  -42.302  27.636  33.679 0.0000000000
93058  -48.919  27.534  28.480 0.0000000000
93065  -44.945  27.774  28.021 0.0000000000
93075  -47.491  27.205  26.928 0.0000000000
93077  -48.684  27.147  27.324 0.0000000000
93078  -48.891  27.061  27.591 0.0000000000
93608  -43.707  28.385  32.750 0.0000000000
93620  -47.871  28.667  31.124 0.0000000000
93628  -48.378  28.482  30.527 0.0000000000
93644  -47.954  28.661  28.038 0.0000000000
93646  -48.848  28.082  28.288 0.0000000000
93653  -48.292  28.120  27.709 0.0000000000
93655  -48.814  27.439  27.803 0.0000000000
94179  -47.350  28.900  31.676 0.0000000000
94209  -48.416  29.165  28.542 0.0000000000
94723  -45.277  30.756  33.562 0.0000000000
94737  -49.618  30.905  32.442 0.0000000000
94763  -49.208  30.145  29.668 0.0000000000
94771  -43.031  30.113  28.051 0.0000000000
95258  -48.409  32.045  34.581 0.0000000000
95269  -50.085  31.882  33.023 0.0000000000
95278  -50.013  31.529  32.252 0.0000000000
95287  -49.804  31.364  31.405 0.0000000000
95295  -46.161  31.989  30.279 0.0000000000
95297  -48.803  31.688  30.380 0.0000000000
95305  -43.984  31.545  29.296 0.0000000000
95357  -45.809  31.191  25.122 0.0000000000
95366  -45.809  31.175  24.473 0.0000000000
95830  -46.218  32.810  37.733 0.0000000000
95851  -48.715  32.716  34.864 0.0000000000
95857  -49.407  32.552  34.171 0.0000000000
95858  -49.973  32.479  33.429 0.0000000000
95897  -43.971  32.226  29.010 0.0000000000
95924  -45.011  33.118  27.192 0.0000000000
96396  -46.288  33.815  39.597 0.0000000000
96409  -45.991  32.946  38.380 0.0000000000
96417  -47.652  33.175  35.945 0.0000000000
96426  -49.711  33.086  33.778 0.0000000000
96942  -46.819  34.192  38.527 0.0000000000
96945  -38.297  34.794  36.990 0.0000000000
96955  -38.663  34.690  36.514 0.0000000000
96959  -42.475  34.505  36.406 0.0000000000
96974  -40.602  34.952  34.856 0.0000000000
96979  -45.951  34.508  34.969 0.0000000000
96985  -49.494  33.776  33.593 0.0000000000
96998  -48.149  34.692  31.855 0.0000000000
96999  -48.820  34.250  31.990 0.0000000000
97467  -44.801  35.788  41.777 0.0000000000
97468  -45.382  35.365  41.245 0.0000000000
97475  -41.510  35.957  39.146 0.0000000000
97483  -39.412  35.831  38.539 0.0000000000
97499  -39.610  35.027  38.009 0.0000000000
97507  -37.195  35.070  36.715 0.0000000000
97529  -46.348  35.182  34.153 0.0000000000
97542  -46.816  36.006  33.512 0.0000000000
97583  -45.957  36.498  26.977 0.0000000000
98023  -39.608  36.707  39.024 0.0000000000
98067  -43.233  36.287  33.074 0.0000000000
98093  -46.509  36.846  31.787 0.0000000000
109617  -46.298  24.206  46.629 0.0000000000
110715  -46.501  21.453  29.575 0.0000000000
111913  -49.457  23.637  27.384 0.0000000000
114387  -51.883  22.470  35.985 0.0000000000
115895  -51.771  21.565  34.760 0.0000000000
116399  -47.052  36.109  31.702 0.0000000000
119610  -51.119  25.664  39.638 0.0000000000
119729  -41.215  16.053  41.429 0.0000000000
121622  -48.889  31.688  34.016 0.0000000000
122459  -48.892  34.459  33.349 0.0000000000
122550  -45.674  24.187  25.601 0.0000000000
124209  -46.584  27.328  39.926 0.0000000000
124401  -46.162  37.187  32.563 0.0000000000
124427  -50.633  20.844  30.030 0.0000000000
124984  -45.400  33.320  30.275 0.0000000000
125479  -51.779  23.097  36.217 0.0000000000
125720  -49.756  31.921  31.175 0.0000000000
126891  -44.786  23.031  47.183 0.0000000000
127038  -45.487  25.351  36.119 0.0000000000
127312  -47.302  22.800  26.187 0.0000000000
128260  -50.712  22.594  37.659 0.0000000000
129016  -43.084  22.511  48.193 0.0000000000
129889  -51.287  14.479  47.153 0.0000000000
129955  -46.723  34.055  37.334 0.0000000000
130457  -46.064  21.949  50.029 0.0000000000
131024  -47.317  27.050  40.581 0.0000000000
131104  -48.491  34.543  33.900 0.0000000000
