#!ascii label  , from subject sub-v1s0x0050665_ses-1 vox2ras=TkReg
1270
61536  -20.270  -12.248  -1.255 0.5555555820
61554  -21.069  -12.201  -1.678 0.6666666865
62496  -21.907  -11.615  -2.468 0.7777777910
63365  -22.404  -11.103  -3.102 0.8888888955
62522  -23.841  -10.868  -4.641 0.8888888955
61535  -19.453  -12.429  -0.611 0.5555555820
62466  -20.359  -11.650  -1.506 0.5555555820
62476  -20.727  -11.442  -1.768 0.6666666865
62477  -21.084  -11.200  -2.044 0.8888888955
62497  -22.722  -11.929  -3.067 0.8888888955
63376  -22.998  -10.512  -3.765 0.8888888955
63399  -23.719  -9.774  -4.971 1.0000000000
63400  -23.980  -9.826  -5.060 0.8888888955
64245  -24.462  -9.153  -5.274 1.0000000000
115605  -19.453  -10.883  -1.354 0.7777777910
63363  -20.847  -9.952  -2.821 1.0000000000
64225  -20.733  -9.096  -3.002 1.0000000000
63375  -22.067  -10.186  -3.202 1.0000000000
65120  -22.883  -8.459  -4.445 1.0000000000
64226  -21.651  -9.232  -3.273 1.0000000000
64243  -23.433  -9.181  -4.922 1.0000000000
65134  -23.255  -8.350  -5.044 1.0000000000
127468  -23.725  -8.434  -5.383 1.0000000000
65154  -24.894  -7.750  -5.676 1.0000000000
65993  -23.421  -7.699  -5.251 1.0000000000
65153  -24.289  -7.814  -5.614 1.0000000000
66004  -25.422  -7.178  -6.003 1.0000000000
66853  -25.210  -6.734  -6.310 1.0000000000
66866  -25.630  -6.372  -6.788 0.7777777910
65089  -20.039  -8.510  -2.936 0.8888888955
65106  -21.129  -8.407  -3.304 1.0000000000
65987  -22.878  -7.522  -4.569 1.0000000000
65976  -21.539  -7.628  -3.691 1.0000000000
66001  -23.709  -6.974  -5.495 1.0000000000
66852  -24.579  -6.562  -6.174 1.0000000000
66865  -24.884  -6.161  -6.669 1.0000000000
67717  -25.162  -5.810  -7.130 1.0000000000
111376  -25.796  -5.728  -7.379 0.8888888955
128121  -25.647  -5.078  -7.680 1.0000000000
67726  -26.165  -5.101  -7.805 0.7777777910
68637  -27.433  -4.199  -8.511 0.7777777910
65985  -20.999  -6.876  -3.849 0.5555555820
66842  -21.890  -5.825  -4.595 0.7777777910
66833  -21.445  -6.312  -4.207 0.8888888955
117754  -23.139  -6.845  -4.986 1.0000000000
66843  -22.674  -6.143  -4.894 0.8888888955
66850  -23.279  -6.090  -5.474 1.0000000000
67706  -24.288  -5.827  -6.450 1.0000000000
68626  -25.051  -5.022  -7.508 1.0000000000
68635  -25.553  -4.240  -7.943 0.8888888955
68645  -25.787  -3.284  -8.643 0.8888888955
126666  -27.376  -2.659  -10.154 0.7777777910
69502  -28.277  -2.887  -10.130 0.6666666865
67686  -20.360  -5.256  -3.749 0.4444444478
67687  -21.032  -5.523  -4.193 0.7777777910
67695  -20.699  -4.855  -4.063 0.6666666865
68606  -22.219  -4.706  -5.512 0.7777777910
67704  -23.113  -5.173  -5.822 0.8888888955
68617  -23.436  -4.657  -6.387 0.8888888955
67715  -23.977  -5.034  -6.696 1.0000000000
68624  -23.734  -4.185  -6.840 1.0000000000
68634  -24.765  -3.857  -7.574 1.0000000000
69478  -25.100  -3.084  -8.124 1.0000000000
69488  -25.613  -2.551  -9.278 0.8888888955
69500  -25.861  -2.325  -9.844 0.7777777910
69501  -26.621  -2.555  -9.882 0.7777777910
70314  -28.847  -2.246  -10.579 0.5555555820
69520  -27.210  -3.001  -11.731 0.7777777910
69521  -28.204  -2.384  -12.200 0.6666666865
68604  -21.014  -4.334  -4.455 0.6666666865
68615  -22.078  -4.015  -5.744 0.7777777910
68623  -23.176  -3.894  -6.568 0.8888888955
69469  -23.600  -3.374  -6.968 0.8888888955
69476  -24.108  -2.791  -7.413 1.0000000000
69487  -24.840  -2.307  -8.499 1.0000000000
125810  -25.304  -2.541  -8.831 0.8888888955
69509  -25.411  -2.827  -10.847 0.8888888955
69519  -26.182  -3.125  -11.316 0.8888888955
110552  -26.894  -2.630  -10.567 0.7777777910
69517  -25.161  -2.668  -11.046 0.8888888955
70329  -26.368  -2.642  -12.197 0.7777777910
70330  -27.234  -2.305  -12.705 0.7777777910
70331  -29.144  -2.004  -12.454 0.6666666865
69446  -21.390  -3.749  -5.122 0.6666666865
68595  -20.345  -4.347  -3.857 0.5555555820
69457  -22.095  -3.320  -5.843 0.7777777910
69468  -23.038  -3.174  -6.675 0.8888888955
70296  -24.206  -2.235  -7.698 1.0000000000
69486  -24.577  -2.226  -8.062 1.0000000000
69507  -25.114  -1.603  -9.769 1.0000000000
69508  -25.462  -1.928  -10.349 0.8888888955
70337  -26.361  -2.028  -13.090 0.7777777910
71197  -27.147  -1.499  -13.662 0.7777777910
125357  -28.131  -1.253  -13.834 0.6666666865
71205  -29.930  -1.175  -13.885 0.5555555820
70339  -29.577  -1.677  -13.182 0.5555555820
69456  -21.539  -2.889  -5.430 0.6666666865
69467  -22.551  -3.044  -6.346 0.8888888955
70295  -23.973  -1.902  -7.660 1.0000000000
128481  -24.837  -1.375  -9.316 1.0000000000
70334  -25.077  -1.508  -11.412 0.8888888955
70327  -25.157  -2.368  -11.546 0.8888888955
70335  -25.231  -1.563  -12.324 0.8888888955
70328  -25.698  -2.264  -12.369 0.8888888955
71202  -26.525  -0.850  -14.650 0.7777777910
71211  -26.875  -0.175  -15.246 0.7777777910
71203  -27.569  -0.734  -14.455 0.7777777910
71204  -28.855  -0.631  -14.408 0.5555555820
71200  -25.492  -0.105  -14.266 0.7777777910
72051  -27.856  -0.051  -15.135 0.5555555820
107654  -29.552  -0.170  -15.088 0.5555555820
72057  -27.109  0.588  -15.773 0.6666666865
123695  -20.335  -2.366  -4.414 0.4444444478
128164  -21.372  -2.367  -5.310 0.5555555820
109868  -22.809  -1.663  -7.041 0.7777777910
70304  -24.294  -1.359  -8.226 1.0000000000
70313  -24.560  -1.060  -9.151 1.0000000000
108643  -24.479  -0.909  -10.149 0.8888888955
71187  -24.591  -0.644  -11.710 0.8888888955
70326  -24.786  -1.201  -10.706 0.8888888955
71194  -25.045  -0.652  -12.412 0.8888888955
71195  -25.253  -0.853  -13.373 0.8888888955
72050  -26.548  0.757  -14.974 0.6666666865
72943  -27.783  0.815  -16.065 0.5555555820
72015  -23.150  0.092  -7.914 0.6666666865
72006  -22.743  -0.460  -7.250 0.6666666865
72901  -23.800  0.351  -9.396 0.7777777910
72033  -23.921  -0.237  -10.526 0.8888888955
72032  -23.835  0.092  -9.955 0.7777777910
72034  -23.689  0.154  -11.479 0.7777777910
71181  -24.094  -0.523  -11.130 0.8888888955
72934  -23.944  0.733  -13.026 0.7777777910
72040  -24.489  0.073  -12.733 0.8888888955
72046  -24.592  0.965  -13.366 0.7777777910
71199  -25.305  0.374  -13.355 0.7777777910
71207  -25.622  1.179  -14.120 0.6666666865
73902  -24.113  1.244  -13.708 0.6666666865
72048  -24.862  1.217  -15.058 0.6666666865
114143  -25.266  0.982  -15.098 0.6666666865
71208  -25.998  1.184  -14.417 0.5555555820
72941  -23.922  1.771  -15.454 0.6666666865
72054  -24.294  1.532  -15.854 0.5555555820
109172  -25.804  1.022  -17.019 0.5555555820
72949  -27.673  1.438  -15.613 0.4444444478
72959  -25.149  1.003  -16.950 0.5555555820
73859  -22.004  1.658  -7.002 0.3333333433
130955  -21.872  1.000  -6.670 0.3333333433
118431  -23.386  1.732  -9.212 0.5555555820
72900  -23.627  0.960  -9.289 0.6666666865
72913  -23.622  0.855  -10.100 0.7777777910
72915  -23.404  1.363  -11.921 0.7777777910
73883  -24.995  1.642  -11.787 0.6666666865
72924  -23.833  0.866  -12.278 0.6666666865
73892  -24.048  1.223  -12.451 0.6666666865
110379  -25.171  0.775  -12.953 0.6666666865
111599  -24.246  1.762  -14.173 0.6666666865
73917  -23.852  1.989  -14.830 0.6666666865
72958  -24.546  1.088  -16.898 0.5555555820
73924  -24.388  2.090  -16.764 0.5555555820
72956  -24.018  1.428  -16.439 0.6666666865
73873  -22.699  2.384  -8.462 0.4444444478
73858  -21.593  1.526  -6.453 0.4444444478
73866  -22.480  1.808  -7.726 0.4444444478
74762  -22.356  2.920  -8.932 0.5555555820
73880  -22.945  2.026  -10.024 0.5555555820
74771  -22.692  2.014  -11.176 0.6666666865
73881  -23.017  1.847  -11.913 0.6666666865
118857  -25.518  2.293  -11.522 0.6666666865
73893  -25.766  1.166  -12.237 0.6666666865
73904  -26.766  1.577  -12.544 0.6666666865
74798  -26.250  2.120  -14.103 0.6666666865
74804  -23.208  3.168  -14.865 0.6666666865
73933  -23.901  2.920  -16.345 0.5555555820
115879  -24.298  2.772  -16.879 0.6666666865
75635  -21.610  2.688  -10.035 0.4444444478
75647  -23.901  3.423  -11.672 0.6666666865
108632  -25.193  2.883  -11.473 0.6666666865
75648  -26.135  3.093  -11.065 0.6666666865
73884  -26.420  1.922  -11.390 0.6666666865
75636  -26.751  2.896  -10.003 0.6666666865
108546  -23.983  3.189  -14.506 0.6666666865
63364  -21.462  -10.820  -2.593 0.8888888955
63349  -20.261  -10.782  -1.953 1.0000000000
64227  -22.776  -9.414  -3.912 1.0000000000
64244  -23.862  -9.238  -5.210 1.0000000000
69499  -25.483  -2.120  -9.759 0.8888888955
69436  -20.649  -3.842  -4.285 0.5555555820
70269  -21.093  -1.829  -5.091 0.5555555820
70278  -22.201  -2.592  -6.106 0.7777777910
71196  -25.495  -1.054  -14.031 0.8888888955
72948  -26.964  0.392  -15.970 0.6666666865
72914  -23.482  0.630  -11.079 0.7777777910
72960  -26.518  0.688  -16.864 0.4444444478
74772  -22.947  2.567  -11.754 0.6666666865
130530  -22.863  3.393  -11.734 0.6666666865
130154  -20.333  -4.784  -3.734 0.4444444478
74825  -25.143  3.066  -17.088 0.5555555820
74826  -25.800  3.169  -17.340 0.5555555820
74735  -21.172  2.169  -6.110 0.2222222239
74755  -22.225  2.582  -8.080 0.3333333433
125648  -24.984  3.799  -17.229 0.5555555820
60678  -20.266  -12.976  -0.918 0.5555555820
60704  -21.518  -13.033  -1.698 0.5555555820
61556  -21.878  -12.680  -2.082 0.5555555820
61581  -22.294  -12.363  -2.495 0.5555555820
62509  -23.796  -11.538  -4.218 0.7777777910
60677  -19.515  -13.205  -0.208 0.5555555820
62508  -23.211  -11.387  -3.712 0.8888888955
63389  -24.183  -10.454  -4.860 0.7777777910
63401  -24.746  -9.828  -5.016 0.7777777910
65136  -25.023  -8.312  -5.496 0.8888888955
60660  -18.706  -12.732  0.177 0.4444444478
62464  -19.007  -11.149  -0.842 0.5555555820
63336  -19.190  -10.521  -1.315 0.2222222239
63348  -19.596  -10.371  -1.763 0.6666666865
66005  -26.034  -7.059  -6.174 0.8888888955
66867  -26.284  -6.305  -6.917 0.6666666865
67727  -26.953  -5.117  -7.953 0.7777777910
64213  -19.518  -9.144  -2.389 0.5555555820
68647  -28.152  -3.690  -8.854 0.6666666865
65088  -19.335  -8.433  -2.537 0.4444444478
110233  -28.654  -3.381  -9.488 0.5555555820
70315  -29.706  -2.490  -10.351 0.5555555820
66820  -19.669  -6.238  -3.007 0.2222222239
70321  -29.500  -1.847  -10.870 0.5555555820
67677  -20.030  -5.239  -3.265 0.4444444478
71188  -29.762  -1.461  -12.679 0.5555555820
68584  -20.034  -4.414  -3.327 0.3333333433
107652  -30.642  -0.895  -13.562 0.5555555820
70270  -20.957  -2.698  -4.826 0.4444444478
119747  -30.557  -0.174  -14.566 0.4444444478
69444  -19.978  -2.844  -4.137 0.3333333433
110547  -30.127  0.749  -15.704 0.5555555820
72963  -28.224  1.806  -16.219 0.4444444478
72876  -21.535  0.772  -6.241 0.3333333433
71996  -21.436  0.092  -6.002 0.3333333433
72877  -21.947  0.297  -6.604 0.4444444478
72967  -26.646  1.369  -17.151 0.4444444478
74827  -26.315  2.590  -17.998 0.4444444478
75701  -26.666  3.874  -18.546 0.2222222239
74754  -21.641  2.909  -7.565 0.3333333433
75655  -24.646  3.605  -11.850 0.6666666865
75657  -26.929  3.284  -12.008 0.6666666865
76490  -25.123  3.744  -13.195 0.6666666865
127662  -24.015  4.172  -14.213 0.6666666865
126029  -23.252  3.815  -14.499 0.6666666865
74795  -23.491  3.092  -14.706 0.6666666865
74814  -23.350  3.611  -16.169 0.6666666865
74831  -23.818  4.029  -17.388 0.4444444478
128922  -25.442  4.406  -18.472 0.3333333433
75645  -22.293  3.789  -11.671 0.5555555820
60703  -20.871  -12.746  -1.390 0.6666666865
61555  -21.502  -11.924  -2.037 0.7777777910
63388  -23.764  -10.307  -4.801 1.0000000000
63377  -23.579  -10.828  -4.447 0.8888888955
62456  -18.703  -11.923  -0.162 0.5555555820
62465  -19.583  -11.572  -1.072 0.5555555820
62475  -19.972  -11.081  -1.620 0.5555555820
63387  -23.508  -10.063  -4.642 1.0000000000
65135  -24.311  -8.500  -5.458 1.0000000000
116208  -20.633  -10.576  -2.257 1.0000000000
115133  -19.957  -9.981  -2.227 0.8888888955
64214  -20.130  -9.351  -2.621 0.8888888955
65107  -22.140  -8.438  -3.650 1.0000000000
65977  -22.396  -7.736  -3.993 1.0000000000
65155  -25.544  -7.579  -5.793 0.8888888955
66003  -24.799  -7.190  -5.876 1.0000000000
65994  -23.866  -7.664  -5.553 1.0000000000
125042  -25.745  -6.822  -6.357 0.8888888955
65986  -21.997  -7.047  -4.039 1.0000000000
66834  -22.399  -6.580  -4.450 1.0000000000
66851  -23.965  -6.260  -5.941 1.0000000000
67716  -24.547  -5.442  -6.981 1.0000000000
68636  -26.424  -4.313  -8.334 0.8888888955
68646  -26.674  -3.621  -8.826 0.7777777910
65966  -19.539  -7.439  -2.860 0.5555555820
66821  -20.210  -6.668  -3.416 0.6666666865
117814  -20.511  -7.597  -3.381 0.7777777910
67697  -22.428  -5.483  -5.203 0.8888888955
67705  -23.760  -5.446  -6.222 1.0000000000
69489  -26.272  -2.931  -9.328 0.8888888955
69490  -27.456  -3.281  -9.405 0.7777777910
69511  -27.856  -2.212  -10.822 0.6666666865
69503  -29.305  -3.098  -10.083 0.5555555820
70320  -28.752  -1.872  -11.319 0.6666666865
66831  -20.159  -5.831  -3.522 0.4444444478
66832  -20.613  -6.062  -3.919 0.6666666865
68605  -21.605  -4.346  -5.139 0.6666666865
67696  -21.533  -4.976  -4.695 0.7777777910
68625  -24.302  -4.536  -7.170 1.0000000000
69477  -24.580  -2.894  -7.730 1.0000000000
69510  -26.123  -2.567  -10.382 0.7777777910
69458  -22.602  -3.634  -6.269 0.8888888955
69497  -24.848  -1.799  -8.946 1.0000000000
70338  -28.161  -1.948  -13.149 0.7777777910
128840  -28.840  -2.074  -12.961 0.6666666865
70286  -23.553  -2.588  -7.186 0.8888888955
70319  -25.281  -1.849  -10.645 0.8888888955
70336  -25.661  -1.551  -13.204 0.7777777910
108019  -30.081  -0.503  -14.476 0.5555555820
108066  -30.844  -1.009  -14.035 0.5555555820
69445  -20.976  -3.329  -4.724 0.5555555820
71150  -22.313  -1.835  -6.451 0.6666666865
117321  -23.281  -2.043  -7.261 0.8888888955
115832  -24.893  -1.362  -9.905 1.0000000000
71201  -25.788  -0.717  -14.687 0.8888888955
129558  -28.652  0.680  -15.767 0.5555555820
71142  -21.737  -1.992  -5.797 0.5555555820
123789  -23.934  -0.932  -8.056 1.0000000000
71159  -22.922  -1.061  -7.265 0.7777777910
71177  -24.326  -0.572  -9.612 0.7777777910
72950  -29.201  1.424  -16.224 0.5555555820
72005  -22.523  0.243  -7.210 0.5555555820
114508  -22.272  -0.293  -6.786 0.5555555820
72024  -23.668  0.256  -8.702 0.6666666865
71175  -23.793  -0.395  -8.319 0.7777777910
129008  -21.960  -1.290  -6.221 0.7777777910
71141  -21.514  -1.150  -5.743 0.6666666865
72025  -24.102  -0.180  -9.071 0.7777777910
72041  -23.878  0.120  -12.164 0.7777777910
117818  -23.947  1.017  -13.191 0.6666666865
72047  -25.086  1.287  -14.003 0.6666666865
72938  -24.310  1.459  -14.147 0.6666666865
73909  -24.107  1.588  -14.299 0.6666666865
121095  -24.382  1.519  -15.035 0.6666666865
72062  -24.850  0.456  -16.811 0.5555555820
113460  -25.436  0.637  -15.430 0.5555555820
73926  -26.141  1.801  -17.314 0.4444444478
125881  -27.892  1.838  -16.269 0.4444444478
74816  -25.678  2.369  -17.178 0.5555555820
72886  -22.284  0.971  -7.130 0.4444444478
73867  -23.055  1.774  -8.419 0.5555555820
72912  -23.374  1.573  -10.083 0.6666666865
117825  -23.192  1.373  -11.074 0.7777777910
74796  -23.819  2.260  -14.536 0.6666666865
73916  -23.677  2.297  -15.004 0.6666666865
73874  -22.768  2.397  -9.342 0.5555555820
117924  -22.224  2.796  -11.536 0.6666666865
74782  -27.508  2.792  -12.035 0.6666666865
75674  -25.812  2.943  -13.871 0.6666666865
75673  -24.941  3.623  -14.167 0.6666666865
69435  -20.172  -3.832  -3.809 0.4444444478
117743  -20.191  -4.645  -3.519 0.4444444478
68594  -20.086  -4.009  -3.537 0.4444444478
74835  -26.928  3.310  -18.222 0.3333333433
75699  -24.801  4.133  -18.222 0.3333333433
129180  -25.724  -8.108  -5.609 0.7777777910
67718  -26.581  -5.769  -7.399 0.6666666865
66811  -18.981  -6.757  -2.397 0.1111111119
126773  -20.319  -3.240  -4.163 0.3333333433
71989  -21.341  -0.494  -5.736 0.3333333433
110013  -22.912  3.898  -15.708 0.6666666865
75696  -23.417  4.240  -16.977 0.4444444478
59789  -23.665  -13.968  -2.156 0.4444444478
59755  -25.115  -14.000  -0.054 0.2222222239
59751  -21.338  -14.283  -0.900 0.4444444478
59772  -21.827  -13.863  -1.539 0.4444444478
60705  -22.243  -13.496  -2.035 0.4444444478
60706  -22.975  -13.927  -2.303 0.4444444478
60707  -24.329  -13.362  -2.407 0.4444444478
61584  -25.302  -12.951  -2.227 0.2222222239
60720  -22.672  -13.124  -2.463 0.4444444478
60721  -23.463  -13.398  -2.658 0.4444444478
113950  -26.124  -12.728  -2.219 0.1111111119
61585  -26.605  -12.324  -2.613 0.1111111119
61583  -24.003  -12.923  -3.163 0.4444444478
61602  -25.611  -12.451  -2.953 0.3333333433
61582  -23.231  -12.645  -3.005 0.4444444478
61601  -24.655  -12.407  -3.512 0.3333333433
62511  -25.460  -11.941  -3.780 0.3333333433
61600  -23.906  -12.297  -3.685 0.4444444478
62525  -26.279  -11.467  -4.044 0.2222222239
63391  -27.038  -10.934  -4.249 0.1111111119
64235  -27.926  -9.683  -4.741 0.1111111119
62524  -25.288  -11.351  -4.393 0.3333333433
110490  -26.070  -10.766  -4.601 0.3333333433
63390  -25.032  -10.607  -4.790 0.4444444478
63402  -25.758  -9.938  -5.002 0.5555555820
65137  -25.486  -8.999  -5.347 0.6666666865
65139  -27.474  -8.227  -5.583 0.4444444478
66007  -28.334  -7.364  -6.166 0.3333333433
65156  -26.177  -7.548  -5.861 0.6666666865
66006  -27.024  -7.064  -6.185 0.5555555820
66855  -27.267  -6.660  -6.490 0.5555555820
66869  -27.713  -6.128  -6.799 0.5555555820
66856  -28.009  -6.736  -6.418 0.4444444478
66870  -28.422  -5.712  -7.036 0.3333333433
115649  -26.572  -6.734  -6.483 0.5555555820
68638  -28.422  -4.326  -8.421 0.4444444478
127982  -28.718  -3.619  -8.863 0.5555555820
68627  -28.500  -5.169  -7.778 0.4444444478
69491  -29.251  -3.276  -9.353 0.4444444478
75656  -25.717  3.322  -12.061 0.5555555820
76489  -24.504  4.143  -12.408 0.5555555820
76496  -23.783  4.873  -13.601 0.5555555820
75671  -22.814  4.302  -14.619 0.5555555820
76513  -22.270  4.904  -15.078 0.5555555820
59774  -23.267  -14.589  -1.879 0.4444444478
59776  -24.672  -13.903  -0.952 0.2222222239
120586  -27.239  -11.533  -3.575 0.1111111119
125228  -26.912  -10.048  -4.810 0.4444444478
65138  -26.475  -8.380  -5.557 0.6666666865
65157  -26.851  -7.573  -5.859 0.4444444478
68628  -28.984  -4.566  -8.015 0.3333333433
68639  -29.130  -3.748  -8.483 0.4444444478
71183  -30.134  -1.443  -11.065 0.4444444478
77286  -23.769  5.131  -12.874 0.5555555820
77273  -23.373  5.521  -12.309 0.5555555820
65995  -28.475  -8.064  -5.671 0.2222222239
108550  -22.623  4.343  -15.325 0.5555555820
58874  -21.602  -15.278  -0.463 0.4444444478
58875  -22.507  -15.493  -0.714 0.4444444478
58876  -23.209  -15.591  -0.685 0.4444444478
59754  -24.366  -14.653  -0.445 0.2222222239
59750  -20.389  -13.851  -0.502 0.4444444478
61557  -26.084  -13.071  -1.383 0.1111111119
61558  -26.862  -12.577  -1.802 0.1111111119
130270  -25.848  -13.755  0.109 0.1111111119
61586  -27.401  -12.154  -2.314 0.1111111119
63379  -28.319  -10.758  -3.807 0.1111111119
121955  -28.812  -9.428  -4.656 0.1111111119
66857  -28.462  -6.348  -6.648 0.1111111119
126605  -29.247  -5.163  -7.370 0.2222222239
69471  -29.540  -4.251  -7.792 0.2222222239
70306  -30.026  -2.914  -9.929 0.4444444478
70316  -30.179  -2.084  -10.435 0.3333333433
72035  -30.398  -0.843  -11.192 0.3333333433
71182  -29.864  -0.916  -11.888 0.4444444478
71997  -21.815  -0.541  -6.285 0.4444444478
107659  -30.405  0.417  -15.269 0.4444444478
73936  -28.048  2.450  -17.368 0.3333333433
126551  -21.682  3.094  -9.278 0.4444444478
76528  -22.778  5.181  -17.062 0.5555555820
76482  -22.670  4.756  -11.452 0.5555555820
126301  -23.433  5.126  -11.949 0.5555555820
77295  -22.924  5.558  -14.099 0.5555555820
76512  -22.251  5.626  -14.768 0.5555555820
77258  -22.722  5.535  -11.368 0.5555555820
60679  -21.068  -13.427  -1.203 0.4444444478
126034  -23.416  -12.006  -3.553 0.5555555820
62523  -24.377  -11.163  -4.605 0.6666666865
66868  -26.922  -6.239  -6.872 0.5555555820
67719  -27.301  -5.690  -7.359 0.5555555820
67728  -27.794  -5.142  -8.026 0.4444444478
107658  -30.191  -0.961  -12.907 0.4444444478
73937  -27.218  2.622  -18.004 0.3333333433
62510  -24.537  -11.837  -4.123 0.3333333433
125407  -24.310  -13.805  -1.738 0.4444444478
59775  -23.974  -14.463  -1.532 0.3333333433
60680  -25.535  -13.551  -0.660 0.1111111119
59752  -22.154  -14.738  -1.210 0.4444444478
59773  -22.580  -14.339  -1.843 0.4444444478
60708  -25.020  -13.425  -1.555 0.2222222239
117712  -24.739  -12.809  -2.884 0.4444444478
62498  -27.107  -11.954  -2.966 0.1111111119
62512  -26.402  -11.956  -3.348 0.2222222239
63392  -27.782  -10.474  -4.314 0.1111111119
64228  -28.562  -10.169  -4.235 0.1111111119
64246  -26.394  -9.312  -5.232 0.4444444478
65158  -27.619  -7.502  -5.910 0.3333333433
64247  -27.243  -9.099  -5.226 0.4444444478
66008  -28.867  -7.038  -6.479 0.1111111119
130485  -27.627  -7.035  -6.210 0.4444444478
117012  -26.493  -7.116  -6.124 0.5555555820
76497  -24.279  4.595  -13.012 0.5555555820
76484  -23.809  4.533  -11.962 0.5555555820
76505  -23.136  4.717  -14.232 0.5555555820
58891  -22.894  -15.062  -1.396 0.4444444478
59753  -23.596  -15.073  -1.173 0.4444444478
63378  -27.722  -11.033  -3.883 0.1111111119
78072  -22.932  6.138  -11.867 0.5555555820
65121  -28.149  -8.834  -5.139 0.2222222239
58877  -23.880  -15.377  -0.215 0.4444444478
58873  -20.822  -14.681  -0.339 0.4444444478
62499  -27.780  -11.764  -2.889 0.1111111119
53377  -23.105  -21.421  2.007 0.1111111119
55182  -20.710  -18.863  1.815 0.3333333433
125079  -22.065  -20.138  1.594 0.2222222239
54260  -22.386  -20.713  1.512 0.2222222239
53390  -22.729  -21.143  1.553 0.1111111119
53406  -23.023  -20.980  1.047 0.1111111119
57835  -18.602  -16.623  1.962 0.3333333433
56950  -19.288  -17.455  1.836 0.3333333433
56040  -19.110  -18.259  2.228 0.3333333433
56053  -21.503  -18.763  1.470 0.3333333433
56068  -22.326  -18.663  1.287 0.2222222239
54268  -22.756  -20.116  1.299 0.2222222239
54269  -23.441  -20.582  0.797 0.1111111119
130538  -18.327  -15.253  1.701 0.2222222239
117688  -18.867  -15.912  1.516 0.2222222239
57850  -18.157  -15.842  1.996 0.2222222239
57851  -19.510  -16.699  1.421 0.3333333433
56951  -20.164  -17.416  1.389 0.3333333433
56952  -20.850  -18.059  1.411 0.3333333433
123999  -23.190  -19.217  1.233 0.1111111119
59725  -18.331  -14.599  1.549 0.2222222239
58856  -19.723  -15.121  0.588 0.3333333433
57866  -19.808  -15.969  0.862 0.3333333433
58857  -20.634  -15.443  0.204 0.3333333433
57852  -20.259  -16.777  1.017 0.3333333433
57867  -20.797  -16.446  0.550 0.3333333433
57868  -21.706  -16.954  0.510 0.3333333433
56067  -22.370  -17.721  0.864 0.3333333433
57869  -22.558  -16.897  0.454 0.3333333433
56965  -23.144  -17.528  1.008 0.3333333433
56054  -23.702  -18.241  1.229 0.1111111119
59732  -18.307  -13.783  1.285 0.2222222239
116945  -19.095  -14.355  0.783 0.2222222239
59733  -20.051  -14.557  0.119 0.3333333433
58858  -21.408  -16.073  0.129 0.3333333433
57886  -22.134  -16.144  -0.046 0.3333333433
57870  -23.312  -16.703  0.678 0.3333333433
56953  -24.061  -17.233  1.303 0.1111111119
60650  -18.091  -13.276  1.709 0.3333333433
114971  -18.817  -13.469  0.531 0.3333333433
57887  -22.836  -16.116  -0.052 0.3333333433
69479  -29.583  -3.057  -8.913 0.2222222239
124492  -30.404  -2.093  -9.981 0.2222222239
70307  -30.065  -2.496  -9.269 0.2222222239
107660  -30.597  -0.545  -13.728 0.3333333433
107663  -30.275  0.311  -12.758 0.2222222239
55183  -21.406  -19.636  1.805 0.3333333433
129826  -23.301  -20.002  1.059 0.1111111119
56963  -20.924  -17.282  0.937 0.3333333433
56964  -21.625  -17.902  1.054 0.3333333433
56069  -22.956  -18.287  1.184 0.3333333433
58859  -23.523  -15.945  0.251 0.3333333433
53361  -21.936  -21.005  2.906 0.1111111119
53376  -22.491  -21.197  2.165 0.1111111119
119246  -18.397  -18.288  2.698 0.3333333433
56041  -19.837  -18.948  2.209 0.3333333433
55172  -20.574  -19.576  2.222 0.3333333433
55173  -21.148  -20.091  2.189 0.3333333433
54259  -21.753  -20.398  1.872 0.3333333433
53363  -23.599  -21.512  2.928 0.1111111119
53391  -23.415  -21.348  1.252 0.1111111119
53407  -23.745  -21.122  0.707 0.1111111119
54270  -24.108  -20.585  0.438 0.1111111119
56070  -24.110  -19.043  1.047 0.1111111119
57871  -24.071  -16.285  1.050 0.1111111119
60659  -18.263  -13.033  0.933 0.1111111119
71178  -30.514  -1.443  -10.540 0.2222222239
108286  -30.220  1.569  -13.842 0.2222222239
123182  -30.309  1.365  -12.960 0.2222222239
61528  -18.279  -12.479  0.572 0.2222222239
59749  -19.578  -13.873  0.143 0.4444444478
109041  -30.510  -0.196  -11.259 0.2222222239
54254  -22.087  -20.910  1.958 0.1111111119
56052  -19.996  -18.188  1.770 0.3333333433
56936  -18.364  -17.451  2.451 0.2222222239
55184  -22.094  -19.470  1.502 0.2222222239
121976  -23.773  -19.944  0.758 0.1111111119
58845  -19.027  -15.187  1.174 0.3333333433
54253  -21.418  -20.560  2.429 0.2222222239
55170  -18.896  -19.015  2.760 0.3333333433
55171  -19.762  -19.624  2.708 0.3333333433
54252  -20.548  -20.211  2.774 0.3333333433
57834  -17.828  -16.467  2.642 0.2222222239
71169  -30.599  -1.243  -9.856 0.1111111119
71160  -30.341  -1.785  -9.205 0.1111111119
72878  -30.419  0.066  -8.462 0.1111111119
72007  -30.274  -0.874  -8.843 0.1111111119
109242  -30.554  0.511  -9.992 0.1111111119
73868  -30.513  1.386  -9.575 0.1111111119
107653  -30.209  -0.337  -12.093 0.1111111119
73875  -30.484  1.321  -10.387 0.1111111119
72916  -30.389  0.463  -11.691 0.1111111119
73886  -30.410  1.290  -11.227 0.1111111119
72951  -29.734  1.504  -16.009 0.2222222239
108856  -30.330  1.283  -12.079 0.1111111119
74776  -30.425  2.068  -11.609 0.1111111119
129610  -29.065  2.792  -16.405 0.1111111119
73927  -28.291  2.268  -16.771 0.2222222239
74828  -28.131  3.073  -17.587 0.1111111119
74811  -29.260  2.723  -15.950 0.1111111119
75692  -28.742  3.651  -17.357 0.1111111119
110734  -23.746  4.237  -11.772 0.4444444478
74836  -27.526  3.265  -18.006 0.1111111119
76472  -20.520  4.476  -10.200 0.4444444478
76474  -22.092  5.186  -11.200 0.4444444478
75703  -28.097  4.095  -18.538 0.1111111119
77285  -23.412  5.539  -13.124 0.4444444478
76532  -23.721  4.865  -17.839 0.3333333433
76533  -24.380  5.018  -18.215 0.2222222239
76535  -25.674  4.831  -18.685 0.1111111119
125630  -26.943  4.063  -18.847 0.1111111119
76541  -27.012  4.892  -19.344 0.1111111119
77272  -22.977  6.044  -12.632 0.4444444478
78071  -22.809  6.653  -12.186 0.4444444478
108263  -22.523  7.163  -12.624 0.4444444478
77283  -22.844  6.245  -13.706 0.4444444478
77293  -22.580  6.286  -14.367 0.4444444478
77294  -22.656  5.884  -14.263 0.4444444478
77306  -21.754  6.466  -15.956 0.4444444478
127129  -20.918  7.066  -16.713 0.4444444478
77314  -22.238  6.170  -17.333 0.2222222239
78121  -23.009  6.951  -17.960 0.2222222239
78128  -23.589  6.446  -18.410 0.2222222239
78129  -24.306  6.224  -18.989 0.2222222239
78130  -25.089  6.333  -19.657 0.2222222239
82111  -22.918  12.028  -15.558 0.1111111119
80493  -24.114  9.624  -16.988 0.1111111119
78930  -26.174  7.152  -20.094 0.1111111119
125889  -20.915  5.779  -10.170 0.4444444478
122932  -22.046  6.481  -10.448 0.4444444478
78056  -22.650  6.786  -10.799 0.3333333433
78857  -22.698  7.240  -11.738 0.4444444478
78080  -22.613  7.853  -13.207 0.4444444478
78882  -23.033  8.026  -13.785 0.4444444478
78100  -22.742  7.343  -14.439 0.4444444478
78108  -22.083  6.854  -15.303 0.4444444478
128914  -21.595  7.012  -16.076 0.4444444478
79676  -22.395  9.483  -13.579 0.3333333433
78902  -22.401  7.732  -16.110 0.3333333433
79709  -23.591  8.360  -16.493 0.1111111119
78911  -23.057  7.786  -17.249 0.1111111119
78918  -22.968  7.967  -17.994 0.1111111119
116908  -23.560  7.131  -19.042 0.2222222239
78919  -23.000  8.075  -19.049 0.1111111119
79720  -23.459  9.100  -19.515 0.1111111119
127198  -20.351  6.052  -9.741 0.2222222239
78061  -22.793  7.570  -10.910 0.3333333433
122765  -22.524  8.049  -11.950 0.3333333433
79667  -22.726  8.994  -13.601 0.3333333433
78890  -22.915  7.924  -14.603 0.4444444478
80471  -21.965  10.680  -13.939 0.2222222239
121153  -22.673  9.807  -14.539 0.2222222239
79703  -23.390  8.444  -15.893 0.2222222239
80491  -24.140  9.045  -15.734 0.1111111119
120089  -21.456  12.220  -14.402 0.1111111119
81267  -22.420  10.716  -14.661 0.1111111119
120639  -22.113  11.601  -14.913 0.1111111119
80492  -24.215  8.980  -16.492 0.1111111119
121389  -21.013  12.954  -14.756 0.1111111119
120733  -22.708  11.346  -15.180 0.1111111119
81279  -23.632  10.156  -15.388 0.1111111119
122819  -22.531  7.309  -10.292 0.3333333433
107807  -23.254  8.254  -9.237 0.3333333433
123086  -23.125  8.900  -11.105 0.3333333433
107810  -22.550  8.359  -11.884 0.3333333433
78875  -22.627  9.194  -13.082 0.3333333433
80464  -21.735  10.430  -13.143 0.2222222239
117461  -21.363  11.434  -13.388 0.2222222239
82082  -19.982  12.141  -14.579 0.1111111119
82910  -20.985  13.147  -15.749 0.1111111119
82110  -22.125  12.331  -15.313 0.1111111119
84588  -20.809  14.390  -17.242 0.1111111119
79638  -19.218  7.723  -7.607 0.1111111119
122920  -20.227  8.179  -8.347 0.1111111119
123366  -23.057  8.627  -8.679 0.2222222239
107941  -23.253  9.664  -9.429 0.2222222239
122964  -22.803  9.673  -11.156 0.3333333433
123085  -22.011  10.638  -10.999 0.2222222239
79658  -22.249  9.683  -12.562 0.3333333433
108067  -22.021  10.743  -11.277 0.3333333433
116747  -20.340  11.686  -12.203 0.2222222239
116252  -18.962  11.363  -13.180 0.1111111119
82890  -18.892  12.169  -13.154 0.1111111119
82894  -18.818  12.352  -13.991 0.1111111119
121826  -18.777  12.794  -14.742 0.1111111119
82091  -20.414  12.742  -14.996 0.1111111119
83694  -19.905  13.206  -16.394 0.1111111119
84578  -20.110  13.625  -16.716 0.1111111119
82911  -21.228  13.056  -15.926 0.1111111119
120737  -21.984  12.852  -16.700 0.1111111119
82100  -23.274  12.360  -16.125 0.1111111119
122921  -19.859  8.660  -7.691 0.1111111119
107812  -20.654  9.453  -7.043 0.1111111119
107951  -22.351  9.009  -8.130 0.1111111119
123156  -21.580  9.830  -7.326 0.1111111119
123054  -21.967  10.594  -8.065 0.1111111119
108144  -21.306  11.133  -9.434 0.1111111119
81236  -20.515  11.525  -11.704 0.2222222239
108029  -20.326  11.932  -10.873 0.1111111119
82886  -19.719  12.156  -11.727 0.1111111119
107817  -19.928  13.085  -11.910 0.1111111119
116251  -18.868  13.579  -13.484 0.1111111119
84541  -18.925  14.330  -13.102 0.1111111119
83675  -19.284  13.341  -15.332 0.1111111119
122903  -19.971  10.006  -6.086 0.1111111119
126075  -18.941  11.109  -5.929 0.1111111119
123112  -20.939  10.137  -5.958 0.1111111119
82060  -22.028  10.939  -7.354 0.1111111119
123553  -22.020  11.362  -7.614 0.1111111119
82063  -21.615  11.522  -8.461 0.1111111119
118664  -21.423  12.674  -8.673 0.1111111119
123118  -20.371  13.106  -11.269 0.1111111119
82056  -21.442  10.315  -5.233 0.1111111119
82051  -20.461  10.906  -4.314 0.1111111119
113334  -22.580  10.973  -5.666 0.1111111119
109458  -30.038  -1.448  -8.266 0.1111111119
72016  -30.509  -0.236  -9.490 0.1111111119
110171  -30.510  0.730  -9.077 0.1111111119
108171  -30.447  2.275  -13.140 0.1111111119
107668  -30.439  2.095  -12.381 0.1111111119
107665  -30.390  2.544  -13.937 0.1111111119
75691  -28.414  3.367  -17.449 0.1111111119
76523  -22.552  5.098  -16.393 0.4444444478
119079  -23.019  5.587  -17.716 0.3333333433
77320  -24.488  5.739  -18.462 0.2222222239
76534  -25.171  5.162  -18.566 0.1111111119
77322  -25.800  5.914  -19.322 0.1111111119
76538  -28.456  4.521  -19.387 0.1111111119
78082  -22.645  6.791  -13.264 0.4444444478
78920  -24.383  7.094  -19.691 0.2222222239
79710  -23.546  8.444  -17.332 0.1111111119
80501  -23.786  9.097  -17.563 0.1111111119
80511  -24.206  9.581  -19.892 0.1111111119
125375  -22.012  8.182  -12.980 0.3333333433
81280  -23.791  10.880  -15.637 0.1111111119
107815  -21.703  10.677  -10.691 0.2222222239
127089  -19.134  11.652  -12.425 0.1111111119
108130  -21.887  10.391  -7.157 0.1111111119
82877  -20.881  12.073  -9.418 0.1111111119
84535  -18.967  14.119  -12.643 0.1111111119
120384  -22.504  12.563  -7.085 0.1111111119
82052  -22.101  10.932  -4.549 0.1111111119
72887  -30.681  0.970  -8.164 0.1111111119
107664  -30.388  0.794  -14.778 0.2222222239
73928  -28.925  2.002  -16.370 0.2222222239
74829  -28.131  3.884  -17.897 0.1111111119
76473  -21.209  4.325  -10.970 0.4444444478
77257  -22.379  6.040  -10.947 0.4444444478
125498  -22.805  6.887  -13.893 0.4444444478
107813  -22.013  7.964  -12.817 0.4444444478
78107  -22.150  7.319  -15.510 0.4444444478
79692  -23.074  8.557  -15.244 0.2222222239
122956  -19.181  9.939  -6.643 0.1111111119
118173  -17.768  11.063  -6.540 0.1111111119
108274  -18.988  11.647  -5.452 0.1111111119
82057  -22.170  10.653  -6.420 0.1111111119
82871  -22.585  11.540  -6.754 0.1111111119
72879  -30.627  0.301  -7.326 0.1111111119
70297  -29.825  -2.641  -8.324 0.1111111119
127193  -30.084  -2.118  -8.596 0.1111111119
71998  -30.181  -0.640  -7.831 0.1111111119
121328  -30.915  1.323  -7.343 0.1111111119
74748  -30.759  2.528  -8.227 0.1111111119
74756  -30.506  2.172  -9.900 0.1111111119
75625  -30.485  3.079  -9.643 0.1111111119
107672  -30.527  2.824  -11.255 0.1111111119
108358  -30.693  3.203  -13.224 0.1111111119
129811  -30.634  2.742  -12.619 0.1111111119
108271  -30.600  2.759  -11.990 0.1111111119
108226  -30.513  3.439  -14.097 0.1111111119
76507  -30.098  3.738  -14.778 0.1111111119
76520  -29.219  4.467  -16.051 0.1111111119
76481  -21.839  4.277  -11.440 0.4444444478
110564  -29.072  4.148  -17.023 0.1111111119
76530  -29.212  4.535  -18.886 0.1111111119
77326  -27.340  5.497  -20.034 0.1111111119
76540  -29.875  4.954  -20.006 0.1111111119
127780  -20.189  5.042  -9.666 0.4444444478
118029  -21.531  5.453  -10.669 0.4444444478
78932  -28.110  7.603  -19.744 0.1111111119
113737  -25.955  8.842  -20.016 0.1111111119
77256  -19.888  6.053  -9.237 0.2222222239
107809  -21.483  6.904  -9.901 0.3333333433
108259  -20.466  6.883  -9.324 0.2222222239
107811  -21.352  7.560  -9.470 0.2222222239
80503  -24.507  9.980  -19.419 0.1111111119
78833  -19.226  6.925  -7.601 0.1111111119
117148  -22.112  8.112  -9.053 0.2222222239
120895  -23.768  11.582  -16.256 0.1111111119
82101  -23.860  11.628  -16.604 0.1111111119
78818  -18.742  6.491  -6.961 0.1111111119
79626  -17.859  7.681  -6.274 0.1111111119
81231  -17.724  9.708  -6.385 0.1111111119
81232  -17.865  10.490  -6.510 0.1111111119
83708  -21.843  13.654  -16.955 0.1111111119
81229  -17.753  10.637  -5.702 0.1111111119
82050  -17.826  11.034  -5.215 0.1111111119
120391  -18.948  15.072  -13.450 0.1111111119
85384  -19.768  15.573  -15.317 0.1111111119
86172  -20.637  15.880  -16.470 0.1111111119
86181  -20.895  15.971  -17.086 0.1111111119
122958  -17.945  12.352  -6.414 0.1111111119
123938  -18.982  12.283  -5.496 0.1111111119
83634  -21.244  13.702  -8.769 0.1111111119
123815  -20.614  14.058  -10.937 0.1111111119
83621  -22.998  12.429  -5.967 0.1111111119
126633  -30.156  1.223  -15.529 0.1111111119
76536  -26.280  4.377  -18.785 0.1111111119
76522  -22.187  5.715  -16.056 0.4444444478
109042  -30.685  -0.510  -10.519 0.1111111119
74817  -28.413  2.672  -17.175 0.2222222239
78062  -22.714  6.805  -11.395 0.4444444478
72902  -30.547  0.449  -10.855 0.1111111119
73860  -30.595  1.671  -8.775 0.1111111119
74765  -30.436  2.108  -10.800 0.1111111119
74806  -29.789  2.223  -15.356 0.1111111119
75686  -29.144  3.649  -15.974 0.1111111119
75681  -29.608  3.205  -15.301 0.1111111119
76539  -29.387  4.669  -19.519 0.1111111119
77323  -26.204  5.219  -19.052 0.1111111119
115662  -28.042  5.407  -20.061 0.1111111119
78119  -20.980  7.442  -17.129 0.2222222239
117975  -22.186  7.335  -17.502 0.2222222239
117616  -23.092  7.227  -18.370 0.1111111119
78135  -25.281  7.051  -20.013 0.2222222239
78136  -25.857  6.412  -19.983 0.1111111119
82112  -23.651  11.612  -15.858 0.1111111119
115158  -21.035  13.021  -16.990 0.1111111119
80502  -23.952  9.859  -19.241 0.1111111119
125297  -24.334  10.503  -15.957 0.1111111119
129715  -24.163  10.025  -16.905 0.1111111119
81291  -24.405  9.958  -18.679 0.1111111119
129518  -26.687  8.057  -20.038 0.1111111119
121077  -26.935  7.143  -20.080 0.1111111119
78929  -24.579  7.756  -20.072 0.2222222239
79677  -22.850  8.762  -14.035 0.3333333433
79721  -24.032  8.617  -20.079 0.2222222239
122965  -22.948  8.168  -11.215 0.3333333433
80479  -23.019  9.475  -15.014 0.2222222239
80480  -23.474  9.230  -15.326 0.1111111119
82099  -21.858  12.396  -15.110 0.1111111119
107980  -22.878  8.008  -9.998 0.3333333433
122831  -20.532  7.766  -9.061 0.1111111119
108037  -23.200  8.652  -9.825 0.3333333433
108237  -22.864  9.260  -11.719 0.3333333433
116780  -20.962  11.569  -12.812 0.2222222239
81253  -19.961  12.042  -13.630 0.1111111119
82081  -18.915  12.309  -14.346 0.1111111119
82899  -19.293  12.921  -15.385 0.1111111119
83706  -21.057  13.509  -17.231 0.1111111119
120361  -20.601  13.767  -17.061 0.1111111119
83707  -21.470  13.628  -17.258 0.1111111119
85404  -20.724  15.220  -16.936 0.1111111119
79625  -17.980  6.948  -7.168 0.1111111119
78827  -19.623  7.940  -7.900 0.1111111119
80445  -17.768  8.136  -7.493 0.1111111119
123157  -21.072  8.397  -8.783 0.1111111119
122914  -22.577  10.021  -10.768 0.3333333433
107928  -23.355  9.403  -8.447 0.1111111119
80452  -22.048  10.820  -12.016 0.3333333433
81242  -21.121  11.425  -12.306 0.2222222239
82077  -19.009  11.434  -13.574 0.1111111119
83656  -19.031  12.684  -12.363 0.1111111119
83674  -18.951  13.463  -14.369 0.1111111119
83687  -19.469  12.793  -15.693 0.1111111119
84570  -19.795  14.566  -16.371 0.1111111119
84569  -19.773  13.648  -16.025 0.1111111119
107976  -20.058  9.171  -7.293 0.1111111119
123324  -19.364  9.322  -7.151 0.1111111119
124305  -21.045  9.896  -6.694 0.1111111119
123057  -18.485  9.447  -7.223 0.1111111119
107984  -22.418  9.847  -7.936 0.1111111119
108003  -22.870  10.032  -8.518 0.1111111119
122983  -22.199  10.419  -7.931 0.1111111119
122913  -22.677  10.165  -9.230 0.1111111119
123099  -20.771  11.259  -10.653 0.1111111119
123010  -20.492  12.517  -10.421 0.1111111119
83641  -19.884  12.792  -11.820 0.1111111119
113209  -19.195  13.346  -12.021 0.1111111119
123066  -20.289  13.588  -11.805 0.1111111119
84557  -18.911  14.186  -14.696 0.1111111119
120140  -18.910  14.932  -14.282 0.1111111119
85383  -19.024  15.040  -14.916 0.1111111119
118572  -18.106  11.052  -7.255 0.1111111119
110196  -18.744  11.625  -5.945 0.1111111119
82055  -19.778  10.673  -5.088 0.1111111119
82875  -21.942  12.189  -7.722 0.1111111119
124897  -20.836  13.103  -9.549 0.1111111119
126216  -30.239  -1.378  -7.418 0.1111111119
107661  -30.153  1.839  -14.700 0.1111111119
78138  -27.075  6.341  -20.084 0.1111111119
79722  -24.980  8.741  -20.081 0.1111111119
80504  -25.258  9.737  -19.269 0.1111111119
85339  -19.722  14.571  -12.528 0.1111111119
83626  -22.712  13.403  -6.809 0.1111111119
129136  -30.803  1.727  -7.986 0.1111111119
107925  -17.988  11.661  -6.268 0.1111111119
74799  -30.112  2.834  -14.679 0.1111111119
76514  -29.540  4.074  -15.381 0.1111111119
121746  -27.614  6.943  -20.041 0.1111111119
80513  -25.994  9.312  -19.626 0.1111111119
81283  -24.750  9.408  -17.694 0.1111111119
108397  -19.800  7.419  -8.382 0.1111111119
78036  -19.171  5.930  -6.961 0.1111111119
82114  -24.427  10.463  -17.148 0.1111111119
79632  -17.422  7.927  -6.990 0.1111111119
85374  -19.479  15.570  -14.267 0.1111111119
85394  -19.873  15.302  -16.027 0.1111111119
84492  -20.947  14.119  -9.684 0.1111111119
84524  -20.446  14.307  -12.022 0.1111111119
54251  -19.731  -20.158  3.250 0.2222222239
65079  -19.026  -8.818  -2.176 0.2222222239
65078  -18.842  -8.358  -2.080 0.2222222239
64203  -19.333  -9.585  -2.036 0.3333333433
113955  -20.925  3.390  -10.287 0.3333333433
130235  -21.478  3.216  -7.887 0.2222222239
76448  -19.396  4.188  -7.837 0.1111111119
76460  -19.437  4.225  -7.922 0.1111111119
77246  -20.153  4.990  -8.979 0.2222222239
71988  -20.864  -0.110  -5.407 0.2222222239
71140  -20.964  -0.916  -5.227 0.1111111119
64186  -19.194  -9.887  -1.666 0.2222222239
110829  -20.436  -0.699  -4.873 0.1111111119
124273  -20.747  1.633  -5.628 0.1111111119
73842  -20.195  1.430  -5.294 0.1111111119
74733  -19.661  3.294  -6.018 0.1111111119
123060  -18.857  3.940  -6.462 0.1111111119
120379  -18.444  4.011  -7.263 0.1111111119
124025  -18.956  4.677  -7.668 0.1111111119
75621  -21.795  3.099  -8.415 0.2222222239
74734  -20.448  2.777  -5.975 0.1111111119
123995  -18.671  -11.486  -0.278 0.2222222239
63335  -19.056  -10.156  -1.370 0.2222222239
74744  -20.823  3.102  -6.468 0.1111111119
67665  -19.389  -5.616  -2.723 0.1111111119
130638  -19.897  -5.002  -3.023 0.3333333433
75633  -21.256  3.546  -8.228 0.3333333433
76462  -20.547  3.995  -8.216 0.3333333433
76449  -20.119  3.904  -7.673 0.1111111119
75611  -20.333  3.792  -6.973 0.1111111119
75597  -19.460  3.851  -6.626 0.1111111119
73829  -19.788  1.313  -4.942 0.1111111119
75610  -19.816  3.974  -7.089 0.1111111119
108843  -19.445  2.185  -4.963 0.1111111119
74723  -19.354  2.963  -5.518 0.1111111119
112069  -19.160  3.547  -6.019 0.1111111119
74724  -20.189  2.399  -5.629 0.1111111119
65122  -28.967  -8.635  -5.078 0.1111111119
55154  -19.008  -19.770  3.289 0.1111111119
54236  -21.024  -20.808  3.245 0.1111111119
55152  -17.604  -19.163  3.904 0.1111111119
56025  -18.016  -18.679  3.228 0.1111111119
56935  -17.766  -17.156  2.871 0.1111111119
62434  -18.304  -12.179  0.558 0.1111111119
129882  -18.894  -8.818  -2.041 0.1111111119
65065  -19.011  -9.235  -1.935 0.1111111119
68593  -19.933  -3.635  -3.493 0.2222222239
69434  -19.947  -3.336  -3.673 0.2222222239
69424  -19.843  -3.095  -3.655 0.2222222239
55153  -18.347  -19.310  3.416 0.1111111119
112479  -18.928  -7.921  -2.275 0.1111111119
54232  -17.384  -19.781  4.291 0.1111111119
54234  -19.147  -20.545  3.870 0.1111111119
54235  -20.143  -20.713  3.568 0.1111111119
55151  -17.098  -18.854  4.189 0.1111111119
56024  -17.344  -18.392  3.701 0.1111111119
56039  -17.890  -18.003  2.982 0.1111111119
56934  -17.307  -17.270  3.405 0.1111111119
57833  -17.478  -17.059  3.014 0.1111111119
58844  -17.945  -15.088  2.054 0.1111111119
63299  -18.829  -10.816  0.861 0.1111111119
65064  -18.894  -8.815  -1.953 0.1111111119
70258  -19.753  -2.663  -3.753 0.2222222239
70268  -19.724  -2.011  -4.058 0.1111111119
129088  -18.937  -10.799  -0.930 0.1111111119
68583  -19.797  -4.023  -3.097 0.2222222239
59711  -17.878  -14.920  2.723 0.1111111119
60591  -17.965  -14.313  2.623 0.1111111119
59724  -17.991  -14.130  2.155 0.1111111119
58832  -17.729  -15.676  2.592 0.1111111119
64185  -18.984  -9.510  -1.702 0.1111111119
54233  -18.188  -19.930  3.931 0.1111111119
62435  -19.124  -11.285  1.506 0.1111111119
69415  -19.689  -3.276  -3.372 0.1111111119
121969  -17.144  -17.795  3.651 0.1111111119
62405  -18.159  -12.507  1.230 0.1111111119
62406  -19.659  -11.696  2.147 0.1111111119
63324  -18.702  -10.346  0.220 0.1111111119
70250  -19.666  -2.585  -3.708 0.1111111119
115755  -19.634  -2.079  -3.948 0.1111111119
67676  -19.662  -4.789  -2.850 0.1111111119
71130  -19.867  -1.073  -4.401 0.1111111119
72870  -21.102  0.689  -5.719 0.1111111119
73850  -21.274  1.321  -5.987 0.1111111119
66002  -24.230  -7.104  -5.769 1.0000000000
66854  -26.102  -6.677  -6.545 0.8888888955
67720  -27.920  -5.588  -7.345 0.4444444478
68616  -22.754  -4.334  -6.123 0.8888888955
69470  -24.139  -3.591  -7.256 1.0000000000
69498  -25.258  -1.978  -9.422 0.8888888955
69518  -25.419  -3.003  -11.671 0.8888888955
70285  -22.791  -2.446  -6.742 0.8888888955
70294  -23.537  -1.392  -7.553 1.0000000000
70305  -24.576  -1.744  -8.440 1.0000000000
71131  -20.347  -1.459  -4.644 0.1111111119
71149  -22.395  -1.014  -6.741 0.7777777910
71168  -23.344  -0.700  -7.708 0.7777777910
71176  -24.325  -0.793  -8.714 0.7777777910
71198  -28.969  -1.463  -13.531 0.6666666865
71209  -25.659  0.104  -15.054 0.7777777910
71210  -26.158  -0.094  -15.307 0.7777777910
72049  -26.067  0.894  -14.871 0.5555555820
72052  -28.740  0.079  -15.336 0.5555555820
72055  -24.866  0.934  -16.072 0.5555555820
72056  -26.158  0.710  -15.104 0.6666666865
72060  -24.107  1.071  -16.512 0.5555555820
72061  -24.027  0.595  -16.998 0.5555555820
72063  -25.392  0.490  -16.443 0.5555555820
72064  -26.006  0.427  -16.619 0.5555555820
72892  -22.803  0.955  -7.793 0.4444444478
72893  -23.324  0.952  -8.509 0.6666666865
72933  -24.109  1.077  -13.688 0.6666666865
72942  -24.088  1.655  -14.792 0.6666666865
72946  -23.956  1.942  -15.725 0.6666666865
72947  -23.958  1.503  -16.347 0.6666666865
72957  -24.159  1.085  -16.886 0.5555555820
72961  -27.461  0.965  -16.608 0.4444444478
72962  -27.985  1.996  -17.006 0.4444444478
72966  -24.007  2.135  -15.902 0.6666666865
72968  -27.444  1.575  -17.296 0.4444444478
73828  -19.822  2.110  -5.225 0.1111111119
73882  -23.696  1.677  -11.988 0.6666666865
73885  -27.338  2.140  -11.104 0.6666666865
73894  -26.789  1.520  -12.023 0.6666666865
73895  -27.344  2.021  -11.952 0.6666666865
73903  -26.339  0.994  -12.826 0.6666666865
73910  -25.802  1.137  -13.853 0.6666666865
73911  -26.570  1.597  -13.353 0.6666666865
73920  -23.311  3.066  -15.252 0.6666666865
73922  -23.733  2.785  -16.008 0.5555555820
73923  -24.149  2.118  -16.218 0.6666666865
73925  -25.556  1.489  -17.069 0.5555555820
73934  -26.900  1.932  -17.704 0.3333333433
73935  -27.611  2.152  -17.630 0.3333333433
73938  -27.779  2.818  -17.758 0.1111111119
74743  -17.962  3.889  -7.130 0.1111111119
74745  -21.545  2.437  -6.813 0.2222222239
74746  -22.013  2.283  -7.426 0.3333333433
74763  -27.088  2.517  -10.342 0.6666666865
74764  -27.706  2.850  -10.255 0.6666666865
74773  -24.168  2.340  -11.566 0.6666666865
74774  -26.358  2.617  -10.880 0.6666666865
74775  -27.743  2.775  -11.162 0.6666666865
74790  -26.456  2.375  -13.402 0.6666666865
74791  -26.935  2.091  -12.675 0.6666666865
74797  -25.136  2.475  -14.333 0.6666666865
74805  -23.598  2.503  -14.780 0.6666666865
74809  -23.365  3.271  -15.871 0.6666666865
74810  -23.048  3.499  -15.279 0.6666666865
74815  -24.126  2.819  -16.593 0.6666666865
74818  -28.780  2.954  -16.904 0.1111111119
74823  -23.814  3.505  -16.772 0.4444444478
74824  -24.848  3.501  -17.075 0.5555555820
74832  -24.491  3.885  -17.355 0.4444444478
74833  -25.529  3.842  -17.602 0.5555555820
74834  -26.076  3.417  -18.312 0.5555555820
74837  -27.879  3.631  -17.878 0.1111111119
75596  -18.489  4.026  -6.825 0.1111111119
75598  -20.004  3.648  -6.459 0.1111111119
75608  -18.156  3.973  -7.142 0.1111111119
75609  -18.491  4.170  -6.989 0.1111111119
75612  -21.009  3.550  -7.526 0.1111111119
75622  -26.979  3.263  -9.495 0.6666666865
75623  -27.647  3.373  -9.343 0.6666666865
75624  -27.936  3.501  -9.631 0.6666666865
75634  -21.252  3.568  -9.087 0.3333333433
75637  -27.327  2.934  -9.675 0.6666666865
75644  -21.504  3.271  -11.120 0.4444444478
75646  -23.199  4.208  -11.617 0.4444444478
75649  -26.886  3.643  -11.148 0.6666666865
75658  -27.658  3.480  -11.256 0.6666666865
75664  -26.105  3.041  -12.892 0.6666666865
75665  -26.752  2.659  -12.585 0.6666666865
75672  -22.957  3.756  -14.715 0.6666666865
75679  -22.646  4.353  -14.852 0.5555555820
75680  -22.833  3.889  -15.104 0.6666666865
75690  -22.859  4.323  -16.179 0.6666666865
75695  -23.084  4.332  -16.550 0.4444444478
75697  -28.297  4.197  -17.982 0.1111111119
75698  -24.183  4.311  -17.915 0.2222222239
75700  -25.935  4.136  -18.522 0.3333333433
75702  -27.479  3.826  -18.365 0.1111111119
75704  -28.736  4.272  -18.727 0.1111111119
76436  -19.091  4.238  -7.482 0.1111111119
76447  -19.099  4.376  -7.274 0.1111111119
76459  -18.977  4.568  -7.237 0.1111111119
76461  -19.743  4.557  -8.414 0.2222222239
76471  -20.705  4.177  -8.898 0.3333333433
76483  -23.233  4.925  -11.663 0.5555555820
76504  -22.521  5.006  -14.546 0.5555555820
76506  -24.456  4.226  -13.663 0.6666666865
76518  -22.108  5.645  -15.410 0.4444444478
76519  -22.456  4.823  -15.718 0.5555555820
76529  -23.335  4.733  -17.446 0.3333333433
76537  -27.661  4.426  -19.106 0.1111111119
76542  -27.859  4.845  -19.731 0.1111111119
76543  -28.862  5.064  -20.005 0.1111111119
77233  -19.543  4.232  -7.998 0.1111111119
77243  -18.830  5.067  -7.970 0.1111111119
77244  -19.105  5.150  -8.358 0.1111111119
77245  -19.537  5.609  -8.796 0.2222222239
77259  -22.739  6.196  -11.317 0.4444444478
77266  -23.059  5.606  -11.708 0.5555555820
77274  -23.794  4.878  -12.409 0.5555555820
77282  -22.797  6.691  -13.763 0.4444444478
77284  -23.026  5.918  -13.441 0.4444444478
77296  -23.282  5.370  -13.776 0.5555555820
77302  -22.128  6.248  -15.027 0.4444444478
77308  -21.864  6.240  -16.798 0.2222222239
77319  -23.712  5.649  -18.112 0.3333333433
77321  -25.064  5.629  -18.830 0.2222222239
77324  -30.116  5.092  -19.671 0.1111111119
77325  -26.471  5.694  -19.690 0.1111111119
77327  -28.596  5.812  -19.963 0.1111111119
77328  -29.317  5.449  -20.055 0.1111111119
78070  -22.716  8.357  -12.462 0.3333333433
78081  -22.473  7.346  -13.169 0.4444444478
78083  -22.757  6.472  -12.982 0.4444444478
78091  -22.895  7.433  -13.691 0.4444444478
78092  -22.673  7.374  -13.485 0.4444444478
78101  -22.612  6.772  -14.382 0.4444444478
78113  -21.480  7.363  -16.358 0.4444444478
78114  -21.494  6.907  -17.226 0.4444444478
78120  -22.489  6.518  -17.665 0.2222222239
78137  -26.478  6.527  -20.054 0.1111111119
78810  -17.999  6.615  -6.985 0.1111111119
78825  -19.077  6.446  -6.965 0.1111111119
78826  -19.107  6.719  -7.119 0.1111111119
78834  -19.512  7.181  -7.933 0.1111111119
78856  -22.824  9.140  -12.077 0.3333333433
78865  -22.787  9.045  -12.448 0.3333333433
78866  -22.644  8.462  -12.986 0.3333333433
78876  -23.087  8.249  -13.382 0.3333333433
78901  -22.584  7.753  -15.491 0.4444444478
78910  -22.198  7.825  -16.806 0.3333333433
78912  -22.859  7.503  -17.820 0.1111111119
78928  -23.702  7.952  -19.770 0.2222222239
78931  -27.396  7.683  -19.999 0.1111111119
79631  -18.548  7.106  -7.120 0.1111111119
79635  -18.896  7.480  -7.322 0.1111111119
79648  -22.531  9.995  -11.834 0.3333333433
79654  -22.442  9.863  -12.164 0.3333333433
79666  -22.226  9.566  -13.116 0.3333333433
79687  -22.979  8.721  -14.668 0.4444444478
79693  -23.094  8.469  -15.544 0.2222222239
79711  -23.192  8.769  -18.509 0.1111111119
79723  -27.281  8.193  -19.593 0.1111111119
80443  -17.918  9.288  -7.063 0.1111111119
80451  -22.101  10.790  -11.569 0.3333333433
80458  -21.824  10.701  -12.406 0.3333333433
80462  -21.647  10.634  -12.810 0.2222222239
80470  -22.024  10.276  -13.690 0.3333333433
80512  -25.160  9.584  -19.927 0.1111111119
81238  -21.322  11.125  -11.466 0.2222222239
81239  -21.206  11.312  -11.819 0.3333333433
81251  -20.703  11.816  -13.087 0.2222222239
81254  -21.268  11.924  -13.760 0.2222222239
81259  -21.923  11.056  -14.267 0.2222222239
81268  -22.963  10.340  -15.086 0.1111111119
81281  -24.153  10.950  -16.082 0.1111111119
81282  -24.427  9.719  -17.434 0.1111111119
81290  -24.406  9.177  -17.976 0.1111111119
81292  -24.653  9.793  -18.652 0.1111111119
82054  -17.847  11.345  -5.644 0.1111111119
82068  -19.860  11.813  -11.939 0.1111111119
82071  -20.167  11.788  -12.759 0.2222222239
82074  -19.281  11.840  -13.051 0.1111111119
82113  -24.140  10.755  -16.788 0.1111111119
82867  -23.035  11.621  -5.047 0.1111111119
82870  -19.257  11.651  -4.817 0.1111111119
82883  -19.818  12.256  -11.646 0.1111111119
82887  -19.409  12.137  -11.910 0.1111111119
82892  -18.821  11.898  -13.423 0.1111111119
82898  -18.962  12.895  -14.498 0.1111111119
82907  -19.905  13.810  -15.426 0.1111111119
82923  -22.114  12.833  -15.721 0.1111111119
82924  -22.919  12.460  -15.871 0.1111111119
82925  -22.588  12.849  -16.430 0.1111111119
83642  -20.598  13.393  -10.381 0.1111111119
83649  -19.810  12.542  -11.756 0.1111111119
83650  -19.555  12.703  -11.841 0.1111111119
83663  -18.893  13.081  -13.099 0.1111111119
83695  -20.654  13.169  -16.809 0.1111111119
84523  -19.750  13.748  -12.177 0.1111111119
84548  -18.862  14.226  -14.118 0.1111111119
84558  -19.520  14.211  -15.295 0.1111111119
84579  -20.262  14.473  -16.897 0.1111111119
84589  -21.360  14.311  -17.570 0.1111111119
85351  -18.961  14.828  -12.894 0.1111111119
85395  -20.496  15.203  -16.544 0.1111111119
86087  -19.436  15.122  -12.709 0.1111111119
107649  -30.296  0.520  -13.759 0.3333333433
107745  -18.206  3.927  -6.941 0.1111111119
107808  -23.418  9.665  -8.936 0.1111111119
107814  -18.935  11.081  -6.154 0.1111111119
107818  -18.876  12.287  -5.996 0.1111111119
107933  -20.909  8.804  -7.956 0.1111111119
107955  -17.736  12.387  -5.837 0.1111111119
107974  -23.052  9.162  -10.641 0.3333333433
107993  -22.416  7.794  -9.713 0.2222222239
107999  -22.881  8.697  -11.600 0.3333333433
108071  -18.547  8.417  -7.460 0.1111111119
108080  -20.668  11.688  -10.170 0.1111111119
108084  -27.859  3.383  -10.391 0.6666666865
108093  -20.245  12.495  -11.226 0.1111111119
108099  -22.063  10.436  -8.636 0.1111111119
108155  -20.240  12.852  -11.542 0.1111111119
108157  -22.682  7.648  -11.816 0.4444444478
108188  -27.500  3.857  -10.393 0.6666666865
108224  -26.610  3.563  -10.203 0.6666666865
108232  -27.811  3.261  -9.791 0.6666666865
108289  -21.071  11.026  -11.182 0.2222222239
108306  -22.440  7.942  -13.027 0.4444444478
108329  -20.037  11.874  -11.700 0.1111111119
108355  -30.232  -1.244  -13.423 0.5555555820
108460  -21.988  8.516  -8.486 0.1111111119
108779  -29.675  1.868  -15.908 0.2222222239
109863  -25.430  5.271  -18.773 0.1111111119
110167  -20.975  7.643  -16.708 0.4444444478
110570  -19.763  14.736  -15.602 0.1111111119
110682  -21.145  3.242  -6.980 0.1111111119
111037  -29.403  -1.436  -11.653 0.4444444478
111750  -21.832  7.881  -13.081 0.3333333433
112142  -19.765  4.031  -7.400 0.1111111119
113461  -26.101  -1.309  -13.927 0.7777777910
114435  -27.793  1.723  -15.926 0.4444444478
114945  -23.657  9.341  -18.542 0.1111111119
114952  -18.889  13.585  -12.835 0.1111111119
115489  -28.505  1.237  -16.247 0.5555555820
116793  -23.835  2.127  -15.681 0.6666666865
117500  -24.160  3.188  -16.934 0.5555555820
118789  -27.781  6.147  -20.089 0.1111111119
119118  -24.428  9.793  -15.852 0.1111111119
119589  -22.930  11.420  -15.285 0.1111111119
119986  -22.506  9.578  -14.118 0.3333333433
120205  -18.869  12.776  -13.822 0.1111111119
120540  -23.169  6.234  -18.003 0.2222222239
121057  -29.037  3.256  -16.630 0.1111111119
121137  -22.054  2.275  -10.620 0.5555555820
121228  -29.148  2.294  -16.293 0.1111111119
121503  -19.157  12.818  -15.477 0.1111111119
121724  -28.672  2.448  -16.643 0.1111111119
122861  -22.914  9.354  -11.479 0.3333333433
122868  -19.180  10.489  -6.022 0.1111111119
122869  -19.205  8.579  -7.456 0.1111111119
122870  -17.979  10.259  -7.127 0.1111111119
122871  -17.943  11.753  -6.450 0.1111111119
122915  -22.987  8.399  -10.597 0.3333333433
122931  -23.688  9.074  -9.119 0.2222222239
122933  -21.618  9.362  -7.666 0.1111111119
122950  -22.481  10.101  -10.118 0.2222222239
122993  -29.456  0.584  -15.743 0.5555555820
123011  -20.374  11.640  -11.294 0.1111111119
123082  -30.273  0.016  -15.296 0.4444444478
123102  -20.079  12.120  -11.446 0.1111111119
123105  -27.825  3.616  -9.816 0.6666666865
123119  -20.007  12.623  -11.674 0.1111111119
123165  -23.040  9.354  -9.996 0.3333333433
123179  -27.266  3.927  -9.621 0.6666666865
123205  -19.671  9.651  -6.565 0.1111111119
123285  -22.451  10.247  -11.184 0.3333333433
123295  -19.224  10.877  -5.628 0.1111111119
123296  -21.468  10.748  -10.064 0.1111111119
123328  -22.568  10.028  -11.470 0.3333333433
123422  -17.859  10.998  -6.110 0.1111111119
123457  -29.875  1.040  -16.099 0.5555555820
123714  -18.047  3.917  -7.133 0.1111111119
123937  -25.621  7.985  -20.231 0.1111111119
124364  -30.339  -0.594  -13.086 0.5555555820
125050  -28.469  4.468  -17.900 0.1111111119
125531  -24.123  -15.651  0.621 0.1111111119
128058  -30.530  1.919  -9.334 0.1111111119
128129  -20.900  11.231  -10.113 0.1111111119
128211  -25.150  2.106  -16.990 0.5555555820
128280  -22.796  8.056  -16.061 0.3333333433
128435  -19.891  10.271  -5.488 0.1111111119
129126  -22.589  -19.377  1.374 0.2222222239
129286  -23.529  3.728  -16.558 0.6666666865
129330  -25.501  0.754  -16.985 0.5555555820
129525  -23.688  2.697  -15.989 0.6666666865
129604  -23.580  -5.743  -5.900 1.0000000000
129858  -26.632  8.783  -19.839 0.1111111119
130208  -22.857  11.629  -5.901 0.1111111119
130469  -18.301  10.183  -7.202 0.1111111119
130636  -23.997  0.918  -16.700 0.5555555820
