#!ascii label  , from subject sub-v1s0x0050665_ses-1 vox2ras=TkReg
1983
8778  -8.191  -73.628  -6.425 0.5000000000
7497  -9.224  -75.421  -9.724 0.5000000000
6840  -9.897  -76.539  -9.483 0.5000000000
6866  -9.619  -76.731  -10.227 0.5000000000
8737  -8.912  -72.926  -3.661 0.5000000000
110789  -8.233  -73.138  -5.616 0.5000000000
8754  -9.435  -73.887  -3.982 0.5000000000
8779  -8.781  -73.825  -5.641 0.5000000000
125444  -9.678  -74.682  -5.018 0.6000000238
125496  -8.898  -74.293  -6.408 0.5000000000
6281  -9.301  -77.000  -10.889 0.5000000000
8169  -8.909  -75.149  -8.993 0.5000000000
5709  -9.114  -78.295  -9.855 0.5000000000
6841  -9.999  -76.272  -8.665 0.6000000238
116529  -9.274  -78.566  -9.146 0.6000000238
128528  -10.209  -76.528  -7.287 0.6000000238
6262  -9.711  -77.525  -9.551 0.6000000238
5699  -9.311  -79.200  -8.648 0.6999999881
6231  -10.380  -77.251  -7.309 0.6999999881
6246  -9.830  -78.113  -8.725 0.6999999881
124190  -10.674  -79.050  -6.579 0.6999999881
5146  -10.274  -79.217  -7.431 0.6999999881
5158  -9.868  -79.530  -8.091 0.6999999881
8738  -9.705  -73.785  -2.967 0.5000000000
8081  -10.163  -74.388  -3.410 0.6000000238
8070  -11.986  -74.211  -3.061 0.6000000238
8084  -12.188  -74.322  -3.779 0.6000000238
7465  -9.520  -75.010  -6.452 0.5000000000
5698  -8.718  -79.193  -9.332 0.5000000000
5170  -8.193  -79.783  -9.787 0.5000000000
4670  -9.703  -80.238  -10.610 0.6999999881
4646  -9.416  -80.194  -9.106 0.6999999881
4661  -9.949  -80.248  -9.760 0.6999999881
7478  -9.479  -75.345  -7.441 0.6000000238
7466  -9.977  -75.880  -6.775 0.6999999881
4647  -10.422  -80.232  -9.024 0.6999999881
6810  -10.440  -76.739  -6.409 0.6999999881
5661  -10.767  -78.288  -6.136 0.6999999881
120689  -10.992  -80.181  -8.456 0.6999999881
5132  -11.205  -79.631  -5.971 0.6999999881
5147  -10.706  -79.677  -7.015 0.6999999881
123834  -10.709  -80.029  -7.490 0.6999999881
4630  -11.872  -80.141  -8.326 0.6999999881
4589  -11.788  -80.182  -5.714 0.6999999881
4590  -12.523  -80.399  -5.575 0.6999999881
120011  -12.318  -80.336  -7.471 0.6999999881
4610  -12.838  -80.535  -6.546 0.6999999881
8739  -10.656  -74.219  -2.515 0.5000000000
109813  -12.125  -73.767  -2.977 0.6000000238
9433  -11.874  -72.722  -5.189 0.6000000238
125491  -12.303  -74.016  -3.513 0.6000000238
8767  -12.214  -73.251  -5.604 0.6000000238
8099  -10.576  -74.564  -4.026 0.6000000238
8768  -12.449  -73.985  -5.186 0.6000000238
8115  -10.171  -74.954  -4.799 0.6000000238
5181  -10.618  -79.863  -10.542 0.6999999881
114396  -9.965  -75.518  -6.011 0.6999999881
4662  -10.995  -80.039  -9.777 0.6999999881
5193  -11.124  -79.193  -11.209 0.6999999881
5194  -12.050  -78.947  -11.166 0.6999999881
6773  -11.467  -76.539  -4.026 0.6999999881
5182  -11.585  -79.575  -10.524 0.6999999881
5720  -13.258  -78.160  -12.008 0.6999999881
6794  -10.793  -76.419  -5.156 0.6999999881
6171  -11.784  -77.262  -3.981 0.6999999881
4648  -11.445  -80.118  -9.070 0.6999999881
5172  -12.038  -79.820  -9.811 0.6999999881
5183  -12.599  -79.430  -10.518 0.6999999881
5195  -13.149  -78.862  -11.238 0.6999999881
6208  -10.837  -77.470  -5.615 0.6999999881
5629  -11.940  -77.935  -4.240 0.6999999881
4649  -12.447  -79.981  -9.054 0.6999999881
5184  -13.607  -79.475  -10.512 0.6999999881
5117  -12.000  -79.541  -4.683 0.6999999881
4631  -12.840  -80.257  -8.246 0.6999999881
4650  -13.434  -80.136  -9.011 0.6999999881
4573  -12.955  -80.279  -4.965 0.6999999881
121159  -13.123  -80.504  -7.434 0.6999999881
125779  -14.384  -80.313  -8.999 0.6999999881
4591  -13.335  -80.489  -5.702 0.6999999881
4632  -13.833  -80.517  -8.042 0.6999999881
4592  -14.183  -80.504  -5.923 0.6999999881
8706  -11.483  -73.291  -1.678 0.5000000000
9392  -12.018  -73.033  -3.264 0.6000000238
9432  -11.378  -72.131  -5.766 0.6000000238
10080  -11.562  -72.121  -3.898 0.5000000000
9468  -10.721  -72.081  -7.240 0.6000000238
9351  -11.395  -72.605  -0.877 0.5000000000
9371  -11.807  -73.061  -2.281 0.5000000000
122243  -11.818  -72.676  -5.966 0.6000000238
110820  -10.569  -72.447  -8.132 0.6000000238
8780  -11.977  -73.188  -6.572 0.6000000238
9469  -11.316  -72.908  -7.529 0.6000000238
8101  -12.156  -74.678  -4.405 0.6000000238
7439  -12.080  -75.758  -3.821 0.6999999881
8781  -12.596  -74.500  -5.831 0.6999999881
7421  -12.013  -76.481  -3.534 0.6999999881
109609  -12.625  -75.628  -4.433 0.6999999881
6282  -14.116  -77.968  -12.090 0.6999999881
6157  -12.024  -77.145  -3.875 0.6999999881
6795  -12.790  -76.500  -5.027 0.6999999881
120870  -13.904  -78.584  -11.643 0.6999999881
6295  -14.182  -76.980  -12.277 0.6999999881
6209  -12.797  -77.561  -6.070 0.6999999881
5185  -14.574  -79.603  -10.501 0.6999999881
5721  -14.678  -78.606  -11.680 0.6999999881
116135  -13.407  -76.338  -12.689 0.6999999881
5646  -12.918  -79.200  -4.928 0.6000000238
110656  -14.933  -79.981  -9.743 0.6999999881
5197  -15.111  -79.168  -11.107 0.6999999881
6873  -15.924  -77.504  -11.800 0.6999999881
6296  -15.077  -76.692  -12.209 0.6999999881
6882  -14.244  -75.977  -12.638 0.6999999881
5118  -12.570  -79.811  -4.778 0.6999999881
125239  -15.269  -80.315  -8.963 0.6999999881
5175  -15.830  -79.908  -9.606 0.6000000238
123768  -16.636  -78.829  -10.629 0.6999999881
5722  -15.574  -78.483  -11.568 0.6999999881
5120  -14.352  -79.875  -5.452 0.6000000238
4612  -14.563  -80.642  -6.672 0.6999999881
4613  -15.224  -80.616  -7.318 0.6999999881
4633  -14.784  -80.536  -8.196 0.6999999881
4634  -16.028  -80.168  -8.745 0.6000000238
5176  -16.685  -79.567  -9.304 0.6000000238
5121  -15.252  -79.962  -5.553 0.6000000238
4593  -15.105  -80.447  -6.127 0.6000000238
4614  -16.025  -80.357  -7.818 0.6000000238
5148  -16.591  -80.011  -7.385 0.5000000000
5160  -16.613  -79.853  -8.299 0.5000000000
5161  -17.182  -79.253  -8.563 0.5000000000
5105  -16.081  -79.553  -5.197 0.6000000238
115510  -16.508  -79.792  -5.724 0.5000000000
5135  -16.578  -80.001  -6.466 0.5000000000
10111  -10.799  -71.702  -6.385 0.6000000238
10079  -10.911  -71.407  -4.547 0.6000000238
9484  -9.945  -72.014  -8.733 0.5000000000
10155  -8.448  -71.296  -9.697 0.6999999881
10066  -11.578  -72.112  -2.899 0.5000000000
10049  -11.275  -71.128  -2.685 0.6000000238
10806  -10.259  -70.837  -5.116 0.6000000238
10745  -11.609  -70.943  -0.234 0.6000000238
10036  -11.681  -71.816  -0.722 0.6000000238
9499  -9.615  -72.426  -9.770 0.4000000060
127394  -11.371  -70.857  -1.922 0.6000000238
9485  -10.353  -72.810  -9.076 0.5000000000
8812  -11.009  -73.219  -8.550 0.6000000238
8144  -11.812  -74.182  -8.238 0.6000000238
128406  -12.668  -75.854  -6.587 0.6999999881
8145  -12.191  -74.567  -7.686 0.6000000238
7467  -12.535  -76.336  -7.555 0.6999999881
128273  -13.052  -78.089  -6.168 0.6000000238
6232  -12.973  -77.619  -7.993 0.6000000238
115124  -13.890  -79.429  -5.312 0.6000000238
5711  -17.065  -78.213  -10.566 0.6000000238
130733  -16.476  -77.594  -11.418 0.6000000238
6884  -15.901  -76.301  -11.977 0.6999999881
6883  -15.118  -75.571  -12.536 0.6999999881
7531  -14.524  -75.267  -13.307 0.6999999881
5647  -14.846  -79.284  -5.520 0.6000000238
5700  -17.052  -78.958  -10.051 0.6000000238
7544  -14.704  -75.024  -13.852 0.6999999881
113924  -15.477  -79.375  -5.342 0.6000000238
5677  -17.594  -78.932  -7.722 0.4000000060
5687  -17.609  -78.473  -8.727 0.4000000060
5701  -17.497  -78.124  -9.707 0.5000000000
6284  -16.860  -77.513  -11.050 0.6000000238
7532  -15.370  -74.726  -13.173 0.6000000238
5630  -15.993  -78.957  -4.539 0.5000000000
5631  -16.372  -78.580  -3.947 0.5000000000
5122  -16.886  -79.448  -5.261 0.5000000000
5136  -17.118  -79.575  -6.151 0.5000000000
6265  -17.657  -77.050  -9.589 0.4000000060
6867  -17.301  -76.254  -10.532 0.6000000238
126143  -8.822  -71.160  -8.889 0.6000000238
10142  -9.455  -71.356  -8.396 0.6000000238
10184  -8.657  -71.067  -11.525 0.6000000238
10779  -10.685  -70.512  -3.319 0.6000000238
122621  -9.367  -70.457  -6.422 0.5000000000
10816  -8.656  -70.108  -6.738 0.6000000238
11452  -9.042  -69.854  -5.154 0.6000000238
10169  -8.947  -71.745  -11.149 0.6000000238
10753  -11.245  -70.189  -0.703 0.6999999881
11432  -9.648  -69.495  -3.115 0.6000000238
11451  -8.309  -69.479  -4.869 0.6000000238
8838  -10.224  -73.610  -11.073 0.5000000000
9512  -9.470  -72.364  -11.467 0.6000000238
10743  -10.333  -70.039  0.556 0.6000000238
11425  -9.135  -69.218  -2.228 0.6999999881
117669  -10.545  -73.965  -10.406 0.5000000000
11406  -9.438  -69.639  -0.384 0.6999999881
8154  -11.361  -74.197  -9.045 0.6000000238
115996  -8.579  -70.638  1.012 0.6000000238
122498  -12.373  -75.464  -7.991 0.6000000238
8155  -11.892  -75.179  -8.860 0.6000000238
7499  -12.062  -75.937  -9.864 0.6000000238
6842  -12.677  -77.192  -8.418 0.6000000238
6233  -13.529  -77.916  -7.914 0.6000000238
6210  -14.788  -78.167  -6.836 0.6000000238
7455  -15.590  -76.171  -5.235 0.6000000238
125339  -14.972  -78.640  -5.772 0.6000000238
122595  -15.538  -75.477  -4.196 0.6000000238
6172  -15.614  -77.642  -4.062 0.6000000238
6874  -16.533  -75.693  -11.528 0.6000000238
7524  -16.446  -74.497  -12.056 0.6000000238
109448  -16.032  -74.366  -12.790 0.6000000238
6158  -15.810  -77.608  -3.513 0.5000000000
5615  -16.722  -78.286  -3.626 0.5000000000
112082  -17.526  -78.420  -4.401 0.5000000000
8236  -17.044  -74.076  -14.153 0.6000000238
6856  -17.539  -76.203  -9.911 0.4000000060
129626  -16.855  -74.617  -11.392 0.6000000238
8202  -17.041  -73.831  -11.890 0.6000000238
10839  -8.087  -70.760  -9.105 0.6000000238
11492  -6.644  -69.660  -9.936 0.5000000000
10862  -7.251  -70.211  -10.416 0.6000000238
11504  -8.325  -69.224  -11.491 0.5000000000
10829  -9.109  -70.532  -7.214 0.6000000238
11484  -6.595  -69.665  -9.062 0.6000000238
10850  -7.725  -70.811  -10.064 0.5000000000
10183  -8.135  -70.663  -11.329 0.5000000000
10887  -9.035  -70.740  -12.006 0.5000000000
11474  -7.452  -69.833  -7.573 0.5000000000
10827  -7.598  -70.188  -8.421 0.6000000238
11463  -8.007  -69.723  -6.311 0.5000000000
10185  -9.379  -71.700  -11.822 0.6000000238
11417  -9.014  -69.398  -1.360 0.6999999881
11431  -8.724  -69.116  -3.267 0.6000000238
12050  -8.102  -68.821  -2.612 0.6000000238
8183  -11.534  -75.174  -10.992 0.5000000000
10741  -8.216  -70.096  -0.161 0.5000000000
119538  -8.481  -69.530  -0.992 0.6999999881
7498  -11.547  -75.223  -9.977 0.5000000000
7500  -13.092  -76.571  -9.963 0.5000000000
6248  -13.167  -77.503  -8.700 0.6000000238
6812  -15.484  -76.542  -7.215 0.6000000238
6235  -14.994  -77.516  -7.680 0.5000000000
117022  -15.639  -75.702  -6.289 0.6000000238
6796  -15.536  -76.917  -6.182 0.6000000238
6755  -15.705  -76.270  -2.739 0.5000000000
7502  -17.512  -75.023  -9.590 0.5000000000
7516  -17.475  -74.543  -10.275 0.5000000000
8217  -17.400  -73.725  -12.629 0.6000000238
8874  -17.708  -73.747  -13.319 0.6000000238
11491  -6.404  -69.072  -10.165 0.6000000238
11503  -7.079  -69.471  -10.664 0.6000000238
116298  -6.008  -69.039  -9.622 0.6000000238
115902  -8.810  -69.614  -11.976 0.5000000000
11473  -6.507  -69.241  -7.526 0.6000000238
11462  -6.839  -69.208  -6.416 0.6999999881
10888  -9.888  -70.950  -12.233 0.6000000238
12056  -7.944  -68.787  -3.355 0.6000000238
108817  -7.637  -69.377  -5.552 0.6000000238
9524  -9.985  -72.147  -12.418 0.6000000238
12049  -7.296  -68.373  -2.212 0.6000000238
12055  -7.395  -68.260  -2.948 0.6000000238
117767  -10.926  -74.425  -11.397 0.5000000000
7513  -12.644  -76.027  -10.583 0.5000000000
10740  -6.398  -70.689  -0.517 0.5000000000
11405  -7.272  -69.896  -0.741 0.6000000238
6843  -14.364  -76.947  -9.167 0.5000000000
126387  -15.423  -75.073  -8.293 0.6000000238
6831  -15.086  -76.784  -8.266 0.5000000000
8117  -15.668  -74.823  -5.412 0.5000000000
8187  -17.850  -73.867  -10.389 0.6000000238
8204  -17.981  -73.737  -11.138 0.6000000238
12102  -6.887  -68.088  -10.362 0.6000000238
12839  -8.005  -67.893  -10.460 0.5000000000
12112  -8.687  -68.457  -10.953 0.5000000000
12826  -6.158  -67.590  -9.837 0.6999999881
12131  -9.224  -68.910  -11.620 0.5000000000
111751  -5.590  -67.822  -7.380 0.6999999881
12088  -5.633  -68.056  -8.436 0.6000000238
12132  -10.271  -68.688  -11.606 0.5000000000
12072  -6.767  -68.767  -5.443 0.6000000238
11533  -10.344  -70.179  -12.232 0.5000000000
10889  -10.947  -71.108  -12.621 0.6000000238
12063  -6.667  -67.643  -4.057 0.6999999881
112897  -10.586  -72.456  -12.901 0.6000000238
12736  -6.679  -67.632  -2.553 0.6000000238
8869  -10.881  -73.191  -12.725 0.6000000238
12039  -5.783  -68.025  -1.997 0.6999999881
12041  -7.052  -68.729  -1.672 0.6999999881
8184  -12.270  -75.395  -11.235 0.5000000000
8199  -11.788  -74.765  -11.749 0.5000000000
10752  -6.189  -70.109  -1.161 0.6000000238
8185  -13.027  -75.480  -11.288 0.5000000000
10751  -5.705  -70.251  -1.555 0.5000000000
7515  -14.074  -75.678  -10.443 0.6000000238
7501  -13.791  -76.440  -9.932 0.5000000000
10750  -5.178  -70.822  -1.759 0.6000000238
7488  -14.695  -75.592  -9.614 0.5000000000
8132  -15.637  -74.462  -6.567 0.6000000238
125590  -15.700  -73.718  -5.120 0.5000000000
13592  -7.918  -66.913  -9.386 0.6999999881
12828  -8.457  -67.201  -10.002 0.5000000000
12840  -9.089  -67.694  -10.487 0.5000000000
14404  -7.901  -66.018  -8.357 0.8000000119
13582  -7.364  -66.526  -8.869 0.6999999881
12113  -9.705  -68.186  -11.019 0.5000000000
12114  -10.678  -67.995  -11.061 0.5000000000
14393  -6.492  -65.519  -7.505 0.6999999881
13570  -6.091  -66.319  -8.135 0.6999999881
13581  -6.256  -66.727  -8.841 0.8000000119
111612  -5.713  -67.156  -6.299 0.6999999881
12133  -11.310  -68.612  -11.516 0.5000000000
12767  -6.315  -66.646  -4.222 0.6999999881
12071  -6.159  -67.719  -5.130 0.6999999881
11534  -11.416  -70.127  -12.320 0.6000000238
11520  -10.822  -69.330  -12.040 0.5000000000
13492  -5.921  -66.494  -2.746 0.6000000238
127758  -6.520  -66.911  -3.500 0.6000000238
9542  -12.226  -72.604  -13.106 0.6000000238
12734  -5.555  -67.137  -2.165 0.6999999881
12735  -6.047  -67.003  -2.232 0.6999999881
8200  -12.558  -74.796  -11.770 0.6000000238
8851  -12.092  -74.077  -12.232 0.6000000238
12047  -5.300  -67.641  -2.421 0.6000000238
8186  -13.724  -75.136  -10.961 0.6000000238
7489  -15.232  -75.003  -8.876 0.6000000238
10777  -4.647  -70.482  -3.171 0.6000000238
8146  -15.529  -74.557  -7.625 0.6000000238
123489  -15.662  -73.868  -5.876 0.5000000000
13572  -8.925  -66.465  -8.091 0.6000000238
13584  -9.369  -66.744  -8.463 0.5000000000
13594  -9.781  -66.732  -9.241 0.5000000000
127024  -11.522  -67.100  -10.660 0.5000000000
14394  -7.488  -65.223  -7.857 0.8000000119
12842  -12.297  -67.143  -10.870 0.5000000000
14381  -6.609  -65.098  -6.433 0.6999999881
10890  -12.012  -70.870  -12.773 0.6000000238
110790  -1.006  -66.766  -7.317 0.6000000238
13523  -6.121  -65.681  -4.518 0.8000000119
13568  -2.056  -66.339  -7.347 0.6000000238
13506  -5.497  -66.104  -3.199 0.6999999881
14331  -5.744  -65.545  -4.269 0.8000000119
110889  -11.705  -71.564  -13.101 0.6000000238
12813  -3.012  -67.829  -7.461 0.6000000238
12750  -4.658  -66.593  -3.171 0.6000000238
8852  -12.787  -73.831  -11.986 0.6000000238
129294  -14.199  -73.327  -10.360 0.6000000238
12070  -4.067  -67.974  -5.373 0.6000000238
115132  -4.743  -68.497  -3.767 0.6000000238
12046  -4.797  -67.441  -2.957 0.6000000238
8170  -14.402  -74.472  -10.287 0.6000000238
111864  -14.482  -73.219  -9.716 0.6000000238
121395  -5.087  -68.641  -3.005 0.5000000000
9471  -14.981  -72.582  -7.367 0.5000000000
8769  -15.623  -72.985  -5.738 0.5000000000
9453  -15.172  -72.197  -6.415 0.5000000000
13574  -10.550  -66.915  -7.586 0.5000000000
13585  -10.069  -66.710  -8.328 0.5000000000
14395  -8.451  -65.574  -7.801 0.6000000238
117904  -10.413  -67.130  -7.122 0.5000000000
14382  -7.291  -64.791  -7.034 0.8000000119
14384  -8.999  -65.323  -7.157 0.6999999881
15249  -8.034  -64.482  -6.382 0.8000000119
14364  -6.622  -64.921  -5.564 0.8000000119
11521  -11.876  -69.271  -12.073 0.6000000238
117856  -13.252  -67.121  -10.993 0.5000000000
14360  -0.009  -65.001  -5.756 0.6000000238
15230  -6.854  -64.715  -5.001 0.8000000119
12135  -13.307  -68.551  -11.745 0.5000000000
14361  -1.910  -64.580  -6.452 0.6999999881
115226  -0.435  -65.306  -6.301 0.6000000238
14346  -5.644  -64.511  -4.822 0.8000000119
109984  -12.809  -71.998  -13.266 0.6000000238
119266  -12.953  -70.908  -12.928 0.6000000238
11536  -13.413  -70.221  -12.530 0.6000000238
14379  -2.292  -65.288  -7.094 0.6000000238
9526  -13.421  -73.194  -11.544 0.6000000238
8872  -13.089  -72.954  -12.255 0.6000000238
10891  -13.752  -71.110  -12.897 0.6000000238
12783  -3.835  -67.462  -6.136 0.6000000238
12766  -4.383  -66.655  -4.063 0.6000000238
14330  -5.101  -65.503  -4.137 0.5000000000
9514  -13.992  -72.880  -10.772 0.6000000238
12062  -4.273  -67.479  -4.560 0.6000000238
8801  -14.358  -72.304  -8.373 0.6000000238
8813  -14.149  -72.276  -9.197 0.6000000238
9470  -14.112  -71.498  -7.912 0.5000000000
10112  -14.527  -71.175  -6.581 0.5000000000
10113  -14.991  -71.493  -5.911 0.5000000000
10094  -14.756  -70.706  -5.965 0.5000000000
13557  -9.833  -66.410  -6.918 0.6000000238
15250  -8.935  -64.474  -6.026 0.6999999881
15173  1.198  -64.201  -2.337 0.6000000238
15206  0.726  -64.527  -4.392 0.6000000238
15231  -7.618  -64.525  -5.408 0.8000000119
12843  -14.197  -67.126  -10.895 0.5000000000
15207  0.023  -64.320  -4.520 0.6000000238
15193  -7.650  -64.015  -3.993 0.8000000119
12859  -14.693  -67.808  -11.378 0.5000000000
15225  -0.493  -64.494  -5.268 0.6999999881
16115  -6.772  -63.638  -3.964 0.8000000119
11537  -14.363  -70.463  -12.545 0.6000000238
12136  -14.278  -68.588  -11.852 0.6000000238
15227  -2.458  -63.993  -5.931 0.8000000119
15211  -5.419  -63.554  -4.695 0.6999999881
10202  -13.787  -72.195  -12.330 0.6000000238
11538  -15.357  -70.645  -12.397 0.6000000238
15228  -3.283  -63.893  -6.015 0.6999999881
14362  -3.673  -64.650  -6.342 0.6999999881
13536  -4.778  -65.321  -4.863 0.6000000238
10186  -14.030  -72.357  -11.448 0.6000000238
10877  -15.642  -71.273  -12.261 0.6000000238
13535  -3.939  -66.418  -5.914 0.6000000238
115027  -14.620  -71.992  -11.171 0.5000000000
123710  -14.043  -71.070  -9.099 0.5000000000
13538  -10.059  -65.965  -6.010 0.6000000238
13539  -10.622  -66.673  -5.498 0.5000000000
15127  1.916  -64.039  0.062 0.6000000238
127306  -10.219  -65.300  -4.371 0.6999999881
15159  1.418  -64.145  -1.565 0.6000000238
15215  -8.996  -64.288  -5.048 0.6999999881
14332  -9.799  -64.751  -3.559 0.6000000238
15174  0.913  -64.169  -3.056 0.6000000238
16090  0.807  -63.853  -2.217 0.6000000238
15194  -8.525  -64.109  -4.168 0.6000000238
15179  -8.520  -63.776  -2.890 0.6999999881
15191  -0.415  -64.089  -3.788 0.8000000119
114610  -7.327  -63.434  -3.414 0.6999999881
15165  -8.429  -63.673  -2.089 0.6000000238
15192  -1.491  -63.967  -3.941 0.8000000119
16980  -6.238  -62.613  -3.124 0.8000000119
16085  -6.712  -63.147  -1.651 0.6999999881
16111  -2.859  -63.162  -4.619 0.6999999881
16121  -3.766  -63.334  -5.421 0.6999999881
16102  -4.378  -62.578  -4.354 0.6000000238
16979  -5.564  -62.517  -2.999 0.8000000119
112091  2.044  -63.017  1.342 0.6000000238
16079  1.174  -63.412  -1.175 0.6000000238
16081  0.621  -63.605  -1.824 0.6999999881
110800  -8.543  -64.489  -0.460 0.6000000238
121412  -0.365  -64.020  -2.817 0.6999999881
15161  -1.138  -64.198  -1.903 0.6999999881
16086  -7.620  -63.261  -1.871 0.6999999881
15150  -7.217  -63.970  -0.316 0.6000000238
125632  -1.895  -64.016  -3.240 0.8000000119
15178  -2.632  -63.990  -2.014 0.6000000238
119794  -3.308  -63.192  -2.663 0.5000000000
16084  -5.747  -63.254  -1.274 0.6999999881
15149  -6.235  -64.441  0.323 0.6999999881
15134  -7.109  -64.890  0.560 0.6000000238
112632  -2.361  -63.480  -3.991 0.8000000119
16093  -4.133  -63.095  -2.026 0.6000000238
109400  -5.176  -62.873  -2.057 0.6000000238
16936  2.146  -62.683  2.362 0.6000000238
120298  1.780  -62.194  1.380 0.6000000238
16957  1.112  -62.155  -0.001 0.6999999881
16956  1.567  -62.562  0.411 0.6000000238
16975  0.710  -63.157  -1.109 0.6999999881
16072  0.151  -63.342  -1.225 0.6999999881
15144  -0.646  -63.964  -1.163 0.6999999881
15145  -1.542  -64.270  -0.706 0.6000000238
123535  -7.841  -64.330  -0.166 0.6000000238
15162  -2.042  -64.363  -1.356 0.6000000238
16082  -3.643  -63.970  -0.882 0.6000000238
14290  -7.593  -65.467  1.146 0.5000000000
15133  -6.239  -65.004  1.218 0.6000000238
14272  -7.294  -65.413  1.840 0.5000000000
121074  -8.013  -64.621  2.585 0.5000000000
122652  -6.132  -64.412  2.385 0.6000000238
15092  -6.719  -64.565  2.445 0.5000000000
18609  1.292  -60.461  3.760 0.6000000238
17780  1.758  -61.175  2.813 0.6000000238
17806  1.321  -61.817  0.678 0.6999999881
18629  1.428  -60.954  2.056 0.6999999881
17807  0.697  -61.647  0.363 0.6999999881
17828  0.258  -61.835  -0.018 0.6999999881
115243  -0.385  -62.154  -0.148 0.6000000238
129027  -1.055  -63.925  -0.584 0.5000000000
16067  -2.281  -63.957  0.688 0.6999999881
16960  -3.105  -62.655  1.191 0.6000000238
15128  -2.058  -64.313  0.076 0.6000000238
15110  -3.077  -64.272  1.000 0.6000000238
16939  -4.356  -62.871  1.832 0.6000000238
15112  -4.794  -64.503  1.587 0.6000000238
16033  -5.767  -63.979  2.435 0.5000000000
16942  -6.846  -62.205  1.854 0.5000000000
126738  -7.549  -62.436  1.981 0.5000000000
20318  -2.936  -58.522  3.586 0.6999999881
20317  -1.673  -57.811  3.704 0.6999999881
21222  -3.369  -57.776  3.408 0.6999999881
121266  0.567  -59.157  3.713 0.6000000238
121186  -0.750  -57.873  3.768 0.6999999881
22058  -2.942  -56.678  3.253 0.6999999881
22942  -2.702  -55.410  1.996 0.6999999881
23830  -3.672  -54.228  1.806 0.6000000238
18621  1.429  -60.362  3.067 0.6999999881
20315  0.280  -58.653  3.446 0.6999999881
21244  -0.736  -57.233  2.189 0.6999999881
22086  -2.154  -55.991  1.700 0.6999999881
123439  1.007  -60.114  2.200 0.6999999881
20328  0.348  -58.740  2.755 0.6999999881
22101  -1.775  -56.569  1.380 0.6999999881
17829  -0.374  -61.366  0.135 0.6999999881
17830  -1.205  -61.581  0.209 0.6000000238
16972  -1.858  -62.349  0.512 0.6000000238
17810  -3.537  -61.714  0.701 0.6000000238
18669  -5.364  -60.832  -0.619 0.6000000238
16937  -2.908  -63.656  1.246 0.6000000238
17791  -3.931  -62.268  1.348 0.6000000238
17812  -5.334  -61.458  0.707 0.6000000238
17793  -5.644  -61.918  1.326 0.5000000000
110642  -6.825  -60.697  0.342 0.6000000238
113539  -7.860  -60.600  -0.943 0.6000000238
16941  -5.949  -62.434  1.882 0.5000000000
124357  -6.951  -61.302  1.195 0.5000000000
18647  -7.689  -60.821  0.847 0.5000000000
20319  -4.380  -58.662  3.496 0.6999999881
22071  -3.066  -55.653  2.822 0.6999999881
22922  -3.293  -54.855  2.321 0.6000000238
23808  -3.960  -53.764  2.195 0.6000000238
23851  -4.723  -54.481  0.983 0.6000000238
22965  -5.401  -55.138  0.522 0.4000000060
22103  -3.182  -56.248  0.847 0.6000000238
22963  -3.546  -55.372  1.069 0.5000000000
22964  -4.480  -55.284  0.798 0.5000000000
22985  -6.903  -55.566  -0.316 0.4000000060
22986  -7.622  -55.529  -0.347 0.5000000000
18642  0.484  -60.829  0.878 0.6999999881
19510  -0.570  -58.770  0.986 0.8000000119
21257  -1.530  -57.234  1.121 0.6999999881
22128  -3.649  -57.108  0.157 0.5000000000
22129  -5.068  -56.709  -0.210 0.4000000060
23003  -6.552  -56.304  -0.819 0.4000000060
23004  -7.385  -56.085  -0.932 0.4000000060
22149  -8.318  -56.773  -1.451 0.4000000060
18644  -0.654  -59.632  0.483 0.8000000119
19511  -1.253  -58.958  0.262 0.8000000119
20354  -1.208  -58.032  0.835 0.8000000119
21276  -2.454  -57.908  0.064 0.8000000119
22144  -3.969  -57.717  -0.852 0.6000000238
22145  -4.871  -57.341  -0.887 0.5000000000
118552  -6.481  -56.798  -1.590 0.4000000060
22147  -7.085  -56.525  -1.648 0.4000000060
18664  -0.716  -60.584  0.191 0.6999999881
18665  -1.567  -60.750  0.016 0.8000000119
18666  -2.108  -60.323  -0.365 0.6999999881
114537  -3.559  -60.704  -0.868 0.5000000000
22164  -5.948  -57.202  -2.034 0.5000000000
21309  -7.002  -57.012  -3.151 0.4000000060
21311  -8.541  -57.301  -2.172 0.4000000060
17831  -2.188  -61.200  0.151 0.6000000238
18668  -4.018  -61.160  -0.065 0.5000000000
18692  -4.921  -60.662  -1.562 0.5000000000
126749  -5.676  -60.721  -1.200 0.6000000238
18670  -6.205  -60.667  -0.469 0.6000000238
126778  -7.038  -60.664  -1.473 0.6000000238
22059  -4.427  -56.736  3.362 0.6000000238
22060  -5.419  -56.289  3.586 0.5000000000
22924  -4.660  -54.015  3.140 0.5000000000
23809  -4.663  -53.234  2.607 0.4000000060
23832  -4.958  -53.724  1.234 0.5000000000
24704  -5.827  -53.639  1.051 0.5000000000
23873  -7.099  -54.986  0.157 0.5000000000
23874  -7.723  -55.038  0.264 0.5000000000
123623  -8.270  -55.730  -0.020 0.5000000000
22104  -9.281  -56.524  0.997 0.5000000000
126907  -8.757  -56.702  -0.506 0.5000000000
108580  -10.013  -57.706  0.395 0.5000000000
20372  -2.420  -58.581  -0.591 0.6999999881
21294  -3.258  -58.352  -1.340 0.6000000238
21308  -4.158  -58.252  -2.365 0.5000000000
21295  -4.555  -57.812  -1.675 0.5000000000
21297  -9.117  -57.428  -1.287 0.5000000000
21278  -10.345  -58.181  -0.249 0.5000000000
119365  -1.443  -59.867  -0.106 0.8000000119
19525  -2.475  -59.168  -0.920 0.6999999881
19544  -2.888  -59.282  -1.493 0.6000000238
110871  -5.131  -57.811  -2.585 0.5000000000
21322  -6.423  -57.739  -3.711 0.4000000060
20412  -8.542  -57.779  -3.058 0.5000000000
20394  -9.530  -58.107  -2.190 0.4000000060
20395  -10.386  -58.512  -1.609 0.5000000000
18691  -3.980  -60.248  -1.795 0.5000000000
19564  -4.626  -59.777  -3.159 0.5000000000
20425  -4.956  -58.504  -3.501 0.6000000238
20426  -5.758  -58.604  -3.909 0.5000000000
108919  -7.583  -59.041  -4.079 0.5000000000
20429  -9.161  -58.578  -3.372 0.5000000000
112407  -5.586  -60.629  -2.233 0.5000000000
120293  -6.044  -60.462  -3.210 0.5000000000
19579  -6.085  -59.566  -3.960 0.5000000000
126754  -7.778  -59.923  -4.262 0.5000000000
122524  -6.516  -60.704  -2.401 0.6000000238
17859  -7.724  -60.876  -3.568 0.6000000238
22047  -6.236  -56.449  4.000 0.5000000000
23762  -6.166  -54.656  4.017 0.5000000000
23785  -5.473  -53.810  3.606 0.5000000000
24667  -4.970  -52.631  2.149 0.4000000060
25504  -5.649  -52.342  1.792 0.4000000060
23761  -6.251  -55.090  4.191 0.5000000000
24651  -5.174  -52.747  3.146 0.4000000060
24686  -6.103  -52.910  1.269 0.5000000000
24705  -6.676  -53.760  1.050 0.6000000238
113970  -8.170  -54.363  1.307 0.5000000000
22966  -8.765  -55.751  0.798 0.5000000000
22944  -9.232  -55.885  1.593 0.4000000060
21246  -10.494  -57.194  1.708 0.4000000060
21247  -11.492  -57.477  1.402 0.4000000060
25469  -5.503  -51.672  3.369 0.4000000060
113219  -5.729  -51.388  2.621 0.4000000060
25482  -6.054  -51.616  2.057 0.4000000060
25505  -6.473  -52.295  1.609 0.5000000000
24687  -7.052  -53.138  1.397 0.5000000000
24688  -7.987  -53.486  1.616 0.5000000000
26339  -6.838  -51.750  1.932 0.4000000060
26318  -7.648  -51.479  2.292 0.4000000060
25507  -8.303  -52.970  2.080 0.5000000000
24668  -8.658  -53.693  2.128 0.4000000060
23834  -9.198  -55.189  2.228 0.4000000060
22074  -10.445  -56.621  2.457 0.4000000060
129578  -11.016  -56.717  2.647 0.4000000060
26283  -5.497  -50.923  3.830 0.4000000060
26296  -5.761  -50.919  3.056 0.4000000060
26316  -6.123  -50.993  2.543 0.4000000060
27101  -6.244  -49.490  4.332 0.4000000060
27938  -7.042  -49.256  3.751 0.4000000060
27139  -7.385  -50.562  2.594 0.4000000060
27140  -8.111  -50.824  2.717 0.4000000060
25470  -9.011  -52.272  2.973 0.5000000000
25485  -9.231  -52.997  3.225 0.5000000000
23811  -9.465  -54.821  3.006 0.4000000060
22925  -10.227  -55.997  3.010 0.4000000060
26297  -9.202  -51.531  3.458 0.4000000060
24633  -9.996  -52.945  4.397 0.4000000060
23763  -10.080  -53.709  4.263 0.4000000060
22909  -10.073  -55.334  3.419 0.4000000060
22910  -10.680  -55.724  3.409 0.4000000060
27085  -5.513  -49.395  5.357 0.4000000060
27919  -5.949  -49.065  5.924 0.3000000119
27939  -7.689  -48.913  4.177 0.3000000119
119400  -8.868  -49.974  3.649 0.4000000060
27884  -6.800  -49.391  6.622 0.4000000060
27899  -7.178  -49.118  6.084 0.3000000119
27900  -8.054  -49.331  5.780 0.3000000119
27102  -9.059  -49.760  4.441 0.4000000060
26268  -10.041  -51.256  5.694 0.5000000000
25456  -10.507  -52.449  4.998 0.4000000060
24634  -10.622  -53.314  4.709 0.4000000060
23765  -11.702  -54.502  4.230 0.4000000060
23789  -12.883  -54.899  3.161 0.3000000119
26253  -9.919  -51.245  6.650 0.5000000000
26254  -10.385  -51.748  6.370 0.5000000000
24613  -11.242  -52.896  5.380 0.4000000060
24635  -11.485  -53.728  4.777 0.4000000060
23766  -12.601  -54.504  3.888 0.3000000119
27897  -5.614  -49.286  6.545 0.4000000060
26241  -7.241  -50.707  7.317 0.4000000060
27057  -8.090  -50.326  7.142 0.4000000060
27067  -9.418  -50.550  6.095 0.5000000000
120064  -7.132  -51.811  7.605 0.4000000060
26252  -9.149  -50.918  7.152 0.5000000000
25409  -9.870  -52.506  7.451 0.5000000000
25410  -10.645  -52.844  7.421 0.4000000060
25426  -11.813  -52.879  6.569 0.4000000060
24636  -12.505  -53.839  4.578 0.3000000119
24573  -9.865  -53.763  7.843 0.3000000119
25411  -11.512  -53.121  7.325 0.3000000119
112654  -6.334  -49.820  7.150 0.4000000060
25406  -7.452  -52.923  7.708 0.3000000119
24572  -7.888  -53.916  7.913 0.4000000060
24597  -12.728  -53.315  6.502 0.3000000119
25405  -6.474  -52.499  7.863 0.3000000119
23722  -7.230  -54.595  9.080 0.3000000119
10110  -10.181  -71.393  -7.004 0.6000000238
129662  -9.701  -70.866  -6.872 0.5000000000
15132  -5.182  -64.714  0.936 0.6000000238
15148  -4.151  -64.444  0.191 0.6000000238
7512  -9.545  -75.964  -10.044 0.5000000000
6263  -10.089  -77.131  -8.812 0.6000000238
7452  -9.843  -75.056  -5.544 0.5000000000
6247  -10.193  -77.683  -8.055 0.6999999881
117621  -9.491  -79.821  -8.634 0.6999999881
4628  -10.218  -80.143  -8.224 0.6999999881
5644  -11.784  -78.699  -4.559 0.6999999881
4629  -11.291  -80.154  -7.623 0.6999999881
4588  -11.248  -80.066  -6.742 0.6999999881
8800  -12.304  -74.094  -6.724 0.5000000000
5173  -13.034  -79.773  -9.798 0.6999999881
6190  -12.808  -78.252  -5.237 0.6999999881
5645  -12.144  -78.812  -4.588 0.6999999881
5174  -14.000  -79.895  -9.778 0.6999999881
5119  -13.339  -79.981  -4.939 0.6999999881
10127  -10.122  -71.682  -7.852 0.6000000238
5186  -15.495  -79.596  -10.412 0.6999999881
5662  -14.005  -78.350  -7.091 0.6000000238
5134  -15.906  -80.102  -5.871 0.5000000000
11433  -10.345  -69.898  -2.993 0.6999999881
120856  -14.336  -78.697  -5.919 0.6000000238
125209  -16.498  -76.939  -11.478 0.6000000238
7533  -15.841  -75.103  -12.247 0.6000000238
5648  -15.477  -78.570  -4.954 0.5000000000
6159  -16.215  -77.873  -3.424 0.5000000000
118437  -17.370  -75.488  -10.259 0.5000000000
10792  -9.755  -70.184  -4.674 0.6000000238
11426  -10.296  -69.642  -2.153 0.6999999881
122417  -10.229  -72.863  -12.439 0.6000000238
6830  -14.542  -77.508  -8.448 0.5000000000
6211  -15.324  -77.507  -6.880 0.5000000000
114751  -15.519  -77.373  -5.089 0.6000000238
115480  -15.652  -76.949  -3.398 0.5000000000
8216  -16.655  -73.844  -12.901 0.6000000238
8203  -17.447  -74.080  -11.072 0.6000000238
7503  -17.809  -74.220  -9.597 0.5000000000
112826  -6.816  -68.402  -4.635 0.6000000238
12134  -12.321  -68.561  -11.596 0.5000000000
115125  -1.831  -67.147  -7.604 0.6000000238
11437  -4.479  -69.341  -4.418 0.6000000238
8814  -14.856  -73.225  -8.871 0.6000000238
13554  -2.920  -66.010  -7.250 0.6000000238
15212  -6.247  -64.014  -4.382 0.8000000119
110353  -3.582  -65.716  -6.651 0.6000000238
10892  -14.533  -71.335  -12.530 0.6000000238
113235  -4.232  -65.427  -5.752 0.6000000238
10170  -14.185  -72.240  -10.409 0.6000000238
16095  -6.975  -62.948  -2.711 0.8000000119
11524  -14.843  -69.581  -12.231 0.6000000238
16113  -4.984  -62.875  -4.732 0.6000000238
14363  -4.431  -64.463  -5.559 0.6999999881
108799  -4.143  -62.657  -3.257 0.6000000238
15147  -3.132  -64.497  -0.094 0.6000000238
16074  -5.369  -64.056  -0.161 0.6999999881
15131  -4.199  -64.675  0.993 0.6000000238
16034  -6.518  -63.881  2.522 0.5000000000
17809  -2.649  -61.963  0.681 0.5000000000
16054  -4.167  -63.972  1.875 0.6000000238
17795  -7.764  -61.607  1.526 0.5000000000
19465  -1.654  -58.749  4.003 0.6999999881
20307  -0.326  -58.703  4.142 0.6000000238
21234  -1.342  -56.617  2.737 0.6999999881
20342  -0.501  -57.924  1.661 0.8000000119
22127  -2.806  -57.136  0.540 0.6000000238
22072  -4.076  -55.382  3.158 0.6000000238
114351  -5.195  -55.942  0.275 0.5000000000
22983  -4.238  -56.280  0.493 0.5000000000
131003  -9.816  -58.524  -2.795 0.5000000000
22908  -5.885  -54.874  3.750 0.5000000000
122764  -9.358  -57.055  0.339 0.5000000000
20393  -3.010  -58.813  -1.873 0.6000000238
19563  -4.098  -59.574  -2.691 0.6000000238
18725  -7.323  -60.539  -3.882 0.5000000000
24631  -5.794  -53.804  4.279 0.5000000000
23810  -8.673  -54.424  1.838 0.5000000000
25506  -7.542  -52.484  1.876 0.6000000238
27100  -5.455  -50.081  4.390 0.4000000060
27115  -5.947  -50.281  3.635 0.4000000060
27116  -6.529  -49.945  3.377 0.4000000060
120449  -6.899  -48.975  4.664 0.3000000119
27952  -7.708  -49.282  3.453 0.4000000060
25471  -9.518  -52.427  3.810 0.5000000000
24652  -9.615  -53.434  3.792 0.4000000060
27103  -9.389  -50.693  4.094 0.4000000060
26298  -9.633  -51.583  4.148 0.4000000060
23787  -10.865  -55.086  3.908 0.4000000060
22912  -12.249  -55.517  3.224 0.4000000060
27065  -7.660  -49.576  6.550 0.3000000119
27066  -8.603  -50.000  6.441 0.5000000000
27087  -9.567  -50.453  5.085 0.4000000060
25437  -10.695  -52.059  5.768 0.5000000000
26284  -9.948  -51.202  4.799 0.4000000060
23788  -11.996  -55.112  3.735 0.4000000060
25425  -10.979  -52.325  6.643 0.5000000000
110281  -11.275  -52.616  6.071 0.4000000060
24614  -12.086  -53.471  5.304 0.4000000060
116958  -8.126  -51.673  7.505 0.5000000000
25407  -8.423  -53.085  7.630 0.5000000000
26242  -9.136  -52.097  7.518 0.4000000060
24596  -12.405  -53.448  7.244 0.4000000060
116902  -8.835  -53.938  7.865 0.4000000060
24571  -6.778  -53.814  8.194 0.3000000119
23723  -8.048  -54.597  8.997 0.3000000119
24557  -8.446  -54.394  8.334 0.3000000119
112890  -15.419  -80.075  -15.076 0.5000000000
5229  -16.140  -80.308  -15.080 0.5000000000
3648  -16.330  -81.303  -14.427 0.5000000000
4704  -16.600  -80.719  -14.863 0.5000000000
3649  -16.846  -81.442  -14.164 0.5000000000
4167  -16.905  -81.009  -14.541 0.5000000000
3136  -17.666  -82.686  -13.023 0.6000000238
120372  -14.872  -79.447  -15.131 0.5000000000
5228  -15.643  -79.123  -15.181 0.5000000000
130536  -16.431  -79.534  -15.187 0.5000000000
5230  -16.918  -80.099  -15.104 0.5000000000
3123  -18.116  -83.105  -12.450 0.6000000238
4168  -17.694  -80.723  -14.316 0.6000000238
4156  -17.420  -81.334  -14.014 0.6000000238
127537  -14.090  -79.308  -15.088 0.4000000060
6308  -11.120  -77.307  -14.141 0.4000000060
6900  -11.694  -76.819  -13.938 0.4000000060
6313  -11.529  -77.811  -14.455 0.5000000000
5748  -12.248  -77.982  -14.586 0.5000000000
128070  -12.746  -78.416  -14.842 0.5000000000
6315  -13.767  -77.400  -14.748 0.5000000000
6908  -13.460  -76.647  -14.366 0.5000000000
5749  -13.517  -78.380  -14.961 0.5000000000
3113  -18.432  -83.401  -11.931 0.6000000238
2668  -18.351  -84.114  -10.814 0.6000000238
6316  -14.719  -77.320  -14.958 0.5000000000
120226  -15.324  -78.047  -15.079 0.5000000000
6317  -15.634  -77.174  -14.991 0.5000000000
3124  -18.552  -82.762  -12.303 0.6000000238
5751  -16.427  -78.857  -15.159 0.5000000000
117452  -17.783  -79.648  -15.035 0.6000000238
4157  -18.048  -81.097  -13.741 0.6000000238
3114  -18.783  -83.030  -11.878 0.6000000238
4694  -18.779  -79.757  -14.231 0.6000000238
123374  -18.616  -81.982  -12.623 0.6000000238
3614  -19.061  -82.364  -11.836 0.6999999881
4149  -18.845  -81.206  -12.942 0.6000000238
4150  -19.313  -80.753  -12.636 0.6999999881
5728  -10.686  -78.106  -12.643 0.6000000238
5729  -11.610  -77.681  -12.425 0.6000000238
5730  -12.501  -77.471  -12.342 0.6000000238
6292  -11.081  -77.189  -13.175 0.5000000000
6305  -11.662  -76.729  -13.548 0.5000000000
120875  -12.634  -76.634  -12.770 0.6000000238
6901  -12.417  -76.571  -14.018 0.5000000000
6893  -12.414  -76.364  -13.710 0.5000000000
7542  -12.912  -76.040  -14.009 0.5000000000
6909  -14.208  -76.597  -14.617 0.5000000000
108895  -14.042  -75.586  -14.117 0.5000000000
6910  -14.954  -76.460  -14.775 0.5000000000
128185  -18.663  -84.771  -8.973 0.6999999881
125716  -19.026  -84.108  -9.950 0.6000000238
115107  -19.314  -84.219  -8.577 0.8000000119
119617  -16.542  -77.427  -15.004 0.5000000000
6318  -17.232  -77.598  -14.996 0.5000000000
6319  -17.716  -78.139  -14.991 0.6000000238
111042  -18.863  -83.222  -11.274 0.6999999881
3104  -19.077  -83.373  -10.327 0.6999999881
122395  -18.150  -80.128  -14.566 0.6000000238
4142  -19.295  -81.281  -12.161 0.6999999881
5220  -19.331  -79.124  -14.209 0.6000000238
128561  -19.356  -79.490  -13.877 0.6000000238
5221  -20.111  -79.008  -13.742 0.6999999881
4143  -20.096  -80.131  -12.263 0.6999999881
4139  -19.950  -80.455  -11.792 0.6000000238
5205  -10.068  -79.201  -12.385 0.5000000000
5719  -12.358  -78.313  -11.864 0.6000000238
6294  -13.339  -77.237  -12.317 0.6000000238
6881  -13.605  -75.735  -13.212 0.6000000238
7530  -13.892  -75.550  -13.725 0.6000000238
7560  -14.496  -75.894  -14.470 0.5000000000
8226  -15.283  -74.696  -14.010 0.6000000238
2198  -18.881  -84.837  -8.089 0.6999999881
7561  -15.193  -75.703  -14.533 0.5000000000
7554  -16.527  -74.944  -14.412 0.5000000000
2637  -19.319  -84.473  -7.809 0.5000000000
2626  -20.083  -84.403  -6.432 0.6000000238
7562  -15.935  -75.672  -14.612 0.6000000238
117116  -17.837  -77.289  -14.963 0.5000000000
3092  -19.427  -83.324  -8.618 0.6000000238
6914  -18.507  -77.002  -14.709 0.5000000000
3610  -19.100  -82.386  -11.142 0.6999999881
117998  -19.272  -82.982  -9.589 0.6000000238
5754  -19.106  -78.486  -14.557 0.5000000000
4135  -19.398  -81.313  -10.805 0.6000000238
4130  -19.283  -81.315  -10.016 0.6000000238
129929  -19.746  -77.871  -14.300 0.5000000000
5745  -20.800  -78.374  -13.742 0.6000000238
130248  -20.540  -80.017  -11.794 0.5000000000
5215  -21.431  -78.749  -12.975 0.5000000000
4663  -21.595  -80.319  -10.815 0.5000000000
5192  -10.335  -79.627  -11.378 0.6000000238
5718  -11.434  -78.527  -11.880 0.6000000238
5191  -9.534  -80.157  -11.484 0.4000000060
8215  -16.039  -74.180  -13.585 0.5000000000
2638  -19.806  -84.232  -7.233 0.6000000238
3085  -19.776  -83.437  -7.470 0.5000000000
6913  -18.521  -76.137  -14.468 0.5000000000
109370  -19.412  -81.987  -8.069 0.5000000000
3080  -20.163  -83.923  -6.746 0.5000000000
7557  -19.341  -75.442  -13.969 0.5000000000
3600  -19.240  -81.907  -9.264 0.5000000000
126077  -19.409  -81.045  -9.500 0.5000000000
6904  -20.392  -76.689  -13.939 0.6000000238
6895  -20.616  -76.516  -13.629 0.6000000238
4136  -19.954  -80.574  -11.206 0.5000000000
4651  -19.864  -80.663  -10.196 0.6000000238
118665  -21.282  -77.569  -13.430 0.6000000238
5741  -21.838  -78.297  -12.828 0.5000000000
4660  -9.017  -80.341  -9.925 0.4000000060
8237  -17.996  -74.214  -14.136 0.5000000000
3595  -19.676  -82.145  -7.055 0.5000000000
7556  -18.515  -75.164  -14.229 0.5000000000
7545  -19.473  -75.339  -13.724 0.5000000000
126764  -19.551  -81.078  -7.858 0.5000000000
131001  -19.775  -81.463  -6.302 0.5000000000
3573  -19.955  -81.199  -5.570 0.5000000000
3563  -20.243  -81.325  -4.783 0.5000000000
4543  -21.160  -80.464  -3.161 0.5000000000
8232  -19.691  -75.300  -13.353 0.6000000238
7547  -20.911  -76.310  -13.234 0.6000000238
4652  -20.398  -80.524  -9.411 0.5000000000
6885  -21.514  -76.886  -12.902 0.6000000238
4653  -21.581  -80.671  -9.530 0.5000000000
6876  -21.783  -76.816  -12.185 0.5000000000
6297  -22.704  -78.113  -11.942 0.5000000000
8188  -18.457  -73.975  -10.800 0.5000000000
4595  -19.739  -80.852  -6.668 0.5000000000
4576  -19.903  -80.779  -6.069 0.5000000000
4577  -20.162  -80.621  -5.362 0.5000000000
4542  -20.782  -80.560  -3.746 0.5000000000
112873  -18.486  -73.940  -11.877 0.5000000000
7517  -19.356  -74.372  -10.496 0.6000000238
4616  -20.443  -80.468  -7.589 0.5000000000
4596  -20.115  -80.541  -6.698 0.5000000000
4558  -21.358  -79.902  -4.605 0.5000000000
5091  -21.604  -79.853  -3.107 0.5000000000
125580  -21.840  -79.792  -2.643 0.5000000000
7535  -21.214  -76.140  -12.515 0.5000000000
4636  -20.933  -80.551  -8.630 0.5000000000
4617  -21.531  -80.586  -7.844 0.5000000000
8171  -18.431  -73.948  -9.768 0.5000000000
4579  -21.963  -80.026  -5.467 0.5000000000
5107  -22.049  -79.753  -3.855 0.5000000000
109522  -23.765  -79.449  -2.834 0.4000000060
4559  -22.270  -79.886  -4.777 0.4000000060
8705  -10.953  -73.244  -1.133 0.4000000060
14377  0.426  -65.606  -6.277 0.5000000000
14307  1.738  -64.983  -1.941 0.5000000000
15189  1.297  -64.695  -3.808 0.5000000000
15126  2.139  -64.363  0.832 0.5000000000
109903  1.852  -64.992  -0.977 0.5000000000
14359  0.948  -65.328  -5.604 0.5000000000
19456  -2.203  -59.869  4.170 0.5000000000
19466  -2.939  -59.483  3.821 0.5000000000
21223  -5.071  -58.037  3.529 0.5000000000
121619  -18.065  -73.781  -12.711 0.5000000000
8230  -18.259  -74.058  -13.654 0.5000000000
3641  -17.867  -81.821  -13.504 0.6000000238
115082  -17.026  -79.220  -15.164 0.6000000238
4148  -18.370  -81.565  -13.204 0.6000000238
5753  -18.262  -78.771  -14.975 0.6000000238
4687  -19.942  -79.926  -12.975 0.6999999881
6293  -11.883  -76.916  -12.928 0.6000000238
6912  -17.089  -76.704  -14.887 0.5000000000
5744  -19.979  -78.468  -14.094 0.6000000238
130329  -20.945  -78.996  -13.187 0.6000000238
120529  -19.543  -84.552  -7.115 0.6999999881
129524  -17.950  -75.663  -14.489 0.5000000000
6903  -19.154  -76.643  -14.416 0.5000000000
6905  -20.969  -77.186  -13.712 0.6000000238
5740  -21.303  -78.281  -13.350 0.6000000238
4688  -20.851  -79.342  -12.720 0.5000000000
117538  -21.000  -80.449  -10.221 0.5000000000
130678  -19.523  -81.502  -7.510 0.5000000000
7558  -20.007  -75.960  -13.798 0.5000000000
6886  -22.053  -77.535  -12.513 0.5000000000
8218  -18.613  -74.274  -12.913 0.5000000000
117100  -20.786  -75.484  -11.888 0.5000000000
125534  -20.083  -75.036  -12.009 0.5000000000
4578  -20.829  -80.051  -5.506 0.5000000000
4597  -20.937  -80.227  -6.712 0.5000000000
111950  -21.756  -80.183  -6.226 0.5000000000
5092  -22.213  -79.633  -2.903 0.5000000000
4598  -22.377  -80.640  -7.169 0.4000000060
5093  -23.080  -79.659  -3.413 0.4000000060
3028  -20.468  -84.091  -2.737 0.5000000000
3044  -20.327  -84.426  -3.555 0.6000000238
2606  -21.224  -84.599  -4.906 0.6000000238
2592  -20.273  -84.740  -4.421 0.6000000238
3061  -19.216  -84.364  -4.319 0.4000000060
3062  -21.590  -83.987  -4.894 0.4000000060
3575  -21.176  -83.350  -5.366 0.4000000060
2615  -21.192  -84.108  -5.393 0.5000000000
120911  -20.605  -84.608  -5.477 0.6000000238
127469  -20.714  -83.670  -6.092 0.5000000000
2605  -19.819  -84.781  -4.987 0.5000000000
121867  -19.688  -84.757  -5.722 0.6000000238
2187  -18.475  -85.208  -7.137 0.6000000238
2197  -18.341  -85.234  -8.052 0.6000000238
120519  -17.996  -85.359  -8.785 0.6000000238
2224  -18.236  -85.009  -9.430 0.6000000238
2223  -17.462  -85.431  -9.205 0.6000000238
2245  -17.879  -84.289  -11.011 0.5000000000
2679  -17.811  -84.054  -11.553 0.5000000000
2702  -17.428  -83.309  -12.503 0.4000000060
2701  -16.674  -83.165  -12.672 0.5000000000
5076  -22.878  -79.418  -2.308 0.3000000119
4166  -16.027  -81.093  -14.698 0.4000000060
12137  -15.260  -68.642  -11.927 0.4000000060
11525  -15.865  -69.720  -12.194 0.5000000000
116860  -8.693  -60.683  -0.864 0.5000000000
18695  -8.411  -60.953  -1.792 0.5000000000
17848  -9.840  -61.535  -2.123 0.5000000000
17861  -9.104  -61.449  -3.132 0.4000000060
18739  -8.745  -60.899  -4.427 0.4000000060
113631  -13.468  -60.877  -3.663 0.4000000060
19597  -9.198  -60.403  -4.690 0.4000000060
18741  -10.173  -61.090  -5.654 0.4000000060
17880  -9.980  -61.556  -5.104 0.4000000060
19582  -9.159  -59.466  -4.172 0.4000000060
19598  -9.954  -60.467  -5.164 0.4000000060
17883  -13.138  -61.300  -5.363 0.4000000060
19583  -9.946  -59.655  -4.458 0.4000000060
19584  -10.771  -59.704  -5.079 0.4000000060
18768  -13.885  -60.367  -6.671 0.4000000060
20430  -10.099  -58.925  -3.405 0.4000000060
20441  -11.572  -58.968  -4.433 0.4000000060
20413  -10.400  -58.673  -2.370 0.4000000060
20414  -11.211  -58.878  -2.847 0.4000000060
21261  -11.557  -58.031  0.611 0.3000000119
20356  -12.186  -58.220  -0.145 0.4000000060
22076  -12.402  -56.196  2.175 0.3000000119
109691  -12.661  -56.381  1.338 0.3000000119
21279  -12.772  -57.635  -0.227 0.3000000119
21248  -12.439  -57.197  1.026 0.3000000119
115999  -11.916  -61.842  -3.442 0.4000000060
17873  -12.082  -61.855  -4.296 0.4000000060
17871  -10.033  -61.863  -4.269 0.4000000060
118215  -10.625  -61.975  -3.399 0.4000000060
129996  -11.911  -61.721  -5.735 0.4000000060
18753  -11.565  -60.861  -6.796 0.4000000060
18742  -14.032  -60.841  -5.490 0.4000000060
17902  -12.850  -61.095  -6.618 0.4000000060
19620  -12.687  -60.038  -6.551 0.4000000060
19606  -11.257  -60.124  -6.204 0.4000000060
2503  -27.431  -84.380  3.804 0.3000000119
127766  -27.557  -84.133  2.740 0.3000000119
128116  -27.182  -84.806  4.639 0.4000000060
2502  -26.925  -84.726  3.011 0.3000000119
2100  -26.571  -84.950  2.135 0.4000000060
2098  -25.045  -85.646  2.294 0.3000000119
2099  -25.861  -85.448  2.201 0.3000000119
2117  -26.227  -85.058  1.457 0.4000000060
111660  -24.333  -85.302  1.889 0.3000000119
2115  -24.778  -85.424  1.289 0.3000000119
2132  -24.738  -85.307  0.442 0.3000000119
2114  -24.169  -85.376  0.838 0.3000000119
2546  -23.601  -85.292  0.210 0.3000000119
2530  -23.691  -85.083  1.325 0.3000000119
2529  -23.173  -84.791  0.836 0.3000000119
2545  -22.903  -85.019  -0.028 0.3000000119
2974  -22.561  -83.936  0.828 0.3000000119
2986  -21.808  -83.314  0.347 0.3000000119
3000  -21.550  -83.764  -0.624 0.3000000119
3474  -20.649  -82.293  1.707 0.3000000119
3475  -21.388  -82.494  1.475 0.3000000119
3489  -21.347  -82.426  0.794 0.3000000119
3506  -21.132  -82.686  -0.011 0.3000000119
2999  -20.840  -83.166  -0.891 0.3000000119
4009  -20.220  -81.530  0.823 0.4000000060
2531  -26.831  -84.432  1.164 0.3000000119
2486  -26.692  -85.210  4.290 0.4000000060
2134  -26.105  -84.807  0.745 0.4000000060
120525  -25.512  -85.687  2.999 0.3000000119
2150  -24.526  -85.182  -0.474 0.4000000060
2516  -23.626  -84.772  2.439 0.3000000119
2149  -23.784  -85.350  -0.552 0.4000000060
2559  -22.793  -85.105  -0.967 0.4000000060
2960  -22.489  -83.656  2.207 0.3000000119
3016  -21.388  -84.223  -1.639 0.4000000060
3462  -20.430  -82.874  2.039 0.3000000119
2959  -21.770  -83.563  2.477 0.4000000060
114748  -20.592  -83.710  -1.814 0.4000000060
3521  -20.072  -82.601  -1.104 0.3000000119
2958  -20.881  -83.639  2.423 0.3000000119
2517  -27.283  -84.279  1.991 0.3000000119
2532  -27.571  -83.759  1.249 0.3000000119
2963  -28.616  -83.188  2.562 0.3000000119
2548  -26.527  -84.198  0.340 0.3000000119
2562  -26.245  -84.046  -0.283 0.3000000119
2472  -26.739  -85.362  6.312 0.4000000060
2547  -25.811  -84.572  -0.061 0.3000000119
2561  -25.684  -84.154  -0.748 0.3000000119
123846  -25.040  -86.001  3.408 0.3000000119
2080  -25.503  -85.999  3.897 0.4000000060
2157  -24.672  -84.833  -1.111 0.4000000060
2569  -24.373  -84.611  -1.662 0.3000000119
2148  -23.389  -85.174  -1.207 0.4000000060
2568  -23.660  -84.834  -1.870 0.4000000060
2097  -24.288  -85.425  3.117 0.3000000119
2078  -23.744  -85.751  3.919 0.3000000119
2567  -22.849  -84.854  -1.940 0.4000000060
2583  -23.263  -84.479  -2.525 0.4000000060
2501  -23.223  -84.788  3.259 0.3000000119
2062  -24.037  -86.652  4.695 0.3000000119
2582  -22.470  -84.471  -2.905 0.4000000060
2595  -22.352  -84.118  -3.533 0.5000000000
2581  -21.433  -84.531  -2.729 0.4000000060
2580  -21.182  -84.624  -3.590 0.4000000060
2594  -21.654  -84.511  -4.386 0.5000000000
2514  -20.298  -83.975  2.308 0.3000000119
2549  -27.120  -83.831  0.658 0.3000000119
2976  -28.480  -83.067  1.911 0.3000000119
2042  -26.012  -85.701  6.237 0.4000000060
3017  -24.690  -84.049  -1.823 0.4000000060
3029  -23.117  -83.750  -3.015 0.4000000060
2063  -24.910  -86.405  4.499 0.4000000060
2596  -22.937  -84.149  -3.108 0.4000000060
3046  -22.565  -83.585  -3.559 0.5000000000
3553  -21.860  -82.920  -4.012 0.4000000060
1708  -24.369  -86.885  5.274 0.3000000119
3045  -22.045  -83.895  -4.231 0.4000000060
117440  -23.709  -87.187  5.325 0.3000000119
3564  -21.571  -83.152  -4.736 0.4000000060
128306  -20.765  -82.393  -4.915 0.4000000060
2077  -22.857  -85.455  3.867 0.3000000119
116365  -20.808  -84.527  2.608 0.3000000119
2528  -20.131  -84.750  2.104 0.3000000119
3003  -26.050  -83.705  -0.584 0.3000000119
3002  -25.411  -83.851  -1.163 0.3000000119
3031  -24.183  -83.863  -2.339 0.3000000119
1709  -25.003  -86.675  5.208 0.4000000060
3537  -22.871  -82.988  -2.916 0.5000000000
130946  -21.339  -81.940  -3.467 0.4000000060
1695  -24.636  -86.757  5.773 0.4000000060
3552  -20.888  -81.939  -4.146 0.4000000060
1693  -23.061  -87.457  6.021 0.3000000119
1694  -23.790  -87.130  5.842 0.3000000119
1707  -23.194  -87.339  5.013 0.3000000119
1720  -21.960  -86.881  3.858 0.3000000119
127144  -20.299  -85.484  2.012 0.3000000119
116239  -21.413  -86.153  3.244 0.3000000119
3523  -24.957  -83.508  -1.488 0.3000000119
113449  -24.156  -82.992  -1.791 0.4000000060
4057  -22.248  -81.920  -2.328 0.4000000060
1363  -22.538  -87.580  5.629 0.3000000119
1362  -21.948  -87.452  5.714 0.3000000119
1375  -22.357  -87.653  5.072 0.3000000119
130478  -21.931  -87.725  4.557 0.3000000119
1729  -21.478  -87.457  3.279 0.3000000119
1692  -21.002  -86.893  5.466 0.3000000119
1373  -20.916  -88.198  4.424 0.3000000119
1374  -21.511  -87.913  4.479 0.3000000119
1396  -21.160  -88.230  3.374 0.3000000119
4523  -22.917  -80.936  -1.064 0.3000000119
4044  -22.602  -81.397  -1.606 0.4000000060
1706  -20.590  -87.453  4.818 0.3000000119
1026  -20.514  -88.535  3.901 0.3000000119
4010  -25.368  -81.500  0.248 0.3000000119
4028  -23.636  -80.996  -0.610 0.3000000119
4522  -22.458  -80.538  -1.405 0.3000000119
4507  -24.365  -80.600  0.037 0.3000000119
5047  -23.147  -79.612  -0.892 0.3000000119
17860  -8.327  -61.125  -2.935 0.5000000000
20375  -11.811  -58.582  -0.887 0.5000000000
119807  -11.929  -58.647  -2.303 0.4000000060
17870  -9.227  -61.527  -3.971 0.4000000060
2614  -18.652  -84.846  -5.720 0.6000000238
3574  -20.292  -82.190  -5.590 0.4000000060
4065  -20.896  -81.166  -3.478 0.4000000060
4056  -21.467  -81.300  -2.744 0.4000000060
4043  -21.940  -80.916  -1.931 0.4000000060
5058  -22.578  -79.809  -1.462 0.3000000119
17833  -10.085  -61.483  -0.897 0.5000000000
119520  -10.766  -61.889  -2.404 0.4000000060
17874  -12.893  -61.356  -4.397 0.4000000060
2081  -26.139  -85.472  3.255 0.3000000119
123916  -22.412  -83.483  1.612 0.3000000119
3464  -21.957  -83.062  1.873 0.3000000119
109188  -25.958  -85.881  4.474 0.4000000060
2566  -22.079  -84.705  -2.229 0.4000000060
130137  -25.788  -86.139  5.112 0.4000000060
2079  -24.521  -86.093  3.948 0.3000000119
3030  -23.571  -84.088  -2.751 0.4000000060
125641  -22.535  -86.341  4.079 0.3000000119
2096  -21.290  -85.140  3.050 0.3000000119
3522  -23.104  -82.437  -2.060 0.4000000060
1682  -23.516  -86.930  6.355 0.3000000119
1728  -21.063  -86.807  2.475 0.3000000119
4046  -24.128  -82.037  -1.021 0.3000000119
1038  -20.725  -88.591  3.511 0.3000000119
110591  -17.551  -84.581  -10.571 0.5000000000
2222  -16.948  -85.303  -9.572 0.5000000000
111344  -17.018  -85.607  -9.004 0.5000000000
2186  -17.470  -85.173  -6.628 0.5000000000
3073  -17.804  -84.205  -5.024 0.4000000060
114194  -19.533  -74.373  -9.647 0.4000000060
3043  -19.438  -84.029  -3.603 0.5000000000
3027  -19.618  -83.578  -2.823 0.3000000119
3520  -19.256  -82.096  -1.294 0.3000000119
3015  -19.801  -83.112  -1.972 0.4000000060
4027  -19.913  -81.505  0.259 0.3000000119
3505  -20.404  -82.134  -0.283 0.3000000119
1683  -24.293  -86.741  6.284 0.3000000119
2892  -25.147  -84.961  6.513 0.3000000119
1684  -24.927  -86.502  6.191 0.3000000119
117203  -27.024  -85.199  5.415 0.3000000119
2471  -24.483  -84.460  6.261 0.3000000119
2893  -25.937  -84.746  6.732 0.3000000119
2459  -25.751  -85.456  6.528 0.3000000119
2460  -26.478  -85.259  6.768 0.3000000119
2461  -27.178  -84.944  6.912 0.3000000119
113952  -27.490  -83.933  7.513 0.3000000119
2913  -26.019  -83.709  6.539 0.3000000119
124591  -26.706  -83.551  6.906 0.3000000119
2894  -26.844  -84.547  7.068 0.3000000119
2473  -27.462  -84.983  6.322 0.3000000119
2474  -28.164  -84.413  6.168 0.3000000119
3418  -26.225  -82.678  6.163 0.3000000119
2462  -27.831  -84.691  7.115 0.3000000119
2881  -28.296  -83.759  7.935 0.3000000119
3143  -16.469  -82.253  -13.572 0.3000000119
3060  -18.263  -83.908  -4.355 0.5000000000
2613  -17.634  -84.687  -5.828 0.4000000060
2196  -17.635  -85.444  -7.564 0.5000000000
3535  -18.989  -82.548  -2.149 0.3000000119
18770  -15.719  -60.172  -6.350 0.3000000119
18754  -14.051  -60.687  -6.303 0.3000000119
20432  -12.097  -58.326  -4.004 0.3000000119
2244  -17.355  -84.233  -11.165 0.4000000060
2221  -16.165  -84.712  -9.888 0.4000000060
3055  -13.005  -83.378  -4.298 0.4000000060
2621  -14.185  -83.722  -6.532 0.4000000060
111034  -14.965  -83.771  -5.931 0.4000000060
3079  -15.971  -84.259  -6.030 0.4000000060
2612  -16.820  -84.643  -6.065 0.4000000060
2634  -15.237  -84.383  -7.943 0.4000000060
2635  -16.116  -85.154  -7.610 0.4000000060
2623  -16.392  -84.881  -6.701 0.4000000060
2590  -13.841  -84.358  -3.002 0.3000000119
3546  -13.744  -82.888  -3.768 0.4000000060
3057  -15.196  -83.013  -4.569 0.4000000060
2208  -16.462  -85.246  -9.170 0.4000000060
3070  -13.913  -83.430  -5.612 0.4000000060
2622  -15.301  -84.336  -6.891 0.4000000060
2576  -13.270  -83.968  -3.378 0.3000000119
3056  -13.686  -83.155  -4.708 0.4000000060
116159  -14.628  -83.263  -5.125 0.4000000060
3071  -15.646  -83.599  -5.314 0.4000000060
3072  -16.729  -84.050  -5.367 0.4000000060
2577  -14.193  -83.885  -2.417 0.3000000119
3025  -13.783  -83.329  -2.780 0.3000000119
3560  -14.650  -82.598  -3.785 0.3000000119
3531  -14.489  -82.625  -2.426 0.3000000119
3549  -16.206  -82.223  -3.330 0.3000000119
3041  -17.702  -83.090  -3.844 0.3000000119
3058  -16.208  -83.301  -4.680 0.3000000119
108885  -17.949  -82.637  -3.130 0.3000000119
3551  -18.770  -83.059  -2.959 0.3000000119
3042  -18.541  -83.509  -3.696 0.3000000119
111530  -17.020  -83.572  -4.712 0.3000000119
3059  -17.511  -83.509  -4.401 0.3000000119
3449  -14.849  -82.850  4.052 0.3000000119
3428  -15.273  -82.287  4.426 0.3000000119
118430  -21.941  -84.435  6.101 0.3000000119
121304  -16.988  -80.807  4.719 0.3000000119
115180  -17.700  -81.100  4.643 0.3000000119
3432  -18.754  -82.399  4.929 0.3000000119
3433  -19.625  -82.111  4.884 0.3000000119
3412  -20.222  -82.795  5.302 0.3000000119
122587  -20.840  -83.433  5.605 0.3000000119
3413  -21.757  -82.975  5.376 0.3000000119
126425  -18.501  -80.529  4.450 0.3000000119
3948  -19.249  -81.285  4.581 0.3000000119
3949  -20.122  -81.264  4.527 0.3000000119
3434  -20.597  -82.046  4.831 0.3000000119
3561  -15.724  -82.646  -3.987 0.3000000119
3450  -15.661  -82.833  4.010 0.3000000119
3431  -18.113  -82.883  4.868 0.3000000119
3430  -17.191  -82.544  4.565 0.3000000119
3429  -16.178  -82.221  4.429 0.3000000119
110419  -17.847  -82.027  4.699 0.3000000119
4461  -19.588  -80.339  4.256 0.3000000119
1027  -21.004  -88.438  4.030 0.3000000119
1361  -21.415  -87.764  5.031 0.3000000119
1364  -23.090  -87.442  5.539 0.3000000119
1385  -21.651  -87.860  4.052 0.3000000119
1386  -22.398  -87.366  4.554 0.3000000119
1696  -25.450  -86.328  5.671 0.4000000060
2040  -24.711  -86.159  6.484 0.3000000119
2041  -25.381  -86.070  6.375 0.3000000119
2061  -23.194  -86.477  4.406 0.3000000119
2064  -25.472  -86.340  4.810 0.4000000060
2065  -26.243  -85.766  5.423 0.4000000060
2076  -21.998  -85.516  3.546 0.3000000119
2095  -20.756  -85.519  2.548 0.3000000119
2116  -25.524  -85.314  1.314 0.4000000060
2131  -24.099  -85.423  0.076 0.3000000119
2133  -25.436  -85.085  0.520 0.4000000060
2151  -25.185  -84.687  -0.671 0.4000000060
2156  -24.069  -85.125  -1.211 0.4000000060
2188  -19.101  -84.948  -7.491 0.6999999881
2195  -16.934  -85.550  -7.838 0.4000000060
2209  -16.641  -85.511  -8.450 0.4000000060
2210  -18.522  -84.983  -8.650 0.6999999881
2232  -17.427  -85.039  -9.999 0.6000000238
2233  -18.003  -84.642  -10.333 0.5000000000
2253  -17.391  -83.861  -11.924 0.4000000060
2527  -19.674  -83.713  1.869 0.3000000119
2558  -22.124  -84.694  -1.363 0.4000000060
2560  -23.288  -85.283  -0.558 0.4000000060
2570  -25.042  -84.339  -1.260 0.3000000119
2584  -23.981  -84.339  -2.252 0.4000000060
2593  -20.999  -84.727  -4.212 0.6000000238
2604  -18.920  -84.630  -4.985 0.6000000238
2624  -18.366  -85.067  -6.366 0.4000000060
2625  -19.288  -84.940  -6.607 0.6000000238
2636  -16.878  -85.379  -7.203 0.4000000060
2648  -18.942  -84.597  -8.543 0.8000000119
2658  -18.585  -84.390  -10.067 0.6000000238
2659  -18.916  -84.460  -9.270 0.6000000238
2669  -18.780  -83.895  -10.646 0.6999999881
2680  -18.195  -83.908  -11.497 0.6000000238
2681  -18.568  -83.622  -11.371 0.6000000238
2693  -17.989  -83.731  -12.034 0.5000000000
2895  -28.069  -84.372  7.689 0.3000000119
2908  -21.558  -83.766  5.789 0.3000000119
2912  -25.095  -83.916  6.168 0.3000000119
2927  -28.048  -83.835  4.015 0.3000000119
2941  -22.432  -84.132  2.877 0.3000000119
2942  -28.089  -83.730  3.054 0.3000000119
2961  -23.029  -84.168  1.759 0.3000000119
2962  -28.008  -83.609  2.056 0.3000000119
2975  -28.119  -83.206  1.385 0.3000000119
3001  -22.253  -84.394  -0.303 0.3000000119
3040  -13.387  -83.423  -3.588 0.3000000119
3097  -19.279  -83.868  -9.392 0.6999999881
3134  -16.203  -82.839  -13.039 0.3000000119
3135  -16.964  -82.748  -13.099 0.5000000000
3463  -21.198  -82.886  2.107 0.3000000119
3488  -20.671  -81.901  0.483 0.3000000119
3490  -21.965  -83.022  1.189 0.3000000119
3504  -19.575  -81.706  -0.482 0.3000000119
3530  -13.877  -82.902  -3.094 0.3000000119
3536  -22.051  -82.485  -3.187 0.4000000060
3538  -23.556  -83.440  -2.566 0.4000000060
3547  -14.374  -82.521  -3.049 0.3000000119
3548  -15.235  -82.283  -3.182 0.3000000119
3562  -16.815  -82.889  -4.084 0.3000000119
3584  -20.083  -82.503  -6.335 0.5000000000
3585  -20.140  -83.300  -6.725 0.5000000000
3606  -19.166  -82.158  -10.222 0.6000000238
3621  -18.872  -82.232  -12.186 0.6000000238
3629  -17.217  -82.034  -13.605 0.6000000238
3630  -18.173  -82.370  -12.944 0.6000000238
3640  -16.108  -81.792  -14.014 0.5000000000
3647  -15.885  -81.428  -14.388 0.4000000060
3946  -16.881  -81.620  4.647 0.3000000119
3947  -18.519  -81.537  4.681 0.3000000119
3990  -19.981  -81.717  1.377 0.3000000119
3991  -20.797  -81.897  1.113 0.4000000060
4045  -23.400  -81.785  -1.324 0.3000000119
4064  -20.527  -81.019  -4.045 0.5000000000
4110  -19.624  -81.191  -7.109 0.5000000000
4123  -19.446  -81.120  -8.728 0.5000000000
4138  -19.400  -81.359  -11.646 0.6999999881
4158  -18.631  -80.790  -13.473 0.6000000238
4514  -22.994  -80.239  -0.897 0.3000000119
4532  -22.101  -80.240  -1.849 0.4000000060
4557  -20.625  -80.441  -4.496 0.5000000000
4572  -12.264  -80.124  -4.919 0.6999999881
4574  -13.712  -80.247  -5.312 0.6999999881
4575  -14.494  -80.223  -5.620 0.6999999881
4594  -15.946  -80.390  -6.781 0.6000000238
4609  -11.988  -80.298  -6.572 0.6999999881
4611  -13.774  -80.633  -6.780 0.6999999881
4615  -19.863  -80.773  -7.357 0.5000000000
4635  -19.943  -80.689  -8.405 0.5000000000
4637  -22.313  -81.008  -8.818 0.5000000000
4645  -8.638  -80.147  -9.585 0.6999999881
4686  -19.185  -80.382  -13.193 0.6000000238
4693  -18.354  -80.384  -14.020 0.6000000238
4695  -19.649  -79.635  -13.448 0.6000000238
4703  -15.666  -80.794  -14.878 0.5000000000
4705  -17.358  -80.482  -14.792 0.5000000000
5074  -21.605  -80.256  -2.421 0.4000000060
5075  -22.120  -79.777  -2.210 0.5000000000
5106  -16.589  -79.093  -4.542 0.5000000000
5116  -11.491  -79.260  -5.044 0.6999999881
5133  -11.758  -79.845  -5.103 0.6999999881
5149  -17.154  -79.602  -7.059 0.5000000000
5159  -10.331  -79.754  -7.687 0.6999999881
5171  -8.880  -79.784  -9.153 0.5000000000
5177  -17.286  -78.935  -9.318 0.6000000238
5187  -16.364  -79.402  -10.219 0.6000000238
5196  -14.190  -79.091  -11.131 0.6999999881
5214  -20.404  -79.203  -13.263 0.6999999881
5222  -20.892  -78.724  -13.412 0.6000000238
5231  -18.627  -79.389  -14.660 0.6000000238
5614  -15.838  -78.287  -3.944 0.5000000000
5628  -11.675  -77.946  -4.398 0.6999999881
5632  -16.973  -78.720  -4.058 0.5000000000
5643  -11.266  -78.339  -5.058 0.6999999881
5649  -17.279  -78.972  -4.767 0.5000000000
5663  -17.660  -78.941  -5.824 0.5000000000
5685  -9.931  -78.716  -7.986 0.6999999881
5686  -10.412  -78.250  -7.191 0.6999999881
5710  -15.988  -79.052  -10.929 0.6999999881
5717  -10.730  -78.901  -11.901 0.6000000238
5723  -16.425  -78.231  -11.204 0.6999999881
5750  -14.553  -78.429  -15.078 0.4000000060
5752  -17.568  -78.824  -15.103 0.6000000238
6146  -15.923  -77.105  -3.035 0.5000000000
6170  -11.352  -77.358  -4.571 0.6999999881
6189  -12.342  -77.568  -4.321 0.6999999881
6191  -15.295  -77.934  -5.985 0.5000000000
6234  -14.313  -78.010  -7.917 0.6000000238
6249  -13.875  -77.707  -8.742 0.6000000238
6264  -13.461  -77.141  -9.357 0.5000000000
6273  -8.893  -77.952  -10.593 0.5000000000
6274  -9.421  -77.467  -10.280 0.5000000000
6275  -17.356  -77.206  -10.402 0.6000000238
6283  -14.988  -77.799  -12.072 0.6999999881
6285  -16.979  -76.584  -11.001 0.6000000238
6304  -10.981  -77.114  -13.790 0.5000000000
6306  -21.528  -77.944  -13.214 0.5000000000
6307  -22.099  -77.985  -12.669 0.5000000000
6309  -19.829  -77.089  -14.270 0.5000000000
6310  -20.530  -77.644  -14.050 0.6000000238
6311  -21.186  -77.841  -13.610 0.6000000238
6312  -10.673  -77.996  -14.364 0.4000000060
6314  -12.914  -77.645  -14.586 0.5000000000
6320  -18.471  -77.885  -14.902 0.5000000000
6321  -19.149  -77.519  -14.556 0.5000000000
6753  -11.725  -75.975  -3.707 0.6999999881
6754  -11.867  -76.680  -3.651 0.6999999881
6774  -12.449  -76.623  -3.962 0.6999999881
6775  -15.501  -76.673  -4.138 0.5000000000
6811  -12.694  -76.605  -6.408 0.6999999881
6828  -10.226  -76.792  -8.033 0.6000000238
6829  -12.713  -77.336  -7.361 0.6000000238
6844  -15.098  -75.881  -8.693 0.5000000000
6855  -12.849  -77.002  -9.281 0.5000000000
6875  -17.107  -75.361  -10.854 0.6000000238
6877  -22.373  -77.467  -11.814 0.5000000000
6880  -12.835  -76.108  -13.244 0.6000000238
6894  -13.146  -75.860  -13.710 0.5000000000
6896  -21.199  -76.997  -13.414 0.6000000238
6897  -21.616  -77.545  -13.068 0.5000000000
6902  -12.977  -76.417  -14.099 0.5000000000
6906  -11.889  -77.101  -14.186 0.4000000060
6907  -12.715  -76.971  -14.268 0.5000000000
6911  -16.234  -76.525  -14.850 0.6000000238
7438  -10.972  -75.282  -4.582 0.6000000238
7453  -10.288  -75.577  -5.323 0.6999999881
7454  -12.766  -75.516  -5.610 0.6999999881
7479  -9.981  -76.019  -7.790 0.6000000238
7480  -15.461  -75.700  -7.859 0.6000000238
7486  -9.510  -75.576  -8.372 0.6000000238
7487  -12.388  -76.324  -8.920 0.6000000238
7514  -13.409  -76.017  -10.643 0.5000000000
7525  -19.323  -74.519  -11.461 0.6000000238
7534  -20.379  -75.563  -12.804 0.6000000238
7543  -13.439  -75.769  -13.968 0.5000000000
7546  -20.184  -75.857  -13.536 0.5000000000
7551  -13.415  -76.002  -14.188 0.5000000000
7552  -14.824  -75.201  -14.217 0.5000000000
7553  -15.557  -74.946  -14.295 0.6000000238
7555  -17.558  -74.883  -14.353 0.5000000000
7559  -13.905  -76.106  -14.381 0.5000000000
7563  -17.263  -75.746  -14.615 0.5000000000
8069  -11.489  -74.199  -2.469 0.6000000238
8082  -11.038  -74.388  -3.088 0.6000000238
8083  -11.502  -74.602  -3.754 0.6000000238
8098  -9.817  -74.523  -4.308 0.6000000238
8100  -11.523  -74.649  -4.120 0.6000000238
8116  -12.608  -74.748  -4.892 0.6000000238
8130  -9.358  -74.490  -5.679 0.5000000000
8131  -12.559  -75.124  -6.828 0.6999999881
8156  -15.011  -74.271  -9.348 0.6000000238
8157  -15.342  -74.250  -8.492 0.6000000238
8201  -13.200  -74.487  -11.441 0.6000000238
8219  -19.381  -74.813  -12.582 0.5000000000
8227  -15.388  -74.566  -13.822 0.6000000238
8228  -16.730  -73.830  -13.795 0.6000000238
8229  -17.506  -73.783  -13.893 0.6000000238
8231  -19.024  -74.745  -13.517 0.5000000000
8235  -16.000  -74.251  -14.053 0.5000000000
8238  -18.800  -74.715  -13.923 0.5000000000
8723  -11.241  -73.898  -1.892 0.5000000000
8724  -11.829  -73.854  -2.319 0.6000000238
8740  -12.351  -73.669  -3.723 0.6000000238
8753  -8.673  -73.202  -4.734 0.5000000000
8755  -12.293  -73.474  -4.667 0.6000000238
8756  -12.388  -74.140  -4.268 0.6000000238
8766  -9.283  -74.145  -4.888 0.5000000000
8782  -15.529  -73.298  -6.535 0.5000000000
8799  -11.879  -73.704  -7.480 0.6000000238
8802  -15.181  -73.429  -7.984 0.6000000238
8825  -10.732  -73.656  -9.500 0.5000000000
8826  -11.023  -74.553  -10.249 0.5000000000
8827  -14.166  -72.493  -9.960 0.6000000238
8839  -13.839  -73.953  -10.950 0.6000000238
8850  -10.515  -73.617  -12.072 0.5000000000
8870  -11.685  -73.308  -12.732 0.6000000238
8871  -12.467  -73.196  -12.512 0.6000000238
8873  -17.205  -73.700  -13.392 0.6000000238
9414  -11.999  -72.865  -4.243 0.6000000238
9434  -15.365  -72.133  -5.580 0.5000000000
9451  -11.369  -72.403  -6.590 0.6000000238
9452  -14.516  -71.638  -7.137 0.5000000000
9486  -13.934  -71.512  -8.716 0.5000000000
9500  -10.106  -73.293  -10.014 0.5000000000
9501  -14.030  -71.812  -9.503 0.6000000238
9513  -9.688  -72.902  -10.775 0.5000000000
9525  -9.887  -73.056  -11.768 0.6000000238
9541  -11.348  -72.612  -13.169 0.6000000238
9543  -13.025  -72.425  -12.831 0.6000000238
10018  -11.412  -71.099  0.555 0.6000000238
10027  -11.343  -71.691  0.461 0.6000000238
10028  -11.575  -71.537  0.026 0.6000000238
10050  -11.672  -71.828  -1.794 0.5000000000
10065  -11.107  -71.293  -3.620 0.6000000238
10092  -10.792  -71.509  -5.476 0.6000000238
10093  -11.411  -72.105  -4.860 0.6000000238
10126  -9.594  -71.059  -7.581 0.5000000000
10141  -8.756  -70.728  -8.145 0.6000000238
10156  -8.895  -71.824  -10.224 0.6000000238
10167  -7.784  -70.598  -10.811 0.5000000000
10168  -8.295  -71.167  -10.748 0.6000000238
10196  -8.965  -71.049  -11.796 0.5000000000
10197  -9.602  -71.430  -12.081 0.6000000238
10198  -10.334  -71.785  -12.645 0.6000000238
10199  -11.084  -71.986  -13.174 0.6000000238
10200  -11.947  -72.064  -13.350 0.6000000238
10201  -13.547  -71.742  -12.924 0.6000000238
10203  -14.821  -71.813  -12.091 0.5000000000
10730  -7.734  -70.879  0.704 0.5000000000
10732  -10.063  -70.597  1.432 0.6000000238
10744  -11.172  -70.304  0.222 0.6999999881
10754  -11.545  -70.957  -1.117 0.6000000238
10763  -4.868  -70.660  -2.511 0.6000000238
10764  -5.417  -69.979  -2.120 0.6000000238
10765  -10.869  -70.317  -2.466 0.6000000238
10778  -10.027  -69.987  -3.770 0.6999999881
10791  -4.707  -69.764  -3.689 0.6000000238
10793  -10.439  -70.682  -4.199 0.6000000238
10805  -9.582  -70.369  -5.585 0.5000000000
10817  -10.135  -70.978  -6.136 0.6000000238
10828  -8.302  -70.214  -7.497 0.6000000238
10849  -7.222  -70.281  -9.505 0.5000000000
10875  -7.725  -70.130  -11.271 0.6000000238
10876  -8.432  -70.494  -11.713 0.5000000000
11407  -10.557  -69.760  -0.442 0.6999999881
11414  -5.984  -69.290  -1.739 0.5000000000
11415  -6.714  -69.408  -1.291 0.6000000238
11416  -7.620  -69.470  -1.147 0.6000000238
11418  -9.896  -69.512  -1.302 0.6999999881
11419  -10.676  -69.760  -1.224 0.6999999881
11424  -5.513  -68.887  -2.366 0.6000000238
11430  -5.096  -69.784  -2.848 0.5000000000
11438  -7.505  -68.977  -4.741 0.6000000238
11439  -8.159  -69.105  -4.046 0.6000000238
11440  -9.101  -69.607  -4.137 0.6000000238
11450  -4.350  -68.450  -4.666 0.6000000238
11475  -8.011  -69.891  -7.005 0.5000000000
11483  -5.913  -68.939  -8.625 0.6000000238
11518  -8.160  -69.873  -11.811 0.5000000000
11519  -9.758  -69.426  -12.042 0.5000000000
11522  -12.872  -69.283  -12.165 0.6000000238
11523  -13.853  -69.424  -12.197 0.6000000238
11532  -9.347  -70.188  -12.128 0.5000000000
11535  -12.444  -70.089  -12.425 0.6000000238
12040  -6.291  -68.422  -1.775 0.6999999881
12042  -8.099  -69.028  -1.727 0.6000000238
12048  -6.503  -67.874  -1.971 0.6999999881
12054  -4.521  -67.449  -3.798 0.6000000238
12077  -3.240  -68.580  -7.111 0.6000000238
12078  -6.019  -68.692  -7.069 0.6999999881
12079  -6.008  -68.315  -6.265 0.6000000238
12095  -5.726  -68.267  -9.343 0.6000000238
12101  -6.087  -68.463  -10.102 0.6000000238
12111  -6.763  -68.762  -10.432 0.6000000238
12115  -11.697  -67.808  -11.067 0.5000000000
12116  -12.773  -67.821  -11.273 0.5000000000
12117  -13.748  -67.800  -11.377 0.5000000000
12719  -5.972  -67.572  -1.931 0.6999999881
12733  -5.044  -66.765  -2.539 0.6000000238
12751  -6.377  -66.856  -2.882 0.6000000238
12752  -6.884  -67.588  -3.276 0.6999999881
12768  -11.086  -67.135  -4.965 0.5000000000
12784  -4.125  -66.984  -5.088 0.6000000238
12785  -6.012  -66.332  -5.288 0.6999999881
12800  -3.471  -67.872  -6.865 0.6000000238
12814  -5.746  -67.204  -8.216 0.8000000119
12820  -5.808  -67.514  -9.037 0.8000000119
12827  -7.310  -67.349  -10.027 0.6999999881
12841  -10.017  -67.504  -10.543 0.5000000000
13491  -5.456  -66.590  -2.550 0.6999999881
13505  -4.978  -66.182  -3.022 0.6999999881
13507  -6.165  -66.212  -3.489 0.6000000238
13522  -4.677  -66.009  -3.831 0.6000000238
13537  -6.253  -65.350  -5.522 0.8000000119
13552  -0.364  -66.003  -6.786 0.5000000000
13553  -1.422  -65.942  -6.995 0.6000000238
13555  -3.406  -66.904  -6.935 0.6000000238
13556  -6.048  -65.936  -6.449 0.6999999881
13569  -2.610  -67.018  -7.494 0.6000000238
13571  -6.878  -65.948  -8.331 0.8000000119
13573  -9.836  -66.795  -7.672 0.5000000000
13583  -8.445  -66.687  -8.696 0.5000000000
13586  -10.625  -66.288  -8.412 0.5000000000
13591  -6.796  -66.969  -9.456 0.6999999881
13593  -8.933  -66.902  -9.228 0.5000000000
13614  -11.776  -66.505  -10.435 0.5000000000
14246  -6.230  -64.865  2.136 0.6000000238
14247  -6.946  -65.108  2.180 0.5000000000
14289  -6.899  -65.295  1.389 0.5000000000
14298  2.066  -64.964  0.087 0.5000000000
14317  1.920  -65.517  -3.300 0.5000000000
14328  1.886  -65.691  -4.009 0.5000000000
14329  1.317  -65.180  -4.735 0.5000000000
14344  0.432  -64.739  -5.042 0.6000000238
14345  -5.088  -64.360  -5.009 0.6000000238
14347  -6.203  -64.763  -4.749 0.8000000119
14348  -9.716  -64.739  -4.676 0.6999999881
14365  -9.632  -64.850  -5.611 0.6999999881
14366  -10.199  -65.516  -5.152 0.6000000238
14378  -1.241  -65.279  -6.638 0.6000000238
14380  -3.121  -65.117  -7.019 0.6000000238
14383  -8.161  -64.790  -7.274 0.8000000119
14396  -9.268  -66.229  -7.559 0.6000000238
15091  -5.585  -64.531  2.104 0.6000000238
15093  -7.333  -64.817  2.466 0.5000000000
15111  -3.825  -64.399  1.273 0.6000000238
15113  -5.741  -64.853  1.704 0.6000000238
15114  -6.526  -65.144  1.830 0.6000000238
15129  -2.701  -64.469  0.403 0.6000000238
15130  -3.454  -64.582  0.688 0.6000000238
15135  -8.011  -65.080  0.325 0.6000000238
15143  1.702  -64.100  -0.696 0.6000000238
15146  -2.379  -64.407  -0.379 0.6000000238
15160  -0.108  -63.814  -2.034 0.6999999881
15163  -2.796  -64.309  -1.024 0.6000000238
15164  -8.077  -63.758  -1.020 0.6999999881
15175  0.293  -64.052  -3.277 0.6000000238
15176  -1.215  -64.153  -2.989 0.6999999881
15177  -1.904  -64.226  -2.393 0.8000000119
15190  0.538  -64.215  -3.864 0.6000000238
15195  -9.233  -64.321  -4.203 0.6000000238
15208  -0.986  -64.164  -4.688 0.6999999881
15209  -2.095  -63.786  -4.890 0.8000000119
15210  -4.550  -63.513  -5.198 0.6999999881
15213  -7.160  -64.339  -4.453 0.8000000119
15214  -8.059  -64.303  -4.774 0.8000000119
15226  -1.489  -64.256  -5.580 0.6999999881
15229  -3.946  -63.925  -5.780 0.6999999881
15232  -8.340  -64.357  -5.566 0.8000000119
15247  -2.838  -64.437  -6.721 0.6999999881
15248  -7.172  -64.739  -6.043 0.8000000119
16032  -5.013  -64.103  2.186 0.5000000000
16035  -7.351  -64.002  2.555 0.5000000000
16052  2.232  -63.840  1.458 0.6000000238
16053  -3.470  -64.035  1.465 0.6000000238
16065  1.918  -63.439  0.501 0.6000000238
16066  -1.491  -63.770  -0.019 0.5000000000
16071  1.576  -63.412  -0.347 0.6000000238
16073  -0.540  -63.257  -0.542 0.5000000000
16075  -6.447  -63.641  -0.668 0.6000000238
16076  -7.266  -63.446  -1.089 0.6999999881
16080  0.827  -63.472  -1.567 0.6999999881
16083  -4.677  -63.513  -0.973 0.6999999881
16089  1.044  -63.741  -1.897 0.6000000238
16091  0.446  -63.909  -2.590 0.6999999881
16092  -2.501  -63.643  -3.009 0.8000000119
16094  -6.100  -62.785  -2.318 0.8000000119
16096  -7.870  -63.405  -2.746 0.6000000238
16101  -3.255  -62.861  -3.890 0.6999999881
16103  -5.796  -62.529  -3.735 0.8000000119
16104  -6.489  -62.978  -3.559 0.8000000119
16105  -8.144  -63.789  -3.456 0.6999999881
16112  -3.579  -62.901  -4.829 0.6999999881
16114  -5.859  -63.040  -4.243 0.6999999881
16120  -3.007  -63.435  -5.315 0.6999999881
16920  -4.781  -63.400  2.106 0.6000000238
16921  -5.454  -63.268  2.252 0.5000000000
16922  -6.251  -63.131  2.316 0.5000000000
16923  -7.053  -63.104  2.342 0.5000000000
16938  -3.597  -63.278  1.603 0.6000000238
16940  -5.156  -62.597  1.849 0.5000000000
16943  -8.219  -62.333  1.870 0.5000000000
16958  -1.746  -63.273  0.568 0.6999999881
16959  -2.328  -63.073  0.939 0.6000000238
16968  1.200  -62.781  -0.464 0.6000000238
16969  0.728  -62.540  -0.337 0.6999999881
16970  0.299  -62.696  -0.534 0.6999999881
16971  -1.166  -62.742  0.118 0.6000000238
16974  0.892  -63.045  -1.014 0.6999999881
16978  -5.030  -62.453  -3.641 0.6000000238
16988  -5.253  -62.562  -4.250 0.6000000238
17773  1.611  -61.105  3.440 0.6000000238
17789  1.835  -61.724  2.222 0.6000000238
17790  1.066  -61.221  1.087 0.6999999881
17792  -4.814  -62.041  1.330 0.5000000000
17794  -6.330  -61.807  1.418 0.5000000000
17808  0.061  -61.057  0.415 0.6999999881
17811  -4.439  -61.564  0.692 0.6000000238
17813  -6.184  -61.328  0.832 0.6000000238
17832  -3.131  -61.164  -0.007 0.5000000000
17847  -8.970  -61.272  -2.286 0.5000000000
17862  -9.913  -61.787  -3.251 0.4000000060
17863  -11.373  -61.944  -2.976 0.4000000060
17869  -8.502  -61.184  -3.793 0.4000000060
17872  -11.119  -62.042  -4.091 0.4000000060
17878  -8.779  -61.158  -4.206 0.4000000060
17879  -9.371  -61.347  -4.537 0.4000000060
17881  -11.413  -61.928  -5.251 0.4000000060
17882  -12.332  -61.708  -5.195 0.4000000060
17889  -10.629  -61.592  -5.726 0.4000000060
17890  -11.513  -61.468  -6.195 0.4000000060
17891  -12.476  -61.510  -6.097 0.4000000060
17892  -13.356  -61.120  -6.153 0.4000000060
17901  -12.137  -61.224  -6.644 0.4000000060
17903  -13.463  -60.786  -6.506 0.4000000060
18630  0.503  -60.083  1.376 0.6999999881
18631  -8.428  -61.121  1.060 0.5000000000
18643  -0.041  -60.234  0.707 0.6999999881
18645  -4.935  -61.101  0.009 0.6000000238
18646  -5.835  -60.910  0.163 0.6000000238
18667  -2.793  -60.518  -0.595 0.6000000238
18671  -7.738  -60.439  0.061 0.5000000000
18672  -8.529  -60.522  -0.133 0.5000000000
18689  -2.560  -59.825  -0.961 0.6999999881
18690  -3.148  -59.999  -1.397 0.6000000238
18693  -6.343  -60.688  -1.329 0.6000000238
18694  -7.481  -60.867  -2.405 0.5000000000
18696  -9.244  -61.056  -1.365 0.5000000000
18709  -4.688  -60.239  -2.492 0.5000000000
18710  -5.238  -60.234  -3.174 0.5000000000
18711  -6.872  -60.667  -3.368 0.6000000238
18723  -5.771  -60.046  -3.646 0.5000000000
18724  -6.471  -60.270  -3.808 0.5000000000
18726  -8.130  -60.893  -4.067 0.6000000238
18727  -13.692  -60.897  -4.570 0.4000000060
18738  -7.882  -60.509  -4.157 0.5000000000
18740  -9.529  -61.085  -4.978 0.4000000060
18743  -14.861  -60.677  -5.080 0.4000000060
18752  -10.770  -61.008  -6.361 0.4000000060
18755  -14.886  -60.646  -6.015 0.3000000119
18766  -12.374  -60.717  -6.748 0.4000000060
18767  -13.135  -60.516  -6.649 0.4000000060
18769  -14.676  -60.237  -6.504 0.3000000119
19454  0.376  -59.386  4.177 0.6000000238
19464  0.220  -58.753  3.831 0.6000000238
19467  -3.991  -59.569  3.702 0.5000000000
19480  0.826  -59.414  3.109 0.6999999881
19495  0.510  -59.380  2.098 0.6999999881
19496  0.005  -59.428  1.187 0.8000000119
19524  -1.905  -59.083  -0.384 0.6999999881
19562  -3.421  -59.327  -2.123 0.6000000238
19577  -4.376  -59.106  -3.285 0.6000000238
19578  -5.153  -59.462  -3.705 0.6000000238
19580  -7.026  -59.911  -4.106 0.5000000000
19581  -8.390  -59.263  -4.106 0.4000000060
19596  -8.424  -60.224  -4.416 0.4000000060
19599  -11.745  -59.230  -5.405 0.4000000060
19605  -10.478  -60.498  -5.858 0.4000000060
19619  -11.971  -60.250  -6.574 0.4000000060
19621  -13.517  -59.873  -6.605 0.4000000060
19622  -14.364  -59.781  -6.711 0.4000000060
20316  -0.065  -58.096  3.660 0.6999999881
20320  -5.230  -58.781  3.718 0.5000000000
20329  -0.074  -57.795  2.848 0.6999999881
20341  0.035  -58.629  1.899 0.8000000119
20355  -11.264  -58.448  -0.144 0.4000000060
20371  -1.885  -58.368  0.096 0.6999999881
20373  -9.949  -58.107  -1.065 0.5000000000
20374  -10.817  -58.556  -0.914 0.5000000000
20392  -2.778  -58.731  -1.278 0.6000000238
20396  -11.291  -58.756  -1.755 0.4000000060
20409  -3.511  -58.607  -2.127 0.5000000000
20410  -3.854  -58.857  -2.758 0.6000000238
20411  -4.384  -58.473  -2.999 0.5000000000
20427  -6.691  -58.767  -4.067 0.5000000000
20428  -8.294  -58.427  -3.732 0.5000000000
20431  -10.853  -59.158  -3.924 0.4000000060
21219  -0.470  -57.518  3.364 0.6999999881
21220  -1.161  -57.105  3.388 0.6999999881
21221  -2.231  -57.288  3.474 0.6999999881
21233  -0.744  -57.090  2.887 0.6999999881
21235  -11.155  -57.028  2.200 0.4000000060
21245  -1.258  -56.881  1.738 0.6999999881
21256  -1.007  -57.400  1.477 0.6999999881
21258  -2.099  -57.097  0.795 0.6000000238
21259  -9.842  -57.215  1.079 0.4000000060
21260  -10.630  -57.684  0.970 0.5000000000
21262  -12.372  -57.726  0.447 0.3000000119
21275  -1.860  -57.702  0.573 0.8000000119
21277  -3.150  -57.848  -0.344 0.6000000238
21293  -2.828  -58.353  -0.727 0.6000000238
21296  -5.279  -57.447  -1.638 0.5000000000
21310  -7.852  -57.060  -2.861 0.4000000060
21321  -5.657  -57.883  -3.443 0.5000000000
21323  -7.524  -57.829  -3.687 0.5000000000
22057  -1.843  -56.641  3.115 0.6999999881
22061  -11.003  -56.315  3.047 0.4000000060
22069  -1.088  -56.790  2.330 0.6999999881
22070  -2.102  -56.059  2.517 0.6999999881
22073  -5.103  -55.130  3.422 0.5000000000
22075  -11.591  -56.590  2.536 0.4000000060
22085  -1.552  -56.398  2.033 0.6999999881
22087  -9.777  -56.642  1.755 0.4000000060
22088  -12.031  -56.897  1.858 0.3000000119
22102  -2.388  -56.353  1.118 0.6000000238
22105  -12.843  -56.615  0.529 0.3000000119
22130  -5.740  -56.352  -0.333 0.4000000060
22146  -5.756  -56.951  -1.027 0.4000000060
22148  -7.670  -56.495  -1.586 0.4000000060
22165  -6.706  -56.876  -2.346 0.4000000060
22166  -7.390  -56.758  -2.334 0.4000000060
22167  -7.935  -56.797  -2.143 0.4000000060
22893  -6.261  -55.938  4.149 0.5000000000
22894  -6.285  -55.531  4.030 0.5000000000
22911  -11.436  -55.684  3.440 0.4000000060
22923  -3.907  -54.404  2.721 0.6000000238
22926  -11.944  -56.074  2.941 0.3000000119
22943  -3.265  -54.814  1.698 0.6000000238
22962  -2.788  -55.607  1.408 0.5000000000
22984  -6.029  -55.713  -0.068 0.5000000000
23005  -8.012  -56.118  -0.876 0.5000000000
23707  -6.869  -54.617  9.620 0.3000000119
23709  -9.115  -54.559  9.032 0.3000000119
23744  -5.911  -55.392  4.449 0.5000000000
23764  -10.712  -54.174  4.355 0.4000000060
23786  -9.891  -54.416  3.791 0.4000000060
23807  -3.467  -54.258  2.091 0.6000000238
23831  -4.218  -53.979  1.586 0.6000000238
23833  -8.710  -55.092  1.380 0.5000000000
23850  -3.902  -54.627  1.295 0.6000000238
23852  -5.624  -54.387  0.784 0.5000000000
23853  -6.482  -54.377  0.659 0.5000000000
23854  -7.221  -54.480  0.663 0.6000000238
23855  -7.766  -54.610  0.810 0.5000000000
23872  -6.295  -55.024  0.288 0.4000000060
24556  -7.513  -54.375  8.489 0.3000000119
24632  -5.882  -53.779  3.992 0.5000000000
24666  -4.602  -53.349  1.861 0.4000000060
24669  -9.206  -53.837  3.018 0.4000000060
24685  -5.300  -53.036  1.542 0.5000000000
24706  -7.482  -53.997  1.165 0.5000000000
25408  -9.225  -53.168  7.641 0.3000000119
25424  -10.335  -51.918  7.024 0.4000000060
25436  -10.318  -51.719  5.164 0.4000000060
25438  -12.035  -53.062  5.919 0.4000000060
25453  -5.285  -51.915  4.043 0.4000000060
25454  -5.573  -52.740  3.946 0.4000000060
25455  -10.042  -52.020  4.559 0.4000000060
25483  -8.367  -52.264  2.367 0.5000000000
25484  -8.803  -52.993  2.601 0.5000000000
26282  -5.000  -50.931  4.393 0.4000000060
26317  -6.715  -51.099  2.260 0.4000000060
26319  -8.569  -51.498  2.762 0.5000000000
27056  -7.251  -49.849  6.927 0.4000000060
27086  -8.923  -49.784  5.438 0.5000000000
27099  -4.784  -50.092  5.055 0.4000000060
27117  -7.213  -49.815  3.054 0.4000000060
27118  -8.120  -49.951  3.065 0.4000000060
27137  -6.207  -50.574  3.040 0.4000000060
27138  -6.657  -50.507  2.773 0.4000000060
27883  -6.067  -49.351  6.737 0.4000000060
27898  -6.364  -49.176  6.307 0.4000000060
27920  -6.675  -49.024  5.583 0.3000000119
27921  -7.492  -48.951  5.184 0.3000000119
27940  -8.366  -49.160  4.779 0.4000000060
27953  -8.414  -49.316  3.829 0.4000000060
109500  -5.406  -51.982  2.559 0.4000000060
109700  -6.779  -69.625  -8.217 0.6000000238
110109  -7.764  -69.508  -11.269 0.5000000000
110185  -7.363  -69.638  -6.944 0.5000000000
110210  -7.022  -60.506  -0.561 0.6000000238
110228  -10.998  -78.972  -5.700 0.6999999881
110402  -12.643  -61.406  -3.465 0.4000000060
110605  -5.651  -57.362  3.709 0.5000000000
110764  -10.271  -76.040  -5.939 0.6999999881
110946  -11.594  -58.822  -3.611 0.4000000060
111415  -22.005  -84.510  -3.740 0.5000000000
111503  -12.495  -71.535  -13.186 0.6000000238
111559  -9.701  -55.538  2.875 0.4000000060
111962  -17.588  -79.121  -6.746 0.5000000000
112206  -16.188  -80.885  -14.832 0.5000000000
112301  -18.960  -81.546  -12.465 0.6999999881
112334  -15.612  -75.376  -7.095 0.6000000238
112499  -6.082  -55.921  3.809 0.5000000000
112645  -16.087  -78.158  -15.093 0.5000000000
112820  -12.658  -77.287  -4.767 0.6999999881
112856  -9.592  -75.793  -9.243 0.5000000000
112872  -6.152  -57.312  -2.956 0.5000000000
112901  -4.384  -66.093  -4.826 0.6000000238
112954  -19.762  -80.794  -9.254 0.5000000000
113328  -13.097  -77.944  -7.082 0.6000000238
113397  -8.213  -55.074  0.724 0.5000000000
113826  -15.454  -73.672  -7.207 0.6000000238
113855  -7.630  -68.756  -10.833 0.5000000000
113920  -10.555  -61.932  -4.970 0.4000000060
114178  -11.614  -72.562  -1.452 0.5000000000
114220  -4.453  -60.883  -0.864 0.5000000000
114501  -8.762  -50.724  3.225 0.4000000060
114504  -9.712  -56.049  2.393 0.4000000060
114720  -5.908  -54.552  4.444 0.5000000000
114985  -8.938  -64.059  -3.499 0.6000000238
115484  -21.149  -80.016  -3.789 0.5000000000
115564  -16.944  -78.315  -15.100 0.6000000238
115691  -7.370  -68.411  -3.873 0.6000000238
115704  -9.445  -65.107  -6.462 0.6999999881
115718  -16.542  -81.716  -14.006 0.5000000000
116037  -7.171  -70.467  -0.218 0.5000000000
116087  -19.705  -76.226  -14.115 0.5000000000
116098  -9.041  -54.380  2.419 0.4000000060
116109  -12.247  -76.466  -13.293 0.6000000238
116168  -9.221  -71.673  -9.256 0.5000000000
116493  -12.776  -57.225  0.310 0.3000000119
116640  -17.868  -76.436  -14.718 0.5000000000
116801  -10.602  -77.586  -6.583 0.6999999881
116882  -11.083  -70.204  -1.602 0.6000000238
117215  -3.869  -58.131  -1.707 0.5000000000
117520  -9.550  -57.588  -0.365 0.5000000000
117753  -12.214  -77.468  -14.328 0.5000000000
118627  -10.863  -67.348  -10.596 0.5000000000
118649  -5.779  -68.531  -7.842 0.6000000238
118713  -13.085  -79.274  -15.026 0.5000000000
118887  -17.731  -73.651  -11.818 0.6000000238
119019  -17.217  -84.658  -10.585 0.5000000000
119062  -4.379  -57.068  -0.212 0.5000000000
119112  -5.643  -58.245  3.819 0.5000000000
119433  -20.305  -80.402  -6.026 0.5000000000
119459  -12.722  -66.530  -10.575 0.5000000000
119568  -12.975  -56.924  -0.194 0.3000000119
119671  -25.163  -84.996  -0.069 0.4000000060
119845  -8.897  -69.975  -5.981 0.6000000238
120559  -14.445  -80.650  -7.412 0.6999999881
120848  -12.340  -78.378  -4.617 0.6999999881
121105  -17.055  -79.552  -7.826 0.4000000060
121366  -6.100  -54.455  4.207 0.5000000000
121408  -27.554  -84.574  7.345 0.3000000119
121450  1.651  -64.816  -2.873 0.5000000000
121564  -17.434  -85.570  -8.461 0.5000000000
122050  -15.583  -76.290  -14.778 0.5000000000
122166  -12.601  -76.428  -9.788 0.6000000238
122272  -6.730  -54.483  8.848 0.3000000119
122278  -20.024  -82.334  1.754 0.3000000119
122376  -11.513  -73.587  -8.156 0.6000000238
122386  -16.602  -75.892  -14.710 0.6000000238
122441  -4.140  -57.642  3.395 0.6000000238
122464  -14.309  -82.893  -4.382 0.4000000060
122593  -22.543  -87.451  6.016 0.3000000119
122774  -25.113  -85.646  6.527 0.3000000119
123435  -18.984  -80.063  -13.718 0.6000000238
123661  -4.819  -62.616  -2.815 0.6000000238
123702  -6.104  -56.775  3.837 0.5000000000
123742  -9.269  -72.299  -10.678 0.6000000238
123798  -13.544  -78.455  -6.025 0.6000000238
123858  -21.234  -88.355  3.898 0.3000000119
123868  -15.489  -80.454  -8.238 0.6999999881
124133  -12.402  -73.750  -5.985 0.5000000000
124174  -3.290  -63.726  -1.709 0.6000000238
124200  -0.939  -64.767  -6.023 0.6000000238
124512  -8.735  -64.708  -6.706 0.6999999881
124794  -13.179  -71.505  -13.114 0.6000000238
124910  -22.019  -87.726  5.210 0.3000000119
124946  -8.642  -70.193  -11.998 0.5000000000
125221  -12.083  -77.921  -4.265 0.6999999881
125283  -9.802  -72.439  -12.075 0.6000000238
125315  -5.794  -66.639  -7.373 0.6999999881
125456  -19.572  -84.066  -7.903 0.5000000000
125619  2.260  -63.454  2.078 0.6000000238
125990  -24.559  -83.690  -1.960 0.3000000119
126282  1.019  -59.750  3.760 0.6000000238
126695  -10.724  -58.120  0.366 0.5000000000
126717  -4.264  -62.873  -5.025 0.6000000238
127025  -20.637  -80.400  -10.851 0.5000000000
127090  -2.087  -59.661  -0.601 0.6999999881
127251  -9.732  -51.640  7.222 0.5000000000
127284  -20.989  -82.656  5.219 0.3000000119
127381  -11.302  -73.977  -12.247 0.5000000000
127618  -11.977  -75.656  -10.617 0.5000000000
127767  -19.093  -75.877  -14.249 0.5000000000
128174  -13.541  -78.154  -7.142 0.6000000238
128268  -17.777  -82.280  -13.312 0.6000000238
128296  -8.895  -56.323  0.287 0.5000000000
128673  -16.343  -80.976  -14.715 0.5000000000
128771  -6.276  -49.111  5.211 0.3000000119
129095  -22.989  -84.170  2.568 0.3000000119
129159  -13.207  -77.152  -14.487 0.5000000000
129171  -25.118  -85.296  0.891 0.3000000119
129283  -6.106  -67.157  -9.350 0.6999999881
129892  -8.404  -69.697  -5.577 0.6000000238
129899  1.587  -62.989  -0.037 0.6000000238
130100  -14.988  -74.809  -13.581 0.6999999881
130153  -13.704  -83.837  -2.868 0.3000000119
130276  -16.225  -81.620  4.642 0.3000000119
130306  -8.372  -53.969  1.698 0.5000000000
130513  -5.383  -52.195  3.336 0.4000000060
130537  -12.008  -57.672  0.922 0.3000000119
130628  -6.763  -54.616  9.244 0.3000000119
130716  0.897  -60.644  1.489 0.6999999881
130892  -6.742  -70.108  -0.812 0.6000000238
130896  1.501  -61.565  1.463 0.6999999881
131201  -19.038  -81.865  4.755 0.3000000119
