#!ascii label  , from subject sub-v1s0x0050665_ses-1 vox2ras=TkReg
618
16864  -44.758  -62.507  7.122 0.0000000000
13421  -38.221  -66.357  1.594 0.0000000000
19313  -48.688  -58.598  13.851 0.0000000000
15087  -43.930  -64.658  3.406 0.0000000000
20256  -43.999  -58.846  9.891 0.0000000000
126807  -45.665  -64.798  13.503 0.0000000000
20213  -40.089  -58.625  12.627 0.0000000000
21057  -32.941  -57.730  14.971 0.0000000000
21038  -45.260  -56.993  14.566 0.0000000000
19363  -46.545  -59.010  11.112 0.0000000000
22838  -47.506  -55.363  14.000 0.0000000000
17647  -43.074  -61.639  12.485 0.0000000000
119298  -38.906  -61.615  12.534 0.0000000000
25284  -32.474  -52.764  17.542 0.0000000000
23623  -33.849  -54.441  14.292 0.0000000000
122043  -42.522  -67.635  5.340 0.0000000000
14267  -40.948  -66.083  2.198 0.0000000000
10722  -39.055  -69.983  1.176 0.0000000000
10735  -37.302  -70.860  0.293 0.0000000000
17695  -48.286  -61.171  9.342 0.0000000000
15052  -45.479  -64.173  5.497 0.0000000000
18607  -43.784  -60.828  5.419 0.0000000000
16892  -40.801  -62.219  4.990 0.0000000000
17608  -47.608  -62.062  13.369 0.0000000000
20191  -43.495  -58.687  13.303 0.0000000000
21942  -40.224  -56.011  13.608 0.0000000000
17623  -34.788  -61.629  13.766 0.0000000000
20187  -35.998  -58.057  13.132 0.0000000000
23645  -36.669  -54.551  13.475 0.0000000000
120492  -38.393  -52.060  13.502 0.0000000000
11368  -41.317  -69.777  3.953 0.0000000000
15995  -36.062  -63.526  5.202 0.0000000000
13444  -35.721  -66.200  0.732 0.0000000000
11374  -31.766  -69.516  2.747 0.0000000000
117844  -44.159  -55.115  14.608 0.0000000000
22775  -47.258  -55.559  15.029 0.0000000000
15055  -43.658  -65.184  5.884 0.0000000000
14266  -39.914  -66.013  2.361 0.0000000000
12033  -39.199  -68.404  -0.089 0.0000000000
12698  -38.107  -67.920  -0.198 0.0000000000
120927  -36.216  -70.231  0.911 0.0000000000
12025  -36.553  -68.293  0.845 0.0000000000
18520  -48.878  -60.359  11.626 0.0000000000
19378  -48.463  -59.983  10.527 0.0000000000
19375  -45.160  -59.201  9.954 0.0000000000
19411  -44.751  -59.671  8.326 0.0000000000
19436  -43.646  -59.770  7.288 0.0000000000
17758  -42.415  -61.386  5.163 0.0000000000
19447  -42.643  -60.006  6.599 0.0000000000
16765  -48.181  -62.928  12.791 0.0000000000
15865  -46.892  -63.453  13.485 0.0000000000
119941  -41.764  -59.881  12.527 0.0000000000
19351  -43.613  -59.963  12.772 0.0000000000
20189  -41.530  -58.195  13.040 0.0000000000
21086  -42.259  -57.764  13.446 0.0000000000
125128  -40.447  -57.286  13.226 0.0000000000
19310  -33.830  -60.254  14.163 0.0000000000
19326  -35.112  -59.684  13.205 0.0000000000
119717  -34.347  -57.956  13.675 0.0000000000
25302  -34.324  -52.239  14.333 0.0000000000
23643  -35.295  -54.309  13.582 0.0000000000
25318  -35.549  -52.558  13.670 0.0000000000
24489  -37.788  -53.604  13.473 0.0000000000
15088  -44.668  -64.381  3.845 0.0000000000
130233  -43.783  -66.458  4.665 0.0000000000
13406  -43.070  -66.733  3.263 0.0000000000
9992  -38.508  -71.980  2.959 0.0000000000
15993  -34.018  -63.529  5.271 0.0000000000
120333  -35.923  -64.759  3.948 0.0000000000
12665  -32.316  -67.462  2.586 0.0000000000
20151  -46.493  -57.658  14.546 0.0000000000
20233  -48.109  -59.014  12.073 0.0000000000
21112  -48.344  -57.047  13.766 0.0000000000
21111  -47.441  -57.104  13.026 0.0000000000
20230  -45.059  -58.169  11.321 0.0000000000
16762  -44.360  -62.551  12.902 0.0000000000
17645  -41.219  -61.281  12.429 0.0000000000
18502  -39.097  -60.085  12.491 0.0000000000
22770  -32.486  -55.673  16.092 0.0000000000
21941  -33.261  -56.175  14.681 0.0000000000
112949  -32.886  -53.970  15.417 0.0000000000
26138  -33.289  -51.419  15.382 0.0000000000
27819  -34.514  -49.904  14.675 0.0000000000
14242  -42.426  -65.641  2.705 0.0000000000
12668  -41.799  -67.433  2.143 0.0000000000
12681  -40.461  -67.686  0.934 0.0000000000
10022  -37.820  -70.720  0.355 0.0000000000
9322  -36.708  -72.554  0.652 0.0000000000
9991  -35.391  -72.298  2.734 0.0000000000
10000  -34.025  -71.038  2.560 0.0000000000
9988  -32.375  -71.505  3.325 0.0000000000
17736  -46.621  -62.007  7.718 0.0000000000
121872  -45.599  -63.259  6.486 0.0000000000
17761  -46.802  -62.151  5.579 0.0000000000
17772  -45.518  -62.154  4.575 0.0000000000
19413  -47.120  -60.177  8.448 0.0000000000
18598  -45.468  -60.505  6.292 0.0000000000
16908  -44.241  -62.699  4.122 0.0000000000
16015  -42.754  -63.396  3.803 0.0000000000
16014  -40.831  -63.524  4.205 0.0000000000
15070  -39.570  -64.264  4.210 0.0000000000
16822  -47.774  -61.890  10.910 0.0000000000
16802  -48.457  -61.766  11.738 0.0000000000
18487  -48.430  -60.292  13.118 0.0000000000
17649  -44.800  -61.276  12.752 0.0000000000
18484  -45.346  -60.365  13.077 0.0000000000
19311  -46.604  -59.095  13.954 0.0000000000
120717  -44.562  -57.557  14.224 0.0000000000
21944  -42.449  -56.472  13.974 0.0000000000
22801  -41.400  -55.158  13.937 0.0000000000
17642  -37.102  -61.519  12.682 0.0000000000
18500  -37.265  -60.034  12.576 0.0000000000
20210  -37.334  -58.606  12.717 0.0000000000
21964  -34.371  -56.478  13.773 0.0000000000
21966  -35.791  -56.679  13.443 0.0000000000
21083  -38.181  -56.994  13.099 0.0000000000
108774  -38.359  -55.383  13.517 0.0000000000
23625  -39.320  -54.285  13.595 0.0000000000
13400  -43.700  -66.282  5.070 0.0000000000
12006  -42.160  -69.100  4.898 0.0000000000
11378  -40.643  -69.306  2.585 0.0000000000
9993  -39.399  -71.585  3.859 0.0000000000
120318  -40.589  -60.877  6.013 0.0000000000
16904  -39.344  -62.993  4.917 0.0000000000
14238  -38.360  -65.418  3.490 0.0000000000
15080  -36.777  -65.153  3.604 0.0000000000
14264  -36.989  -66.045  1.357 0.0000000000
12024  -35.594  -68.252  1.477 0.0000000000
10703  -33.080  -69.908  2.382 0.0000000000
23605  -43.366  -54.693  14.484 0.0000000000
15049  -43.095  -64.498  6.256 0.0000000000
16879  -44.257  -63.083  6.682 0.0000000000
13422  -39.346  -66.459  1.592 0.0000000000
13466  -39.241  -67.427  0.149 0.0000000000
13465  -38.341  -67.307  -0.028 0.0000000000
12697  -37.391  -67.910  0.115 0.0000000000
13464  -37.413  -67.160  0.031 0.0000000000
114274  -48.791  -59.735  12.118 0.0000000000
19366  -48.741  -59.884  11.407 0.0000000000
20234  -48.589  -59.275  12.309 0.0000000000
19387  -44.013  -59.304  9.054 0.0000000000
131177  -44.514  -59.231  9.523 0.0000000000
19410  -43.760  -59.548  8.133 0.0000000000
122462  -42.951  -59.754  7.073 0.0000000000
19409  -42.762  -59.492  7.844 0.0000000000
14148  -45.763  -65.496  13.112 0.0000000000
14137  -46.379  -64.847  13.385 0.0000000000
14947  -47.389  -64.000  13.318 0.0000000000
15864  -46.044  -64.069  13.542 0.0000000000
19348  -40.329  -59.281  12.518 0.0000000000
20215  -41.669  -59.065  12.716 0.0000000000
20214  -40.877  -58.785  12.672 0.0000000000
20188  -40.649  -58.048  12.897 0.0000000000
21109  -39.824  -57.878  12.841 0.0000000000
21037  -32.645  -57.557  15.861 0.0000000000
20136  -32.806  -58.204  16.270 0.0000000000
124320  -32.792  -58.253  15.529 0.0000000000
111256  -33.012  -59.506  15.069 0.0000000000
20166  -33.097  -58.672  14.782 0.0000000000
20184  -33.843  -58.718  13.946 0.0000000000
21078  -33.543  -57.884  14.219 0.0000000000
26147  -34.676  -51.379  14.269 0.0000000000
25317  -34.906  -52.643  13.905 0.0000000000
25319  -36.325  -52.268  13.542 0.0000000000
26986  -35.883  -50.523  13.813 0.0000000000
14243  -43.831  -65.489  3.414 0.0000000000
120716  -43.193  -65.901  2.962 0.0000000000
14261  -34.585  -65.434  1.412 0.0000000000
13420  -33.783  -66.531  1.651 0.0000000000
13419  -32.823  -66.590  2.063 0.0000000000
21039  -46.066  -57.141  14.633 0.0000000000
20153  -48.169  -57.163  14.507 0.0000000000
21040  -47.011  -56.900  14.776 0.0000000000
21971  -47.822  -55.642  14.394 0.0000000000
21986  -47.861  -56.206  13.832 0.0000000000
21132  -45.592  -57.772  11.846 0.0000000000
21110  -45.937  -56.977  12.353 0.0000000000
118694  -40.370  -61.041  12.443 0.0000000000
118695  -39.468  -60.894  12.477 0.0000000000
120857  -32.361  -55.157  16.704 0.0000000000
23594  -32.304  -54.371  16.903 0.0000000000
23603  -32.519  -54.699  15.895 0.0000000000
110659  -32.477  -53.711  16.150 0.0000000000
26972  -33.713  -50.886  15.139 0.0000000000
12003  -42.009  -68.945  5.280 0.0000000000
14241  -41.480  -65.531  2.708 0.0000000000
12682  -41.157  -67.233  1.560 0.0000000000
13424  -41.180  -66.699  1.752 0.0000000000
11398  -38.147  -69.404  0.074 0.0000000000
11399  -38.751  -69.087  0.027 0.0000000000
10736  -37.727  -70.396  0.315 0.0000000000
10011  -36.974  -72.169  0.250 0.0000000000
9312  -36.013  -72.388  1.369 0.0000000000
113935  -35.393  -70.284  1.367 0.0000000000
129980  -35.369  -71.000  1.127 0.0000000000
10719  -34.765  -70.859  1.709 0.0000000000
9989  -33.281  -71.493  3.336 0.0000000000
10704  -33.789  -70.395  2.203 0.0000000000
17715  -47.402  -61.519  8.305 0.0000000000
16866  -47.182  -62.314  6.892 0.0000000000
16910  -45.896  -62.568  4.662 0.0000000000
17749  -46.579  -61.552  5.590 0.0000000000
19364  -47.700  -59.342  10.991 0.0000000000
19376  -46.603  -59.414  10.216 0.0000000000
18580  -45.244  -60.180  7.000 0.0000000000
125725  -44.692  -60.989  5.256 0.0000000000
17770  -43.760  -61.930  4.552 0.0000000000
17757  -41.466  -61.595  5.213 0.0000000000
127150  -41.531  -62.265  4.742 0.0000000000
115013  -41.201  -62.840  4.488 0.0000000000
15071  -40.444  -64.226  3.941 0.0000000000
16905  -40.321  -62.886  4.695 0.0000000000
15867  -47.977  -62.595  13.288 0.0000000000
16785  -48.430  -62.042  12.466 0.0000000000
17609  -48.191  -61.941  13.201 0.0000000000
17629  -48.482  -61.312  12.816 0.0000000000
17628  -48.071  -61.278  13.340 0.0000000000
16782  -43.742  -62.161  12.649 0.0000000000
17626  -45.009  -62.083  12.860 0.0000000000
17648  -43.943  -61.372  12.560 0.0000000000
115055  -43.818  -59.305  13.088 0.0000000000
19328  -44.468  -59.718  13.095 0.0000000000
112461  -46.177  -59.825  13.563 0.0000000000
128879  -45.098  -58.722  13.785 0.0000000000
20168  -44.869  -58.241  13.983 0.0000000000
20167  -44.016  -58.107  13.770 0.0000000000
21970  -40.750  -56.559  13.552 0.0000000000
21059  -42.806  -57.204  13.826 0.0000000000
109539  -41.073  -55.886  13.774 0.0000000000
119162  -41.969  -55.791  14.006 0.0000000000
22800  -40.514  -55.308  13.724 0.0000000000
17625  -36.292  -61.508  12.932 0.0000000000
20186  -35.558  -58.786  13.075 0.0000000000
115455  -36.526  -59.963  12.671 0.0000000000
19344  -36.884  -59.345  12.644 0.0000000000
19345  -37.771  -59.317  12.590 0.0000000000
21106  -36.862  -57.955  12.984 0.0000000000
22796  -33.541  -55.261  14.466 0.0000000000
22815  -33.932  -55.877  14.021 0.0000000000
22797  -34.238  -55.099  13.900 0.0000000000
23644  -35.823  -54.819  13.494 0.0000000000
22817  -35.582  -55.720  13.514 0.0000000000
125135  -36.322  -56.061  13.467 0.0000000000
120249  -36.729  -56.605  13.359 0.0000000000
22818  -37.064  -55.906  13.473 0.0000000000
21968  -38.485  -56.187  13.434 0.0000000000
23646  -37.445  -55.114  13.482 0.0000000000
25321  -38.140  -52.800  13.491 0.0000000000
23647  -38.327  -54.461  13.508 0.0000000000
24469  -38.845  -53.506  13.545 0.0000000000
116198  -39.677  -53.715  13.628 0.0000000000
15989  -45.573  -63.838  5.920 0.0000000000
15056  -44.392  -65.108  5.625 0.0000000000
14228  -44.329  -65.493  5.122 0.0000000000
12012  -42.553  -68.413  4.305 0.0000000000
12653  -43.066  -67.799  4.707 0.0000000000
11367  -41.783  -69.656  4.729 0.0000000000
10684  -41.350  -70.202  4.858 0.0000000000
10692  -40.817  -70.549  4.340 0.0000000000
11389  -40.103  -68.956  1.364 0.0000000000
12018  -40.873  -68.561  1.980 0.0000000000
11377  -39.782  -69.608  1.919 0.0000000000
9308  -38.142  -73.109  3.298 0.0000000000
19434  -41.325  -59.621  7.331 0.0000000000
19445  -40.809  -59.966  6.892 0.0000000000
116134  -39.164  -62.364  5.416 0.0000000000
127605  -39.197  -63.694  4.572 0.0000000000
16012  -38.419  -63.515  4.858 0.0000000000
118147  -35.418  -65.694  1.090 0.0000000000
14236  -35.998  -65.286  2.842 0.0000000000
14263  -36.077  -65.621  1.713 0.0000000000
14237  -36.824  -65.608  2.601 0.0000000000
14286  -36.122  -65.948  0.928 0.0000000000
12696  -36.492  -67.028  0.497 0.0000000000
123806  -35.640  -66.674  0.773 0.0000000000
12016  -32.877  -68.298  2.613 0.0000000000
11375  -33.375  -69.086  2.399 0.0000000000
131009  -32.366  -70.004  2.539 0.0000000000
21920  -44.167  -55.969  14.459 0.0000000000
21922  -46.350  -56.340  14.801 0.0000000000
22773  -45.126  -55.326  14.808 0.0000000000
22774  -46.251  -55.410  15.047 0.0000000000
23609  -47.152  -54.566  15.156 0.0000000000
25287  -32.351  -52.555  16.999 0.0000000000
116956  -32.955  -51.098  17.490 0.0000000000
14227  -43.141  -66.098  5.531 0.0000000000
13423  -40.388  -66.561  1.526 0.0000000000
12680  -39.907  -67.561  0.468 0.0000000000
13448  -39.806  -66.961  0.759 0.0000000000
12699  -38.867  -67.927  -0.247 0.0000000000
11397  -37.571  -69.844  0.289 0.0000000000
122216  -36.841  -70.630  0.416 0.0000000000
12030  -37.367  -68.855  0.367 0.0000000000
11386  -36.833  -69.557  0.748 0.0000000000
11385  -35.989  -69.300  1.334 0.0000000000
17696  -48.610  -60.905  9.921 0.0000000000
18534  -48.558  -60.541  9.949 0.0000000000
19391  -48.241  -60.344  9.587 0.0000000000
18557  -47.714  -60.767  7.715 0.0000000000
20244  -45.602  -58.830  10.811 0.0000000000
19389  -46.174  -59.667  9.256 0.0000000000
19388  -45.030  -59.494  9.116 0.0000000000
19437  -44.531  -59.860  7.514 0.0000000000
19448  -43.541  -60.048  6.585 0.0000000000
17759  -43.315  -61.311  5.047 0.0000000000
18596  -43.230  -60.383  6.015 0.0000000000
18595  -42.239  -60.407  6.113 0.0000000000
18605  -41.856  -60.905  5.638 0.0000000000
15866  -47.694  -63.281  13.323 0.0000000000
16764  -46.642  -62.396  13.421 0.0000000000
18505  -41.878  -60.703  12.415 0.0000000000
18506  -43.365  -60.776  12.503 0.0000000000
117509  -42.664  -60.148  12.569 0.0000000000
19350  -42.337  -59.404  12.738 0.0000000000
20190  -42.500  -58.621  13.086 0.0000000000
21087  -43.120  -57.957  13.590 0.0000000000
120797  -41.625  -57.538  13.387 0.0000000000
17597  -33.751  -60.938  14.669 0.0000000000
18481  -34.283  -60.947  13.931 0.0000000000
18482  -35.102  -60.761  13.324 0.0000000000
19325  -34.200  -59.533  13.734 0.0000000000
121374  -34.692  -58.782  13.438 0.0000000000
20185  -35.179  -58.040  13.342 0.0000000000
120507  -33.783  -52.987  14.574 0.0000000000
23624  -34.601  -54.317  13.814 0.0000000000
121941  -34.478  -52.997  14.141 0.0000000000
126055  -35.125  -53.443  13.713 0.0000000000
24487  -35.975  -53.990  13.479 0.0000000000
125355  -37.417  -54.294  13.470 0.0000000000
24488  -36.856  -53.730  13.459 0.0000000000
25320  -37.148  -52.805  13.468 0.0000000000
131064  -37.721  -52.204  13.477 0.0000000000
15073  -45.115  -64.462  4.535 0.0000000000
14232  -44.171  -65.854  4.387 0.0000000000
12657  -42.901  -67.551  3.709 0.0000000000
127049  -42.054  -68.554  3.470 0.0000000000
10705  -38.545  -70.804  1.518 0.0000000000
16008  -34.519  -64.067  4.611 0.0000000000
15066  -34.950  -64.538  3.889 0.0000000000
15079  -35.196  -64.962  3.011 0.0000000000
14262  -35.302  -65.278  1.946 0.0000000000
14285  -35.021  -65.806  0.851 0.0000000000
12678  -35.058  -66.245  0.851 0.0000000000
12666  -33.311  -67.404  2.269 0.0000000000
124127  -31.835  -68.443  2.829 0.0000000000
20171  -48.369  -57.900  14.342 0.0000000000
20219  -48.669  -58.668  13.097 0.0000000000
117893  -48.851  -58.004  13.995 0.0000000000
20193  -48.669  -57.948  13.640 0.0000000000
20217  -47.677  -58.168  12.633 0.0000000000
21972  -48.178  -56.439  14.247 0.0000000000
20216  -46.551  -57.882  12.246 0.0000000000
20231  -46.004  -58.413  11.539 0.0000000000
20243  -44.575  -58.541  10.617 0.0000000000
15888  -45.364  -63.386  13.426 0.0000000000
111969  -42.359  -62.070  12.513 0.0000000000
16781  -41.450  -62.198  12.538 0.0000000000
17646  -41.996  -61.470  12.438 0.0000000000
18504  -41.051  -60.429  12.432 0.0000000000
18503  -40.124  -60.091  12.455 0.0000000000
19347  -39.594  -59.320  12.521 0.0000000000
21918  -32.504  -56.648  16.274 0.0000000000
21056  -32.796  -56.903  15.258 0.0000000000
21963  -33.340  -57.068  14.472 0.0000000000
22771  -32.887  -55.423  15.216 0.0000000000
23604  -33.151  -54.588  14.963 0.0000000000
24467  -33.456  -53.782  14.762 0.0000000000
25289  -32.494  -51.955  16.557 0.0000000000
25290  -32.795  -52.098  15.716 0.0000000000
25301  -33.451  -52.202  14.954 0.0000000000
26146  -33.927  -51.469  14.752 0.0000000000
26973  -34.281  -50.734  14.697 0.0000000000
15086  -43.095  -64.959  3.034 0.0000000000
14269  -42.508  -66.329  2.599 0.0000000000
13425  -41.865  -66.785  2.106 0.0000000000
12027  -41.068  -67.846  1.577 0.0000000000
126261  -39.449  -69.335  0.938 0.0000000000
10721  -38.315  -70.366  0.601 0.0000000000
9323  -37.114  -72.694  0.670 0.0000000000
114245  -35.533  -71.543  1.116 0.0000000000
10001  -35.026  -71.602  2.110 0.0000000000
9303  -33.695  -72.138  3.935 0.0000000000
16865  -46.153  -62.606  7.041 0.0000000000
16880  -46.589  -62.807  6.367 0.0000000000
124692  -46.226  -63.349  5.988 0.0000000000
16881  -47.094  -62.217  6.238 0.0000000000
15998  -46.098  -63.560  5.409 0.0000000000
16019  -45.885  -63.281  4.663 0.0000000000
16018  -45.259  -63.767  4.282 0.0000000000
16017  -44.610  -63.502  3.847 0.0000000000
19365  -48.450  -59.540  11.438 0.0000000000
119700  -47.435  -59.957  9.309 0.0000000000
19412  -45.866  -59.862  8.419 0.0000000000
18581  -46.401  -60.471  6.839 0.0000000000
18608  -45.654  -61.080  5.483 0.0000000000
17771  -44.752  -62.028  4.429 0.0000000000
16028  -43.405  -64.094  3.354 0.0000000000
16027  -42.409  -64.163  3.435 0.0000000000
15085  -41.991  -64.885  3.072 0.0000000000
16906  -42.075  -62.745  4.322 0.0000000000
116083  -41.764  -63.467  3.966 0.0000000000
15084  -40.955  -64.880  3.334 0.0000000000
14240  -40.457  -65.501  2.947 0.0000000000
14239  -39.433  -65.487  3.225 0.0000000000
14265  -38.832  -65.985  2.554 0.0000000000
17714  -46.194  -61.593  8.657 0.0000000000
17694  -47.556  -61.438  9.280 0.0000000000
17681  -48.328  -61.288  10.232 0.0000000000
16801  -47.990  -62.383  11.497 0.0000000000
17664  -48.395  -61.511  10.972 0.0000000000
17682  -48.683  -61.028  10.518 0.0000000000
17665  -48.789  -61.025  11.207 0.0000000000
18508  -48.787  -60.135  12.554 0.0000000000
19331  -48.286  -59.484  13.585 0.0000000000
119725  -44.950  -62.799  13.166 0.0000000000
16763  -45.650  -62.559  13.240 0.0000000000
124648  -45.860  -61.490  13.072 0.0000000000
18507  -44.260  -60.563  12.731 0.0000000000
17627  -47.085  -61.362  13.390 0.0000000000
18486  -47.715  -60.472  13.510 0.0000000000
19330  -47.256  -59.729  13.726 0.0000000000
19312  -47.945  -58.873  14.144 0.0000000000
20170  -47.174  -58.259  14.411 0.0000000000
21060  -45.451  -57.705  14.393 0.0000000000
21945  -44.330  -56.807  14.380 0.0000000000
117961  -43.684  -57.375  14.016 0.0000000000
22772  -43.076  -55.685  14.285 0.0000000000
113111  -42.343  -55.009  14.204 0.0000000000
18483  -35.885  -60.957  12.998 0.0000000000
18499  -36.642  -60.719  12.710 0.0000000000
118696  -38.544  -60.834  12.518 0.0000000000
18501  -38.165  -60.061  12.524 0.0000000000
19346  -38.693  -59.307  12.549 0.0000000000
20211  -38.283  -58.530  12.644 0.0000000000
130983  -33.761  -56.552  14.121 0.0000000000
21079  -34.000  -57.178  13.886 0.0000000000
21080  -34.890  -57.161  13.513 0.0000000000
22816  -35.014  -54.999  13.598 0.0000000000
21965  -35.049  -56.358  13.559 0.0000000000
123410  -35.640  -57.466  13.348 0.0000000000
21081  -36.376  -57.337  13.253 0.0000000000
21107  -37.802  -57.800  12.836 0.0000000000
21108  -38.866  -57.658  12.841 0.0000000000
21084  -39.084  -56.793  13.232 0.0000000000
21969  -39.403  -56.141  13.503 0.0000000000
22820  -39.010  -55.658  13.538 0.0000000000
22798  -39.107  -55.020  13.570 0.0000000000
22799  -39.700  -55.496  13.612 0.0000000000
118555  -39.912  -54.797  13.659 0.0000000000
123824  -40.786  -54.454  13.813 0.0000000000
15050  -44.146  -64.586  6.075 0.0000000000
122306  -43.843  -65.667  5.493 0.0000000000
13399  -43.150  -67.049  5.291 0.0000000000
13404  -43.431  -67.063  4.836 0.0000000000
12649  -42.910  -67.770  5.106 0.0000000000
12004  -42.470  -68.265  5.236 0.0000000000
11362  -41.620  -69.676  5.062 0.0000000000
13426  -42.481  -67.075  2.697 0.0000000000
11379  -41.449  -68.940  3.135 0.0000000000
10003  -38.894  -71.148  2.747 0.0000000000
10691  -39.931  -70.842  3.594 0.0000000000
23607  -45.713  -53.935  15.322 0.0000000000
21131  -44.753  -57.336  11.729 0.0000000000
20229  -44.175  -57.881  11.126 0.0000000000
21152  -43.629  -58.242  10.568 0.0000000000
19386  -43.019  -59.205  8.756 0.0000000000
19435  -42.184  -59.671  7.214 0.0000000000
19446  -41.730  -60.008  6.706 0.0000000000
18604  -41.105  -61.023  5.693 0.0000000000
113444  -40.287  -60.437  6.509 0.0000000000
17756  -40.462  -61.532  5.584 0.0000000000
16013  -39.938  -63.578  4.425 0.0000000000
15082  -39.091  -64.928  3.982 0.0000000000
15067  -36.235  -64.162  4.682 0.0000000000
15068  -36.955  -64.441  4.442 0.0000000000
122374  -37.921  -64.293  4.530 0.0000000000
15081  -37.624  -64.993  4.036 0.0000000000
115968  -37.763  -65.877  2.561 0.0000000000
13446  -37.671  -66.714  0.553 0.0000000000
11384  -35.101  -69.190  1.832 0.0000000000
11376  -34.194  -69.092  2.132 0.0000000000
10718  -34.471  -69.973  1.910 0.0000000000
9999  -32.769  -70.717  2.758 0.0000000000
8662  -37.607  -73.938  3.156 0.0000000000
9302  -32.600  -72.198  3.833 0.0000000000
9313  -36.805  -73.038  1.246 0.0000000000
9990  -34.384  -71.722  3.164 0.0000000000
10021  -37.368  -71.396  0.254 0.0000000000
10706  -39.399  -70.371  2.360 0.0000000000
10707  -40.335  -70.072  3.166 0.0000000000
10720  -36.026  -71.103  0.660 0.0000000000
10737  -38.205  -69.880  0.275 0.0000000000
12002  -41.207  -69.654  5.321 0.0000000000
12007  -42.573  -68.405  5.056 0.0000000000
12011  -42.030  -69.179  4.205 0.0000000000
12019  -41.628  -68.182  2.503 0.0000000000
12026  -40.326  -68.300  0.980 0.0000000000
12031  -37.933  -68.747  -0.081 0.0000000000
12032  -38.540  -68.578  -0.185 0.0000000000
12654  -43.331  -67.169  4.144 0.0000000000
12656  -42.319  -67.890  3.084 0.0000000000
12679  -35.873  -67.378  0.921 0.0000000000
13407  -43.663  -66.438  3.936 0.0000000000
13445  -36.678  -66.487  0.574 0.0000000000
13447  -38.796  -66.834  0.665 0.0000000000
13449  -40.522  -67.135  1.102 0.0000000000
14149  -46.548  -65.156  12.835 0.0000000000
14233  -44.727  -65.110  4.467 0.0000000000
14244  -44.349  -65.119  3.783 0.0000000000
14268  -41.820  -66.199  2.284 0.0000000000
14946  -46.768  -64.260  13.434 0.0000000000
14963  -47.017  -64.597  13.121 0.0000000000
14964  -47.522  -64.275  13.007 0.0000000000
15051  -44.969  -64.486  5.790 0.0000000000
15057  -45.003  -64.764  5.209 0.0000000000
15058  -45.640  -64.113  4.909 0.0000000000
15069  -38.756  -64.245  4.432 0.0000000000
15072  -41.393  -64.186  3.647 0.0000000000
15083  -39.988  -64.904  3.652 0.0000000000
15889  -46.108  -63.188  13.489 0.0000000000
15890  -47.869  -63.670  13.014 0.0000000000
15905  -47.916  -63.567  12.571 0.0000000000
15988  -44.764  -63.911  6.261 0.0000000000
15990  -46.566  -62.798  5.766 0.0000000000
16009  -35.451  -64.164  4.656 0.0000000000
16016  -43.753  -63.380  3.726 0.0000000000
16029  -44.130  -63.993  3.498 0.0000000000
16749  -47.407  -62.769  13.465 0.0000000000
16766  -48.285  -62.337  12.978 0.0000000000
16783  -44.372  -61.883  12.686 0.0000000000
16784  -48.159  -62.713  12.207 0.0000000000
16891  -39.925  -62.292  5.234 0.0000000000
16893  -42.227  -62.029  4.723 0.0000000000
16894  -46.370  -62.722  5.099 0.0000000000
16907  -43.098  -62.565  4.277 0.0000000000
16909  -45.262  -62.837  4.238 0.0000000000
17624  -35.545  -61.556  13.301 0.0000000000
17650  -48.757  -61.089  12.057 0.0000000000
17680  -47.652  -61.553  10.132 0.0000000000
17693  -46.384  -61.581  9.330 0.0000000000
17760  -44.262  -61.368  4.878 0.0000000000
18485  -46.551  -60.539  13.384 0.0000000000
18498  -35.866  -60.255  12.882 0.0000000000
18535  -48.785  -60.525  10.672 0.0000000000
18543  -48.447  -60.827  9.287 0.0000000000
18594  -41.225  -60.493  6.208 0.0000000000
18599  -46.581  -61.006  6.046 0.0000000000
18606  -42.797  -60.819  5.559 0.0000000000
19309  -33.302  -60.187  14.879 0.0000000000
19324  -33.484  -59.497  14.389 0.0000000000
19327  -43.075  -59.342  12.896 0.0000000000
19329  -45.383  -59.299  13.571 0.0000000000
19332  -48.719  -59.305  13.265 0.0000000000
19343  -36.043  -59.455  12.814 0.0000000000
19349  -40.969  -59.585  12.501 0.0000000000
19352  -48.724  -59.226  12.838 0.0000000000
19377  -47.783  -59.783  10.070 0.0000000000
19390  -48.097  -60.698  8.640 0.0000000000
19408  -41.770  -59.384  7.890 0.0000000000
19438  -45.552  -60.042  7.634 0.0000000000
20152  -47.605  -57.400  14.645 0.0000000000
20169  -45.814  -58.462  14.154 0.0000000000
20192  -44.440  -58.861  13.488 0.0000000000
20194  -48.703  -58.555  13.527 0.0000000000
20209  -36.434  -58.702  12.852 0.0000000000
20212  -39.232  -58.538  12.627 0.0000000000
20218  -48.462  -58.482  12.920 0.0000000000
20232  -47.066  -58.709  11.831 0.0000000000
21041  -47.767  -56.718  14.707 0.0000000000
21058  -41.987  -57.085  13.681 0.0000000000
21082  -37.261  -57.179  13.127 0.0000000000
21085  -41.247  -57.084  13.496 0.0000000000
21088  -48.520  -57.287  14.168 0.0000000000
21919  -32.725  -56.166  15.476 0.0000000000
21921  -45.204  -56.158  14.655 0.0000000000
21923  -47.368  -56.265  14.854 0.0000000000
21943  -41.577  -56.472  13.759 0.0000000000
21946  -47.735  -56.042  14.594 0.0000000000
21947  -48.117  -56.725  14.449 0.0000000000
21967  -37.588  -56.447  13.344 0.0000000000
21985  -46.923  -56.090  13.136 0.0000000000
22755  -32.429  -55.909  16.993 0.0000000000
22802  -47.564  -55.097  14.761 0.0000000000
22819  -37.788  -55.817  13.478 0.0000000000
23626  -40.032  -54.167  13.682 0.0000000000
23628  -42.682  -54.188  14.358 0.0000000000
24448  -32.303  -53.373  17.104 0.0000000000
24453  -32.475  -52.787  16.285 0.0000000000
24454  -32.962  -53.071  15.350 0.0000000000
24468  -34.202  -53.654  14.175 0.0000000000
26158  -35.085  -51.993  13.886 0.0000000000
26949  -33.417  -50.424  17.638 0.0000000000
26961  -33.881  -50.222  15.221 0.0000000000
110987  -39.924  -56.662  13.387 0.0000000000
112247  -34.680  -55.752  13.692 0.0000000000
112627  -46.121  -61.914  5.013 0.0000000000
113064  -34.473  -60.241  13.630 0.0000000000
113260  -36.152  -53.128  13.518 0.0000000000
114631  -45.223  -61.513  4.845 0.0000000000
115118  -33.755  -69.733  2.175 0.0000000000
116307  -43.389  -56.599  14.175 0.0000000000
119401  -37.079  -51.875  13.497 0.0000000000
119680  -37.620  -60.789  12.577 0.0000000000
119837  -43.258  -58.912  9.436 0.0000000000
120162  -42.585  -61.040  12.400 0.0000000000
120758  -48.249  -57.730  13.288 0.0000000000
121204  -36.487  -55.361  13.481 0.0000000000
122704  -38.309  -72.552  3.079 0.0000000000
123719  -39.633  -57.234  13.097 0.0000000000
124143  -48.087  -62.996  13.111 0.0000000000
125182  -35.974  -62.082  13.225 0.0000000000
125196  -32.554  -69.210  2.631 0.0000000000
125991  -41.100  -57.621  13.209 0.0000000000
125992  -38.349  -64.817  4.186 0.0000000000
126291  -39.458  -67.908  -0.002 0.0000000000
126735  -43.403  -65.574  5.693 0.0000000000
127170  -37.457  -65.435  3.309 0.0000000000
130284  -42.502  -61.548  12.446 0.0000000000
