#!ascii label  , from subject sub-v1s0x0050665_ses-1 vox2ras=TkReg
1060
119381  21.501  -20.190  62.817 0.0000000000
48292  33.779  -20.743  68.700 0.0000000000
61202  40.426  -7.944  45.951 0.0000000000
128456  32.008  -13.712  52.937 0.0000000000
51964  31.851  -17.379  61.756 0.0000000000
70673  51.325  3.761  40.468 0.0000000000
57606  42.877  -10.877  48.016 0.0000000000
56640  38.343  -12.714  47.594 0.0000000000
44684  19.036  -25.294  62.522 0.0000000000
47439  27.361  -21.301  65.044 0.0000000000
46526  29.512  -21.688  61.128 0.0000000000
48398  23.878  -20.679  58.473 0.0000000000
67113  45.213  0.032  44.054 0.0000000000
122035  25.665  -20.052  69.021 0.0000000000
47401  21.762  -21.792  68.390 0.0000000000
63631  45.611  -4.166  45.061 0.0000000000
43734  18.299  -26.207  66.569 0.0000000000
42140  15.156  -28.993  66.099 0.0000000000
58520  36.321  -9.786  52.538 0.0000000000
53719  31.146  -15.429  57.506 0.0000000000
49355  32.415  -20.556  55.083 0.0000000000
110843  31.023  -22.609  57.780 0.0000000000
126973  42.708  -10.672  49.901 0.0000000000
56624  41.098  -11.902  48.311 0.0000000000
57560  40.107  -11.082  49.973 0.0000000000
59486  44.567  -8.796  49.524 0.0000000000
117696  21.174  -23.683  59.669 0.0000000000
44704  20.183  -25.577  60.169 0.0000000000
46503  20.283  -23.186  62.225 0.0000000000
49265  24.860  -19.576  63.851 0.0000000000
48368  25.788  -20.363  61.474 0.0000000000
49303  22.671  -20.063  60.549 0.0000000000
46555  22.164  -23.185  58.216 0.0000000000
62853  40.366  -5.461  45.226 0.0000000000
128271  43.853  -7.944  46.995 0.0000000000
62850  43.554  -5.417  45.702 0.0000000000
63633  42.637  -3.554  45.234 0.0000000000
47373  21.598  -22.571  70.530 0.0000000000
45547  19.947  -24.361  67.408 0.0000000000
44622  19.699  -24.600  69.810 0.0000000000
42866  15.340  -27.541  71.344 0.0000000000
42873  16.465  -27.481  69.360 0.0000000000
41349  14.541  -28.772  68.690 0.0000000000
40483  12.802  -30.529  68.961 0.0000000000
40467  12.569  -30.050  70.649 0.0000000000
53688  33.521  -14.406  59.427 0.0000000000
52832  31.456  -16.456  59.893 0.0000000000
51106  31.985  -18.952  56.732 0.0000000000
51076  32.689  -18.946  58.885 0.0000000000
47537  27.783  -21.770  57.296 0.0000000000
46538  30.580  -22.269  59.300 0.0000000000
118735  29.363  -23.197  55.772 0.0000000000
46621  30.149  -23.432  54.692 0.0000000000
56587  33.277  -11.726  52.564 0.0000000000
115359  34.049  -11.205  49.149 0.0000000000
56617  32.758  -12.767  49.370 0.0000000000
112432  53.978  4.508  39.413 0.0000000000
69775  52.165  2.886  38.464 0.0000000000
59523  42.470  -9.620  46.931 0.0000000000
57621  40.582  -11.597  46.536 0.0000000000
59508  44.622  -8.773  47.860 0.0000000000
118419  30.362  -21.807  66.899 0.0000000000
46462  31.266  -21.669  65.140 0.0000000000
46490  28.548  -21.606  63.705 0.0000000000
48396  26.758  -20.727  59.241 0.0000000000
48438  25.544  -21.338  56.346 0.0000000000
66219  47.897  -1.123  45.604 0.0000000000
68861  47.765  1.452  44.411 0.0000000000
69753  47.622  2.645  42.078 0.0000000000
68886  48.933  2.109  40.007 0.0000000000
50142  23.559  -19.242  65.560 0.0000000000
48332  21.339  -20.953  65.283 0.0000000000
49212  23.264  -19.743  68.584 0.0000000000
48307  26.258  -20.999  67.305 0.0000000000
65319  45.696  -2.552  44.967 0.0000000000
46468  20.308  -23.218  64.941 0.0000000000
44673  18.446  -25.658  64.006 0.0000000000
42923  16.975  -27.409  64.405 0.0000000000
43710  18.143  -26.191  69.206 0.0000000000
42903  16.976  -27.351  66.305 0.0000000000
39615  10.311  -31.785  72.673 0.0000000000
59463  38.681  -9.137  51.729 0.0000000000
55661  33.433  -12.197  54.541 0.0000000000
54664  33.129  -13.652  57.218 0.0000000000
53729  31.788  -14.330  55.215 0.0000000000
52038  31.008  -17.988  54.783 0.0000000000
50244  32.496  -20.234  53.859 0.0000000000
48491  33.106  -22.008  51.834 0.0000000000
47460  32.019  -21.125  63.049 0.0000000000
48356  32.627  -20.407  62.435 0.0000000000
49313  32.770  -20.186  59.779 0.0000000000
47552  32.135  -21.734  56.312 0.0000000000
47607  32.083  -22.805  52.644 0.0000000000
57579  36.889  -10.969  49.050 0.0000000000
55721  35.941  -13.375  46.800 0.0000000000
58539  42.440  -10.306  50.167 0.0000000000
57559  41.108  -11.143  49.916 0.0000000000
58541  40.520  -10.320  50.332 0.0000000000
59471  43.327  -9.622  50.074 0.0000000000
48385  21.321  -21.435  60.732 0.0000000000
46517  20.530  -23.178  61.365 0.0000000000
129582  20.762  -21.928  62.308 0.0000000000
130337  22.901  -19.238  63.032 0.0000000000
49290  23.309  -19.484  61.846 0.0000000000
48370  21.828  -20.454  60.968 0.0000000000
47498  21.674  -21.724  59.840 0.0000000000
62015  40.037  -6.395  45.452 0.0000000000
61200  42.414  -7.983  46.612 0.0000000000
61999  43.502  -6.856  46.368 0.0000000000
62001  41.494  -6.909  46.223 0.0000000000
62852  41.328  -5.331  45.713 0.0000000000
107952  14.866  -27.960  70.999 0.0000000000
116207  15.117  -28.198  69.849 0.0000000000
41342  13.888  -29.042  69.916 0.0000000000
40482  13.309  -29.913  68.577 0.0000000000
41351  13.289  -29.690  69.430 0.0000000000
40475  12.723  -30.237  69.788 0.0000000000
53681  32.423  -15.480  60.788 0.0000000000
51965  31.560  -16.868  60.529 0.0000000000
51987  31.895  -17.756  59.644 0.0000000000
51064  32.429  -18.277  60.163 0.0000000000
49220  34.084  -20.158  67.503 0.0000000000
47571  27.288  -22.069  55.566 0.0000000000
47553  28.365  -22.331  56.829 0.0000000000
46603  28.028  -22.622  55.056 0.0000000000
46623  28.466  -22.902  54.228 0.0000000000
56588  32.762  -12.500  52.409 0.0000000000
56596  32.993  -11.876  50.858 0.0000000000
70668  50.418  3.956  41.705 0.0000000000
71540  51.666  4.512  41.725 0.0000000000
71544  51.838  4.279  40.881 0.0000000000
70671  52.592  4.201  40.032 0.0000000000
70678  51.574  3.446  39.803 0.0000000000
58590  42.798  -9.983  47.256 0.0000000000
58592  41.370  -10.642  46.324 0.0000000000
57619  42.083  -10.934  47.340 0.0000000000
55708  39.717  -12.419  47.790 0.0000000000
113714  39.488  -12.473  47.070 0.0000000000
114265  38.862  -12.766  46.848 0.0000000000
58568  43.774  -9.924  48.474 0.0000000000
58577  43.718  -9.850  47.879 0.0000000000
113143  43.228  -9.186  47.217 0.0000000000
44691  19.773  -25.154  61.009 0.0000000000
43780  18.662  -26.136  62.037 0.0000000000
46451  28.726  -21.912  66.284 0.0000000000
109713  29.342  -21.973  65.458 0.0000000000
47451  27.905  -21.514  63.973 0.0000000000
49314  24.970  -20.182  59.873 0.0000000000
48382  25.865  -20.421  60.518 0.0000000000
49322  24.911  -20.299  58.781 0.0000000000
48410  26.118  -20.721  57.787 0.0000000000
48425  24.420  -21.308  57.139 0.0000000000
47540  23.755  -21.918  57.032 0.0000000000
52053  31.044  -17.749  53.018 0.0000000000
123751  46.788  -0.465  45.006 0.0000000000
67988  48.234  0.380  45.143 0.0000000000
67990  46.921  0.354  44.662 0.0000000000
68870  46.529  1.902  42.169 0.0000000000
68888  47.159  1.895  40.628 0.0000000000
69761  48.306  2.895  41.585 0.0000000000
49222  24.827  -19.511  67.354 0.0000000000
50119  23.089  -19.515  67.384 0.0000000000
50094  24.030  -19.422  68.678 0.0000000000
48295  26.082  -20.654  68.388 0.0000000000
49234  24.947  -19.606  66.449 0.0000000000
64457  47.084  -3.150  45.016 0.0000000000
63630  46.254  -3.461  44.938 0.0000000000
128793  42.884  -2.200  44.664 0.0000000000
108783  21.380  -21.786  66.658 0.0000000000
47442  20.782  -22.530  65.349 0.0000000000
47425  21.005  -22.555  66.249 0.0000000000
44651  19.293  -25.103  67.173 0.0000000000
45556  19.669  -24.577  65.856 0.0000000000
43741  18.753  -25.690  65.891 0.0000000000
43753  18.002  -26.238  64.494 0.0000000000
42912  17.504  -26.793  64.955 0.0000000000
43706  18.197  -25.920  70.490 0.0000000000
111417  15.891  -27.997  67.965 0.0000000000
42124  16.471  -27.633  67.502 0.0000000000
42139  15.755  -28.328  66.327 0.0000000000
116384  15.966  -28.513  64.935 0.0000000000
56578  34.023  -11.407  54.473 0.0000000000
111882  32.734  -14.728  58.106 0.0000000000
114755  33.616  -13.459  58.062 0.0000000000
53709  32.665  -14.423  57.450 0.0000000000
54673  32.304  -13.902  55.756 0.0000000000
124818  31.694  -14.635  56.062 0.0000000000
53731  30.659  -15.622  55.101 0.0000000000
52864  30.448  -16.441  56.441 0.0000000000
51105  32.103  -19.424  56.201 0.0000000000
51114  32.112  -19.580  55.220 0.0000000000
50238  32.336  -20.092  54.655 0.0000000000
49370  32.974  -20.907  52.796 0.0000000000
47624  33.014  -21.876  52.978 0.0000000000
46487  30.135  -21.710  63.517 0.0000000000
47450  31.768  -21.425  64.579 0.0000000000
46497  30.863  -21.739  62.207 0.0000000000
123806  30.643  -22.441  58.661 0.0000000000
46511  31.637  -21.748  60.933 0.0000000000
46535  31.806  -21.731  60.023 0.0000000000
122159  32.757  -20.521  60.977 0.0000000000
47507  32.337  -21.325  58.805 0.0000000000
115002  32.527  -20.808  58.527 0.0000000000
46567  31.784  -22.106  57.547 0.0000000000
46663  29.651  -23.716  52.042 0.0000000000
46640  31.134  -23.091  53.205 0.0000000000
59451  37.800  -9.350  51.984 0.0000000000
58544  37.757  -10.000  50.468 0.0000000000
125844  36.859  -10.006  50.449 0.0000000000
56630  33.874  -12.209  48.052 0.0000000000
56643  35.125  -12.319  47.430 0.0000000000
111838  54.643  3.663  37.655 0.0000000000
57572  42.937  -10.733  49.308 0.0000000000
56623  41.787  -11.570  48.154 0.0000000000
56612  41.834  -11.591  48.810 0.0000000000
56614  40.119  -12.113  48.861 0.0000000000
56615  39.251  -12.137  48.877 0.0000000000
119994  43.753  -9.011  50.182 0.0000000000
58538  43.432  -9.810  49.746 0.0000000000
45589  20.765  -24.165  60.151 0.0000000000
123327  20.005  -24.447  61.221 0.0000000000
45579  19.809  -23.842  62.588 0.0000000000
112981  26.243  -20.621  64.685 0.0000000000
47464  26.769  -20.889  63.827 0.0000000000
48360  25.375  -20.042  62.710 0.0000000000
49301  24.295  -19.984  60.412 0.0000000000
48399  23.078  -20.783  58.973 0.0000000000
109580  23.100  -22.024  57.643 0.0000000000
47511  22.585  -21.481  58.786 0.0000000000
46556  21.608  -23.671  58.888 0.0000000000
67114  44.567  -0.147  43.513 0.0000000000
49196  25.591  -19.858  70.516 0.0000000000
61209  45.023  -6.692  46.383 0.0000000000
108854  44.968  -6.082  45.890 0.0000000000
63621  45.029  -4.819  45.334 0.0000000000
63632  44.670  -4.000  45.212 0.0000000000
63623  42.918  -4.491  45.486 0.0000000000
63625  40.931  -4.771  45.205 0.0000000000
47387  21.525  -22.549  69.664 0.0000000000
46417  20.827  -23.199  67.669 0.0000000000
46403  21.023  -23.125  69.213 0.0000000000
45533  20.037  -24.288  68.371 0.0000000000
44637  19.110  -25.309  68.533 0.0000000000
42868  17.036  -27.065  69.897 0.0000000000
42869  16.284  -27.419  70.182 0.0000000000
42118  15.229  -28.391  68.340 0.0000000000
41358  14.585  -28.971  67.844 0.0000000000
41367  13.919  -29.717  67.416 0.0000000000
112119  32.308  -15.243  59.349 0.0000000000
53711  31.268  -15.642  58.248 0.0000000000
52021  30.706  -17.382  57.014 0.0000000000
52001  31.284  -17.469  58.507 0.0000000000
51096  32.129  -18.787  57.599 0.0000000000
50221  32.204  -19.638  56.604 0.0000000000
47509  29.097  -21.893  59.426 0.0000000000
108630  30.403  -22.011  60.104 0.0000000000
47520  29.639  -22.367  58.823 0.0000000000
46571  29.836  -23.116  57.543 0.0000000000
46586  30.510  -23.381  56.594 0.0000000000
45642  30.726  -23.312  56.020 0.0000000000
46601  29.645  -23.314  55.150 0.0000000000
46642  28.833  -23.193  53.397 0.0000000000
57548  34.520  -10.515  52.203 0.0000000000
58546  35.123  -10.240  50.544 0.0000000000
57562  33.922  -10.871  50.528 0.0000000000
56616  33.141  -12.098  49.131 0.0000000000
71543  53.315  4.619  40.237 0.0000000000
70681  52.610  3.442  39.011 0.0000000000
60379  41.779  -8.701  46.455 0.0000000000
60387  39.967  -8.532  45.668 0.0000000000
59538  40.953  -10.075  45.901 0.0000000000
56652  41.056  -11.595  47.190 0.0000000000
56654  39.394  -12.443  46.378 0.0000000000
60347  45.106  -8.367  49.308 0.0000000000
59495  45.176  -8.261  48.015 0.0000000000
60366  45.691  -7.617  47.802 0.0000000000
124996  44.330  -8.394  47.439 0.0000000000
112614  43.246  -8.387  46.975 0.0000000000
47394  32.678  -21.462  67.857 0.0000000000
47410  32.626  -21.370  67.002 0.0000000000
46449  30.772  -21.753  66.591 0.0000000000
46476  29.648  -21.802  64.138 0.0000000000
46500  29.242  -21.627  62.538 0.0000000000
47475  27.420  -21.133  62.669 0.0000000000
47485  27.455  -21.064  61.790 0.0000000000
47496  28.173  -21.266  60.654 0.0000000000
48395  27.445  -21.130  58.761 0.0000000000
48423  26.288  -21.038  56.955 0.0000000000
47573  25.542  -22.166  54.941 0.0000000000
68859  48.989  1.814  45.029 0.0000000000
68867  46.669  1.732  43.273 0.0000000000
68865  48.015  2.113  43.952 0.0000000000
69748  48.858  3.067  43.899 0.0000000000
70657  48.710  3.307  42.967 0.0000000000
70669  49.646  3.587  41.670 0.0000000000
69765  50.081  2.934  40.193 0.0000000000
69771  50.407  2.584  39.510 0.0000000000
49267  22.054  -19.526  64.146 0.0000000000
48351  21.068  -20.956  63.381 0.0000000000
49249  22.269  -19.858  66.057 0.0000000000
49224  22.390  -20.162  67.442 0.0000000000
48296  22.265  -21.062  68.790 0.0000000000
125065  24.077  -19.599  70.094 0.0000000000
48287  22.406  -21.072  69.658 0.0000000000
114144  22.104  -21.931  70.926 0.0000000000
48280  33.686  -20.764  69.394 0.0000000000
47380  31.969  -21.656  69.029 0.0000000000
46414  30.337  -21.697  68.232 0.0000000000
46452  28.528  -21.953  66.939 0.0000000000
107671  27.612  -21.808  67.749 0.0000000000
47424  26.647  -20.987  65.986 0.0000000000
48331  25.803  -20.314  65.183 0.0000000000
119680  23.766  -19.157  64.780 0.0000000000
115022  48.297  -1.953  45.710 0.0000000000
118197  46.541  -1.852  45.172 0.0000000000
66223  45.278  -1.609  44.762 0.0000000000
64464  44.221  -3.106  45.067 0.0000000000
65320  44.651  -2.228  44.893 0.0000000000
66233  43.980  -0.702  43.609 0.0000000000
47454  20.824  -21.738  63.936 0.0000000000
46480  20.186  -23.198  64.021 0.0000000000
45574  19.343  -24.485  63.021 0.0000000000
45555  20.166  -23.985  66.454 0.0000000000
45561  19.517  -24.501  64.956 0.0000000000
44678  18.936  -25.111  63.521 0.0000000000
43781  18.077  -26.641  62.505 0.0000000000
42932  17.525  -27.159  62.987 0.0000000000
44629  19.146  -25.228  69.352 0.0000000000
43725  18.238  -26.309  67.586 0.0000000000
42875  17.753  -26.766  67.982 0.0000000000
42886  17.615  -26.900  67.034 0.0000000000
42913  16.960  -27.356  65.354 0.0000000000
40469  11.244  -31.025  71.878 0.0000000000
59461  40.309  -8.555  51.271 0.0000000000
57538  35.599  -10.192  53.351 0.0000000000
57531  34.017  -11.124  53.614 0.0000000000
56579  33.518  -11.756  53.867 0.0000000000
55662  32.926  -12.846  54.126 0.0000000000
54671  33.230  -12.888  55.699 0.0000000000
54672  32.689  -13.373  55.339 0.0000000000
54695  31.947  -13.912  53.624 0.0000000000
53751  30.818  -15.229  53.722 0.0000000000
52039  30.543  -17.280  54.310 0.0000000000
51127  31.477  -18.341  53.447 0.0000000000
52028  31.370  -18.430  56.351 0.0000000000
114426  31.643  -18.610  54.627 0.0000000000
50245  32.230  -19.653  53.478 0.0000000000
49384  33.164  -20.692  51.626 0.0000000000
48502  33.265  -21.450  51.028 0.0000000000
51956  32.262  -18.154  63.031 0.0000000000
48316  33.122  -20.870  66.588 0.0000000000
48329  32.898  -20.254  65.201 0.0000000000
48337  32.644  -20.112  64.171 0.0000000000
46513  31.082  -21.867  61.421 0.0000000000
48357  32.415  -20.787  62.728 0.0000000000
49264  32.609  -19.849  63.480 0.0000000000
49276  32.665  -19.704  62.742 0.0000000000
50164  32.816  -19.377  62.206 0.0000000000
51048  32.879  -18.825  60.726 0.0000000000
50188  32.844  -19.318  59.456 0.0000000000
49333  32.388  -20.151  57.383 0.0000000000
48447  32.366  -21.291  55.414 0.0000000000
46598  31.534  -22.736  55.717 0.0000000000
47569  31.914  -22.310  55.139 0.0000000000
130106  32.511  -22.116  54.030 0.0000000000
125826  32.756  -22.319  52.551 0.0000000000
58542  39.552  -10.187  50.418 0.0000000000
57577  38.750  -11.513  49.412 0.0000000000
112299  37.938  -12.375  48.111 0.0000000000
57580  35.912  -10.920  48.939 0.0000000000
57593  36.405  -11.517  48.348 0.0000000000
56641  37.470  -12.882  47.438 0.0000000000
68903  50.953  2.012  38.114 0.0000000000
59473  41.883  -9.442  50.536 0.0000000000
58540  41.539  -10.414  50.252 0.0000000000
59472  42.814  -9.235  50.599 0.0000000000
48371  21.280  -20.939  61.466 0.0000000000
47477  20.972  -21.717  61.621 0.0000000000
48361  21.076  -21.092  62.342 0.0000000000
49280  21.636  -20.220  61.838 0.0000000000
49279  22.416  -19.542  62.345 0.0000000000
62002  40.466  -7.125  45.918 0.0000000000
111283  39.840  -7.103  45.438 0.0000000000
61210  39.851  -7.750  45.583 0.0000000000
61201  41.324  -7.800  46.273 0.0000000000
62000  42.550  -6.996  46.363 0.0000000000
62014  40.859  -6.160  45.890 0.0000000000
42100  14.270  -28.279  71.201 0.0000000000
118646  14.562  -28.388  70.381 0.0000000000
41333  13.797  -28.882  70.769 0.0000000000
41343  13.223  -29.515  70.277 0.0000000000
52810  31.768  -16.552  62.122 0.0000000000
52820  31.672  -16.647  61.236 0.0000000000
126369  31.818  -17.335  61.023 0.0000000000
51974  31.907  -17.604  60.413 0.0000000000
51049  32.273  -18.106  61.144 0.0000000000
49208  34.686  -19.764  68.884 0.0000000000
48304  33.765  -20.733  67.907 0.0000000000
47587  27.000  -22.186  54.647 0.0000000000
46624  27.519  -22.592  53.996 0.0000000000
55676  32.348  -13.212  52.698 0.0000000000
55685  32.174  -13.207  51.731 0.0000000000
70674  50.447  3.563  40.842 0.0000000000
71530  50.883  4.350  42.197 0.0000000000
70667  51.106  4.099  41.271 0.0000000000
70672  52.007  4.013  40.196 0.0000000000
57618  42.595  -10.615  47.505 0.0000000000
57607  42.304  -11.165  47.827 0.0000000000
55709  39.087  -12.504  47.754 0.0000000000
55718  39.168  -12.542  47.336 0.0000000000
55719  38.636  -12.828  47.154 0.0000000000
118369  38.296  -13.263  46.460 0.0000000000
57605  43.332  -10.424  48.225 0.0000000000
58578  43.181  -10.263  47.684 0.0000000000
44692  19.229  -25.618  61.539 0.0000000000
43796  19.580  -26.069  60.688 0.0000000000
43797  19.009  -26.591  61.146 0.0000000000
46466  28.418  -21.770  65.653 0.0000000000
46479  28.106  -21.598  65.049 0.0000000000
128960  27.817  -21.492  64.554 0.0000000000
48411  25.362  -20.604  58.033 0.0000000000
48412  24.596  -20.779  57.869 0.0000000000
48426  23.785  -21.282  57.710 0.0000000000
51133  31.516  -18.189  52.622 0.0000000000
67104  46.117  -0.020  44.517 0.0000000000
49210  25.405  -19.878  68.541 0.0000000000
49211  24.751  -19.515  68.254 0.0000000000
49203  24.777  -19.542  69.229 0.0000000000
49221  25.566  -20.056  67.787 0.0000000000
110248  45.896  -4.973  45.239 0.0000000000
63620  46.485  -4.380  44.927 0.0000000000
48309  21.564  -21.775  67.537 0.0000000000
47416  21.150  -22.527  67.145 0.0000000000
130374  18.884  -25.594  66.648 0.0000000000
43742  18.133  -26.241  65.483 0.0000000000
107949  17.857  -26.085  71.064 0.0000000000
123003  15.357  -28.628  66.804 0.0000000000
42125  15.862  -28.136  67.138 0.0000000000
42157  15.598  -28.706  65.514 0.0000000000
53710  32.048  -15.058  57.781 0.0000000000
53718  31.846  -14.736  57.024 0.0000000000
117027  30.928  -15.314  56.726 0.0000000000
129756  30.587  -16.169  57.162 0.0000000000
50229  32.224  -19.892  55.585 0.0000000000
49364  32.588  -20.675  54.090 0.0000000000
48455  32.585  -21.195  54.334 0.0000000000
46498  30.280  -21.699  62.569 0.0000000000
46486  30.622  -21.648  63.018 0.0000000000
46515  30.168  -21.772  61.769 0.0000000000
46551  30.990  -22.389  58.545 0.0000000000
46536  31.267  -22.083  59.415 0.0000000000
46549  31.905  -21.809  59.052 0.0000000000
118428  32.288  -21.361  59.753 0.0000000000
47519  32.038  -21.782  58.137 0.0000000000
46568  31.384  -22.483  57.295 0.0000000000
108507  37.004  -9.601  51.934 0.0000000000
58528  37.327  -9.603  51.162 0.0000000000
58529  36.332  -9.768  51.377 0.0000000000
57557  42.609  -10.911  49.596 0.0000000000
57573  42.505  -11.154  49.064 0.0000000000
119206  42.171  -11.289  49.352 0.0000000000
57575  40.616  -11.684  49.404 0.0000000000
57576  39.677  -11.668  49.438 0.0000000000
60340  44.781  -8.133  50.852 0.0000000000
115263  42.995  -10.063  50.103 0.0000000000
57556  43.022  -10.409  49.787 0.0000000000
45583  20.411  -23.916  60.901 0.0000000000
113549  20.091  -23.868  61.706 0.0000000000
48340  25.653  -20.138  64.334 0.0000000000
48350  25.526  -20.075  63.547 0.0000000000
49277  24.683  -19.533  62.993 0.0000000000
111801  23.627  -19.693  61.068 0.0000000000
49302  23.465  -20.029  60.234 0.0000000000
48383  22.873  -20.376  59.742 0.0000000000
48400  22.339  -21.146  59.391 0.0000000000
46540  21.483  -22.768  59.560 0.0000000000
61197  45.013  -7.284  46.992 0.0000000000
61198  44.235  -7.244  46.657 0.0000000000
62012  43.042  -6.129  46.133 0.0000000000
62011  44.154  -6.295  46.050 0.0000000000
62849  44.530  -5.495  45.611 0.0000000000
63622  44.074  -4.699  45.401 0.0000000000
46393  21.024  -23.238  70.090 0.0000000000
45525  20.119  -24.165  69.217 0.0000000000
44636  19.618  -24.762  68.892 0.0000000000
42865  16.027  -27.194  70.987 0.0000000000
42111  15.176  -28.268  69.160 0.0000000000
41359  13.913  -29.401  68.227 0.0000000000
40490  13.413  -30.108  67.856 0.0000000000
40476  12.131  -30.872  70.095 0.0000000000
40468  11.857  -30.724  71.107 0.0000000000
52831  31.793  -15.999  60.541 0.0000000000
122138  32.399  -15.367  60.105 0.0000000000
53690  31.814  -15.759  59.819 0.0000000000
52839  31.377  -15.878  59.154 0.0000000000
52845  30.947  -16.659  58.496 0.0000000000
51988  31.239  -17.085  59.254 0.0000000000
51077  32.410  -18.396  59.278 0.0000000000
51086  32.291  -18.565  58.417 0.0000000000
51085  32.441  -19.069  58.001 0.0000000000
51095  32.213  -19.239  57.156 0.0000000000
50207  32.321  -19.340  57.562 0.0000000000
47522  27.999  -21.665  58.195 0.0000000000
47521  28.836  -22.075  58.546 0.0000000000
47536  28.584  -22.210  57.681 0.0000000000
46588  28.868  -22.903  56.368 0.0000000000
46572  29.073  -22.850  57.204 0.0000000000
46587  29.752  -23.259  56.635 0.0000000000
129184  30.366  -23.310  57.177 0.0000000000
46600  30.170  -23.479  55.736 0.0000000000
57540  33.898  -11.061  52.605 0.0000000000
57549  34.045  -10.766  51.516 0.0000000000
56595  33.413  -11.400  51.768 0.0000000000
56605  32.475  -12.650  50.285 0.0000000000
56604  32.954  -12.030  49.821 0.0000000000
70677  52.264  3.715  39.643 0.0000000000
69774  52.959  3.168  38.246 0.0000000000
112262  42.038  -9.380  46.598 0.0000000000
59525  41.350  -9.393  46.180 0.0000000000
59524  41.855  -9.996  46.509 0.0000000000
57636  40.852  -11.142  46.229 0.0000000000
58605  40.483  -10.735  45.753 0.0000000000
57637  40.054  -11.390  45.740 0.0000000000
56638  41.086  -11.813  47.724 0.0000000000
55731  38.803  -12.948  46.112 0.0000000000
56669  39.131  -12.533  45.463 0.0000000000
114079  44.908  -8.323  50.072 0.0000000000
59496  44.741  -8.861  48.298 0.0000000000
60367  45.041  -8.066  47.702 0.0000000000
59522  44.478  -8.577  47.624 0.0000000000
60378  42.563  -8.912  46.820 0.0000000000
47412  31.336  -21.725  67.752 0.0000000000
46431  31.345  -21.712  66.991 0.0000000000
120382  28.860  -21.720  64.185 0.0000000000
108416  29.689  -21.983  64.957 0.0000000000
46488  29.264  -21.742  63.952 0.0000000000
46489  29.147  -21.652  63.335 0.0000000000
46501  28.725  -21.555  62.874 0.0000000000
48359  26.012  -20.457  62.439 0.0000000000
47476  26.749  -20.829  62.999 0.0000000000
48358  26.707  -20.759  62.106 0.0000000000
48381  26.756  -20.696  60.228 0.0000000000
48367  26.697  -20.714  61.193 0.0000000000
47497  27.529  -20.996  60.893 0.0000000000
47484  28.159  -21.318  61.439 0.0000000000
48380  27.696  -21.082  59.861 0.0000000000
121923  26.691  -20.797  58.420 0.0000000000
47555  26.527  -21.564  56.112 0.0000000000
47556  25.626  -21.784  55.615 0.0000000000
46554  22.653  -22.770  57.738 0.0000000000
46574  22.471  -23.619  57.517 0.0000000000
66218  48.731  -1.139  45.796 0.0000000000
67989  47.643  0.681  44.779 0.0000000000
125955  48.177  1.009  44.875 0.0000000000
68860  48.388  1.623  44.671 0.0000000000
68002  45.294  0.993  42.254 0.0000000000
67996  46.319  1.037  43.966 0.0000000000
68869  47.091  2.226  42.650 0.0000000000
69750  47.698  2.521  43.082 0.0000000000
69749  48.321  2.741  43.465 0.0000000000
69752  48.205  2.970  42.528 0.0000000000
69767  48.582  2.559  40.738 0.0000000000
69760  49.051  3.072  41.201 0.0000000000
124146  49.703  3.200  40.839 0.0000000000
69766  49.344  2.693  40.433 0.0000000000
126209  22.866  -19.257  65.155 0.0000000000
130363  22.280  -19.541  64.794 0.0000000000
50143  22.805  -19.419  65.860 0.0000000000
49223  22.927  -19.697  67.975 0.0000000000
49213  22.563  -20.287  68.337 0.0000000000
48308  22.054  -21.014  67.934 0.0000000000
114807  24.924  -19.574  70.107 0.0000000000
49198  23.649  -19.971  70.758 0.0000000000
48276  22.480  -21.138  70.540 0.0000000000
47379  32.709  -21.412  68.765 0.0000000000
46435  28.976  -21.848  67.448 0.0000000000
48306  26.845  -21.398  67.962 0.0000000000
47414  27.045  -21.678  67.181 0.0000000000
47415  26.755  -21.316  66.537 0.0000000000
111736  26.230  -20.704  65.763 0.0000000000
48317  26.229  -20.810  66.409 0.0000000000
50130  24.210  -19.359  66.003 0.0000000000
50141  24.312  -19.360  65.328 0.0000000000
50151  22.828  -19.183  64.453 0.0000000000
59540  39.583  -9.274  45.164 0.0000000000
65318  46.439  -2.576  45.071 0.0000000000
65317  47.056  -2.303  45.316 0.0000000000
109233  46.018  -1.813  44.936 0.0000000000
114649  43.652  -3.806  45.295 0.0000000000
108544  43.588  -2.166  44.810 0.0000000000
66224  43.723  -1.455  44.250 0.0000000000
125380  44.481  -1.304  44.471 0.0000000000
48341  21.166  -20.912  64.347 0.0000000000
47441  21.015  -21.758  64.847 0.0000000000
47455  20.595  -22.503  64.443 0.0000000000
45573  19.776  -23.844  63.550 0.0000000000
45566  19.902  -23.891  64.490 0.0000000000
46438  20.388  -23.702  67.250 0.0000000000
46437  20.688  -23.222  66.770 0.0000000000
44665  19.135  -25.109  65.408 0.0000000000
44672  19.002  -25.075  64.489 0.0000000000
43764  18.471  -25.813  63.009 0.0000000000
42922  17.462  -26.876  63.975 0.0000000000
42933  17.065  -27.645  63.496 0.0000000000
43705  18.588  -25.706  69.784 0.0000000000
43714  18.681  -25.783  68.897 0.0000000000
43715  18.222  -26.269  68.421 0.0000000000
42872  17.131  -27.047  69.065 0.0000000000
42887  16.915  -27.339  67.053 0.0000000000
121341  17.118  -27.166  67.732 0.0000000000
42902  17.616  -26.840  65.959 0.0000000000
40459  11.660  -30.154  71.979 0.0000000000
40460  11.092  -30.422  72.423 0.0000000000
39624  10.662  -31.086  72.496 0.0000000000
58518  37.813  -9.402  52.938 0.0000000000
57529  35.993  -10.334  54.321 0.0000000000
57539  34.665  -10.556  53.062 0.0000000000
57530  34.877  -10.741  54.153 0.0000000000
56566  34.010  -11.788  55.177 0.0000000000
111176  33.192  -12.353  53.855 0.0000000000
54663  33.470  -12.953  56.573 0.0000000000
107992  32.231  -13.774  55.047 0.0000000000
54694  32.476  -13.449  54.442 0.0000000000
113413  31.857  -14.114  54.443 0.0000000000
54680  31.321  -14.575  53.645 0.0000000000
53741  31.172  -14.901  54.551 0.0000000000
52030  30.482  -17.269  55.099 0.0000000000
52874  30.382  -16.507  54.736 0.0000000000
52046  31.003  -17.842  53.853 0.0000000000
52020  31.469  -18.274  57.289 0.0000000000
50239  32.212  -19.641  54.375 0.0000000000
114983  31.933  -19.116  54.892 0.0000000000
51120  31.919  -18.927  54.027 0.0000000000
50254  32.673  -20.302  52.766 0.0000000000
117184  33.137  -21.373  52.335 0.0000000000
48503  32.962  -22.181  50.604 0.0000000000
47422  31.979  -21.572  66.560 0.0000000000
47421  32.502  -21.214  66.096 0.0000000000
47438  31.891  -21.472  65.610 0.0000000000
47461  31.518  -21.428  63.479 0.0000000000
47437  32.332  -21.113  65.078 0.0000000000
48338  32.547  -20.643  64.598 0.0000000000
48348  32.404  -20.638  63.599 0.0000000000
108483  30.996  -21.975  60.967 0.0000000000
46525  30.822  -22.049  60.279 0.0000000000
122798  32.107  -21.447  61.505 0.0000000000
47471  32.062  -21.330  62.221 0.0000000000
48366  32.537  -20.989  62.015 0.0000000000
48347  32.544  -20.241  63.170 0.0000000000
122183  32.630  -20.021  62.780 0.0000000000
50157  32.663  -19.454  63.820 0.0000000000
49288  32.759  -20.065  62.157 0.0000000000
49299  32.867  -20.090  60.576 0.0000000000
50168  32.850  -19.721  61.780 0.0000000000
50176  32.936  -19.703  60.913 0.0000000000
50169  32.967  -19.353  61.275 0.0000000000
50177  33.061  -19.316  60.359 0.0000000000
50187  32.928  -19.703  60.046 0.0000000000
48422  32.305  -21.230  57.022 0.0000000000
49321  32.501  -20.219  58.258 0.0000000000
48421  32.371  -20.649  56.782 0.0000000000
48437  32.354  -21.122  56.275 0.0000000000
108796  30.652  -23.386  55.294 0.0000000000
46599  31.117  -23.138  55.457 0.0000000000
46639  31.913  -22.888  53.875 0.0000000000
47586  32.220  -22.396  54.320 0.0000000000
47606  32.582  -22.355  53.520 0.0000000000
59462  39.442  -8.882  51.466 0.0000000000
59475  39.935  -9.406  50.741 0.0000000000
59476  39.059  -9.462  50.957 0.0000000000
58559  37.332  -10.516  49.789 0.0000000000
58558  38.236  -10.710  49.911 0.0000000000
57578  37.825  -11.234  49.265 0.0000000000
57591  38.349  -12.001  48.802 0.0000000000
57592  37.402  -11.728  48.590 0.0000000000
58562  34.514  -10.654  49.890 0.0000000000
58561  35.481  -10.472  49.707 0.0000000000
109064  34.927  -10.995  48.992 0.0000000000
119326  35.697  -12.737  47.173 0.0000000000
56629  35.990  -12.143  47.684 0.0000000000
56642  36.504  -12.805  47.280 0.0000000000
56628  36.969  -12.250  47.919 0.0000000000
70679  55.105  4.247  38.143 0.0000000000
70684  55.423  3.985  37.407 0.0000000000
112225  55.729  4.500  37.885 0.0000000000
69777  50.667  2.280  38.838 0.0000000000
68904  50.261  1.661  38.361 0.0000000000
57558  42.101  -11.029  49.844 0.0000000000
47499  21.227  -22.300  60.312 0.0000000000
46527  20.951  -23.222  60.443 0.0000000000
47486  20.914  -22.395  61.054 0.0000000000
46502  20.653  -22.500  61.879 0.0000000000
47478  20.484  -22.512  62.685 0.0000000000
49266  23.865  -19.139  63.448 0.0000000000
49278  23.613  -19.298  62.561 0.0000000000
49291  22.511  -19.778  61.384 0.0000000000
48384  22.069  -20.826  60.173 0.0000000000
61199  43.348  -7.587  46.689 0.0000000000
62851  42.450  -5.316  45.814 0.0000000000
62013  41.941  -6.101  46.104 0.0000000000
47361  21.663  -22.521  71.397 0.0000000000
46385  21.095  -23.143  71.015 0.0000000000
42112  14.534  -28.632  69.518 0.0000000000
41350  13.859  -29.168  69.048 0.0000000000
53672  32.001  -15.859  61.416 0.0000000000
51975  31.505  -17.170  59.961 0.0000000000
47554  27.544  -21.915  56.444 0.0000000000
47570  28.168  -22.437  55.992 0.0000000000
125002  28.685  -22.864  55.671 0.0000000000
46602  28.945  -23.024  55.073 0.0000000000
46643  27.865  -23.049  53.307 0.0000000000
113717  32.968  -11.976  51.803 0.0000000000
56597  32.527  -12.566  51.295 0.0000000000
70659  49.941  4.108  42.621 0.0000000000
71526  50.638  4.534  43.182 0.0000000000
107681  52.532  4.440  40.591 0.0000000000
69769  51.851  3.159  39.172 0.0000000000
128343  42.311  -10.017  46.924 0.0000000000
58591  42.088  -10.443  46.976 0.0000000000
57620  41.464  -11.110  46.860 0.0000000000
56625  40.346  -12.201  48.332 0.0000000000
56639  40.368  -12.191  47.753 0.0000000000
58556  43.665  -9.893  49.208 0.0000000000
58555  44.280  -9.321  48.854 0.0000000000
58576  44.249  -9.400  48.085 0.0000000000
59509  44.088  -9.244  47.714 0.0000000000
60376  43.944  -8.991  47.474 0.0000000000
58589  43.509  -9.610  47.543 0.0000000000
42950  18.393  -27.088  61.606 0.0000000000
108618  29.290  -21.948  66.237 0.0000000000
108859  29.763  -21.944  65.825 0.0000000000
46465  28.909  -21.911  65.544 0.0000000000
46478  28.651  -21.757  64.922 0.0000000000
49300  25.131  -20.153  60.703 0.0000000000
48397  25.864  -20.427  59.541 0.0000000000
112094  25.943  -20.531  58.614 0.0000000000
48424  25.300  -20.933  57.203 0.0000000000
48439  24.873  -21.411  56.609 0.0000000000
47557  24.804  -21.983  55.935 0.0000000000
47539  24.340  -21.789  56.581 0.0000000000
47558  23.929  -22.476  56.277 0.0000000000
52054  30.751  -17.120  52.541 0.0000000000
66221  47.053  -1.284  45.351 0.0000000000
67103  47.555  -0.243  45.180 0.0000000000
127285  46.610  1.868  41.300 0.0000000000
69762  47.770  2.447  41.107 0.0000000000
68887  48.083  2.010  40.273 0.0000000000
50118  23.866  -19.315  66.866 0.0000000000
50131  23.426  -19.310  66.211 0.0000000000
50105  23.799  -19.330  67.899 0.0000000000
49233  25.686  -20.159  66.879 0.0000000000
128839  42.384  -2.964  44.977 0.0000000000
48319  21.543  -21.003  66.181 0.0000000000
110103  21.178  -21.771  65.763 0.0000000000
46454  20.511  -23.259  65.864 0.0000000000
45548  19.678  -24.644  66.632 0.0000000000
44659  19.255  -25.136  66.269 0.0000000000
44666  18.562  -25.647  64.968 0.0000000000
117856  18.022  -26.173  69.882 0.0000000000
42877  16.614  -27.462  68.417 0.0000000000
42138  16.382  -27.770  66.678 0.0000000000
42156  16.297  -27.961  65.711 0.0000000000
56565  34.690  -11.144  55.016 0.0000000000
53699  33.069  -14.703  58.827 0.0000000000
53698  33.675  -13.934  58.895 0.0000000000
54656  33.171  -14.172  58.086 0.0000000000
110316  32.895  -13.481  56.204 0.0000000000
54665  32.482  -14.111  56.609 0.0000000000
120851  31.242  -14.930  55.375 0.0000000000
53730  30.757  -15.470  55.922 0.0000000000
52873  30.394  -16.519  55.595 0.0000000000
52029  30.682  -17.635  55.861 0.0000000000
51115  31.923  -19.063  55.792 0.0000000000
122172  32.728  -20.728  53.447 0.0000000000
48470  32.861  -21.200  53.432 0.0000000000
113311  30.472  -21.701  63.765 0.0000000000
46473  31.213  -21.605  64.233 0.0000000000
121327  30.902  -21.639  63.574 0.0000000000
46485  31.082  -21.617  62.731 0.0000000000
46537  30.808  -22.191  59.415 0.0000000000
111875  30.972  -22.048  60.285 0.0000000000
122083  31.306  -21.941  60.386 0.0000000000
116222  32.566  -21.029  61.273 0.0000000000
48365  32.731  -20.512  61.749 0.0000000000
48379  32.611  -20.964  60.422 0.0000000000
48378  32.757  -20.502  60.265 0.0000000000
48394  32.613  -20.799  59.518 0.0000000000
127038  32.601  -20.345  59.043 0.0000000000
48408  32.336  -21.294  57.910 0.0000000000
47535  32.096  -21.762  57.299 0.0000000000
109224  30.300  -23.322  53.675 0.0000000000
119899  30.351  -23.346  52.563 0.0000000000
46661  31.238  -23.171  51.976 0.0000000000
47636  31.095  -23.361  51.206 0.0000000000
58527  38.196  -9.482  51.073 0.0000000000
57595  34.327  -11.534  48.386 0.0000000000
57608  34.565  -11.997  47.819 0.0000000000
70685  53.797  3.422  37.974 0.0000000000
70680  54.306  4.049  38.488 0.0000000000
57589  42.914  -10.859  48.669 0.0000000000
57590  42.406  -11.255  48.447 0.0000000000
57574  41.519  -11.530  49.372 0.0000000000
56613  40.963  -11.911  48.839 0.0000000000
56626  39.606  -12.346  48.319 0.0000000000
56627  38.817  -12.374  48.246 0.0000000000
59470  44.340  -8.616  50.238 0.0000000000
59487  43.963  -9.250  49.642 0.0000000000
57571  43.313  -10.406  48.903 0.0000000000
44703  20.588  -24.889  59.918 0.0000000000
45590  20.241  -24.669  60.545 0.0000000000
44683  19.593  -24.663  61.943 0.0000000000
47453  26.762  -20.944  64.550 0.0000000000
48339  26.225  -20.542  64.060 0.0000000000
48349  26.129  -20.492  63.286 0.0000000000
48369  25.307  -20.059  61.984 0.0000000000
108095  24.426  -19.608  62.034 0.0000000000
49289  24.766  -19.918  61.265 0.0000000000
49315  23.901  -20.206  59.451 0.0000000000
48413  23.132  -21.374  58.295 0.0000000000
47523  22.477  -22.212  58.330 0.0000000000
47512  22.088  -22.033  59.117 0.0000000000
122663  21.946  -22.777  58.811 0.0000000000
67123  44.844  0.433  42.971 0.0000000000
49202  25.616  -19.934  69.698 0.0000000000
49185  26.396  -20.273  70.869 0.0000000000
61208  45.834  -6.846  46.705 0.0000000000
62010  45.670  -6.282  45.997 0.0000000000
62848  45.377  -5.579  45.557 0.0000000000
63624  41.802  -4.621  45.417 0.0000000000
63634  42.034  -3.993  45.191 0.0000000000
63635  41.155  -4.115  44.758 0.0000000000
47402  21.404  -22.483  68.827 0.0000000000
115474  21.258  -22.472  68.007 0.0000000000
124133  20.989  -23.089  68.431 0.0000000000
118779  20.396  -23.771  67.932 0.0000000000
46404  20.594  -23.646  69.541 0.0000000000
46418  20.554  -23.654  68.701 0.0000000000
44650  19.524  -24.875  68.046 0.0000000000
43733  18.747  -25.748  67.331 0.0000000000
42864  16.812  -26.902  70.705 0.0000000000
42110  15.779  -27.906  69.671 0.0000000000
42117  15.880  -27.927  68.843 0.0000000000
121862  15.274  -28.534  67.503 0.0000000000
41366  14.655  -29.210  66.857 0.0000000000
113960  13.896  -30.336  66.521 0.0000000000
53689  33.107  -14.915  59.675 0.0000000000
53700  32.164  -15.169  58.559 0.0000000000
52854  30.756  -16.438  57.760 0.0000000000
52011  31.007  -17.468  57.876 0.0000000000
52000  31.829  -17.903  58.849 0.0000000000
52010  31.738  -18.076  58.069 0.0000000000
49345  32.311  -20.161  55.941 0.0000000000
47495  29.334  -21.732  60.302 0.0000000000
114120  30.077  -21.809  61.058 0.0000000000
125728  29.922  -21.841  60.479 0.0000000000
47508  29.867  -22.031  59.691 0.0000000000
46539  30.272  -22.399  59.067 0.0000000000
46553  29.338  -22.654  58.019 0.0000000000
109830  29.987  -22.862  58.277 0.0000000000
46570  30.470  -23.069  57.758 0.0000000000
107913  30.679  -22.798  57.879 0.0000000000
45620  30.660  -23.174  57.192 0.0000000000
46569  30.978  -22.971  57.080 0.0000000000
125094  30.779  -23.222  56.661 0.0000000000
46622  29.346  -23.156  54.422 0.0000000000
114300  29.664  -23.261  53.874 0.0000000000
46641  29.557  -23.331  52.972 0.0000000000
58521  35.362  -10.054  52.194 0.0000000000
113668  35.526  -10.024  51.178 0.0000000000
58530  34.809  -10.249  51.425 0.0000000000
58547  34.440  -10.448  50.780 0.0000000000
113066  33.832  -11.095  49.811 0.0000000000
57550  33.482  -11.187  50.989 0.0000000000
57563  33.351  -11.365  50.210 0.0000000000
57596  33.583  -11.784  48.714 0.0000000000
71548  52.992  4.068  39.536 0.0000000000
70676  53.424  3.780  38.794 0.0000000000
60380  40.852  -8.614  46.063 0.0000000000
59539  40.378  -9.332  45.758 0.0000000000
119393  40.013  -10.032  45.420 0.0000000000
56637  41.682  -11.378  47.541 0.0000000000
56653  40.279  -12.108  46.998 0.0000000000
111947  39.745  -12.052  46.017 0.0000000000
130184  44.799  -8.773  48.893 0.0000000000
126753  45.203  -8.335  48.564 0.0000000000
60374  45.570  -7.445  47.488 0.0000000000
60375  44.898  -7.831  47.425 0.0000000000
108818  44.388  -7.883  47.172 0.0000000000
60377  43.863  -8.514  47.248 0.0000000000
48293  33.270  -21.138  68.279 0.0000000000
48305  33.220  -21.090  67.473 0.0000000000
46463  30.728  -21.783  65.685 0.0000000000
46450  30.262  -21.845  66.204 0.0000000000
46464  30.199  -21.928  65.270 0.0000000000
46475  30.121  -21.838  64.353 0.0000000000
116163  29.674  -21.687  63.351 0.0000000000
46499  29.675  -21.673  62.574 0.0000000000
46516  29.613  -21.693  61.849 0.0000000000
47452  27.318  -21.255  64.269 0.0000000000
47463  27.364  -21.210  63.527 0.0000000000
47462  28.041  -21.428  63.211 0.0000000000
47474  28.120  -21.394  62.324 0.0000000000
47473  28.899  -21.571  61.904 0.0000000000
47483  28.785  -21.512  60.936 0.0000000000
110324  28.571  -21.490  60.049 0.0000000000
47510  28.271  -21.586  59.143 0.0000000000
48409  27.085  -21.133  57.732 0.0000000000
47538  27.067  -21.408  56.881 0.0000000000
47572  26.347  -21.923  55.195 0.0000000000
47588  26.137  -22.154  54.475 0.0000000000
46573  23.150  -22.885  57.023 0.0000000000
54712  31.393  -14.315  52.649 0.0000000000
69743  49.234  2.610  44.768 0.0000000000
67997  45.567  0.800  43.513 0.0000000000
67995  47.080  1.230  44.208 0.0000000000
68866  47.336  1.943  43.651 0.0000000000
69744  48.601  2.338  44.319 0.0000000000
70656  49.266  3.717  43.374 0.0000000000
70660  49.233  3.662  42.519 0.0000000000
70661  48.801  3.335  42.047 0.0000000000
69764  50.848  3.174  40.015 0.0000000000
49268  21.487  -20.160  63.797 0.0000000000
49258  21.676  -20.123  64.792 0.0000000000
49250  21.798  -20.322  65.718 0.0000000000
50120  22.767  -19.597  66.661 0.0000000000
49235  22.052  -20.317  66.537 0.0000000000
48318  21.855  -21.040  67.048 0.0000000000
49204  23.635  -19.690  69.325 0.0000000000
49205  22.820  -20.315  69.150 0.0000000000
47386  21.963  -21.858  69.229 0.0000000000
47372  22.046  -21.888  70.087 0.0000000000
47360  22.147  -21.970  71.639 0.0000000000
49201  34.223  -20.299  69.185 0.0000000000
119549  33.319  -21.069  68.949 0.0000000000
47395  32.009  -21.670  68.216 0.0000000000
46413  30.758  -21.711  68.024 0.0000000000
46433  30.208  -21.734  67.516 0.0000000000
46434  29.536  -21.800  67.333 0.0000000000
46467  27.795  -21.575  65.742 0.0000000000
46436  28.364  -21.892  67.595 0.0000000000
114740  27.448  -21.654  66.461 0.0000000000
47423  27.126  -21.261  65.856 0.0000000000
47440  26.602  -20.926  65.287 0.0000000000
49247  25.705  -20.226  66.027 0.0000000000
49255  24.863  -19.591  64.733 0.0000000000
49256  24.233  -19.227  64.166 0.0000000000
50150  23.514  -19.075  64.100 0.0000000000
123673  22.072  -19.563  63.298 0.0000000000
60388  39.467  -8.336  45.163 0.0000000000
114517  47.595  -1.910  45.539 0.0000000000
66222  46.342  -1.085  44.998 0.0000000000
67105  45.663  -0.889  44.667 0.0000000000
64463  45.237  -3.297  45.017 0.0000000000
64465  43.100  -2.841  45.078 0.0000000000
66232  44.852  -0.723  44.267 0.0000000000
47465  20.740  -21.783  63.035 0.0000000000
47466  20.473  -22.491  63.545 0.0000000000
46491  20.124  -23.170  63.105 0.0000000000
45560  20.053  -23.939  65.425 0.0000000000
45567  19.416  -24.483  64.015 0.0000000000
43765  17.974  -26.361  63.500 0.0000000000
42941  17.839  -27.622  62.091 0.0000000000
43724  18.700  -25.837  68.118 0.0000000000
43707  17.561  -26.470  70.406 0.0000000000
43711  17.615  -26.618  69.537 0.0000000000
42871  17.713  -26.663  68.756 0.0000000000
42876  17.286  -27.017  68.389 0.0000000000
42168  16.470  -27.979  64.742 0.0000000000
113695  16.659  -28.145  63.890 0.0000000000
41335  12.370  -29.771  71.517 0.0000000000
39631  11.381  -31.714  71.234 0.0000000000
115106  41.293  -8.680  50.890 0.0000000000
112026  33.545  -11.530  53.200 0.0000000000
56580  33.185  -12.089  53.243 0.0000000000
55675  32.823  -12.724  53.347 0.0000000000
55663  32.454  -13.317  53.561 0.0000000000
55624  33.880  -12.228  55.974 0.0000000000
55641  33.494  -12.373  55.252 0.0000000000
55642  33.017  -12.850  54.895 0.0000000000
52880  30.401  -16.516  53.832 0.0000000000
52047  30.589  -17.217  53.395 0.0000000000
51126  31.802  -18.904  52.986 0.0000000000
52037  31.479  -18.546  55.382 0.0000000000
51121  31.502  -18.356  54.153 0.0000000000
50255  32.239  -19.406  52.307 0.0000000000
50269  32.754  -19.822  51.485 0.0000000000
48515  33.468  -21.662  50.011 0.0000000000
51957  31.847  -17.374  62.692 0.0000000000
127102  33.598  -20.660  67.231 0.0000000000
48315  33.582  -20.311  66.682 0.0000000000
48330  32.787  -20.761  65.609 0.0000000000
114393  33.204  -20.439  65.998 0.0000000000
49254  32.747  -19.627  64.411 0.0000000000
46514  30.687  -21.821  61.627 0.0000000000
46496  31.205  -21.716  62.048 0.0000000000
47472  31.531  -21.504  62.462 0.0000000000
46523  31.172  -21.943  60.955 0.0000000000
46512  31.503  -21.696  61.641 0.0000000000
50149  32.894  -19.085  64.892 0.0000000000
51038  32.620  -18.840  62.681 0.0000000000
112400  32.770  -18.845  61.695 0.0000000000
51063  32.919  -18.848  59.793 0.0000000000
50196  32.557  -19.301  58.490 0.0000000000
122099  32.621  -19.772  59.041 0.0000000000
50206  32.441  -19.690  57.977 0.0000000000
50220  32.308  -19.731  57.209 0.0000000000
48436  32.390  -20.644  55.985 0.0000000000
46584  31.435  -22.651  56.510 0.0000000000
46597  31.833  -22.308  55.987 0.0000000000
46620  31.022  -23.251  54.472 0.0000000000
46619  31.668  -22.819  54.850 0.0000000000
47568  32.067  -21.901  55.469 0.0000000000
47585  32.322  -21.845  54.574 0.0000000000
47605  32.712  -21.786  53.810 0.0000000000
47625  32.391  -22.486  51.481 0.0000000000
47635  31.656  -22.915  51.027 0.0000000000
47634  32.356  -22.733  50.452 0.0000000000
59474  40.904  -9.405  50.577 0.0000000000
58543  38.642  -10.059  50.468 0.0000000000
57561  39.149  -10.913  49.976 0.0000000000
58545  35.963  -10.095  50.456 0.0000000000
58560  36.411  -10.444  49.701 0.0000000000
57594  35.304  -11.535  48.136 0.0000000000
69770  51.116  2.879  39.334 0.0000000000
69776  51.396  2.597  38.647 0.0000000000
46432  30.772  -21.734  67.316 0.0000000000
46448  31.311  -21.670  66.142 0.0000000000
46453  28.148  -21.836  66.368 0.0000000000
46474  30.681  -21.770  64.555 0.0000000000
46477  29.162  -21.878  64.729 0.0000000000
46524  30.994  -22.012  60.827 0.0000000000
46550  31.435  -22.208  58.230 0.0000000000
46552  30.476  -22.649  58.446 0.0000000000
46583  31.800  -22.217  56.805 0.0000000000
46585  31.078  -23.045  56.260 0.0000000000
47396  31.318  -21.763  68.513 0.0000000000
47411  32.010  -21.656  67.400 0.0000000000
47413  27.846  -21.946  67.040 0.0000000000
47449  32.167  -21.099  64.035 0.0000000000
47494  32.196  -21.430  60.700 0.0000000000
48407  32.432  -20.715  57.635 0.0000000000
49209  34.253  -20.262  68.375 0.0000000000
49248  25.001  -19.729  65.606 0.0000000000
49257  22.227  -19.732  65.407 0.0000000000
49344  32.322  -20.129  56.615 0.0000000000
50158  22.807  -19.185  63.724 0.0000000000
51039  32.275  -18.180  62.173 0.0000000000
53742  30.576  -15.737  54.235 0.0000000000
57581  33.404  -11.541  49.417 0.0000000000
58557  43.243  -10.312  49.459 0.0000000000
109069  29.073  -21.924  66.864 0.0000000000
109975  30.571  -21.902  60.955 0.0000000000
111863  29.839  -21.885  66.715 0.0000000000
119252  32.844  -20.084  61.389 0.0000000000
123775  28.353  -21.635  64.407 0.0000000000
125814  19.054  -25.366  67.848 0.0000000000
127450  29.428  -21.896  66.810 0.0000000000
127644  41.951  -7.415  46.379 0.0000000000
127939  31.873  -22.888  51.749 0.0000000000
128305  20.689  -23.431  68.183 0.0000000000
