#!ascii label  , from subject sub-v1s0x0050656_ses-1 vox2ras=TkReg
411
73337  -22.638  -20.320  -2.314 0.0000000000
69579  -19.962  -25.266  -1.957 0.0000000000
68815  -25.701  -26.196  -1.983 0.0000000000
110949  -21.758  -29.799  -1.772 0.0000000000
83061  -23.102  -7.314  0.589 0.0000000000
80843  -24.715  -10.860  1.119 0.0000000000
77210  -19.686  -15.351  -2.964 0.0000000000
62206  -20.283  -33.895  0.495 0.0000000000
68004  -20.416  -27.533  -1.736 0.0000000000
66323  -19.017  -29.438  -0.719 0.0000000000
81578  -23.524  -8.958  0.750 0.0000000000
80142  -20.620  -11.350  -1.260 0.0000000000
73349  -20.227  -20.631  -2.778 0.0000000000
74955  -18.272  -18.357  -1.792 0.0000000000
118839  -21.785  -18.283  -2.689 0.0000000000
77200  -23.373  -15.673  -0.816 0.0000000000
121371  -24.823  -18.299  -0.408 0.0000000000
73326  -26.099  -20.981  -0.442 0.0000000000
71124  -18.535  -23.280  -1.081 0.0000000000
112988  -21.559  -22.944  -2.919 0.0000000000
71127  -24.541  -23.339  -1.679 0.0000000000
114304  -22.766  -25.671  -2.460 0.0000000000
67162  -24.220  -28.144  -2.356 0.0000000000
65444  -25.054  -30.655  -1.073 0.0000000000
78689  -17.459  -13.339  -1.963 0.0000000000
78691  -21.661  -13.641  -1.343 0.0000000000
78647  -25.840  -13.923  1.049 0.0000000000
64619  -18.519  -31.240  -0.502 0.0000000000
64622  -21.466  -31.770  -1.095 0.0000000000
114658  -18.541  -28.111  -0.275 0.0000000000
66308  -17.975  -29.544  -0.020 0.0000000000
80869  -19.747  -9.599  -1.189 0.0000000000
80880  -18.329  -9.992  -1.587 0.0000000000
73351  -21.906  -20.355  -2.657 0.0000000000
109153  -20.511  -19.063  -3.078 0.0000000000
74956  -22.362  -18.966  -2.304 0.0000000000
104369  -22.596  -18.245  -1.873 0.0000000000
74121  -23.526  -19.602  -1.535 0.0000000000
74108  -24.982  -19.455  -0.525 0.0000000000
111151  -24.509  -20.872  -1.246 0.0000000000
71125  -19.213  -23.762  -1.564 0.0000000000
71856  -20.331  -22.933  -2.601 0.0000000000
71140  -20.610  -23.803  -2.663 0.0000000000
70350  -22.270  -24.267  -2.787 0.0000000000
69581  -21.241  -25.302  -2.578 0.0000000000
67143  -21.034  -28.650  -1.814 0.0000000000
68009  -21.704  -27.608  -2.324 0.0000000000
66346  -22.662  -28.929  -2.261 0.0000000000
66329  -24.496  -29.729  -1.954 0.0000000000
66328  -23.538  -29.990  -1.873 0.0000000000
83070  -21.256  -7.455  0.309 0.0000000000
83059  -19.836  -6.790  0.779 0.0000000000
83687  -22.031  -6.160  1.094 0.0000000000
120078  -22.253  -5.483  1.387 0.0000000000
104766  -23.827  -6.833  0.843 0.0000000000
80859  -24.273  -10.217  0.736 0.0000000000
110743  -18.903  -16.879  -2.750 0.0000000000
76492  -17.771  -16.139  -1.814 0.0000000000
77961  -18.460  -14.529  -2.623 0.0000000000
79442  -19.892  -12.811  -2.171 0.0000000000
77949  -20.503  -14.362  -2.208 0.0000000000
77191  -25.170  -15.809  0.190 0.0000000000
77917  -24.526  -14.747  0.070 0.0000000000
77919  -26.093  -14.723  0.791 0.0000000000
70333  -24.784  -24.559  -1.577 0.0000000000
117189  -25.960  -23.241  -1.281 0.0000000000
63000  -18.414  -33.230  0.420 0.0000000000
63824  -19.729  -32.702  -0.581 0.0000000000
64620  -19.797  -31.439  -1.211 0.0000000000
119159  -21.270  -32.888  -0.138 0.0000000000
68811  -19.207  -26.183  -1.175 0.0000000000
68813  -20.269  -26.657  -1.847 0.0000000000
68002  -19.424  -27.421  -1.184 0.0000000000
106528  -19.949  -28.724  -1.321 0.0000000000
123260  -20.631  -29.685  -1.567 0.0000000000
82352  -21.650  -7.964  0.053 0.0000000000
82342  -23.350  -8.089  0.483 0.0000000000
81589  -22.027  -9.213  0.025 0.0000000000
114712  -22.595  -10.149  0.157 0.0000000000
80119  -23.077  -11.120  0.271 0.0000000000
73336  -18.661  -20.782  -1.658 0.0000000000
74129  -19.201  -19.509  -2.319 0.0000000000
75750  -20.254  -17.737  -3.127 0.0000000000
76494  -20.799  -16.590  -2.713 0.0000000000
77198  -21.704  -15.942  -1.663 0.0000000000
76486  -22.315  -16.658  -1.533 0.0000000000
76475  -23.770  -17.151  -0.881 0.0000000000
116176  -25.797  -17.050  0.215 0.0000000000
74099  -26.406  -18.848  0.149 0.0000000000
62207  -21.216  -34.210  0.882 0.0000000000
62208  -22.014  -33.779  0.778 0.0000000000
71845  -19.340  -22.068  -1.994 0.0000000000
72602  -20.734  -21.280  -2.920 0.0000000000
111123  -22.139  -21.791  -2.580 0.0000000000
106716  -23.764  -21.765  -1.981 0.0000000000
71860  -23.215  -22.731  -2.352 0.0000000000
70351  -23.160  -24.316  -2.348 0.0000000000
118385  -24.071  -25.873  -1.980 0.0000000000
123446  -21.312  -26.460  -2.376 0.0000000000
68011  -23.374  -26.825  -2.381 0.0000000000
68827  -25.190  -26.795  -2.250 0.0000000000
67163  -25.094  -28.382  -2.412 0.0000000000
66330  -25.506  -29.704  -1.865 0.0000000000
82344  -25.074  -7.994  1.121 0.0000000000
80153  -18.692  -11.665  -2.323 0.0000000000
79428  -21.218  -12.281  -1.271 0.0000000000
79410  -22.859  -12.409  -0.456 0.0000000000
77951  -22.200  -14.305  -1.174 0.0000000000
78677  -23.937  -13.349  0.205 0.0000000000
79398  -25.341  -12.408  1.321 0.0000000000
72593  -25.085  -21.907  -1.114 0.0000000000
71835  -27.314  -22.540  -0.656 0.0000000000
65440  -17.843  -30.229  0.219 0.0000000000
65442  -18.509  -30.556  -0.614 0.0000000000
64639  -19.702  -30.701  -1.228 0.0000000000
64641  -21.239  -31.099  -1.510 0.0000000000
63810  -22.110  -32.986  0.272 0.0000000000
63827  -22.708  -32.304  -0.155 0.0000000000
64643  -22.923  -31.155  -1.149 0.0000000000
80879  -17.830  -10.070  -1.410 0.0000000000
74133  -22.191  -19.622  -2.520 0.0000000000
74120  -22.829  -19.621  -2.033 0.0000000000
73338  -23.320  -20.295  -1.859 0.0000000000
73339  -24.010  -20.247  -1.355 0.0000000000
113423  -23.842  -20.955  -1.668 0.0000000000
69566  -19.388  -25.359  -1.455 0.0000000000
70330  -19.032  -24.635  -1.202 0.0000000000
70331  -19.615  -24.556  -1.824 0.0000000000
71139  -19.885  -23.762  -2.236 0.0000000000
70347  -20.235  -24.541  -2.320 0.0000000000
70348  -20.915  -24.570  -2.676 0.0000000000
69580  -20.563  -25.271  -2.321 0.0000000000
66345  -21.825  -28.995  -2.041 0.0000000000
66327  -22.580  -29.660  -1.976 0.0000000000
65464  -22.668  -30.481  -1.622 0.0000000000
108174  -21.903  -6.891  0.598 0.0000000000
123540  -22.790  -5.986  1.152 0.0000000000
83688  -23.511  -6.141  1.145 0.0000000000
80120  -24.009  -11.029  0.629 0.0000000000
109926  -24.839  -10.121  1.155 0.0000000000
80844  -25.282  -10.510  1.433 0.0000000000
80109  -25.465  -11.402  1.517 0.0000000000
110012  -19.333  -16.135  -3.000 0.0000000000
76493  -18.506  -16.119  -2.527 0.0000000000
77209  -18.885  -15.341  -2.905 0.0000000000
77208  -18.121  -15.374  -2.369 0.0000000000
119758  -19.130  -14.701  -2.914 0.0000000000
77963  -19.679  -14.356  -2.692 0.0000000000
114594  -20.258  -15.003  -2.605 0.0000000000
119982  -25.792  -15.967  0.381 0.0000000000
77168  -25.730  -15.304  0.496 0.0000000000
69569  -25.382  -25.292  -1.636 0.0000000000
70334  -26.119  -24.762  -1.479 0.0000000000
69570  -26.390  -25.658  -1.688 0.0000000000
124478  -19.544  -33.922  0.476 0.0000000000
63001  -19.424  -33.416  0.083 0.0000000000
63809  -18.783  -32.667  -0.141 0.0000000000
63017  -20.453  -33.187  -0.156 0.0000000000
68806  -18.612  -26.567  -0.481 0.0000000000
115004  -19.148  -26.882  -1.048 0.0000000000
67995  -18.852  -27.414  -0.649 0.0000000000
67134  -18.754  -28.807  -0.503 0.0000000000
67140  -19.440  -28.761  -0.922 0.0000000000
66325  -20.402  -29.148  -1.508 0.0000000000
66324  -19.686  -29.375  -1.148 0.0000000000
124206  -20.581  -8.115  -0.427 0.0000000000
112415  -21.413  -8.364  -0.157 0.0000000000
81588  -21.052  -8.783  -0.493 0.0000000000
80870  -20.851  -10.449  -0.861 0.0000000000
104821  -21.596  -9.931  -0.340 0.0000000000
80857  -22.290  -10.759  -0.084 0.0000000000
80871  -21.748  -10.873  -0.450 0.0000000000
73348  -19.441  -20.735  -2.284 0.0000000000
114439  -19.687  -20.022  -2.532 0.0000000000
74967  -21.264  -18.818  -3.123 0.0000000000
74966  -20.638  -18.365  -3.201 0.0000000000
103924  -21.029  -17.929  -3.260 0.0000000000
75751  -21.274  -17.389  -2.831 0.0000000000
76485  -21.521  -16.700  -2.124 0.0000000000
75741  -22.039  -17.484  -2.036 0.0000000000
75742  -23.560  -18.181  -1.167 0.0000000000
106012  -22.901  -17.394  -1.373 0.0000000000
75731  -24.472  -17.766  -0.564 0.0000000000
75732  -25.099  -17.188  -0.124 0.0000000000
108545  -25.220  -18.022  -0.195 0.0000000000
75720  -25.813  -17.723  0.105 0.0000000000
74933  -25.836  -18.469  -0.028 0.0000000000
116187  -25.564  -20.195  -0.476 0.0000000000
74110  -26.467  -20.195  -0.111 0.0000000000
73327  -27.045  -21.036  -0.052 0.0000000000
62190  -21.266  -34.949  1.345 0.0000000000
108891  -22.007  -35.388  1.503 0.0000000000
71832  -18.121  -22.449  -0.853 0.0000000000
72589  -18.512  -21.689  -1.390 0.0000000000
71844  -18.852  -22.599  -1.500 0.0000000000
113571  -20.491  -22.057  -2.789 0.0000000000
71857  -20.992  -22.510  -2.943 0.0000000000
72603  -21.552  -21.257  -2.785 0.0000000000
71858  -21.584  -22.150  -2.785 0.0000000000
71859  -22.327  -22.621  -2.681 0.0000000000
117210  -22.729  -24.939  -2.466 0.0000000000
69567  -23.492  -25.235  -2.114 0.0000000000
105575  -20.889  -26.077  -2.247 0.0000000000
68823  -21.027  -27.010  -2.211 0.0000000000
67161  -23.308  -28.377  -2.376 0.0000000000
68010  -22.690  -27.410  -2.430 0.0000000000
105474  -23.758  -27.486  -2.371 0.0000000000
123257  -24.210  -26.653  -2.224 0.0000000000
106609  -24.685  -27.495  -2.354 0.0000000000
68012  -25.591  -27.560  -2.441 0.0000000000
112061  -24.971  -30.192  -1.564 0.0000000000
65466  -25.505  -30.295  -1.385 0.0000000000
65467  -26.175  -30.155  -1.387 0.0000000000
83062  -24.103  -7.617  0.725 0.0000000000
82343  -24.276  -8.474  0.825 0.0000000000
113983  -17.821  -18.969  -1.099 0.0000000000
108621  -17.006  -13.623  -1.063 0.0000000000
78673  -17.163  -12.513  -1.428 0.0000000000
79425  -17.644  -11.717  -1.922 0.0000000000
119481  -18.195  -12.194  -2.448 0.0000000000
78690  -20.739  -13.544  -1.784 0.0000000000
112866  -20.657  -12.765  -1.644 0.0000000000
113812  -21.218  -13.061  -1.366 0.0000000000
79409  -22.103  -12.283  -0.788 0.0000000000
110088  -22.491  -12.906  -0.702 0.0000000000
77199  -22.565  -15.815  -1.216 0.0000000000
106882  -21.932  -15.104  -1.420 0.0000000000
77952  -22.765  -15.017  -0.941 0.0000000000
78661  -24.547  -13.984  0.327 0.0000000000
77936  -23.834  -14.235  -0.233 0.0000000000
111910  -24.665  -13.253  0.592 0.0000000000
78646  -25.300  -13.185  0.984 0.0000000000
107461  -26.037  -13.054  1.385 0.0000000000
71846  -23.996  -22.626  -1.941 0.0000000000
119674  -24.412  -22.097  -1.611 0.0000000000
71847  -24.806  -22.676  -1.471 0.0000000000
71834  -26.411  -22.762  -0.940 0.0000000000
117108  -18.219  -31.849  0.080 0.0000000000
113477  -17.748  -30.807  0.567 0.0000000000
64618  -17.945  -30.885  -0.077 0.0000000000
65441  -18.099  -30.107  -0.297 0.0000000000
64621  -20.587  -31.684  -1.290 0.0000000000
64640  -20.403  -30.883  -1.424 0.0000000000
64624  -23.225  -31.681  -0.546 0.0000000000
67133  -18.214  -28.853  -0.112 0.0000000000
66309  -18.352  -29.484  -0.372 0.0000000000
80856  -20.465  -9.227  -0.792 0.0000000000
80868  -18.558  -9.019  -1.253 0.0000000000
80881  -19.133  -10.116  -1.641 0.0000000000
120049  -20.038  -10.543  -1.318 0.0000000000
73350  -21.096  -20.367  -3.022 0.0000000000
74130  -20.421  -19.833  -2.935 0.0000000000
74131  -21.016  -19.543  -3.110 0.0000000000
74968  -21.860  -19.047  -2.817 0.0000000000
74957  -23.086  -18.946  -1.686 0.0000000000
74946  -24.424  -18.705  -0.727 0.0000000000
74947  -25.197  -18.713  -0.296 0.0000000000
74122  -24.208  -19.538  -1.004 0.0000000000
73325  -24.730  -20.225  -0.870 0.0000000000
72576  -25.218  -21.010  -0.854 0.0000000000
115616  -18.682  -24.024  -1.002 0.0000000000
108303  -19.509  -22.942  -2.021 0.0000000000
124369  -20.975  -23.196  -2.897 0.0000000000
71141  -22.085  -23.432  -2.910 0.0000000000
117072  -21.432  -23.836  -2.945 0.0000000000
70349  -21.584  -24.642  -2.792 0.0000000000
69582  -22.051  -25.261  -2.683 0.0000000000
67158  -21.023  -27.889  -1.934 0.0000000000
67159  -21.541  -28.284  -2.135 0.0000000000
67160  -22.262  -28.282  -2.359 0.0000000000
66348  -24.214  -28.971  -2.329 0.0000000000
121695  -23.912  -29.491  -2.116 0.0000000000
65465  -24.256  -30.507  -1.391 0.0000000000
83069  -20.393  -7.205  0.332 0.0000000000
83686  -20.966  -6.244  1.140 0.0000000000
83689  -24.341  -6.293  1.281 0.0000000000
123280  -23.820  -9.680  0.611 0.0000000000
107322  -24.978  -8.836  1.150 0.0000000000
81579  -24.479  -9.406  0.944 0.0000000000
112694  -17.237  -16.141  -1.038 0.0000000000
77196  -17.520  -15.378  -1.655 0.0000000000
116592  -17.806  -14.731  -2.185 0.0000000000
114954  -18.385  -13.724  -2.572 0.0000000000
78704  -18.624  -13.124  -2.615 0.0000000000
77962  -18.949  -13.960  -2.733 0.0000000000
78706  -20.021  -13.691  -2.351 0.0000000000
124195  -24.318  -15.883  -0.473 0.0000000000
107493  -23.564  -14.941  -0.618 0.0000000000
77190  -24.535  -15.500  -0.190 0.0000000000
77918  -25.276  -14.515  0.520 0.0000000000
114338  -25.074  -23.902  -1.515 0.0000000000
71128  -25.307  -23.302  -1.421 0.0000000000
106087  -25.906  -23.894  -1.432 0.0000000000
70335  -26.727  -24.258  -1.299 0.0000000000
119776  -18.095  -32.589  0.445 0.0000000000
63823  -19.125  -31.909  -0.720 0.0000000000
111004  -19.959  -32.149  -1.133 0.0000000000
63825  -20.750  -32.431  -0.753 0.0000000000
69565  -18.735  -25.509  -0.695 0.0000000000
68822  -20.297  -25.854  -1.978 0.0000000000
68812  -19.790  -26.010  -1.650 0.0000000000
111073  -19.610  -26.755  -1.464 0.0000000000
114477  -19.165  -28.104  -0.792 0.0000000000
67141  -19.824  -28.027  -1.319 0.0000000000
67142  -20.439  -28.313  -1.588 0.0000000000
66326  -21.094  -29.400  -1.714 0.0000000000
112377  -19.803  -7.750  -0.296 0.0000000000
82351  -20.690  -7.730  -0.055 0.0000000000
82341  -22.330  -7.708  0.267 0.0000000000
81577  -22.476  -8.538  0.280 0.0000000000
81590  -22.979  -9.474  0.476 0.0000000000
80858  -23.525  -10.282  0.438 0.0000000000
74964  -19.060  -18.858  -2.400 0.0000000000
115485  -19.780  -19.301  -2.759 0.0000000000
74965  -19.801  -18.455  -2.883 0.0000000000
115299  -18.961  -18.186  -2.502 0.0000000000
75749  -19.374  -17.631  -2.803 0.0000000000
111723  -19.797  -16.947  -3.080 0.0000000000
111118  -20.102  -16.310  -3.041 0.0000000000
77211  -20.456  -15.749  -2.659 0.0000000000
77212  -21.085  -16.046  -2.189 0.0000000000
76487  -23.169  -16.494  -1.037 0.0000000000
113022  -24.015  -16.249  -0.698 0.0000000000
76477  -24.698  -16.288  -0.258 0.0000000000
76461  -25.434  -16.479  0.165 0.0000000000
76462  -26.144  -16.498  0.438 0.0000000000
75721  -26.531  -17.311  0.503 0.0000000000
74935  -27.247  -18.005  0.693 0.0000000000
74109  -25.902  -19.326  -0.156 0.0000000000
118853  -26.375  -26.420  -2.040 0.0000000000
62189  -20.442  -34.629  1.097 0.0000000000
63002  -21.227  -33.487  0.353 0.0000000000
72590  -19.191  -21.365  -1.999 0.0000000000
72601  -19.890  -21.502  -2.550 0.0000000000
120176  -19.900  -22.304  -2.456 0.0000000000
72604  -22.397  -21.090  -2.485 0.0000000000
72591  -23.164  -21.047  -2.177 0.0000000000
72605  -22.945  -21.891  -2.397 0.0000000000
122093  -23.490  -22.250  -2.204 0.0000000000
71142  -22.794  -23.484  -2.574 0.0000000000
71126  -23.720  -23.551  -2.081 0.0000000000
70332  -23.968  -24.476  -1.844 0.0000000000
69568  -24.406  -25.263  -1.727 0.0000000000
68814  -24.842  -26.024  -1.969 0.0000000000
112540  -21.580  -25.978  -2.525 0.0000000000
112539  -22.187  -26.025  -2.596 0.0000000000
68824  -21.859  -26.720  -2.470 0.0000000000
68825  -22.720  -26.466  -2.473 0.0000000000
68826  -23.442  -26.120  -2.275 0.0000000000
68828  -26.015  -26.910  -2.324 0.0000000000
66349  -25.032  -29.187  -2.280 0.0000000000
66350  -25.798  -28.968  -2.330 0.0000000000
83063  -24.698  -7.066  1.154 0.0000000000
80138  -17.531  -10.781  -1.351 0.0000000000
80140  -18.852  -10.935  -1.971 0.0000000000
80141  -19.712  -11.139  -1.703 0.0000000000
79441  -19.000  -12.464  -2.515 0.0000000000
79427  -20.258  -12.027  -1.777 0.0000000000
80130  -21.528  -11.494  -0.827 0.0000000000
122380  -23.169  -11.908  -0.086 0.0000000000
80132  -23.774  -11.844  0.378 0.0000000000
77197  -20.990  -15.242  -1.968 0.0000000000
77950  -21.347  -14.359  -1.652 0.0000000000
77935  -22.976  -14.240  -0.665 0.0000000000
78675  -22.395  -13.568  -0.876 0.0000000000
79411  -23.496  -12.580  0.046 0.0000000000
79412  -24.208  -12.585  0.512 0.0000000000
80108  -24.554  -11.844  1.016 0.0000000000
123779  -24.803  -21.311  -1.179 0.0000000000
72577  -25.750  -21.613  -0.699 0.0000000000
71848  -25.564  -22.704  -1.172 0.0000000000
71833  -25.845  -22.201  -0.812 0.0000000000
72578  -26.582  -21.861  -0.525 0.0000000000
65459  -18.571  -29.955  -0.625 0.0000000000
112592  -19.085  -31.016  -0.967 0.0000000000
65460  -19.209  -30.151  -0.985 0.0000000000
65461  -20.115  -30.021  -1.411 0.0000000000
65462  -21.001  -30.221  -1.628 0.0000000000
65463  -21.838  -30.508  -1.642 0.0000000000
63826  -21.780  -32.355  -0.446 0.0000000000
64623  -22.361  -31.727  -0.793 0.0000000000
64642  -22.089  -31.172  -1.395 0.0000000000
119707  -23.429  -30.659  -1.414 0.0000000000
66347  -23.374  -29.253  -2.215 0.0000000000
68003  -19.897  -27.292  -1.560 0.0000000000
72592  -24.403  -21.485  -1.476 0.0000000000
74132  -21.567  -19.601  -2.890 0.0000000000
74934  -26.464  -18.196  0.313 0.0000000000
74958  -23.760  -18.993  -1.241 0.0000000000
76476  -24.419  -16.910  -0.526 0.0000000000
77149  -26.744  -15.093  1.081 0.0000000000
77167  -25.015  -15.190  0.266 0.0000000000
77189  -24.027  -15.527  -0.583 0.0000000000
77960  -17.871  -13.962  -2.299 0.0000000000
78662  -25.133  -13.760  0.680 0.0000000000
78674  -21.850  -12.972  -1.017 0.0000000000
78676  -23.143  -13.324  -0.389 0.0000000000
78703  -17.962  -13.108  -2.504 0.0000000000
78705  -19.350  -13.398  -2.567 0.0000000000
79397  -24.792  -12.668  0.905 0.0000000000
79426  -19.391  -11.810  -2.231 0.0000000000
79440  -17.670  -12.545  -2.194 0.0000000000
80131  -22.441  -11.573  -0.371 0.0000000000
80139  -18.154  -11.026  -1.915 0.0000000000
108053  -20.570  -17.176  -3.048 0.0000000000
108103  -24.116  -14.983  -0.388 0.0000000000
111132  -21.065  -21.843  -2.956 0.0000000000
118959  -24.413  -23.946  -1.727 0.0000000000
121662  -19.052  -23.147  -1.544 0.0000000000
123966  -25.471  -24.470  -1.504 0.0000000000
124003  -22.220  -30.118  -1.753 0.0000000000
