#!ascii label  , from subject sub-v1s0x0050656_ses-1 vox2ras=TkReg
1056
65442  -18.509  -30.556  -0.614 0.5555555820
65460  -19.209  -30.151  -0.985 0.6666666865
66325  -20.402  -29.148  -1.508 0.7777777910
66326  -21.094  -29.400  -1.714 0.7777777910
68004  -20.416  -27.533  -1.736 0.8888888955
67161  -23.308  -28.377  -2.376 0.8888888955
64618  -17.945  -30.885  -0.077 0.5555555820
65459  -18.571  -29.955  -0.625 0.5555555820
67134  -18.754  -28.807  -0.503 0.6666666865
67140  -19.440  -28.761  -0.922 0.8888888955
67143  -21.034  -28.650  -1.814 0.8888888955
68009  -21.704  -27.608  -2.324 0.8888888955
68825  -22.720  -26.466  -2.473 1.0000000000
105474  -23.758  -27.486  -2.371 0.8888888955
68826  -23.442  -26.120  -2.275 1.0000000000
114658  -18.541  -28.111  -0.275 0.7777777910
115004  -19.148  -26.882  -1.048 1.0000000000
69566  -19.388  -25.359  -1.455 1.0000000000
68813  -20.269  -26.657  -1.847 1.0000000000
69581  -21.241  -25.302  -2.578 1.0000000000
68822  -20.297  -25.854  -1.978 1.0000000000
69582  -22.051  -25.261  -2.683 1.0000000000
70348  -20.915  -24.570  -2.676 1.0000000000
70349  -21.584  -24.642  -2.792 1.0000000000
70350  -22.270  -24.267  -2.787 1.0000000000
69567  -23.492  -25.235  -2.114 1.0000000000
70351  -23.160  -24.316  -2.348 1.0000000000
70332  -23.968  -24.476  -1.844 1.0000000000
71860  -23.215  -22.731  -2.352 1.0000000000
71127  -24.541  -23.339  -1.679 0.7777777910
70330  -19.032  -24.635  -1.202 0.8888888955
69579  -19.962  -25.266  -1.957 1.0000000000
117072  -21.432  -23.836  -2.945 1.0000000000
71139  -19.885  -23.762  -2.236 1.0000000000
124369  -20.975  -23.196  -2.897 1.0000000000
71859  -22.327  -22.621  -2.681 1.0000000000
122093  -23.490  -22.250  -2.204 1.0000000000
71846  -23.996  -22.626  -1.941 1.0000000000
71847  -24.806  -22.676  -1.471 0.8888888955
119674  -24.412  -22.097  -1.611 1.0000000000
72593  -25.085  -21.907  -1.114 0.7777777910
71833  -25.845  -22.201  -0.812 0.7777777910
71124  -18.535  -23.280  -1.081 0.5555555820
72601  -19.890  -21.502  -2.550 0.7777777910
120176  -19.900  -22.304  -2.456 0.8888888955
71857  -20.992  -22.510  -2.943 1.0000000000
112988  -21.559  -22.944  -2.919 1.0000000000
72602  -20.734  -21.280  -2.920 0.8888888955
72603  -21.552  -21.257  -2.785 1.0000000000
111123  -22.139  -21.791  -2.580 1.0000000000
72591  -23.164  -21.047  -2.177 1.0000000000
113423  -23.842  -20.955  -1.668 0.8888888955
111151  -24.509  -20.872  -1.246 0.8888888955
116187  -25.564  -20.195  -0.476 0.7777777910
73327  -27.045  -21.036  -0.052 0.6666666865
74110  -26.467  -20.195  -0.111 0.6666666865
72588  -17.810  -20.864  -1.001 0.4444444478
72590  -19.191  -21.365  -1.999 0.7777777910
73347  -18.946  -20.055  -1.970 0.6666666865
74130  -20.421  -19.833  -2.935 0.7777777910
73350  -21.096  -20.367  -3.022 0.8888888955
73351  -21.906  -20.355  -2.657 0.8888888955
72604  -22.397  -21.090  -2.485 1.0000000000
74133  -22.191  -19.622  -2.520 1.0000000000
74120  -22.829  -19.621  -2.033 1.0000000000
73338  -23.320  -20.295  -1.859 1.0000000000
74121  -23.526  -19.602  -1.535 0.8888888955
74122  -24.208  -19.538  -1.004 0.7777777910
74108  -24.982  -19.455  -0.525 0.7777777910
72567  -28.099  -20.981  0.139 0.5555555820
74109  -25.902  -19.326  -0.156 0.7777777910
74100  -26.827  -19.460  0.189 0.6666666865
74964  -19.060  -18.858  -2.400 0.6666666865
74119  -18.533  -19.285  -1.809 0.6666666865
115485  -19.780  -19.301  -2.759 0.7777777910
74965  -19.801  -18.455  -2.883 0.7777777910
109153  -20.511  -19.063  -3.078 0.8888888955
74968  -21.860  -19.047  -2.817 0.8888888955
74967  -21.264  -18.818  -3.123 1.0000000000
118839  -21.785  -18.283  -2.689 1.0000000000
74956  -22.362  -18.966  -2.304 1.0000000000
75742  -23.560  -18.181  -1.167 0.8888888955
121371  -24.823  -18.299  -0.408 0.8888888955
74947  -25.197  -18.713  -0.296 0.7777777910
106012  -22.901  -17.394  -1.373 0.8888888955
75731  -24.472  -17.766  -0.564 0.7777777910
108545  -25.220  -18.022  -0.195 0.7777777910
74099  -26.406  -18.848  0.149 0.7777777910
120426  -27.080  -18.764  0.433 0.6666666865
74955  -18.272  -18.357  -1.792 0.6666666865
113983  -17.821  -18.969  -1.099 0.5555555820
115299  -18.961  -18.186  -2.502 0.7777777910
75750  -20.254  -17.737  -3.127 0.8888888955
103924  -21.029  -17.929  -3.260 0.8888888955
75751  -21.274  -17.389  -2.831 1.0000000000
104369  -22.596  -18.245  -1.873 0.8888888955
75732  -25.099  -17.188  -0.124 0.7777777910
76461  -25.434  -16.479  0.165 0.7777777910
75721  -26.531  -17.311  0.503 0.6666666865
74921  -28.240  -17.855  0.963 0.5555555820
74936  -28.652  -18.627  0.778 0.5555555820
75748  -18.504  -17.584  -2.303 0.7777777910
76484  -18.078  -16.858  -2.049 0.6666666865
75749  -19.374  -17.631  -2.803 0.8888888955
76494  -20.799  -16.590  -2.713 1.0000000000
76485  -21.521  -16.700  -2.124 1.0000000000
76487  -23.169  -16.494  -1.037 0.8888888955
77200  -23.373  -15.673  -0.816 0.8888888955
76475  -23.770  -17.151  -0.881 0.8888888955
77191  -25.170  -15.809  0.190 0.7777777910
77168  -25.730  -15.304  0.496 0.7777777910
119982  -25.792  -15.967  0.381 0.7777777910
75722  -27.474  -17.183  0.936 0.5555555820
77917  -24.526  -14.747  0.070 0.7777777910
77170  -27.059  -15.802  1.128 0.5555555820
76444  -27.819  -16.302  1.272 0.5555555820
77919  -26.093  -14.723  0.791 0.6666666865
117399  -16.892  -16.094  -0.314 0.4444444478
76483  -17.491  -16.819  -1.217 0.5555555820
77209  -18.885  -15.341  -2.905 0.7777777910
111118  -20.102  -16.310  -3.041 1.0000000000
110012  -19.333  -16.135  -3.000 0.8888888955
77211  -20.456  -15.749  -2.659 1.0000000000
77198  -21.704  -15.942  -1.663 0.8888888955
106882  -21.932  -15.104  -1.420 0.8888888955
77199  -22.565  -15.815  -1.216 0.8888888955
77952  -22.765  -15.017  -0.941 0.8888888955
107493  -23.564  -14.941  -0.618 0.8888888955
77918  -25.276  -14.515  0.520 0.6666666865
111000  -27.667  -15.311  1.411 0.5555555820
78689  -17.459  -13.339  -1.963 0.6666666865
116592  -17.806  -14.731  -2.185 0.6666666865
77962  -18.949  -13.960  -2.733 0.7777777910
77949  -20.503  -14.362  -2.208 0.8888888955
78706  -20.021  -13.691  -2.351 0.7777777910
78690  -20.739  -13.544  -1.784 0.7777777910
77950  -21.347  -14.359  -1.652 0.8888888955
78691  -21.661  -13.641  -1.343 0.7777777910
77951  -22.200  -14.305  -1.174 0.8888888955
78675  -22.395  -13.568  -0.876 0.7777777910
77935  -22.976  -14.240  -0.665 0.7777777910
77936  -23.834  -14.235  -0.233 0.6666666865
79410  -22.859  -12.409  -0.456 0.6666666865
111910  -24.665  -13.253  0.592 0.6666666865
78661  -24.547  -13.984  0.327 0.5555555820
80108  -24.554  -11.844  1.016 0.6666666865
79398  -25.341  -12.408  1.321 0.5555555820
107461  -26.037  -13.054  1.385 0.5555555820
77905  -27.295  -14.457  1.488 0.4444444478
79383  -26.161  -12.211  1.705 0.5555555820
80129  -17.061  -10.894  -0.429 0.3333333433
79408  -17.195  -11.537  -1.196 0.3333333433
79425  -17.644  -11.717  -1.922 0.5555555820
119481  -18.195  -12.194  -2.448 0.6666666865
80140  -18.852  -10.935  -1.971 0.5555555820
79441  -19.000  -12.464  -2.515 0.7777777910
112866  -20.657  -12.765  -1.644 0.7777777910
80142  -20.620  -11.350  -1.260 0.6666666865
113812  -21.218  -13.061  -1.366 0.6666666865
79428  -21.218  -12.281  -1.271 0.6666666865
79409  -22.103  -12.283  -0.788 0.6666666865
122380  -23.169  -11.908  -0.086 0.6666666865
80120  -24.009  -11.029  0.629 0.6666666865
80843  -24.715  -10.860  1.119 0.6666666865
80109  -25.465  -11.402  1.517 0.5555555820
80110  -26.412  -11.392  1.929 0.5555555820
80866  -17.450  -9.857  -0.824 0.4444444478
80852  -17.249  -9.950  0.039 0.4444444478
80879  -17.830  -10.070  -1.410 0.4444444478
80867  -17.812  -9.260  -1.118 0.5555555820
80880  -18.329  -9.992  -1.587 0.5555555820
120049  -20.038  -10.543  -1.318 0.6666666865
80141  -19.712  -11.139  -1.703 0.6666666865
80130  -21.528  -11.494  -0.827 0.6666666865
80119  -23.077  -11.120  0.271 0.6666666865
109926  -24.839  -10.121  1.155 0.6666666865
81580  -25.473  -9.620  1.462 0.5555555820
80845  -25.970  -10.571  1.786 0.6666666865
80854  -17.873  -8.572  -0.643 0.4444444478
80869  -19.747  -9.599  -1.189 0.6666666865
80870  -20.851  -10.449  -0.861 0.6666666865
104821  -21.596  -9.931  -0.340 0.6666666865
80871  -21.748  -10.873  -0.450 0.6666666865
80859  -24.273  -10.217  0.736 0.6666666865
67142  -20.439  -28.313  -1.588 0.8888888955
114477  -19.165  -28.104  -0.792 1.0000000000
111073  -19.610  -26.755  -1.464 1.0000000000
105575  -20.889  -26.077  -2.247 1.0000000000
114304  -22.766  -25.671  -2.460 1.0000000000
73335  -18.091  -19.950  -1.224 0.5555555820
74957  -23.086  -18.946  -1.686 0.8888888955
75740  -17.808  -17.522  -1.487 0.5555555820
77188  -17.032  -15.374  -0.839 0.5555555820
110743  -18.903  -16.879  -2.750 0.7777777910
77212  -21.085  -16.046  -2.189 1.0000000000
124195  -24.318  -15.883  -0.473 0.8888888955
105236  -16.604  -15.961  0.231 0.2222222239
78647  -25.840  -13.923  1.049 0.6666666865
106521  -26.706  -13.729  1.506 0.4444444478
80881  -19.133  -10.116  -1.641 0.6666666865
80856  -20.465  -9.227  -0.792 0.6666666865
74954  -17.573  -18.114  -0.934 0.4444444478
80828  -26.865  -10.694  2.140 0.5555555820
80829  -27.857  -10.971  2.463 0.5555555820
80840  -17.117  -10.384  0.507 0.2222222239
80853  -17.525  -9.134  -0.369 0.3333333433
81581  -26.477  -9.839  1.976 0.5555555820
63823  -19.125  -31.909  -0.720 0.5555555820
64620  -19.797  -31.439  -1.211 0.5555555820
65461  -20.115  -30.021  -1.411 0.5555555820
65462  -21.001  -30.221  -1.628 0.5555555820
66346  -22.662  -28.929  -2.261 0.7777777910
117108  -18.219  -31.849  0.080 0.5555555820
66345  -21.825  -28.995  -2.041 0.6666666865
67162  -24.220  -28.144  -2.356 0.7777777910
106609  -24.685  -27.495  -2.354 0.7777777910
118385  -24.071  -25.873  -1.980 0.8888888955
113477  -17.748  -30.807  0.567 0.4444444478
67126  -18.122  -28.857  0.369 0.5555555820
67989  -17.962  -27.293  0.620 0.2222222239
67994  -18.281  -27.358  -0.015 0.6666666865
70333  -24.784  -24.559  -1.577 0.8888888955
106087  -25.906  -23.894  -1.432 0.6666666865
71848  -25.564  -22.704  -1.172 0.7777777910
71834  -26.411  -22.762  -0.940 0.6666666865
114560  -18.220  -25.966  0.008 0.5555555820
71835  -27.314  -22.540  -0.656 0.6666666865
115617  -18.200  -23.822  -0.440 0.4444444478
72579  -27.677  -21.783  -0.251 0.5555555820
72568  -29.098  -20.793  0.034 0.5555555820
71831  -17.530  -22.360  -0.108 0.2222222239
73318  -28.400  -20.138  0.299 0.5555555820
73334  -17.531  -20.222  -0.598 0.4444444478
116158  -28.292  -19.028  0.700 0.5555555820
74928  -17.250  -18.326  -0.207 0.3333333433
74922  -29.104  -17.998  0.795 0.5555555820
76474  -17.159  -16.727  -0.502 0.4444444478
75709  -29.518  -17.360  0.752 0.4444444478
115612  -16.870  -16.523  -0.021 0.3333333433
77150  -28.743  -15.585  1.515 0.5555555820
77906  -28.330  -14.584  1.686 0.4444444478
80128  -16.555  -11.694  0.239 0.3333333433
79395  -16.301  -12.603  0.147 0.3333333433
78672  -16.566  -13.015  -0.539 0.4444444478
79384  -26.860  -12.902  1.834 0.4444444478
80094  -27.759  -11.856  2.294 0.4444444478
111674  -28.379  -10.105  2.536 0.2222222239
110998  -17.721  -8.746  -0.234 0.3333333433
80868  -18.558  -9.019  -1.253 0.6666666865
114712  -22.595  -10.149  0.157 0.6666666865
81590  -22.979  -9.474  0.476 0.6666666865
81578  -23.524  -8.958  0.750 0.6666666865
107322  -24.978  -8.836  1.150 0.6666666865
81579  -24.479  -9.406  0.944 0.6666666865
81564  -26.242  -8.971  1.755 0.4444444478
81566  -27.877  -9.174  2.454 0.3333333433
80855  -19.348  -8.540  -0.926 0.5555555820
65441  -18.099  -30.107  -0.297 0.5555555820
112592  -19.085  -31.016  -0.967 0.6666666865
64639  -19.702  -30.701  -1.228 0.6666666865
66323  -19.017  -29.438  -0.719 0.6666666865
66324  -19.686  -29.375  -1.148 0.7777777910
123260  -20.631  -29.685  -1.567 0.7777777910
106528  -19.949  -28.724  -1.321 0.8888888955
68823  -21.027  -27.010  -2.211 1.0000000000
67158  -21.023  -27.889  -1.934 0.8888888955
68010  -22.690  -27.410  -2.430 1.0000000000
67160  -22.262  -28.282  -2.359 0.8888888955
64619  -18.519  -31.240  -0.502 0.5555555820
65434  -17.795  -30.371  0.904 0.4444444478
65440  -17.843  -30.229  0.219 0.5555555820
66308  -17.975  -29.544  -0.020 0.5555555820
66309  -18.352  -29.484  -0.372 0.6666666865
67133  -18.214  -28.853  -0.112 0.5555555820
67141  -19.824  -28.027  -1.319 0.8888888955
67159  -21.541  -28.284  -2.135 0.8888888955
68824  -21.859  -26.720  -2.470 1.0000000000
68011  -23.374  -26.825  -2.381 1.0000000000
123446  -21.312  -26.460  -2.376 1.0000000000
112539  -22.187  -26.025  -2.596 1.0000000000
123257  -24.210  -26.653  -2.224 1.0000000000
113984  -18.210  -28.084  0.272 0.5555555820
68002  -19.424  -27.421  -1.184 1.0000000000
68806  -18.612  -26.567  -0.481 0.8888888955
68811  -19.207  -26.183  -1.175 0.8888888955
67995  -18.852  -27.414  -0.649 1.0000000000
68812  -19.790  -26.010  -1.650 1.0000000000
69565  -18.735  -25.509  -0.695 0.8888888955
69580  -20.563  -25.271  -2.321 1.0000000000
112540  -21.580  -25.978  -2.525 1.0000000000
70347  -20.235  -24.541  -2.320 1.0000000000
71140  -20.610  -23.803  -2.663 1.0000000000
117210  -22.729  -24.939  -2.466 1.0000000000
69568  -24.406  -25.263  -1.727 0.8888888955
71141  -22.085  -23.432  -2.910 1.0000000000
71142  -22.794  -23.484  -2.574 1.0000000000
71126  -23.720  -23.551  -2.081 1.0000000000
114338  -25.074  -23.902  -1.515 0.8888888955
71128  -25.307  -23.302  -1.421 0.7777777910
71125  -19.213  -23.762  -1.564 1.0000000000
115616  -18.682  -24.024  -1.002 0.5555555820
70331  -19.615  -24.556  -1.824 1.0000000000
70323  -18.478  -24.599  -0.515 0.5555555820
71856  -20.331  -22.933  -2.601 1.0000000000
71858  -21.584  -22.150  -2.785 1.0000000000
72605  -22.945  -21.891  -2.397 1.0000000000
106716  -23.764  -21.765  -1.981 1.0000000000
123779  -24.803  -21.311  -1.179 0.8888888955
72577  -25.750  -21.613  -0.699 0.7777777910
72578  -26.582  -21.861  -0.525 0.6666666865
71115  -17.848  -23.078  -0.381 0.5555555820
71832  -18.121  -22.449  -0.853 0.6666666865
71844  -18.852  -22.599  -1.500 0.6666666865
108303  -19.509  -22.942  -2.021 0.7777777910
71845  -19.340  -22.068  -1.994 0.7777777910
73348  -19.441  -20.735  -2.284 0.6666666865
73349  -20.227  -20.631  -2.778 0.8888888955
113571  -20.491  -22.057  -2.789 1.0000000000
73337  -22.638  -20.320  -2.314 1.0000000000
73339  -24.010  -20.247  -1.355 0.8888888955
73325  -24.730  -20.225  -0.870 0.8888888955
72576  -25.218  -21.010  -0.854 0.7777777910
73326  -26.099  -20.981  -0.442 0.7777777910
72580  -28.728  -21.663  -0.184 0.5555555820
73317  -27.423  -20.208  0.210 0.6666666865
73336  -18.661  -20.782  -1.658 0.5555555820
73324  -17.220  -20.842  -0.249 0.3333333433
72575  -17.667  -21.654  -0.557 0.3333333433
72589  -18.512  -21.689  -1.390 0.4444444478
74129  -19.201  -19.509  -2.319 0.6666666865
114439  -19.687  -20.022  -2.532 0.7777777910
74131  -21.016  -19.543  -3.110 0.8888888955
74946  -24.424  -18.705  -0.727 0.7777777910
74933  -25.836  -18.469  -0.028 0.7777777910
74101  -27.795  -19.393  0.484 0.5555555820
74966  -20.638  -18.365  -3.201 0.8888888955
116176  -25.797  -17.050  0.215 0.7777777910
75720  -25.813  -17.723  0.105 0.7777777910
74935  -27.247  -18.005  0.693 0.6666666865
75741  -22.039  -17.484  -2.036 1.0000000000
76486  -22.315  -16.658  -1.533 0.8888888955
76477  -24.698  -16.288  -0.258 0.7777777910
76462  -26.144  -16.498  0.438 0.6666666865
75707  -28.266  -17.056  1.165 0.5555555820
75739  -17.357  -17.373  -0.696 0.5555555820
76493  -18.506  -16.119  -2.527 0.6666666865
111723  -19.797  -16.947  -3.080 0.8888888955
113022  -24.015  -16.249  -0.698 0.8888888955
77190  -24.535  -15.500  -0.190 0.8888888955
76463  -26.872  -16.485  0.856 0.6666666865
112694  -17.237  -16.141  -1.038 0.5555555820
76492  -17.771  -16.139  -1.814 0.5555555820
77210  -19.686  -15.351  -2.964 1.0000000000
119758  -19.130  -14.701  -2.914 0.7777777910
77208  -18.121  -15.374  -2.369 0.7777777910
77197  -20.990  -15.242  -1.968 0.8888888955
114594  -20.258  -15.003  -2.605 0.7777777910
108621  -17.006  -13.623  -1.063 0.5555555820
77948  -17.342  -14.429  -1.540 0.5555555820
78673  -17.163  -12.513  -1.428 0.4444444478
114954  -18.385  -13.724  -2.572 0.6666666865
78704  -18.624  -13.124  -2.615 0.6666666865
77961  -18.460  -14.529  -2.623 0.7777777910
77196  -17.520  -15.378  -1.655 0.7777777910
79442  -19.892  -12.811  -2.171 0.7777777910
77963  -19.679  -14.356  -2.692 0.7777777910
110088  -22.491  -12.906  -0.702 0.6666666865
78677  -23.937  -13.349  0.205 0.6666666865
79411  -23.496  -12.580  0.046 0.6666666865
80132  -23.774  -11.844  0.378 0.6666666865
79412  -24.208  -12.585  0.512 0.6666666865
78646  -25.300  -13.185  0.984 0.5555555820
80111  -26.988  -12.070  2.035 0.4444444478
78648  -27.770  -13.600  1.861 0.4444444478
80138  -17.531  -10.781  -1.351 0.5555555820
80153  -18.692  -11.665  -2.323 0.6666666865
79427  -20.258  -12.027  -1.777 0.7777777910
80844  -25.282  -10.510  1.433 0.6666666865
80857  -22.290  -10.759  -0.084 0.6666666865
80858  -23.525  -10.282  0.438 0.6666666865
123280  -23.820  -9.680  0.611 0.6666666865
77187  -16.547  -15.421  -0.016 0.3333333433
74107  -17.490  -19.513  -0.564 0.4444444478
107142  -17.386  -18.664  -0.460 0.4444444478
80830  -28.874  -10.966  2.550 0.3333333433
117497  -27.328  -8.772  2.305 0.3333333433
121695  -23.912  -29.491  -2.116 0.6666666865
64608  -17.740  -31.451  0.688 0.4444444478
68814  -24.842  -26.024  -1.969 0.7777777910
110880  -17.692  -31.097  1.203 0.3333333433
66302  -17.972  -29.624  0.585 0.4444444478
117189  -25.960  -23.241  -1.281 0.6666666865
71820  -17.308  -22.374  0.538 0.1111111119
114100  -17.199  -21.710  0.161 0.1111111119
74094  -17.295  -19.339  -0.188 0.4444444478
74945  -17.258  -17.861  -0.342 0.3333333433
118895  -16.506  -13.909  -0.282 0.3333333433
108157  -25.569  -8.702  1.384 0.6666666865
63811  -23.157  -32.894  0.478 0.4444444478
62988  -25.175  -33.936  0.933 0.2222222239
63824  -19.729  -32.702  -0.581 0.4444444478
119159  -21.270  -32.888  -0.138 0.4444444478
64621  -20.587  -31.684  -1.290 0.4444444478
64622  -21.466  -31.770  -1.095 0.4444444478
63827  -22.708  -32.304  -0.155 0.4444444478
64624  -23.225  -31.681  -0.546 0.4444444478
64609  -24.770  -31.687  -0.218 0.2222222239
64641  -21.239  -31.099  -1.510 0.4444444478
64642  -22.089  -31.172  -1.395 0.4444444478
64643  -22.923  -31.155  -1.149 0.4444444478
64611  -26.335  -31.972  -0.075 0.1111111119
64612  -27.118  -31.925  -0.012 0.1111111119
119707  -23.429  -30.659  -1.414 0.4444444478
116085  -24.525  -31.128  -0.746 0.3333333433
65463  -21.838  -30.508  -1.642 0.4444444478
65464  -22.668  -30.481  -1.622 0.4444444478
65443  -23.737  -31.134  -0.945 0.3333333433
65444  -25.054  -30.655  -1.073 0.3333333433
64627  -26.045  -31.281  -0.422 0.2222222239
66328  -23.538  -29.990  -1.873 0.4444444478
65465  -24.256  -30.507  -1.391 0.3333333433
110949  -21.758  -29.799  -1.772 0.5555555820
66330  -25.506  -29.704  -1.865 0.2222222239
65468  -27.017  -29.988  -1.265 0.1111111119
66332  -28.342  -29.355  -1.421 0.1111111119
66350  -25.798  -28.968  -2.330 0.3333333433
67163  -25.094  -28.382  -2.412 0.4444444478
68012  -25.591  -27.560  -2.441 0.5555555820
68828  -26.015  -26.910  -2.324 0.6666666865
68014  -27.204  -27.564  -2.481 0.4444444478
68827  -25.190  -26.795  -2.250 0.6666666865
68817  -27.854  -26.233  -1.875 0.3333333433
68815  -25.701  -26.196  -1.983 0.6666666865
69571  -27.327  -25.556  -1.604 0.5555555820
69569  -25.382  -25.292  -1.636 0.6666666865
115956  -26.828  -24.987  -1.413 0.5555555820
70336  -27.624  -24.639  -1.340 0.5555555820
69572  -28.247  -25.434  -1.684 0.4444444478
70337  -28.712  -24.597  -1.478 0.3333333433
70334  -26.119  -24.762  -1.479 0.5555555820
71117  -27.864  -23.173  -0.790 0.4444444478
71836  -28.312  -22.459  -0.495 0.5555555820
71130  -27.340  -23.767  -1.075 0.4444444478
81589  -22.027  -9.213  0.025 0.5555555820
82343  -24.276  -8.474  0.825 0.5555555820
82344  -25.074  -7.994  1.121 0.5555555820
63810  -22.110  -32.986  0.272 0.4444444478
107757  -25.033  -33.084  0.652 0.2222222239
64626  -25.284  -31.192  -0.552 0.2222222239
65467  -26.175  -30.155  -1.387 0.2222222239
124510  -26.501  -28.726  -2.415 0.4444444478
67145  -27.211  -28.781  -2.333 0.3333333433
118853  -26.375  -26.420  -2.040 0.6666666865
112611  -26.760  -26.952  -2.290 0.4444444478
71131  -28.277  -23.878  -1.060 0.3333333433
71837  -29.340  -22.322  -0.666 0.4444444478
73328  -29.654  -20.186  -0.188 0.4444444478
82341  -22.330  -7.708  0.267 0.5555555820
64640  -20.403  -30.883  -1.424 0.4444444478
68015  -28.033  -27.470  -2.361 0.2222222239
62207  -21.216  -34.210  0.882 0.4444444478
62208  -22.014  -33.779  0.778 0.4444444478
62986  -22.849  -34.098  1.134 0.4444444478
62193  -24.476  -34.530  1.245 0.2222222239
62194  -25.385  -34.917  1.058 0.2222222239
123907  -26.014  -35.293  0.749 0.1111111119
63809  -18.783  -32.667  -0.141 0.4444444478
62206  -20.283  -33.895  0.495 0.4444444478
63814  -25.821  -32.656  0.340 0.1111111119
63815  -26.754  -32.628  0.275 0.1111111119
62209  -26.040  -34.306  0.712 0.1111111119
63816  -27.564  -32.570  0.239 0.1111111119
64628  -27.458  -31.095  -0.235 0.1111111119
65447  -28.922  -30.621  -0.448 0.1111111119
112345  -29.009  -29.466  -1.150 0.1111111119
67146  -28.149  -28.697  -2.133 0.1111111119
108149  -28.664  -27.627  -2.446 0.2222222239
69583  -28.793  -26.213  -2.189 0.1111111119
68830  -28.752  -27.041  -2.486 0.2222222239
71132  -29.298  -23.823  -1.280 0.2222222239
71118  -28.851  -23.138  -0.825 0.3333333433
112454  -29.623  -21.464  -0.555 0.4444444478
72581  -29.783  -20.789  -0.476 0.3333333433
73329  -30.212  -20.371  -0.776 0.3333333433
74102  -28.792  -19.377  0.552 0.4444444478
74111  -30.117  -19.625  -0.482 0.3333333433
77934  -16.762  -14.587  -0.536 0.4444444478
76446  -29.410  -16.728  1.078 0.4444444478
78627  -28.531  -12.995  2.174 0.3333333433
81586  -18.487  -8.204  -0.602 0.4444444478
82330  -25.965  -8.128  1.680 0.5555555820
124206  -20.581  -8.115  -0.427 0.5555555820
82352  -21.650  -7.964  0.053 0.5555555820
82342  -23.350  -8.089  0.483 0.5555555820
83062  -24.103  -7.617  0.725 0.5555555820
83063  -24.698  -7.066  1.154 0.5555555820
82351  -20.690  -7.730  -0.055 0.5555555820
111004  -19.959  -32.149  -1.133 0.4444444478
66327  -22.580  -29.660  -1.976 0.5555555820
66348  -24.214  -28.971  -2.329 0.6666666865
70335  -26.727  -24.258  -1.299 0.5555555820
71129  -26.568  -23.502  -1.191 0.5555555820
71116  -27.088  -23.143  -0.952 0.4444444478
108583  -29.367  -18.732  0.495 0.4444444478
79363  -28.332  -12.330  2.325 0.3333333433
66329  -24.496  -29.729  -1.954 0.3333333433
63812  -24.156  -32.749  0.504 0.4444444478
63004  -23.718  -33.322  0.768 0.3333333433
63828  -23.592  -32.192  0.055 0.4444444478
63005  -24.377  -33.570  0.889 0.3333333433
63006  -25.693  -33.446  0.654 0.1111111119
63017  -20.453  -33.187  -0.156 0.4444444478
63825  -20.750  -32.431  -0.753 0.4444444478
63002  -21.227  -33.487  0.353 0.4444444478
63826  -21.780  -32.355  -0.446 0.4444444478
64623  -22.361  -31.727  -0.793 0.4444444478
63829  -24.294  -32.080  0.103 0.4444444478
63813  -24.939  -32.332  0.242 0.2222222239
64610  -25.538  -31.851  -0.119 0.1111111119
115508  -26.715  -31.378  -0.267 0.1111111119
111795  -27.264  -33.333  0.457 0.1111111119
65466  -25.505  -30.295  -1.385 0.3333333433
112061  -24.971  -30.192  -1.564 0.3333333433
65445  -25.785  -30.699  -0.902 0.2222222239
116096  -26.652  -30.689  -0.686 0.2222222239
67144  -26.539  -29.398  -1.954 0.2222222239
66331  -27.511  -29.348  -1.722 0.1111111119
66310  -27.816  -29.896  -1.047 0.1111111119
66311  -28.588  -29.949  -0.857 0.1111111119
66349  -25.032  -29.187  -2.280 0.3333333433
68013  -26.423  -27.576  -2.519 0.4444444478
68829  -27.512  -26.893  -2.204 0.3333333433
67164  -26.854  -28.201  -2.614 0.4444444478
67165  -27.637  -28.170  -2.518 0.3333333433
68816  -27.037  -26.306  -1.912 0.4444444478
69570  -26.390  -25.658  -1.688 0.5555555820
81577  -22.476  -8.538  0.280 0.5555555820
112415  -21.413  -8.364  -0.157 0.5555555820
63003  -22.670  -33.453  0.696 0.4444444478
65446  -28.091  -30.512  -0.535 0.1111111119
83070  -21.256  -7.455  0.309 0.5555555820
67166  -28.306  -28.059  -2.432 0.2222222239
62987  -23.700  -33.925  1.092 0.4444444478
63001  -19.424  -33.416  0.083 0.4444444478
63000  -18.414  -33.230  0.420 0.4444444478
63007  -26.416  -33.398  0.529 0.1111111119
63830  -27.910  -31.865  0.058 0.1111111119
57112  -21.887  -39.823  2.044 0.1111111119
117838  -18.613  -38.237  1.731 0.3333333433
58023  -20.492  -39.318  0.555 0.2222222239
58010  -20.967  -39.546  0.967 0.2222222239
58011  -21.777  -39.607  0.705 0.1111111119
61360  -17.602  -35.613  1.821 0.3333333433
60538  -18.075  -36.550  2.082 0.3333333433
114276  -18.246  -37.368  2.118 0.3333333433
123860  -19.969  -37.195  1.609 0.3333333433
59737  -20.045  -38.130  1.374 0.3333333433
58886  -20.011  -39.035  0.570 0.2222222239
59738  -20.813  -38.353  1.174 0.2222222239
58024  -21.331  -39.287  -0.064 0.2222222239
105544  -20.906  -39.215  0.272 0.2222222239
62974  -17.029  -33.706  2.378 0.2222222239
62185  -16.998  -34.222  2.080 0.2222222239
62180  -17.051  -34.999  2.004 0.2222222239
60539  -18.774  -37.051  1.878 0.3333333433
121207  -19.451  -36.646  1.682 0.3333333433
58887  -21.601  -39.240  -0.509 0.1111111119
62984  -17.410  -33.707  1.463 0.2222222239
62186  -17.443  -34.671  1.570 0.3333333433
62985  -18.026  -33.635  0.888 0.3333333433
62187  -18.112  -34.306  1.113 0.3333333433
62188  -18.892  -34.725  0.980 0.3333333433
61361  -18.235  -35.140  1.309 0.3333333433
109716  -19.694  -35.053  1.207 0.3333333433
61363  -20.538  -35.514  1.463 0.3333333433
60541  -21.069  -36.383  1.636 0.3333333433
61364  -21.364  -35.672  1.544 0.3333333433
113101  -21.894  -36.343  1.629 0.3333333433
59739  -21.773  -38.330  0.900 0.1111111119
60542  -22.471  -37.238  1.485 0.2222222239
64587  -17.469  -32.238  2.049 0.2222222239
63803  -17.374  -32.799  1.607 0.2222222239
62999  -17.636  -33.018  0.902 0.3333333433
124478  -19.544  -33.922  0.476 0.3333333433
62205  -19.621  -34.376  0.791 0.3333333433
62189  -20.442  -34.629  1.097 0.3333333433
62190  -21.266  -34.949  1.345 0.3333333433
61365  -22.704  -36.064  1.600 0.3333333433
60543  -23.461  -36.978  1.482 0.1111111119
64602  -17.625  -31.888  1.433 0.3333333433
109804  -22.019  -34.537  1.246 0.3333333433
62192  -23.576  -34.708  1.401 0.3333333433
71849  -29.854  -23.011  -1.210 0.2222222239
71838  -30.350  -22.078  -1.236 0.2222222239
74937  -29.739  -18.000  0.338 0.3333333433
74948  -30.037  -18.750  -0.164 0.2222222239
58885  -19.380  -38.759  1.135 0.3333333433
58025  -21.842  -39.456  -0.187 0.1111111119
109217  -17.102  -33.522  1.948 0.3333333433
111163  -19.610  -35.803  1.514 0.3333333433
60540  -20.245  -36.422  1.627 0.3333333433
110191  -20.674  -37.290  1.572 0.3333333433
109843  -21.543  -37.355  1.548 0.3333333433
119776  -18.095  -32.589  0.445 0.3333333433
62191  -22.774  -35.020  1.501 0.3333333433
57111  -21.008  -39.916  2.605 0.1111111119
57092  -22.146  -40.626  3.092 0.1111111119
60521  -17.615  -37.081  2.488 0.3333333433
59723  -17.949  -37.943  2.069 0.3333333433
123227  -18.120  -38.429  1.880 0.3333333433
58875  -18.966  -39.067  1.346 0.3333333433
58022  -19.702  -39.262  0.878 0.3333333433
58009  -20.099  -39.662  1.194 0.3333333433
120721  -22.511  -39.756  1.689 0.1111111119
61348  -17.063  -35.593  2.416 0.3333333433
58037  -21.790  -39.286  -0.756 0.1111111119
63791  -17.216  -33.049  2.322 0.2222222239
111373  -22.148  -38.488  -0.399 0.1111111119
113039  -22.750  -37.851  1.061 0.1111111119
111003  -24.153  -35.322  1.450 0.1111111119
110238  -17.661  -31.482  1.792 0.1111111119
72582  -30.288  -21.132  -1.001 0.2222222239
75733  -30.383  -17.031  -0.353 0.2222222239
74938  -30.237  -17.850  -0.279 0.2222222239
68805  -18.011  -26.606  0.347 0.5555555820
66290  -18.061  -29.825  1.180 0.3333333433
63808  -17.672  -32.251  0.875 0.4444444478
74112  -30.449  -19.842  -1.298 0.2222222239
57093  -22.811  -40.313  2.570 0.1111111119
62179  -16.908  -34.898  2.540 0.2222222239
60537  -17.427  -36.222  2.341 0.2222222239
59736  -19.360  -37.677  1.647 0.3333333433
109340  -18.671  -36.012  1.648 0.3333333433
62204  -18.845  -33.959  0.630 0.3333333433
61362  -18.994  -35.362  1.263 0.3333333433
108891  -22.007  -35.388  1.503 0.3333333433
61366  -23.502  -35.666  1.546 0.1111111119
57110  -19.930  -39.977  2.383 0.1111111119
59722  -17.525  -37.847  2.530 0.2222222239
58874  -18.269  -38.871  1.831 0.3333333433
58008  -19.423  -39.514  1.575 0.3333333433
61347  -16.817  -35.615  3.042 0.2222222239
72594  -30.721  -21.454  -1.703 0.1111111119
104759  -30.924  -22.237  -1.980 0.1111111119
72611  -30.702  -21.537  -3.306 0.1111111119
120817  -30.829  -21.702  -2.370 0.1111111119
74123  -30.529  -20.089  -2.361 0.1111111119
73360  -30.518  -20.744  -3.459 0.1111111119
108866  -30.390  -19.071  -1.034 0.1111111119
74134  -30.358  -19.918  -3.573 0.1111111119
113160  -30.495  -19.345  -1.795 0.1111111119
108494  -30.382  -19.269  -2.616 0.1111111119
77151  -29.650  -15.426  1.320 0.2222222239
121664  -30.373  -18.368  -0.865 0.1111111119
117963  -30.286  -18.623  -2.738 0.1111111119
78650  -29.634  -13.857  1.765 0.1111111119
78649  -28.901  -13.835  2.002 0.2222222239
79365  -29.586  -12.402  2.154 0.1111111119
77920  -30.363  -14.601  0.775 0.1111111119
111690  -30.120  -12.948  1.455 0.1111111119
81588  -21.052  -8.783  -0.493 0.4444444478
80095  -28.565  -11.722  2.476 0.1111111119
112377  -19.803  -7.750  -0.296 0.4444444478
80831  -29.632  -10.983  2.307 0.1111111119
83061  -23.102  -7.314  0.589 0.4444444478
83046  -26.465  -7.491  2.056 0.3333333433
82331  -26.837  -8.359  2.130 0.2222222239
82333  -28.551  -8.471  2.514 0.1111111119
113564  -29.324  -10.179  2.466 0.1111111119
81568  -29.778  -9.429  2.294 0.1111111119
108174  -21.903  -6.891  0.598 0.4444444478
123540  -22.790  -5.986  1.152 0.4444444478
104766  -23.827  -6.833  0.843 0.4444444478
83688  -23.511  -6.141  1.145 0.4444444478
83690  -25.147  -6.414  1.592 0.4444444478
84239  -25.600  -5.758  2.003 0.4444444478
83673  -25.793  -6.450  1.992 0.2222222239
105951  -26.456  -5.997  2.351 0.2222222239
83674  -26.954  -6.785  2.305 0.2222222239
111867  -27.855  -6.817  2.469 0.2222222239
83676  -28.778  -6.905  2.505 0.2222222239
86736  -26.086  -1.639  -0.028 0.1111111119
85332  -27.430  -3.310  1.497 0.1111111119
83691  -29.695  -6.027  1.688 0.1111111119
83059  -19.836  -6.790  0.779 0.4444444478
83060  -20.656  -6.771  0.618 0.4444444478
83686  -20.966  -6.244  1.140 0.3333333433
83687  -22.031  -6.160  1.094 0.4444444478
84236  -23.127  -5.491  1.355 0.4444444478
84237  -23.968  -5.557  1.389 0.4444444478
83689  -24.341  -6.293  1.281 0.4444444478
84775  -23.899  -4.061  1.430 0.3333333433
84776  -25.309  -4.923  1.904 0.3333333433
85316  -25.920  -4.286  2.168 0.1111111119
84762  -26.630  -4.540  2.433 0.1111111119
84763  -27.378  -4.409  2.414 0.1111111119
83675  -27.439  -5.981  2.495 0.2222222239
84226  -27.910  -5.200  2.529 0.1111111119
84777  -27.855  -3.976  1.931 0.1111111119
84235  -21.267  -5.599  1.541 0.3333333433
112840  -23.516  -4.837  1.463 0.3333333433
113276  -24.415  -4.841  1.547 0.4444444478
104146  -24.953  -3.974  1.683 0.2222222239
85330  -25.797  -3.472  1.946 0.2222222239
85331  -26.577  -3.040  1.810 0.1111111119
85329  -24.200  -3.136  1.426 0.1111111119
103777  -25.078  -3.124  1.680 0.1111111119
85981  -25.638  -2.687  1.600 0.1111111119
85980  -24.805  -2.449  1.427 0.1111111119
85982  -26.207  -2.307  1.196 0.1111111119
83685  -19.920  -6.139  1.114 0.3333333433
84221  -19.855  -5.012  2.410 0.3333333433
84222  -20.661  -5.052  2.010 0.3333333433
84223  -21.622  -4.755  1.830 0.3333333433
111394  -22.635  -4.829  1.544 0.3333333433
84774  -23.006  -4.150  1.554 0.2222222239
85328  -23.256  -3.374  1.557 0.2222222239
119290  -24.053  -2.339  1.292 0.1111111119
86729  -24.454  -1.704  1.075 0.1111111119
86731  -26.013  -1.773  0.636 0.1111111119
86744  -24.628  -0.606  -0.807 0.1111111119
84213  -19.693  -5.056  4.458 0.1111111119
84752  -20.012  -4.505  3.965 0.1111111119
84760  -20.052  -4.515  3.145 0.2222222239
85314  -21.198  -3.345  3.237 0.2222222239
84761  -21.722  -3.873  2.277 0.3333333433
84773  -22.280  -4.226  1.754 0.3333333433
85315  -21.956  -3.016  2.478 0.2222222239
85978  -22.683  -2.771  1.927 0.1111111119
86727  -22.853  -1.838  1.896 0.1111111119
86728  -23.643  -1.753  1.316 0.1111111119
87455  -23.956  -0.335  0.405 0.1111111119
86735  -25.505  -1.314  0.366 0.1111111119
86746  -25.911  -1.710  -0.883 0.1111111119
85990  -26.552  -2.179  -0.468 0.1111111119
84747  -20.128  -4.633  4.945 0.1111111119
84748  -20.659  -4.262  5.289 0.1111111119
85302  -20.509  -4.022  4.471 0.1111111119
85303  -21.015  -3.508  4.876 0.1111111119
86716  -21.315  -1.877  4.163 0.1111111119
85971  -21.524  -2.394  3.314 0.2222222239
86723  -21.748  -1.572  3.352 0.1111111119
86724  -22.273  -1.467  2.631 0.1111111119
87443  -22.093  -0.165  2.930 0.1111111119
120946  -22.563  -0.937  2.361 0.1111111119
110494  -22.580  -0.081  1.925 0.1111111119
120725  -23.572  -0.583  0.938 0.1111111119
85940  -21.593  -3.093  5.189 0.1111111119
85288  -22.122  -3.763  5.764 0.1111111119
86704  -21.461  -1.641  4.819 0.1111111119
86705  -21.897  -1.196  5.081 0.1111111119
118691  -21.741  -1.069  4.356 0.1111111119
87439  -22.150  -0.270  3.880 0.1111111119
86691  -22.643  -1.732  5.298 0.1111111119
85942  -23.332  -2.670  5.528 0.1111111119
87421  -22.621  -0.814  5.119 0.1111111119
72606  -30.809  -22.259  -3.010 0.1111111119
73352  -30.691  -21.026  -2.408 0.1111111119
73369  -30.833  -21.269  -4.621 0.1111111119
116245  -30.461  -16.776  -1.013 0.1111111119
74949  -30.431  -17.627  -1.194 0.1111111119
106004  -30.460  -16.136  -0.333 0.1111111119
79366  -30.028  -12.387  1.838 0.1111111119
83045  -25.615  -7.203  1.693 0.4444444478
83047  -27.321  -7.578  2.320 0.2222222239
82332  -27.671  -8.338  2.392 0.1111111119
83049  -29.125  -7.753  2.482 0.1111111119
80832  -30.016  -10.242  2.149 0.1111111119
112720  -22.900  -6.574  0.861 0.4444444478
84227  -28.696  -5.334  2.267 0.2222222239
85317  -26.587  -3.867  2.251 0.1111111119
85318  -27.194  -3.656  2.109 0.1111111119
84778  -28.520  -4.375  1.573 0.1111111119
120078  -22.253  -5.483  1.387 0.3333333433
105633  -22.164  -2.180  2.533 0.1111111119
120135  -23.256  -1.128  5.281 0.1111111119
72621  -32.807  -21.703  -5.690 0.1111111119
72620  -31.901  -21.772  -5.259 0.1111111119
76465  -30.266  -16.564  0.318 0.2222222239
116319  -29.287  -14.668  1.656 0.2222222239
80097  -29.880  -11.727  2.131 0.1111111119
84238  -24.807  -5.644  1.595 0.4444444478
85287  -21.303  -3.958  5.589 0.1111111119
84737  -21.740  -4.394  6.350 0.1111111119
85941  -22.390  -2.832  5.413 0.1111111119
86690  -21.707  -2.028  5.169 0.1111111119
71880  -32.681  -22.384  -5.439 0.1111111119
108189  -30.659  -22.980  -1.747 0.1111111119
71861  -30.837  -22.968  -2.630 0.1111111119
72612  -31.018  -22.148  -4.238 0.1111111119
72626  -33.086  -21.344  -5.776 0.1111111119
71881  -33.242  -22.069  -5.545 0.1111111119
73377  -32.041  -20.503  -5.715 0.1111111119
73368  -30.334  -20.474  -4.593 0.1111111119
74141  -29.895  -19.776  -4.642 0.1111111119
108243  -30.353  -16.126  -1.390 0.1111111119
76488  -30.411  -17.031  -1.837 0.1111111119
75752  -30.351  -17.891  -2.297 0.1111111119
77954  -30.257  -14.458  -0.827 0.1111111119
78678  -30.321  -13.097  -0.164 0.1111111119
114583  -20.036  -8.253  -0.660 0.4444444478
79399  -30.361  -12.332  0.391 0.1111111119
80121  -30.383  -11.690  0.900 0.1111111119
82335  -30.130  -8.707  2.026 0.1111111119
117848  -30.499  -10.430  0.842 0.1111111119
82350  -19.819  -7.299  0.115 0.4444444478
83069  -20.393  -7.205  0.332 0.4444444478
83071  -30.516  -7.659  0.776 0.1111111119
84240  -29.734  -5.614  1.147 0.1111111119
83058  -18.966  -7.228  1.789 0.2222222239
83670  -19.394  -5.926  1.903 0.2222222239
83671  -19.508  -5.723  1.912 0.2222222239
85339  -28.223  -3.648  0.114 0.1111111119
83662  -19.386  -6.456  3.995 0.1111111119
85991  -27.070  -2.675  -0.934 0.1111111119
108592  -26.337  -2.301  -1.462 0.1111111119
84212  -19.562  -5.301  4.430 0.1111111119
84188  -19.867  -5.085  5.708 0.1111111119
84736  -20.962  -4.645  5.912 0.1111111119
86758  -25.102  -1.259  -1.429 0.1111111119
84729  -22.266  -4.709  6.993 0.1111111119
85278  -22.543  -4.221  6.777 0.1111111119
107894  -22.631  0.557  1.236 0.1111111119
88069  -22.590  0.815  0.369 0.1111111119
88079  -22.944  0.459  -1.102 0.1111111119
85289  -22.944  -3.580  6.007 0.1111111119
88038  -22.591  0.235  4.172 0.1111111119
88054  -22.248  1.160  2.658 0.1111111119
76447  -29.924  -16.139  0.914 0.1111111119
81567  -28.927  -9.324  2.547 0.1111111119
73340  -30.558  -20.642  -1.545 0.1111111119
78629  -29.794  -13.070  1.774 0.2222222239
74147  -31.008  -20.549  -5.301 0.1111111119
74969  -30.145  -19.142  -3.633 0.1111111119
77171  -30.448  -15.313  0.210 0.1111111119
78663  -30.398  -13.846  0.434 0.1111111119
77937  -30.448  -14.581  -0.019 0.1111111119
114346  -30.115  -11.007  1.943 0.1111111119
82334  -29.460  -8.590  2.394 0.1111111119
81569  -30.255  -9.533  1.848 0.1111111119
84224  -26.163  -5.087  2.339 0.2222222239
84225  -27.025  -5.161  2.604 0.1111111119
83677  -29.225  -6.190  2.212 0.2222222239
112049  -29.560  -7.105  2.266 0.1111111119
85986  -26.547  -2.157  0.431 0.1111111119
86745  -25.438  -1.187  -0.405 0.1111111119
85333  -28.092  -3.747  1.089 0.1111111119
85983  -27.048  -2.606  1.029 0.1111111119
85987  -27.148  -2.593  0.050 0.1111111119
85338  -27.640  -3.138  0.576 0.1111111119
83692  -30.130  -6.328  1.194 0.1111111119
108940  -30.322  -7.105  1.378 0.1111111119
84228  -29.296  -5.425  1.831 0.2222222239
119968  -28.891  -4.857  1.947 0.2222222239
86730  -25.359  -1.845  1.087 0.1111111119
83672  -20.219  -5.592  1.636 0.3333333433
83666  -19.389  -5.348  2.694 0.1111111119
107409  -20.762  -4.355  2.639 0.3333333433
85327  -22.474  -3.565  1.856 0.2222222239
85979  -23.399  -2.558  1.497 0.1111111119
86734  -24.821  -0.949  0.581 0.1111111119
87457  -25.142  -0.732  0.088 0.1111111119
87456  -24.620  -0.465  0.058 0.1111111119
88071  -23.959  -0.021  -0.458 0.1111111119
84201  -19.684  -5.211  5.201 0.1111111119
84202  -19.878  -5.039  5.547 0.1111111119
84217  -19.610  -4.947  3.325 0.1111111119
84753  -20.501  -3.959  3.581 0.1111111119
87447  -23.236  -0.922  1.472 0.1111111119
86733  -23.932  -1.029  0.933 0.1111111119
84735  -20.280  -4.758  5.654 0.1111111119
85307  -20.809  -3.249  4.161 0.1111111119
85963  -21.052  -2.582  3.939 0.1111111119
85956  -21.237  -2.502  4.647 0.1111111119
86717  -22.023  -0.877  3.297 0.1111111119
119244  -22.224  0.463  2.597 0.1111111119
87454  -23.164  -0.006  0.923 0.1111111119
87430  -22.261  -0.546  4.664 0.1111111119
88047  -22.237  0.599  3.416 0.1111111119
71862  -31.148  -22.921  -3.813 0.1111111119
121848  -31.599  -21.054  -5.462 0.1111111119
113292  -30.342  -15.900  0.422 0.1111111119
83050  -29.871  -7.890  2.171 0.1111111119
84779  -29.232  -4.858  1.195 0.1111111119
84785  -29.265  -4.728  0.171 0.1111111119
88059  -22.408  0.846  1.913 0.1111111119
87431  -22.989  -0.149  4.763 0.1111111119
73378  -32.837  -20.725  -5.820 0.1111111119
77192  -30.404  -15.305  -0.600 0.1111111119
107893  -30.342  -13.919  -0.288 0.1111111119
83064  -30.328  -7.969  1.588 0.1111111119
120452  -29.609  -5.286  0.515 0.1111111119
85345  -28.262  -3.637  -0.848 0.1111111119
84216  -19.423  -5.295  3.464 0.1111111119
83029  -19.688  -7.004  4.389 0.1111111119
85344  -27.679  -3.135  -0.412 0.1111111119
88070  -23.280  0.404  -0.071 0.1111111119
113094  -22.339  1.413  3.260 0.1111111119
58006  -17.864  -39.196  2.432 0.2222222239
69558  -17.723  -25.098  0.582 0.2222222239
70322  -17.954  -24.390  0.131 0.2222222239
69559  -18.158  -25.228  0.092 0.4444444478
81587  -19.105  -7.892  -0.465 0.3333333433
81575  -18.563  -7.837  -0.333 0.2222222239
82340  -18.650  -7.725  1.553 0.1111111119
78657  -16.124  -13.592  0.289 0.2222222239
77913  -16.142  -14.635  0.436 0.1111111119
78656  -15.661  -14.100  1.028 0.1111111119
81561  -18.398  -8.565  2.022 0.1111111119
81562  -19.136  -8.653  2.220 0.1111111119
82329  -19.172  -8.221  2.593 0.1111111119
82328  -18.883  -7.591  2.235 0.1111111119
119965  -18.071  -8.217  -0.330 0.2222222239
80841  -17.413  -9.407  0.082 0.1111111119
107891  -18.277  -28.959  0.907 0.2222222239
112119  -17.057  -21.176  0.210 0.1111111119
73314  -17.139  -20.332  -0.066 0.3333333433
81576  -19.223  -7.702  -0.215 0.3333333433
113550  -17.766  -25.895  0.581 0.2222222239
80842  -17.961  -8.750  1.365 0.1111111119
80088  -17.656  -10.641  2.141 0.1111111119
80825  -18.753  -9.664  2.147 0.1111111119
106156  -18.162  -9.716  1.918 0.1111111119
67167  -28.994  -28.151  -2.226 0.1111111119
58007  -18.664  -39.457  2.226 0.1111111119
57109  -19.309  -39.909  2.527 0.1111111119
58859  -16.822  -38.811  3.217 0.1111111119
58872  -17.205  -38.260  2.886 0.1111111119
59721  -17.023  -37.399  3.072 0.1111111119
60520  -16.991  -36.419  2.898 0.1111111119
67100  -18.242  -29.239  1.265 0.1111111119
70317  -17.639  -24.037  0.502 0.1111111119
74944  -17.149  -17.542  -0.145 0.2222222239
75730  -17.118  -17.169  -0.224 0.2222222239
75715  -16.940  -16.843  -0.006 0.2222222239
75698  -16.897  -16.812  1.224 0.2222222239
115317  -17.690  -23.565  0.161 0.1111111119
103886  -16.037  -38.735  3.645 0.1111111119
57992  -18.023  -39.807  3.136 0.1111111119
57108  -18.808  -40.196  3.167 0.1111111119
114755  -15.853  -37.998  4.140 0.1111111119
106337  -16.575  -38.073  3.461 0.1111111119
123308  -16.811  -36.874  3.363 0.1111111119
60519  -16.727  -36.429  3.652 0.1111111119
62166  -16.843  -34.924  3.228 0.1111111119
62960  -16.895  -34.250  2.717 0.1111111119
66274  -18.074  -30.192  1.550 0.1111111119
67964  -17.970  -27.735  2.189 0.1111111119
68799  -17.666  -26.559  0.897 0.1111111119
70304  -17.209  -24.678  1.846 0.1111111119
74927  -17.297  -17.851  0.987 0.2222222239
75687  -16.887  -16.628  1.298 0.2222222239
77142  -15.851  -15.245  1.164 0.1111111119
76457  -16.537  -16.010  0.459 0.2222222239
77163  -16.186  -15.432  0.727 0.1111111119
110475  -18.150  -28.078  0.747 0.1111111119
71114  -17.504  -22.896  0.241 0.1111111119
124351  -17.297  -33.016  2.698 0.1111111119
63773  -17.465  -32.486  2.534 0.1111111119
58873  -17.741  -38.532  2.238 0.1111111119
119614  -17.373  -38.892  2.713 0.1111111119
69539  -17.583  -25.984  0.870 0.1111111119
67112  -18.199  -28.298  1.039 0.1111111119
57991  -17.298  -39.412  3.120 0.1111111119
105322  -17.188  -40.143  3.632 0.1111111119
106927  -18.193  -29.067  2.841 0.1111111119
120203  -16.787  -17.333  0.905 0.1111111119
59706  -16.492  -37.274  3.777 0.1111111119
76425  -16.610  -16.014  1.440 0.1111111119
77130  -15.980  -15.421  2.033 0.1111111119
79376  -15.920  -12.445  1.033 0.1111111119
74082  -17.352  -18.996  0.935 0.1111111119
107662  -15.551  -13.548  1.219 0.1111111119
102671  -16.235  -11.759  1.131 0.1111111119
80118  -16.811  -10.891  0.504 0.1111111119
64625  -24.024  -31.629  -0.351 0.4444444478
66347  -23.374  -29.253  -2.215 0.6666666865
68003  -19.897  -27.292  -1.560 1.0000000000
72592  -24.403  -21.485  -1.476 0.8888888955
72625  -32.489  -21.147  -5.778 0.1111111119
73319  -29.125  -20.010  0.219 0.4444444478
74103  -29.552  -19.470  0.144 0.3333333433
74132  -21.567  -19.601  -2.890 1.0000000000
74934  -26.464  -18.196  0.313 0.7777777910
74958  -23.760  -18.993  -1.241 0.8888888955
74959  -30.440  -18.580  -1.770 0.1111111119
75708  -28.930  -17.301  1.147 0.5555555820
75723  -30.068  -17.284  0.297 0.2222222239
76426  -16.926  -16.304  1.520 0.1111111119
76438  -16.630  -16.074  1.425 0.2222222239
76445  -28.784  -16.544  1.332 0.4444444478
76464  -29.843  -16.815  0.686 0.4444444478
76476  -24.419  -16.910  -0.526 0.8888888955
77149  -26.744  -15.093  1.081 0.6666666865
77152  -30.195  -15.353  0.914 0.1111111119
77167  -25.015  -15.190  0.266 0.8888888955
77169  -26.379  -15.754  0.698 0.5555555820
77189  -24.027  -15.527  -0.583 0.8888888955
77904  -26.527  -14.391  1.202 0.4444444478
77907  -29.981  -14.636  1.384 0.1111111119
77960  -17.871  -13.962  -2.299 0.6666666865
78628  -29.283  -13.091  2.071 0.2222222239
78662  -25.133  -13.760  0.680 0.5555555820
78674  -21.850  -12.972  -1.017 0.6666666865
78676  -23.143  -13.324  -0.389 0.7777777910
78703  -17.962  -13.108  -2.504 0.6666666865
78705  -19.350  -13.398  -2.567 0.7777777910
79364  -29.007  -12.405  2.400 0.1111111119
79385  -27.690  -12.637  2.121 0.3333333433
79386  -30.273  -12.372  1.225 0.1111111119
79394  -15.837  -13.091  0.772 0.1111111119
79397  -24.792  -12.668  0.905 0.5555555820
79407  -16.729  -12.003  -0.590 0.3333333433
79426  -19.391  -11.810  -2.231 0.6666666865
79440  -17.670  -12.545  -2.194 0.4444444478
80096  -29.317  -11.727  2.421 0.1111111119
80112  -30.213  -11.718  1.659 0.1111111119
80131  -22.441  -11.573  -0.371 0.6666666865
80139  -18.154  -11.026  -1.915 0.5555555820
80846  -30.338  -10.312  1.623 0.1111111119
81565  -27.004  -9.189  2.212 0.3333333433
83014  -19.701  -6.416  5.767 0.1111111119
83048  -28.226  -7.642  2.492 0.1111111119
83656  -19.600  -6.454  4.954 0.1111111119
83678  -29.899  -6.666  1.845 0.1111111119
83684  -19.484  -6.179  1.387 0.3333333433
83699  -30.420  -6.828  0.554 0.1111111119
84764  -28.275  -4.653  2.248 0.2222222239
84784  -28.694  -4.254  0.643 0.1111111119
102676  -16.359  -11.681  0.889 0.1111111119
103647  -26.057  -28.244  -2.545 0.4444444478
107317  -27.879  -18.631  0.734 0.6666666865
108053  -20.570  -17.176  -3.048 0.8888888955
108103  -24.116  -14.983  -0.388 0.8888888955
108448  -27.396  -9.997  2.336 0.5555555820
108504  -30.165  -13.767  1.345 0.1111111119
110272  -30.307  -13.068  0.804 0.1111111119
110914  -29.677  -19.476  -5.413 0.1111111119
111132  -21.065  -21.843  -2.956 1.0000000000
111140  -30.371  -11.040  1.318 0.1111111119
111368  -28.344  -6.046  2.410 0.2222222239
111630  -30.511  -9.658  1.133 0.1111111119
113752  -29.347  -16.100  1.282 0.4444444478
114113  -23.216  -33.530  0.832 0.4444444478
114364  -17.265  -20.038  -0.160 0.3333333433
117096  -27.163  -11.398  2.196 0.5555555820
118433  -27.405  -30.421  -0.724 0.1111111119
118485  -30.086  -7.327  1.924 0.1111111119
118524  -16.167  -12.285  0.676 0.1111111119
118737  -28.187  -26.797  -2.195 0.2222222239
118959  -24.413  -23.946  -1.727 0.8888888955
120654  -26.232  -6.801  2.120 0.2222222239
121662  -19.052  -23.147  -1.544 0.7777777910
123512  -26.258  -15.200  0.729 0.5555555820
123966  -25.471  -24.470  -1.504 0.5555555820
124003  -22.220  -30.118  -1.753 0.5555555820
