#!ascii label  , from subject sub-v1s0x0050656_ses-1 vox2ras=TkReg
1717
29550  -18.589  -70.828  -8.420 0.5000000000
29540  -18.856  -70.609  -7.539 0.4000000060
30553  -19.453  -69.971  -6.665 0.6000000238
30551  -17.787  -69.246  -7.585 0.6000000238
30564  -18.169  -70.127  -7.718 0.5000000000
107660  -18.243  -67.421  -7.763 0.6000000238
30540  -20.348  -69.344  -6.029 0.6999999881
30539  -19.007  -69.154  -6.287 0.6999999881
124273  -17.767  -68.994  -7.139 0.6999999881
31568  -17.571  -68.311  -7.212 0.6999999881
33614  -18.434  -66.419  -7.304 0.5000000000
32597  -17.489  -66.899  -7.276 0.6999999881
32598  -19.512  -67.638  -7.853 0.5000000000
24603  -21.877  -75.816  1.255 0.5000000000
31558  -21.055  -68.727  -5.451 0.6999999881
31557  -19.870  -68.610  -5.582 0.6999999881
31555  -17.623  -67.906  -6.376 0.6999999881
31541  -19.322  -67.901  -5.076 0.6999999881
31540  -18.038  -67.555  -5.434 0.6999999881
31556  -18.547  -68.389  -5.841 0.6999999881
32558  -18.949  -67.112  -4.755 0.6999999881
33603  -18.649  -65.758  -6.812 0.6000000238
30515  -26.516  -69.602  -3.741 0.6999999881
31527  -25.463  -68.423  -3.740 0.6999999881
31559  -22.086  -68.776  -5.448 0.6999999881
31544  -22.603  -68.178  -4.965 0.6999999881
24613  -21.410  -75.404  0.769 0.6000000238
23590  -20.031  -76.915  0.155 0.4000000060
31542  -20.583  -68.027  -4.986 0.6999999881
108923  -17.287  -66.759  -6.553 0.6999999881
114614  -17.784  -66.111  -6.601 0.6999999881
34533  -17.855  -65.286  -5.496 0.6999999881
34543  -19.316  -65.166  -6.583 0.6000000238
30499  -27.719  -69.471  -2.694 0.6999999881
31529  -27.062  -69.063  -3.218 0.6999999881
31526  -24.651  -68.190  -3.922 0.6999999881
31528  -26.278  -68.701  -3.533 0.6999999881
31512  -26.730  -68.214  -2.929 0.6999999881
105283  -23.258  -74.292  1.540 0.6000000238
32547  -24.262  -67.475  -3.602 0.6999999881
32561  -22.178  -67.515  -4.504 0.6999999881
32563  -23.878  -67.945  -4.151 0.6999999881
32548  -25.079  -67.654  -3.393 0.6999999881
32549  -25.920  -67.895  -3.200 0.6999999881
118771  -20.255  -75.314  -0.159 0.5000000000
23591  -20.912  -75.836  0.526 0.5000000000
32559  -20.132  -67.305  -4.547 0.6999999881
32532  -25.508  -67.144  -2.794 0.6999999881
23607  -19.567  -76.454  -0.487 0.4000000060
32557  -18.002  -66.692  -5.241 0.6999999881
32560  -21.219  -67.414  -4.502 0.6999999881
32546  -23.486  -67.242  -3.818 0.6999999881
124147  -23.883  -66.860  -3.369 0.6999999881
23624  -19.089  -76.100  -1.179 0.4000000060
33572  -20.864  -66.614  -4.027 0.6999999881
33560  -23.854  -66.326  -2.882 0.6999999881
33588  -17.549  -66.179  -5.881 0.6999999881
33570  -18.754  -66.341  -4.525 0.6999999881
34507  -22.195  -65.581  -2.704 0.6999999881
123821  -22.470  -66.080  -3.065 0.6999999881
34541  -17.689  -65.492  -5.987 0.6999999881
34506  -21.315  -65.470  -2.819 0.6999999881
36332  -19.530  -63.938  -5.928 0.6000000238
103102  -17.869  -64.261  -5.210 0.6999999881
34522  -18.100  -65.046  -4.774 0.6999999881
106098  -20.888  -61.750  -5.498 0.5000000000
37216  -20.460  -62.545  -5.589 0.5000000000
37199  -23.164  -62.012  -5.300 0.4000000060
37218  -22.385  -62.284  -5.493 0.5000000000
32534  -27.227  -67.700  -2.414 0.6999999881
27507  -23.784  -72.807  1.163 0.6000000238
32545  -22.665  -66.999  -3.988 0.6999999881
118059  -21.489  -74.571  0.635 0.5000000000
32533  -26.363  -67.388  -2.605 0.6999999881
33571  -19.730  -66.570  -4.206 0.6999999881
115102  -21.556  -66.374  -3.598 0.6999999881
33555  -18.619  -65.685  -4.406 0.6999999881
35452  -20.568  -65.040  -2.854 0.6999999881
38093  -18.269  -61.624  -4.835 0.6999999881
35476  -18.418  -64.112  -5.586 0.6999999881
37215  -19.287  -62.772  -5.435 0.6999999881
36316  -17.951  -63.613  -5.220 0.6999999881
38107  -19.530  -61.877  -5.284 0.6999999881
28479  -28.346  -71.202  1.975 0.6999999881
29442  -29.324  -70.133  1.504 0.6999999881
30454  -29.751  -69.916  0.728 0.8000000119
103895  -30.192  -68.790  -0.394 0.8000000119
28478  -27.721  -71.427  2.065 0.6000000238
29429  -27.972  -70.656  2.249 0.6000000238
29430  -28.721  -70.302  2.079 0.6000000238
31497  -29.591  -68.659  -1.162 0.8000000119
28496  -26.565  -71.451  1.736 0.6000000238
29441  -26.275  -70.593  1.493 0.6000000238
32535  -28.058  -68.036  -2.128 0.6999999881
27509  -25.374  -72.367  1.452 0.6000000238
28495  -25.752  -71.519  1.450 0.6000000238
27506  -23.000  -73.064  1.105 0.6000000238
118945  -23.298  -72.338  0.781 0.6000000238
33546  -26.899  -66.850  -2.122 0.6999999881
26556  -21.669  -73.719  0.545 0.5000000000
27532  -21.904  -72.978  0.361 0.6000000238
32515  -27.747  -67.186  -1.928 0.6999999881
105811  -25.149  -66.498  -2.479 0.6999999881
33556  -19.368  -65.881  -3.984 0.6999999881
33557  -20.284  -66.005  -3.661 0.6999999881
34508  -23.112  -65.804  -2.681 0.6999999881
37197  -17.756  -63.032  -4.785 0.8000000119
36301  -17.857  -63.843  -4.819 0.6999999881
34504  -19.888  -65.296  -3.418 0.6999999881
34494  -22.742  -64.964  -2.303 0.6999999881
38092  -17.703  -62.180  -4.471 0.8000000119
34503  -18.940  -65.147  -4.030 0.6999999881
114510  -19.942  -64.625  -3.050 0.6999999881
38109  -21.865  -61.636  -5.535 0.5000000000
38110  -22.667  -61.392  -5.579 0.5000000000
38095  -23.875  -61.421  -5.145 0.4000000060
30414  -28.695  -69.529  2.293 0.6000000238
30436  -29.722  -69.347  1.371 0.6999999881
31457  -30.374  -68.329  0.843 0.8000000119
31471  -30.409  -68.371  0.245 0.8999999762
124467  -27.557  -70.165  2.184 0.6000000238
31481  -30.355  -67.943  -0.186 0.8000000119
31480  -30.002  -68.119  -0.762 0.8000000119
33527  -29.046  -66.985  -1.130 0.8000000119
28516  -24.428  -71.176  0.632 0.6000000238
114339  -28.240  -66.715  -1.444 0.8000000119
26579  -21.427  -73.348  0.019 0.6000000238
27533  -22.558  -72.651  0.612 0.6000000238
28515  -23.629  -71.521  0.398 0.6000000238
33526  -27.429  -66.407  -1.598 0.6999999881
25633  -20.293  -74.733  -0.400 0.5000000000
33524  -25.951  -65.781  -1.756 0.6999999881
34476  -26.406  -65.333  -1.387 0.6999999881
25643  -19.758  -74.595  -1.122 0.5000000000
25644  -20.338  -73.874  -0.833 0.5000000000
34497  -25.191  -65.781  -2.025 0.6999999881
33544  -24.505  -66.123  -2.474 0.6999999881
38079  -17.705  -61.767  -3.582 0.8000000119
103445  -18.067  -63.487  -4.217 0.8000000119
35451  -19.202  -64.562  -3.506 0.6999999881
35433  -20.440  -64.273  -2.690 0.6999999881
35434  -21.884  -65.028  -2.465 0.6999999881
36291  -18.656  -63.927  -3.630 0.6999999881
104093  -28.193  -69.101  2.366 0.6999999881
31430  -29.031  -68.766  2.326 0.6999999881
31431  -29.552  -68.848  1.856 0.8000000119
32479  -30.311  -67.863  1.425 0.8000000119
30412  -26.948  -69.956  1.848 0.6999999881
32458  -29.750  -68.064  2.047 0.8000000119
33502  -30.462  -66.783  0.683 0.8000000119
32500  -29.854  -67.300  -0.571 0.8000000119
29440  -25.314  -70.753  0.944 0.6000000238
122561  -28.654  -66.328  -1.018 0.6999999881
27553  -22.236  -72.327  -0.062 0.6000000238
28514  -22.969  -71.990  0.105 0.6000000238
34477  -27.187  -65.627  -1.265 0.8000000119
34460  -27.812  -65.134  -0.764 0.6999999881
26578  -21.038  -73.267  -0.620 0.6000000238
35419  -26.952  -64.866  -0.965 0.8000000119
26591  -19.880  -73.786  -1.781 0.4000000060
34495  -23.592  -65.229  -2.218 0.6999999881
35436  -24.068  -64.801  -1.840 0.6999999881
34475  -25.624  -65.140  -1.537 0.6999999881
24665  -18.729  -75.447  -3.510 0.4000000060
104959  -23.440  -64.639  -2.050 0.6999999881
34474  -24.815  -65.003  -1.667 0.6999999881
37186  -17.815  -62.687  -3.987 0.8000000119
35432  -19.466  -63.871  -3.016 0.8000000119
109146  -21.150  -63.811  -2.437 0.6999999881
39087  -18.575  -60.774  -4.458 0.8000000119
122115  -19.421  -61.115  -4.906 0.6999999881
38094  -20.432  -61.082  -5.195 0.5000000000
39099  -23.812  -60.268  -5.801 0.5000000000
110401  -22.131  -60.946  -5.655 0.5000000000
38112  -24.721  -60.956  -5.366 0.4000000060
104329  -28.261  -68.265  2.438 0.6000000238
32457  -29.026  -67.830  2.534 0.6999999881
32459  -30.248  -67.148  2.029 0.8000000119
33493  -30.455  -66.551  1.496 0.8000000119
30435  -26.875  -69.097  1.719 0.6999999881
30434  -25.835  -70.019  0.972 0.6999999881
111036  -29.888  -65.961  -0.066 0.8000000119
29454  -25.296  -69.823  0.546 0.6000000238
117255  -30.439  -66.105  1.015 0.8000000119
29452  -23.976  -70.692  0.002 0.6000000238
34462  -29.389  -65.482  -0.276 0.8000000119
111591  -28.687  -64.934  -0.395 0.8000000119
28532  -22.067  -72.140  -0.938 0.6000000238
28533  -22.612  -71.648  -0.616 0.6000000238
112438  -26.157  -64.459  -1.168 0.8999999762
35400  -28.042  -64.397  -0.400 0.8000000119
35417  -25.296  -64.411  -1.429 0.8000000119
122086  -25.662  -63.836  -1.232 0.8000000119
26592  -20.619  -73.069  -1.446 0.5000000000
109885  -24.064  -62.850  -1.477 0.8000000119
35416  -24.524  -64.270  -1.596 0.6999999881
107910  -19.689  -73.448  -2.594 0.4000000060
109143  -17.603  -61.111  -2.858 0.8000000119
36274  -18.487  -63.250  -3.414 0.8000000119
37172  -19.305  -62.905  -2.721 0.8000000119
37174  -20.977  -62.964  -2.303 0.8000000119
35435  -22.996  -64.110  -2.061 0.6999999881
39077  -17.540  -60.977  -3.520 0.8000000119
36275  -20.272  -63.428  -2.566 0.8000000119
36277  -22.061  -64.210  -2.300 0.6999999881
37173  -20.212  -62.751  -2.378 0.8000000119
39078  -18.137  -60.310  -3.917 0.8000000119
112976  -19.594  -61.789  -2.046 0.8000000119
39096  -20.920  -60.346  -5.468 0.6000000238
39088  -19.977  -60.464  -4.848 0.6000000238
39098  -22.835  -60.407  -5.862 0.5000000000
32456  -27.399  -67.687  2.295 0.6000000238
112302  -29.595  -67.316  2.428 0.6999999881
103090  -26.228  -68.788  1.264 0.6000000238
33479  -29.757  -66.567  2.552 0.6999999881
34443  -30.449  -65.767  1.571 0.6999999881
112754  -25.775  -69.314  0.874 0.6000000238
31428  -26.728  -68.267  1.761 0.6000000238
32455  -26.525  -67.550  1.908 0.6000000238
30453  -25.195  -68.977  0.520 0.6000000238
34449  -30.015  -65.376  0.239 0.8000000119
28534  -23.259  -71.059  -0.410 0.6000000238
30452  -24.707  -69.486  0.116 0.6000000238
34450  -30.384  -65.371  0.920 0.6999999881
28553  -22.267  -71.343  -1.326 0.5000000000
36251  -28.774  -64.275  -0.195 0.8000000119
28552  -21.748  -71.793  -1.702 0.3000000119
37141  -26.893  -62.864  -0.647 0.8000000119
35398  -27.015  -63.525  -0.621 0.8000000119
103878  -25.006  -63.685  -1.412 0.8000000119
36261  -25.528  -63.151  -1.189 0.8000000119
38053  -22.982  -61.662  -1.552 0.8000000119
37149  -18.862  -62.153  -2.485 0.8000000119
36276  -21.831  -63.280  -2.237 0.8000000119
109039  -22.943  -62.392  -1.714 0.8000000119
36259  -23.338  -63.202  -1.756 0.6999999881
38050  -20.330  -61.321  -1.684 0.8000000119
40025  -19.337  -59.788  -4.555 0.6999999881
40044  -21.263  -59.524  -6.002 0.6000000238
40048  -25.172  -59.900  -5.530 0.3000000119
33477  -27.820  -66.847  2.747 0.6000000238
33464  -28.342  -66.084  3.038 0.6999999881
33465  -29.249  -66.015  2.949 0.6999999881
34433  -29.933  -65.735  2.682 0.6999999881
115443  -21.273  -68.392  -0.790 0.5000000000
31455  -25.619  -68.605  0.946 0.6000000238
106671  -25.891  -67.943  1.379 0.6000000238
123457  -30.492  -65.087  1.563 0.6999999881
29466  -23.090  -70.182  -1.100 0.5000000000
30468  -24.098  -69.139  -0.241 0.5000000000
31454  -25.027  -68.064  0.804 0.6000000238
117498  -30.318  -63.711  1.031 0.6999999881
109923  -21.947  -70.952  -2.013 0.3000000119
122377  -22.795  -70.973  -1.073 0.5000000000
105628  -30.012  -64.121  0.557 0.8000000119
113728  -29.061  -62.880  0.042 0.8000000119
36250  -28.318  -63.619  -0.213 0.8000000119
37154  -25.294  -62.357  -1.276 0.8999999762
38041  -26.852  -61.897  -0.756 0.8999999762
36249  -27.555  -63.208  -0.408 0.8000000119
104279  -28.163  -62.872  -0.239 0.8000000119
26608  -20.229  -72.877  -2.316 0.4000000060
38054  -23.918  -61.361  -1.437 0.8999999762
37153  -24.435  -62.227  -1.424 0.8999999762
37155  -26.132  -62.583  -0.978 0.8999999762
39070  -17.580  -60.429  -2.448 0.8000000119
38070  -17.992  -61.687  -2.715 0.8000000119
37151  -21.611  -62.452  -2.038 0.8000000119
106052  -22.451  -62.799  -1.961 0.8000000119
120388  -17.627  -60.299  -3.193 0.8000000119
40965  -19.335  -58.854  -4.663 0.6999999881
40026  -20.461  -59.680  -5.252 0.6000000238
40982  -23.109  -58.462  -5.332 0.6000000238
40046  -23.480  -59.434  -5.784 0.6000000238
33476  -26.713  -66.766  2.365 0.6000000238
34420  -28.845  -65.355  3.262 0.6999999881
119741  -29.556  -65.345  3.055 0.6999999881
32454  -25.896  -67.107  1.818 0.6000000238
35353  -30.045  -64.233  2.977 0.8000000119
31479  -23.436  -68.763  -0.490 0.6000000238
106917  -23.889  -68.459  -0.019 0.5000000000
105545  -25.201  -67.321  1.378 0.6000000238
35374  -30.508  -64.538  1.957 0.6999999881
116416  -30.449  -62.914  1.278 0.8000000119
30482  -22.368  -69.622  -1.563 0.4000000060
107251  -29.971  -63.301  0.512 0.6999999881
36233  -29.291  -63.800  0.108 0.8000000119
38056  -25.907  -61.688  -1.147 0.8000000119
37143  -28.417  -62.191  -0.228 0.8000000119
39053  -22.978  -60.693  -1.430 0.8999999762
38055  -24.975  -61.494  -1.351 0.8000000119
37142  -27.588  -62.444  -0.431 0.8000000119
38049  -19.145  -61.195  -1.641 0.8000000119
39051  -21.159  -60.684  -1.413 0.8000000119
103148  -22.264  -62.014  -1.753 0.6999999881
113471  -17.872  -60.152  -1.680 0.8000000119
38052  -22.149  -61.191  -1.524 0.8000000119
38051  -21.370  -61.629  -1.726 0.8000000119
40017  -18.303  -59.435  -3.839 0.8000000119
39049  -18.649  -60.472  -1.309 0.8000000119
40966  -20.287  -58.124  -5.252 0.6999999881
40967  -21.391  -57.876  -5.629 0.6999999881
40968  -23.097  -57.655  -4.403 0.6000000238
40969  -23.990  -58.083  -4.049 0.6000000238
40970  -24.905  -58.318  -3.982 0.6000000238
113978  -25.781  -66.352  2.148 0.6000000238
35351  -28.423  -64.635  3.430 0.8000000119
35352  -29.404  -64.609  3.278 0.6999999881
32476  -21.963  -67.196  1.224 0.5000000000
32478  -24.518  -67.426  1.111 0.5000000000
36216  -30.362  -63.959  2.429 0.8000000119
36223  -30.452  -63.784  1.658 0.6999999881
31468  -22.351  -67.997  0.050 0.5000000000
32488  -24.040  -67.880  0.582 0.5000000000
36204  -30.192  -63.428  2.959 0.8000000119
37110  -30.496  -63.146  2.252 0.8000000119
116251  -21.804  -68.217  -0.379 0.5000000000
37132  -29.986  -62.425  0.502 0.8000000119
38036  -30.007  -61.578  0.509 0.8000000119
38035  -29.288  -61.935  0.050 0.8000000119
39055  -24.611  -60.629  -1.349 0.8000000119
38042  -27.795  -61.613  -0.467 0.8000000119
39050  -19.888  -60.562  -1.311 0.8000000119
39052  -22.086  -60.460  -1.361 0.8999999762
40016  -17.554  -59.600  -2.755 0.8000000119
39037  -18.353  -59.706  -1.056 0.8000000119
40958  -18.623  -58.563  -4.184 0.6999999881
123647  -22.363  -57.906  -5.311 0.6999999881
119020  -19.156  -57.097  -4.647 0.6999999881
122214  -19.987  -57.387  -5.005 0.6999999881
41804  -20.317  -56.773  -4.550 0.6999999881
103239  -22.068  -57.370  -4.732 0.6999999881
121226  -26.226  -64.549  3.202 0.8000000119
34419  -26.828  -65.099  3.202 0.6000000238
35349  -26.779  -64.177  3.370 0.6000000238
35350  -27.547  -64.517  3.422 0.8000000119
110840  -20.737  -64.588  1.922 0.6000000238
107464  -21.697  -65.808  2.066 0.5000000000
104654  -24.986  -66.123  1.946 0.6000000238
34431  -25.488  -65.615  2.404 0.6000000238
105205  -28.780  -63.901  3.494 0.8000000119
36221  -19.353  -63.992  1.497 0.6000000238
35372  -20.066  -64.282  1.745 0.6000000238
35373  -21.326  -64.079  2.032 0.6000000238
34428  -23.157  -65.134  2.261 0.5000000000
33474  -24.119  -65.996  1.816 0.5000000000
38007  -17.875  -61.462  2.220 0.5000000000
37116  -19.352  -62.393  1.816 0.5000000000
37105  -20.078  -62.259  2.076 0.6000000238
124125  -21.137  -63.449  2.127 0.6000000238
33473  -23.450  -65.694  1.978 0.5000000000
108945  -30.350  -62.615  2.928 0.8000000119
37118  -30.559  -62.147  2.121 0.8000000119
38008  -19.524  -61.665  2.135 0.5000000000
102916  -23.764  -67.134  1.266 0.5000000000
120824  -17.291  -60.870  2.621 0.4000000060
119807  -23.260  -67.571  0.827 0.5000000000
38021  -30.546  -61.353  1.677 0.6999999881
39040  -28.106  -60.796  -0.494 0.8000000119
39031  -29.465  -61.122  0.086 0.8000000119
121034  -30.048  -60.937  0.536 0.6999999881
39994  -24.199  -59.838  -1.276 0.8000000119
39056  -25.653  -60.686  -1.226 0.8000000119
39030  -28.913  -60.580  -0.239 0.8000000119
39039  -27.248  -60.952  -0.756 0.8000000119
39038  -26.643  -60.171  -1.005 0.8000000119
40939  -17.604  -58.564  -1.427 0.8999999762
39975  -18.876  -59.091  -0.719 0.8999999762
113295  -21.588  -59.871  -1.161 0.8000000119
39993  -23.353  -59.850  -1.301 0.8000000119
114273  -20.533  -59.863  -1.066 1.0000000000
39977  -22.040  -59.222  -0.939 0.8000000119
40957  -17.909  -58.716  -3.265 0.8000000119
106952  -18.473  -57.882  -3.884 0.6999999881
106323  -26.029  -63.877  3.315 0.8000000119
106590  -27.433  -63.745  3.505 0.8000000119
117408  -27.480  -63.093  3.639 0.8000000119
37106  -21.377  -62.819  2.302 0.6000000238
35347  -24.927  -64.227  2.875 0.6000000238
35348  -25.602  -64.427  3.043 0.6000000238
36203  -28.130  -63.408  3.621 0.8000000119
38000  -28.733  -62.152  3.921 0.8000000119
36211  -20.546  -62.987  2.079 0.6000000238
36213  -22.605  -63.615  2.447 0.6000000238
35363  -24.424  -64.744  2.568 0.6000000238
37102  -28.956  -63.007  3.658 0.8000000119
113011  -30.022  -62.118  3.396 0.8000000119
38009  -20.337  -61.533  2.359 0.5000000000
36214  -23.420  -63.791  2.612 0.6000000238
35364  -25.178  -64.926  2.668 0.6000000238
39003  -18.150  -60.629  2.732 0.4000000060
39004  -19.757  -60.936  2.526 0.4000000060
38010  -21.175  -61.445  2.535 0.4000000060
38988  -19.098  -60.387  2.900 0.4000000060
38989  -20.027  -60.220  3.020 0.4000000060
122308  -22.309  -61.946  2.556 0.4000000060
38037  -30.420  -61.122  1.003 0.6999999881
39935  -20.326  -59.462  3.402 0.4000000060
39006  -21.579  -60.714  2.895 0.5000000000
116774  -29.672  -60.309  0.305 0.6999999881
39934  -19.414  -59.555  3.283 0.3000000119
114999  -21.716  -59.911  3.285 0.5000000000
116332  -22.314  -60.968  2.898 0.5000000000
39995  -25.071  -59.867  -1.273 0.8000000119
39996  -25.851  -59.811  -1.202 0.8000000119
115523  -27.624  -60.117  -0.650 0.8000000119
120285  -28.988  -59.777  -0.120 0.8000000119
39984  -28.176  -59.339  -0.378 0.8000000119
40925  -18.218  -58.296  -0.848 0.8000000119
39976  -19.981  -59.132  -0.680 1.0000000000
117961  -21.672  -58.540  -0.603 0.8000000119
120956  -22.436  -58.690  -0.735 0.8000000119
39978  -22.873  -59.201  -1.043 0.8000000119
39980  -24.607  -59.077  -1.130 0.8000000119
39981  -25.490  -59.124  -1.120 0.8000000119
40926  -19.435  -58.336  -0.505 1.0000000000
40929  -24.088  -58.318  -0.644 0.8000000119
40950  -17.333  -58.853  -2.189 0.8000000119
40927  -20.628  -58.414  -0.486 0.8000000119
40928  -23.146  -58.513  -0.708 0.8000000119
41802  -17.617  -57.920  -2.767 0.8999999762
41803  -18.364  -57.061  -3.457 0.6999999881
42683  -20.928  -56.187  -3.684 0.6999999881
41805  -21.598  -56.762  -4.150 0.6999999881
41806  -22.881  -56.976  -3.459 0.6999999881
41821  -24.729  -57.398  -3.424 0.6000000238
42685  -23.166  -56.227  -2.789 0.6999999881
43607  -21.463  -55.721  -3.029 0.6999999881
42704  -24.957  -56.682  -3.384 0.6000000238
42703  -24.051  -56.656  -3.059 0.6000000238
36202  -26.667  -63.235  3.507 0.8000000119
37101  -27.177  -62.435  3.687 0.8000000119
36212  -21.805  -63.494  2.260 0.5000000000
37098  -24.707  -62.411  3.043 0.8000000119
37099  -25.513  -62.109  3.285 0.8000000119
111649  -25.606  -63.017  3.303 0.8000000119
107942  -28.052  -62.649  3.798 0.8000000119
112329  -20.859  -62.184  2.310 0.5000000000
37107  -22.269  -62.708  2.472 0.6000000238
120999  -22.930  -62.127  2.666 0.5000000000
106071  -29.414  -62.346  3.657 0.6999999881
39005  -20.634  -60.804  2.704 0.4000000060
111353  -21.960  -61.438  2.657 0.5000000000
106089  -24.020  -63.126  2.778 0.6999999881
118330  -28.636  -61.477  4.112 0.6999999881
38001  -29.444  -61.588  3.852 0.6999999881
38002  -30.221  -61.372  3.414 0.6999999881
109032  -30.563  -61.164  2.551 0.6999999881
111242  -30.621  -60.321  2.605 0.6999999881
39960  -30.494  -59.536  1.495 0.6999999881
39937  -21.945  -59.248  3.621 0.5000000000
40922  -30.172  -59.053  1.028 0.6999999881
40865  -20.624  -58.788  3.769 0.4000000060
40932  -26.788  -58.553  -0.628 0.8000000119
39972  -29.606  -59.423  0.447 0.6999999881
39982  -26.341  -59.232  -0.997 0.8000000119
40930  -25.068  -58.414  -0.756 0.8000000119
41778  -26.368  -57.881  -0.416 0.6999999881
122127  -17.591  -58.033  -1.306 0.8999999762
41791  -17.239  -57.830  -1.844 0.8999999762
41772  -18.828  -57.453  -0.578 0.8999999762
119646  -20.182  -57.473  -0.318 0.8000000119
42663  -22.052  -57.139  -0.183 0.8000000119
41792  -17.434  -57.000  -2.408 0.8999999762
42668  -17.601  -56.333  -1.616 0.8000000119
42681  -18.019  -56.112  -3.069 0.8000000119
40971  -25.809  -58.496  -4.140 0.4000000060
42682  -19.305  -56.249  -4.070 0.8000000119
43606  -20.207  -55.682  -3.379 0.6999999881
42684  -22.135  -56.332  -3.130 0.6999999881
43638  -24.494  -55.902  -5.347 0.5000000000
37100  -26.278  -62.297  3.495 0.6999999881
37997  -25.072  -61.481  3.231 0.6999999881
37999  -27.314  -61.095  3.986 0.6999999881
38990  -20.908  -60.089  3.159 0.4000000060
38992  -23.658  -60.339  3.320 0.6000000238
37998  -25.940  -61.471  3.484 0.6999999881
38996  -29.840  -60.756  3.851 0.6999999881
105986  -30.197  -60.119  3.742 0.6999999881
38997  -30.428  -60.611  3.288 0.6999999881
104225  -22.961  -59.975  3.307 0.5000000000
39949  -30.648  -59.558  2.340 0.6999999881
40883  -22.193  -58.607  4.020 0.4000000060
40866  -21.561  -57.998  4.387 0.3000000119
40884  -23.455  -58.990  3.908 0.5000000000
40931  -25.939  -58.492  -0.757 0.6999999881
40934  -28.339  -58.587  -0.076 0.6999999881
116795  -22.965  -58.497  4.109 0.4000000060
39971  -28.932  -58.986  0.095 0.6999999881
40933  -27.630  -58.574  -0.360 0.6999999881
41777  -25.560  -57.800  -0.448 0.6999999881
41773  -21.360  -57.750  -0.348 0.8000000119
111182  -22.405  -57.964  -0.426 0.8000000119
41775  -23.330  -57.765  -0.382 0.8000000119
115215  -24.013  -57.556  -0.280 0.8000000119
41774  -22.796  -57.284  -0.199 0.8000000119
42660  -19.471  -56.668  -0.373 0.8000000119
43573  -17.431  -55.288  -1.910 0.8000000119
43569  -17.905  -55.508  -1.182 0.8000000119
42659  -18.295  -56.437  -0.747 0.8999999762
43583  -17.679  -55.583  -2.392 0.8999999762
43584  -18.283  -55.342  -2.860 0.8000000119
44541  -19.902  -54.521  -2.721 0.8000000119
111742  -23.816  -55.977  -2.839 0.6999999881
42723  -24.903  -56.288  -4.028 0.6000000238
43586  -20.705  -55.118  -2.967 0.6999999881
43608  -22.451  -55.687  -2.704 0.6999999881
46320  -21.113  -52.950  -2.646 0.6999999881
103030  -26.829  -61.609  3.710 0.6999999881
39939  -24.933  -59.976  3.767 0.6000000238
39940  -25.918  -59.947  4.022 0.6000000238
38995  -26.511  -60.738  3.843 0.6999999881
38981  -27.424  -60.446  4.258 0.6999999881
37991  -28.112  -60.972  4.217 0.6999999881
38993  -24.478  -60.722  3.348 0.6000000238
38982  -28.425  -60.179  4.380 0.6999999881
38983  -29.052  -60.846  4.231 0.6999999881
121074  -20.885  -58.281  4.177 0.3000000119
39938  -23.557  -59.597  3.581 0.5000000000
104171  -24.185  -59.960  3.561 0.5000000000
107760  -26.068  -59.303  4.552 0.6000000238
39942  -30.543  -59.864  3.189 0.6999999881
104787  -23.153  -57.911  4.655 0.4000000060
40868  -23.725  -58.506  4.397 0.5000000000
40869  -24.665  -58.485  4.755 0.6000000238
115784  -30.604  -59.206  3.096 0.6999999881
41770  -29.366  -57.958  0.824 0.6999999881
40906  -30.528  -58.860  1.754 0.6999999881
40920  -28.832  -58.266  0.374 0.6999999881
41705  -22.598  -57.343  4.904 0.3000000119
40919  -28.046  -57.843  0.159 0.6999999881
41764  -23.510  -56.968  -0.001 0.8000000119
41765  -24.412  -57.017  -0.027 0.8000000119
41766  -25.233  -57.114  -0.115 0.6999999881
41767  -26.031  -57.241  -0.138 0.6999999881
41768  -27.337  -57.162  0.179 0.6999999881
42652  -21.867  -56.366  0.099 0.8000000119
42653  -24.082  -56.345  0.333 0.8000000119
43558  -18.492  -55.650  -0.617 0.8000000119
42661  -20.401  -56.616  -0.243 0.8000000119
41763  -22.669  -56.636  0.103 0.8000000119
44516  -17.843  -54.488  -1.383 0.8000000119
44499  -20.324  -54.417  0.198 0.8000000119
44500  -21.184  -54.709  0.306 0.8000000119
115070  -21.931  -54.254  0.494 0.8000000119
46288  -21.061  -52.892  0.516 0.8000000119
43628  -24.122  -55.605  -4.286 0.6000000238
43627  -23.750  -55.415  -3.339 0.6999999881
45434  -20.387  -53.754  -2.550 0.8000000119
43587  -21.782  -55.066  -2.660 0.6000000238
46328  -22.108  -52.610  -3.140 0.6000000238
44552  -22.624  -54.068  -2.933 0.6000000238
122542  -26.374  -59.668  4.365 0.6000000238
39925  -25.239  -59.293  4.363 0.6000000238
39927  -28.768  -59.306  4.577 0.6999999881
39928  -29.552  -59.974  4.249 0.6999999881
120332  -29.734  -59.141  4.369 0.6999999881
39941  -30.263  -59.345  3.812 0.6999999881
41720  -23.931  -57.878  4.973 0.4000000060
40858  -26.150  -58.085  5.402 0.5000000000
40873  -28.412  -58.622  4.833 0.6999999881
40887  -30.540  -58.554  3.408 0.6999999881
41722  -25.315  -57.941  5.271 0.5000000000
40893  -30.621  -58.720  2.571 0.6999999881
41706  -23.373  -57.245  5.174 0.3000000119
41707  -24.188  -57.197  5.323 0.4000000060
41779  -27.159  -57.875  -0.259 0.6999999881
41754  -30.384  -57.528  1.964 0.6999999881
42591  -23.727  -56.491  5.511 0.3000000119
41753  -29.468  -57.170  1.305 0.6999999881
42657  -28.274  -56.850  0.671 0.6999999881
117970  -23.275  -56.187  0.366 0.8000000119
43566  -26.346  -56.051  0.545 0.6999999881
105515  -26.569  -56.784  0.213 0.6999999881
42639  -28.849  -56.254  1.346 0.6999999881
118764  -27.891  -55.177  1.121 0.6999999881
42650  -20.047  -55.888  -0.202 0.8000000119
43561  -21.698  -55.488  0.284 0.8000000119
43565  -25.465  -55.865  0.510 0.6999999881
43567  -27.041  -55.445  0.862 0.6999999881
44492  -27.402  -54.682  0.941 0.6999999881
41762  -19.115  -56.008  -0.449 0.8000000119
42651  -21.032  -56.095  -0.085 0.8000000119
43562  -22.517  -55.897  0.384 0.8000000119
123542  -23.099  -55.553  0.508 0.8000000119
43563  -23.789  -55.638  0.531 0.8000000119
114124  -26.041  -55.261  0.683 0.8000000119
45402  -27.104  -54.004  0.714 0.6999999881
44498  -19.248  -54.481  -0.179 0.8000000119
111495  -22.496  -55.055  0.513 0.8000000119
45398  -23.404  -53.619  0.432 0.8000000119
44503  -24.781  -54.357  0.623 0.8000000119
106210  -18.333  -54.949  -0.620 0.8000000119
45394  -18.665  -53.605  -0.370 0.8000000119
113670  -20.871  -53.745  0.493 0.8000000119
45397  -22.473  -53.585  0.444 0.8000000119
45399  -24.347  -53.631  0.431 0.8000000119
45424  -17.753  -53.754  -1.601 0.8000000119
45396  -20.125  -52.900  0.377 0.8000000119
46289  -21.960  -52.906  0.351 0.8000000119
46290  -22.897  -52.953  0.201 0.8000000119
46304  -24.247  -52.300  -0.315 0.8000000119
45425  -17.795  -52.921  -1.206 0.8000000119
46301  -21.361  -52.223  0.212 0.8000000119
45433  -18.264  -53.161  -1.751 0.8000000119
44563  -24.013  -55.109  -5.361 0.5000000000
108509  -23.276  -54.576  -3.259 0.6000000238
46318  -17.994  -52.179  -1.200 0.8000000119
46319  -19.193  -52.233  -1.686 0.8000000119
44562  -23.628  -54.681  -4.622 0.6000000238
110248  -23.542  -53.901  -4.149 0.6000000238
45441  -22.699  -53.257  -3.329 0.6000000238
112344  -23.121  -53.787  -3.485 0.6000000238
114717  -26.793  -59.359  4.575 0.6999999881
39926  -27.653  -59.585  4.495 0.6999999881
40870  -25.649  -58.665  4.922 0.6000000238
40872  -27.475  -58.802  4.845 0.6999999881
40874  -29.380  -58.537  4.652 0.6999999881
40859  -27.012  -58.119  5.344 0.5000000000
41708  -24.979  -57.201  5.375 0.4000000060
42593  -25.350  -56.544  5.515 0.4000000060
114086  -25.824  -57.262  5.510 0.5000000000
41734  -30.505  -57.601  3.752 0.6999999881
41740  -30.632  -57.931  2.761 0.6999999881
43498  -24.266  -55.667  5.738 0.3000000119
109196  -24.988  -55.950  5.576 0.3000000119
122540  -26.333  -56.950  5.548 0.5000000000
115592  -30.523  -56.702  3.624 0.6999999881
113972  -30.592  -56.975  2.781 0.6999999881
43497  -23.298  -55.775  5.787 0.3000000119
105370  -25.110  -55.235  5.702 0.3000000119
116791  -30.262  -56.208  2.414 0.6999999881
44433  -24.415  -54.598  6.005 0.3000000119
43554  -29.337  -55.100  1.716 0.6999999881
43564  -24.607  -55.737  0.524 0.8000000119
43553  -28.617  -55.504  1.389 0.6999999881
44505  -26.586  -54.631  0.764 0.6999999881
44506  -27.974  -54.108  0.924 0.6999999881
123447  -20.630  -54.879  0.121 0.8000000119
44501  -22.936  -54.298  0.563 0.8000000119
111857  -25.138  -55.116  0.676 0.6999999881
45401  -26.276  -53.890  0.576 0.8000000119
43560  -20.077  -55.066  -0.023 0.8000000119
119273  -26.104  -53.271  0.352 0.8000000119
110256  -19.754  -53.670  0.169 0.8000000119
46291  -23.845  -52.971  0.124 0.8000000119
46292  -24.772  -52.937  0.101 0.8000000119
45395  -19.080  -52.866  -0.141 0.8000000119
45417  -18.040  -52.825  -0.720 0.8000000119
46302  -22.339  -52.274  -0.069 0.8000000119
47232  -22.780  -51.549  -0.485 0.8000000119
47234  -24.613  -51.557  -0.660 0.8000000119
46313  -17.910  -52.104  -0.954 0.8000000119
46300  -18.484  -52.099  -0.518 0.8000000119
47231  -21.748  -51.492  -0.278 0.8000000119
107374  -20.418  -52.163  -2.334 0.8000000119
40871  -26.519  -58.748  4.959 0.6000000238
40860  -27.932  -58.048  5.241 0.6000000238
41709  -26.596  -57.410  5.501 0.5000000000
41711  -28.398  -57.214  5.351 0.6999999881
41723  -28.919  -57.882  4.993 0.6999999881
41733  -29.911  -57.726  4.600 0.6999999881
42594  -26.848  -56.611  5.562 0.6000000238
42596  -28.789  -56.376  5.391 0.6999999881
41712  -29.395  -57.034  5.057 0.6999999881
41724  -30.230  -56.735  4.432 0.6999999881
43499  -25.647  -55.852  5.594 0.3000000119
42597  -29.636  -56.179  4.990 0.6999999881
103629  -23.687  -55.126  6.055 0.3000000119
45345  -26.594  -53.604  5.351 0.3000000119
42608  -30.456  -56.026  3.929 0.6999999881
42616  -30.504  -56.130  3.162 0.6999999881
46237  -24.050  -52.033  5.752 0.3000000119
46238  -24.605  -52.837  5.922 0.3000000119
45344  -25.375  -53.334  5.776 0.3000000119
46239  -26.061  -52.867  5.502 0.3000000119
47163  -23.677  -51.297  5.431 0.3000000119
112381  -28.561  -54.676  1.316 0.6999999881
112297  -26.800  -53.311  0.441 0.8000000119
46293  -25.634  -52.821  0.079 0.8000000119
46305  -25.126  -52.240  -0.344 0.8000000119
115020  -19.470  -52.126  -0.064 0.8000000119
109810  -20.422  -52.167  0.250 0.8000000119
47218  -19.782  -51.363  -0.126 0.8000000119
47219  -20.741  -51.498  -0.070 0.8000000119
48146  -22.256  -50.620  -0.754 0.8000000119
112273  -23.255  -50.914  -0.915 0.8000000119
47251  -18.239  -50.619  -1.090 0.8000000119
48138  -21.024  -50.580  -0.407 0.8000000119
108964  -18.477  -51.312  -1.359 0.8000000119
47252  -19.672  -51.335  -2.094 0.6999999881
47253  -20.739  -51.293  -2.731 0.6000000238
41710  -27.433  -57.328  5.459 0.6000000238
44435  -26.271  -54.341  5.488 0.4000000060
44437  -28.526  -54.907  5.380 0.6000000238
43503  -29.730  -55.496  4.921 0.6999999881
42607  -30.175  -55.798  4.504 0.6999999881
45348  -28.789  -54.160  5.103 0.4000000060
43512  -30.370  -55.261  4.062 0.6999999881
43526  -30.451  -55.483  3.479 0.6999999881
113779  -26.491  -52.107  5.245 0.3000000119
44456  -30.273  -54.489  4.180 0.6000000238
44487  -30.329  -54.489  2.695 0.6999999881
44486  -29.989  -54.770  2.203 0.6999999881
44495  -30.169  -53.836  2.215 0.6999999881
44493  -28.865  -53.820  1.193 0.6999999881
44504  -25.698  -54.477  0.650 0.8000000119
45400  -25.375  -53.621  0.442 0.8000000119
115683  -26.432  -52.714  0.091 0.8000000119
47233  -23.733  -51.593  -0.606 0.8000000119
47236  -26.307  -51.404  -0.623 0.8000000119
106164  -24.098  -50.926  -1.075 0.8000000119
49152  -18.302  -49.147  -0.846 0.8000000119
48137  -20.049  -50.153  -0.340 0.8000000119
49154  -21.490  -49.690  -0.789 0.8000000119
49155  -22.431  -49.673  -1.161 0.8000000119
49144  -20.489  -49.495  -0.527 0.8000000119
115248  -18.915  -50.319  -1.730 0.8000000119
47261  -21.547  -51.213  -3.163 0.6000000238
48174  -20.027  -50.427  -2.489 0.6999999881
49201  -21.488  -49.736  -3.109 0.6999999881
42595  -27.827  -56.505  5.547 0.6000000238
120284  -28.199  -55.687  5.530 0.6000000238
43502  -29.096  -55.579  5.321 0.6000000238
45346  -27.376  -53.561  5.147 0.3000000119
111713  -30.075  -55.057  4.579 0.6000000238
46240  -26.914  -52.839  5.259 0.3000000119
45347  -28.204  -53.512  5.000 0.3000000119
113866  -29.478  -54.110  4.824 0.5000000000
46242  -28.450  -52.864  4.865 0.3000000119
45362  -29.141  -53.403  4.805 0.5000000000
44472  -30.424  -54.665  3.426 0.6999999881
48100  -25.864  -50.720  4.761 0.3000000119
123929  -26.814  -51.520  5.007 0.3000000119
46253  -30.260  -52.266  3.540 0.4000000060
45380  -30.438  -53.190  2.572 0.6999999881
115055  -25.241  -49.676  4.134 0.3000000119
107332  -30.283  -52.921  1.942 0.6000000238
45404  -29.137  -53.019  0.885 0.6000000238
46274  -29.833  -52.514  1.285 0.6000000238
46295  -28.301  -52.603  0.413 0.8000000119
46296  -29.282  -52.141  0.650 0.6000000238
46294  -27.276  -52.659  0.190 0.8000000119
46306  -25.969  -52.142  -0.323 0.8000000119
46307  -26.816  -52.048  -0.283 0.8000000119
47237  -27.168  -51.282  -0.570 0.6999999881
47220  -27.738  -51.916  -0.165 0.6999999881
47221  -28.658  -51.686  0.109 0.6999999881
47235  -25.465  -51.486  -0.656 0.8000000119
47238  -28.134  -50.961  -0.455 0.6999999881
48149  -24.952  -50.849  -1.092 0.8000000119
48150  -25.811  -50.795  -1.027 0.8000000119
48162  -27.049  -49.951  -1.279 0.6999999881
114661  -27.400  -50.580  -0.836 0.6999999881
105121  -19.137  -50.672  -0.404 0.8000000119
48136  -19.333  -49.964  -0.476 0.8000000119
48147  -22.990  -50.279  -1.173 0.8000000119
48160  -25.343  -50.153  -1.347 0.8000000119
49143  -19.546  -49.248  -0.471 0.8000000119
49156  -23.398  -49.635  -1.374 0.8000000119
47229  -18.224  -50.716  -0.963 0.8000000119
49153  -18.562  -48.725  -0.780 0.8000000119
109492  -21.695  -48.766  -1.018 0.8000000119
106142  -22.674  -48.832  -1.324 0.8000000119
48173  -18.411  -49.897  -1.249 0.8000000119
49170  -18.279  -48.728  -1.006 0.8000000119
49187  -19.276  -48.591  -2.037 0.6999999881
47262  -22.288  -51.627  -3.459 0.6000000238
47263  -23.178  -51.587  -3.833 0.6000000238
49186  -18.430  -49.081  -1.537 0.8000000119
49188  -20.345  -49.429  -2.662 0.6999999881
113846  -21.030  -48.909  -2.884 0.6999999881
114563  -30.013  -53.731  4.418 0.5000000000
113985  -30.356  -53.765  3.715 0.5000000000
47165  -27.251  -52.116  5.037 0.3000000119
46251  -29.086  -52.549  4.627 0.4000000060
45363  -30.188  -53.003  3.942 0.5000000000
113155  -30.483  -53.813  2.978 0.6000000238
47177  -27.452  -51.363  4.766 0.3000000119
45373  -30.447  -52.942  3.205 0.5000000000
48101  -27.582  -50.609  4.434 0.3000000119
48102  -28.290  -50.526  4.215 0.3000000119
108837  -30.477  -52.143  3.005 0.6000000238
46263  -30.458  -52.461  2.504 0.6000000238
49120  -25.659  -49.193  3.842 0.3000000119
49110  -27.012  -49.958  4.218 0.3000000119
124130  -29.345  -50.297  3.572 0.3000000119
49121  -26.532  -49.227  3.889 0.3000000119
47211  -30.039  -51.548  0.970 0.6000000238
50064  -25.270  -48.566  3.595 0.3000000119
121131  -29.404  -51.439  0.404 0.6999999881
50117  -24.187  -49.136  -1.468 0.8000000119
49172  -25.757  -49.523  -1.425 0.6999999881
123513  -26.383  -49.533  -1.390 0.6999999881
49171  -25.016  -49.399  -1.453 0.6999999881
124283  -23.448  -48.814  -1.441 0.8000000119
50101  -23.918  -48.274  -1.493 0.6999999881
50086  -19.929  -48.449  -0.628 0.8000000119
109021  -20.649  -47.659  -0.811 0.6999999881
50099  -21.925  -47.822  -1.156 0.8000000119
51053  -23.475  -47.415  -1.467 0.6000000238
46342  -25.008  -52.094  -4.338 0.6000000238
50115  -18.942  -48.269  -0.957 0.6999999881
50133  -19.551  -47.649  -1.776 0.6999999881
51049  -19.868  -46.839  -1.072 0.6999999881
121373  -22.230  -49.749  -3.436 0.6999999881
49202  -22.848  -50.177  -3.685 0.6999999881
50134  -20.132  -48.194  -2.460 0.6999999881
51112  -24.401  -47.070  -3.890 0.5000000000
51113  -25.254  -47.219  -4.228 0.5000000000
47198  -30.477  -51.563  2.440 0.6000000238
46275  -30.360  -52.042  1.761 0.6000000238
47212  -30.466  -51.158  1.639 0.6000000238
47223  -30.338  -50.621  0.969 0.6000000238
47239  -29.095  -50.962  -0.113 0.6999999881
48154  -29.487  -50.342  -0.045 0.6999999881
104488  -23.055  -47.352  3.405 0.3000000119
49174  -27.529  -49.276  -1.184 0.6999999881
48153  -28.846  -50.230  -0.438 0.6999999881
48152  -28.007  -49.927  -0.869 0.6999999881
51052  -22.355  -46.920  -1.270 0.6999999881
110146  -25.775  -48.326  -1.469 0.6999999881
49173  -26.854  -49.088  -1.367 0.6000000238
111491  -24.893  -48.480  -1.482 0.6999999881
50098  -19.658  -47.555  -0.898 0.6999999881
51050  -20.323  -46.683  -0.946 0.6999999881
51051  -21.187  -46.697  -0.968 0.6999999881
51906  -22.436  -46.082  -1.389 0.6000000238
51072  -20.415  -46.405  -1.289 0.6999999881
48187  -23.447  -50.761  -3.922 0.6000000238
47275  -23.905  -51.423  -4.149 0.5000000000
50150  -22.040  -48.026  -3.241 0.6999999881
51097  -22.286  -47.144  -3.292 0.6999999881
117351  -22.968  -48.057  -3.578 0.6999999881
122640  -24.221  -48.487  -3.908 0.6000000238
114058  -30.497  -50.808  2.165 0.5000000000
48125  -30.354  -50.175  2.316 0.4000000060
48130  -30.481  -50.330  1.671 0.6000000238
49135  -30.367  -49.514  1.886 0.5000000000
49146  -30.388  -49.717  1.077 0.6000000238
49145  -30.051  -49.155  0.387 0.6000000238
51863  -23.359  -46.537  3.436 0.3000000119
104132  -24.730  -47.173  3.483 0.3000000119
49157  -28.738  -49.517  -0.634 0.6999999881
50120  -28.260  -48.886  -0.925 0.6000000238
50119  -27.398  -48.492  -1.229 0.6000000238
51073  -24.423  -47.587  -1.511 0.6000000238
50118  -26.578  -48.326  -1.405 0.6000000238
51905  -20.984  -46.133  -1.131 0.6999999881
117840  -25.317  -47.640  -1.497 0.6000000238
107187  -21.643  -46.189  -1.206 0.6999999881
52833  -22.766  -45.603  -1.625 0.6000000238
51096  -21.200  -46.788  -2.781 0.6999999881
50160  -23.679  -48.759  -3.838 0.6999999881
49203  -23.710  -49.785  -3.993 0.6000000238
48210  -25.801  -50.282  -4.373 0.5000000000
118621  -25.378  -49.980  -4.467 0.6000000238
121994  -23.059  -47.280  -3.608 0.6000000238
49216  -24.459  -49.113  -4.179 0.5000000000
111445  -23.838  -47.830  -3.764 0.5000000000
50162  -25.652  -48.112  -4.519 0.5000000000
104038  -26.051  -48.854  -4.678 0.5000000000
51124  -26.830  -47.364  -5.122 0.5000000000
49130  -30.133  -49.537  2.448 0.4000000060
50073  -30.022  -48.751  2.260 0.4000000060
108657  -27.785  -48.012  3.313 0.4000000060
103376  -24.315  -46.335  3.461 0.3000000119
52783  -25.010  -45.713  3.445 0.3000000119
51864  -26.521  -47.065  3.460 0.3000000119
105655  -29.050  -48.958  -0.596 0.6000000238
53631  -24.832  -44.868  3.440 0.3000000119
111065  -27.073  -47.499  -1.300 0.5000000000
51074  -24.883  -46.761  -1.528 0.6000000238
122755  -25.688  -46.998  -1.498 0.6000000238
51908  -24.184  -46.089  -1.490 0.6000000238
51075  -26.150  -47.602  -1.453 0.6000000238
51907  -23.332  -46.062  -1.460 0.6000000238
124254  -24.852  -45.963  -1.518 0.6000000238
51925  -21.070  -45.869  -1.678 0.6999999881
53679  -23.934  -45.134  -1.807 0.6000000238
117245  -21.800  -46.205  -3.013 0.6999999881
50161  -24.787  -48.136  -4.010 0.5000000000
51972  -26.409  -46.505  -4.727 0.5000000000
120639  -29.388  -48.580  2.789 0.4000000060
50072  -29.501  -47.954  2.447 0.4000000060
50088  -30.216  -48.703  1.304 0.5000000000
51019  -29.062  -47.258  2.704 0.4000000060
50103  -29.570  -48.661  -0.197 0.5000000000
104142  -25.538  -45.212  3.395 0.3000000119
53633  -26.316  -45.217  3.288 0.3000000119
121439  -26.813  -46.127  3.354 0.4000000060
108684  -29.537  -47.911  -0.070 0.4000000060
53632  -25.740  -44.434  3.246 0.3000000119
53634  -27.243  -45.245  3.120 0.4000000060
107935  -28.000  -47.864  -0.942 0.5000000000
50102  -28.909  -48.131  -0.555 0.6000000238
115800  -27.027  -46.583  -1.252 0.5000000000
51927  -25.625  -46.138  -1.486 0.6000000238
51929  -27.309  -45.882  -1.115 0.5000000000
52835  -24.380  -45.494  -1.605 0.6000000238
52848  -25.071  -45.359  -1.624 0.6000000238
52882  -23.084  -45.077  -2.958 0.6000000238
53711  -24.521  -44.583  -2.735 0.6000000238
51958  -23.194  -45.854  -3.320 0.5000000000
51098  -23.533  -46.786  -3.657 0.5000000000
51959  -24.038  -46.117  -3.667 0.5000000000
51971  -25.649  -46.393  -4.409 0.5000000000
51977  -27.162  -46.466  -5.131 0.5000000000
118918  -29.901  -47.904  1.817 0.4000000060
51028  -30.014  -47.820  1.117 0.4000000060
50087  -29.909  -48.246  0.469 0.4000000060
51020  -29.582  -47.156  2.172 0.4000000060
51037  -29.694  -47.269  0.496 0.4000000060
117268  -28.526  -47.342  -0.645 0.4000000060
51054  -29.199  -47.274  -0.261 0.5000000000
54533  -25.407  -43.557  3.135 0.3000000119
51928  -26.506  -45.942  -1.377 0.5000000000
52851  -27.697  -45.039  -1.083 0.4000000060
52849  -25.881  -45.204  -1.627 0.6000000238
52850  -26.808  -45.162  -1.562 0.5000000000
53690  -24.234  -44.825  -2.067 0.6000000238
53692  -26.172  -44.426  -2.145 0.5000000000
52889  -24.446  -45.363  -3.754 0.5000000000
52883  -24.018  -44.906  -3.254 0.6000000238
53691  -25.100  -44.687  -1.993 0.6000000238
52884  -24.875  -44.623  -3.694 0.6000000238
52890  -25.259  -45.332  -4.272 0.5000000000
52897  -26.574  -45.660  -4.821 0.5000000000
113282  -28.579  -47.139  -5.589 0.5000000000
57114  -24.167  -40.312  2.166 0.3000000119
56259  -25.701  -40.808  1.937 0.4000000060
113843  -25.933  -40.429  1.442 0.4000000060
53712  -25.372  -44.303  -2.904 0.5000000000
57121  -24.392  -39.941  1.357 0.4000000060
53724  -25.616  -44.101  -3.814 0.5000000000
54600  -27.238  -43.455  -3.210 0.5000000000
53729  -26.166  -44.211  -4.370 0.5000000000
54607  -26.787  -43.278  -3.918 0.5000000000
52891  -25.957  -44.985  -4.556 0.5000000000
52892  -26.562  -44.867  -4.798 0.6000000238
51979  -29.052  -46.533  -5.667 0.5000000000
52898  -27.335  -45.398  -5.165 0.6000000238
52899  -28.490  -45.514  -5.505 0.5000000000
51980  -29.576  -45.993  -5.914 0.4000000060
58028  -25.646  -39.908  0.873 0.4000000060
56261  -27.415  -41.419  1.594 0.4000000060
54610  -26.718  -43.589  -4.354 0.5000000000
53731  -27.447  -43.632  -4.861 0.5000000000
53730  -26.935  -44.326  -4.821 0.5000000000
123498  -27.573  -42.746  -4.779 0.5000000000
53736  -27.701  -44.634  -5.200 0.5000000000
52901  -30.086  -45.492  -6.198 0.4000000060
53738  -29.414  -44.489  -5.795 0.5000000000
52900  -29.231  -45.185  -5.711 0.5000000000
57135  -27.009  -40.191  0.702 0.4000000060
58040  -25.124  -39.420  -0.009 0.4000000060
54608  -27.315  -42.780  -3.857 0.4000000060
53737  -28.436  -44.445  -5.407 0.4000000060
53739  -30.454  -44.806  -6.580 0.5000000000
53744  -31.398  -44.989  -7.416 0.3000000119
55437  -27.880  -42.165  -5.060 0.4000000060
112903  -29.713  -43.696  -6.022 0.4000000060
114657  -30.815  -44.030  -7.021 0.5000000000
114903  -31.883  -44.150  -7.733 0.4000000060
54616  -31.221  -43.250  -7.407 0.4000000060
54615  -30.106  -42.951  -6.394 0.4000000060
118395  -33.315  -43.298  -7.057 0.4000000060
115448  -32.443  -43.383  -8.101 0.4000000060
55439  -29.382  -41.910  -5.907 0.4000000060
55446  -33.495  -42.430  -8.433 0.4000000060
54617  -33.446  -43.046  -8.143 0.4000000060
55440  -33.377  -42.386  -6.704 0.4000000060
113409  -32.822  -42.896  -5.765 0.4000000060
55441  -30.592  -42.165  -6.860 0.4000000060
55442  -31.770  -42.527  -7.694 0.3000000119
117628  -33.285  -41.894  -8.382 0.4000000060
56332  -31.039  -41.335  -7.071 0.4000000060
56329  -29.847  -41.185  -6.325 0.4000000060
56335  -33.267  -41.096  -8.070 0.3000000119
56337  -33.816  -41.247  -7.905 0.4000000060
56334  -33.658  -41.765  -7.454 0.4000000060
119740  -32.893  -42.164  -5.697 0.4000000060
56333  -32.267  -41.690  -7.844 0.3000000119
57210  -33.400  -40.524  -7.327 0.4000000060
56331  -33.581  -40.953  -7.041 0.5000000000
57208  -32.099  -40.597  -7.368 0.4000000060
57209  -33.187  -40.435  -7.529 0.4000000060
31543  -21.643  -68.080  -4.996 0.6999999881
31496  -28.837  -68.373  -1.692 0.6999999881
26557  -22.272  -73.350  0.918 0.6000000238
30415  -29.220  -69.509  1.983 0.6999999881
34478  -27.988  -65.962  -1.166 0.8000000119
33511  -30.161  -66.598  -0.058 0.8000000119
31429  -27.485  -68.641  2.167 0.6000000238
122774  -28.291  -67.523  2.633 0.6000000238
33478  -28.927  -66.921  2.826 0.6999999881
30481  -21.609  -69.310  -1.848 0.4000000060
38048  -18.655  -61.610  -2.130 0.8000000119
115938  -21.480  -66.688  1.797 0.5000000000
37133  -30.422  -61.923  1.163 0.8000000119
38043  -28.679  -61.375  -0.272 0.8000000119
117508  -29.585  -63.680  3.305 0.8000000119
104452  -18.875  -61.129  2.337 0.4000000060
36201  -24.800  -63.424  2.987 0.6000000238
120152  -21.669  -62.072  2.429 0.5000000000
37109  -23.740  -62.280  2.833 0.6000000238
110682  -27.823  -61.774  3.976 0.6999999881
41776  -24.728  -57.694  -0.399 0.6999999881
46303  -23.315  -52.309  -0.241 0.8000000119
120694  -28.394  -53.397  0.770 0.6999999881
44455  -29.922  -54.445  4.630 0.6000000238
44494  -29.469  -54.274  1.675 0.6999999881
45382  -29.682  -53.398  1.538 0.6000000238
108082  -27.623  -54.990  5.488 0.6000000238
121127  -29.726  -52.994  4.435 0.5000000000
48117  -30.318  -50.840  2.740 0.4000000060
51978  -28.062  -46.410  -5.427 0.5000000000
51027  -29.813  -47.076  1.443 0.4000000060
120214  -28.401  -43.319  -5.290 0.4000000060
30563  -17.996  -70.048  -8.244 0.5000000000
31575  -18.735  -68.460  -8.331 0.5000000000
30555  -21.950  -70.340  -6.340 0.6999999881
34551  -19.573  -65.822  -7.074 0.5000000000
24604  -22.577  -75.458  1.513 0.5000000000
34542  -18.208  -65.283  -6.318 0.6999999881
31513  -27.531  -68.568  -2.620 0.6999999881
33573  -21.799  -66.870  -4.046 0.6999999881
117958  -23.104  -66.532  -3.340 0.6999999881
118247  -21.222  -64.689  -2.535 0.6999999881
33559  -22.222  -66.465  -3.512 0.6999999881
36317  -18.940  -63.457  -5.532 0.6999999881
37217  -21.523  -62.441  -5.611 0.5000000000
38108  -21.381  -61.003  -5.467 0.5000000000
28494  -24.908  -71.754  1.140 0.6000000238
33545  -25.947  -66.508  -2.207 0.6999999881
27510  -26.202  -72.174  1.662 0.6000000238
32516  -28.554  -67.515  -1.608 0.8000000119
33525  -26.616  -66.101  -1.691 0.6999999881
113006  -24.089  -60.773  -5.521 0.4000000060
32489  -30.465  -67.686  0.611 0.8000000119
37171  -18.163  -62.425  -3.175 0.8000000119
33510  -29.391  -66.335  -0.562 0.6999999881
27551  -21.375  -72.532  -1.204 0.5000000000
36262  -26.314  -63.508  -0.904 0.8000000119
39097  -21.803  -60.284  -5.805 0.5000000000
33480  -30.280  -66.197  2.170 0.6999999881
29468  -24.173  -69.919  -0.253 0.6000000238
35401  -29.507  -64.672  0.056 0.8000000119
108162  -24.237  -63.516  -1.547 0.8000000119
113963  -20.077  -59.020  -5.180 0.6999999881
40045  -22.423  -59.425  -6.003 0.6000000238
34434  -30.379  -65.295  2.283 0.6999999881
31470  -24.516  -68.638  0.246 0.6000000238
40981  -21.899  -58.595  -5.886 0.6000000238
40029  -25.056  -59.164  -4.755 0.4000000060
31495  -21.074  -68.733  -1.356 0.3000000119
30467  -23.581  -69.566  -0.655 0.5000000000
30466  -22.934  -69.149  -1.068 0.5000000000
29480  -22.424  -70.530  -1.562 0.5000000000
30498  -21.222  -69.794  -2.378 0.4000000060
40009  -17.450  -59.720  -2.063 0.8000000119
33463  -27.305  -65.992  2.906 0.6000000238
34432  -26.343  -65.810  2.627 0.6000000238
108679  -27.869  -65.302  3.274 0.6000000238
33475  -25.285  -66.718  1.746 0.5000000000
30465  -22.005  -68.761  -1.193 0.4000000060
31478  -22.649  -68.436  -0.567 0.5000000000
31469  -23.190  -68.045  0.091 0.5000000000
105496  -26.468  -61.086  -1.008 0.8000000119
41819  -20.996  -57.247  -5.078 0.6999999881
41820  -23.779  -57.392  -3.521 0.6000000238
41807  -25.471  -57.053  -3.483 0.4000000060
32475  -21.141  -67.277  1.271 0.5000000000
32486  -21.611  -67.757  0.497 0.5000000000
33492  -24.540  -66.752  1.542 0.5000000000
32477  -22.831  -67.142  1.334 0.5000000000
117744  -30.436  -61.901  2.966 0.6999999881
34418  -25.933  -65.088  2.906 0.6000000238
106221  -21.476  -64.883  2.099 0.5000000000
34427  -22.334  -65.051  2.206 0.6000000238
35360  -22.077  -64.262  2.223 0.6000000238
111557  -20.923  -66.227  1.992 0.5000000000
34430  -24.687  -65.434  2.250 0.5000000000
108437  -19.259  -63.146  1.579 0.6000000238
36222  -19.942  -63.511  1.798 0.6000000238
33490  -22.321  -66.541  1.778 0.5000000000
35362  -23.662  -64.562  2.489 0.6000000238
35361  -22.877  -64.416  2.397 0.6000000238
33491  -23.303  -66.422  1.704 0.5000000000
34429  -23.914  -65.261  2.229 0.5000000000
39016  -30.570  -60.420  1.640 0.6999999881
39979  -23.713  -59.113  -1.079 0.8000000119
121891  -21.090  -59.169  -0.819 0.8999999762
37108  -23.166  -62.941  2.651 0.6000000238
38012  -23.381  -61.550  2.892 0.5000000000
38011  -22.660  -61.472  2.758 0.5000000000
39973  -30.247  -59.850  0.879 0.6999999881
39936  -21.157  -59.373  3.532 0.4000000060
119586  -22.356  -59.722  3.385 0.5000000000
43609  -23.241  -55.499  -2.753 0.6999999881
37996  -24.189  -61.588  3.085 0.6000000238
105259  -22.792  -59.191  3.636 0.5000000000
40921  -29.519  -58.632  0.653 0.6999999881
40882  -21.397  -58.731  3.936 0.4000000060
43585  -19.449  -55.170  -3.036 0.8000000119
38994  -25.486  -60.709  3.547 0.6000000238
37995  -23.740  -61.016  3.157 0.6000000238
39007  -23.013  -60.807  3.039 0.5000000000
40867  -22.414  -57.975  4.460 0.3000000119
40905  -30.074  -58.184  1.316 0.6999999881
44528  -17.759  -54.895  -2.228 0.8999999762
44540  -18.629  -54.645  -2.592 0.8000000119
45432  -17.960  -54.112  -2.090 0.8000000119
44542  -21.053  -54.416  -2.773 0.6000000238
43588  -22.593  -54.909  -2.640 0.6000000238
45436  -21.991  -53.502  -2.873 0.6000000238
111678  -19.739  -53.009  -2.221 0.8000000119
40885  -24.250  -59.265  4.046 0.6000000238
38980  -26.752  -59.993  4.304 0.6999999881
123207  -28.059  -59.068  4.648 0.6999999881
41721  -24.611  -57.752  5.172 0.4000000060
41769  -28.810  -57.603  0.634 0.6999999881
42654  -24.921  -56.443  0.269 0.8000000119
42656  -27.244  -56.356  0.599 0.6999999881
116559  -17.905  -53.575  -1.008 0.8000000119
107796  -19.068  -53.849  -2.349 0.8000000119
40886  -30.177  -58.501  4.197 0.6999999881
42641  -30.216  -56.806  1.970 0.6999999881
42640  -29.706  -56.296  1.767 0.6999999881
42638  -27.937  -55.939  1.089 0.6999999881
105333  -29.289  -55.761  1.655 0.6999999881
123553  -27.943  -54.678  1.060 0.6999999881
111859  -23.410  -54.974  0.609 0.8000000119
111858  -24.263  -55.017  0.650 0.8000000119
44502  -23.862  -54.308  0.598 0.8000000119
42592  -24.579  -56.505  5.492 0.3000000119
119032  -26.071  -56.506  5.583 0.5000000000
43500  -26.423  -55.811  5.596 0.4000000060
43539  -29.894  -55.594  2.079 0.6999999881
44436  -27.069  -54.302  5.328 0.3000000119
105509  -25.328  -52.566  5.657 0.3000000119
48175  -21.083  -50.489  -2.965 0.6999999881
44438  -29.425  -54.820  5.048 0.6000000238
109773  -27.908  -54.241  5.212 0.4000000060
43540  -30.317  -55.343  2.760 0.6999999881
48151  -26.646  -50.705  -0.962 0.8000000119
48159  -24.376  -50.099  -1.391 0.8000000119
48185  -22.037  -50.599  -3.444 0.6000000238
48186  -22.750  -50.962  -3.717 0.6000000238
46241  -27.712  -52.821  5.035 0.3000000119
49109  -26.009  -49.984  4.289 0.3000000119
48161  -26.163  -50.131  -1.299 0.6999999881
104089  -22.759  -49.095  -3.656 0.6999999881
104460  -28.262  -51.179  4.477 0.3000000119
48103  -29.098  -50.852  4.067 0.3000000119
49122  -27.457  -49.277  3.840 0.3000000119
47222  -29.784  -50.833  0.411 0.6000000238
50148  -20.216  -47.126  -2.287 0.6999999881
51087  -20.566  -46.334  -1.993 0.6999999881
48139  -30.028  -50.053  0.362 0.6000000238
49158  -29.477  -49.569  -0.247 0.6999999881
51956  -21.311  -45.861  -2.459 0.6999999881
48208  -24.202  -50.606  -4.228 0.5000000000
49125  -29.864  -50.081  2.971 0.4000000060
52865  -22.455  -45.312  -1.943 0.6000000238
52866  -23.030  -44.987  -2.263 0.6000000238
49218  -25.660  -49.535  -4.498 0.6000000238
50163  -26.423  -48.144  -5.046 0.4000000060
124631  -27.257  -46.896  3.312 0.4000000060
103374  -25.994  -46.570  3.494 0.3000000119
112744  -26.364  -46.795  -1.410 0.5000000000
51957  -22.209  -45.571  -2.833 0.5000000000
53639  -26.818  -44.469  3.045 0.4000000060
51930  -27.828  -46.807  -0.953 0.5000000000
51909  -28.115  -45.868  -0.700 0.4000000060
53728  -25.527  -44.573  -4.201 0.6000000238
57115  -24.971  -40.569  2.114 0.3000000119
56260  -26.514  -41.003  1.670 0.4000000060
54606  -26.239  -43.686  -3.899 0.5000000000
57123  -26.452  -40.301  1.069 0.4000000060
56330  -33.349  -41.565  -6.355 0.4000000060
108438  -32.705  -40.733  -4.730 0.3000000119
26629  -24.653  -73.720  -3.528 0.5000000000
27620  -24.208  -73.080  -4.674 0.5000000000
23609  -25.502  -76.708  -0.338 0.4000000060
25646  -25.371  -74.711  -1.685 0.5000000000
24643  -24.996  -75.409  -1.431 0.5000000000
26610  -25.156  -73.868  -2.747 0.5000000000
27605  -25.138  -72.884  -3.799 0.6000000238
28601  -24.868  -71.607  -4.954 0.6000000238
24644  -26.014  -75.070  -1.002 0.5000000000
24632  -26.757  -75.494  -0.282 0.5000000000
114842  -26.327  -74.387  -1.393 0.5000000000
26611  -26.140  -73.416  -2.507 0.5000000000
24614  -27.027  -75.636  0.562 0.5000000000
28603  -26.150  -71.392  -4.173 0.6000000238
121553  -25.991  -70.854  -4.403 0.6000000238
28602  -25.532  -71.513  -4.529 0.6000000238
29524  -25.361  -70.669  -4.768 0.6000000238
30544  -24.195  -70.112  -5.405 0.6000000238
114708  -24.862  -70.127  -5.003 0.6000000238
30543  -23.353  -69.729  -5.651 0.6000000238
30542  -22.496  -69.523  -5.832 0.6000000238
31560  -23.025  -68.897  -5.384 0.6000000238
115047  -27.585  -74.342  -0.490 0.5000000000
26593  -26.654  -73.700  -1.773 0.5000000000
27583  -26.589  -72.568  -2.957 0.6000000238
23585  -26.776  -75.899  1.071 0.5000000000
24633  -27.446  -74.922  -0.003 0.5000000000
28589  -26.547  -71.741  -3.600 0.6000000238
23572  -24.734  -76.496  1.782 0.5000000000
24606  -26.536  -75.654  1.432 0.5000000000
30530  -25.991  -70.088  -4.324 0.6000000238
30527  -23.882  -69.136  -5.196 0.6000000238
30541  -21.521  -69.433  -5.952 0.6000000238
26594  -27.542  -73.375  -1.471 0.5000000000
27584  -27.475  -72.180  -2.430 0.5000000000
25615  -27.461  -74.782  0.683 0.5000000000
25616  -27.977  -74.092  0.110 0.5000000000
26580  -27.910  -73.725  -0.740 0.5000000000
27565  -27.853  -72.620  -1.755 0.5000000000
28570  -27.160  -71.767  -2.996 0.6000000238
116338  -26.315  -75.136  1.630 0.5000000000
25609  -26.938  -74.831  1.519 0.5000000000
29513  -26.582  -70.658  -3.858 0.6000000238
111446  -24.090  -75.827  1.796 0.5000000000
25598  -25.688  -74.942  1.715 0.5000000000
30514  -25.834  -69.191  -4.131 0.6000000238
30529  -25.315  -69.700  -4.613 0.6000000238
31545  -23.477  -68.385  -4.787 0.6000000238
26559  -28.287  -73.225  0.456 0.5000000000
28554  -28.696  -71.773  -1.105 0.5000000000
28571  -28.212  -71.738  -1.852 0.6000000238
29498  -28.357  -70.777  -2.063 0.6000000238
25610  -27.289  -74.075  1.411 0.5000000000
110180  -27.716  -71.298  -2.547 0.6000000238
29497  -27.774  -70.390  -2.657 0.6000000238
24594  -24.245  -75.106  1.803 0.5000000000
25606  -22.653  -74.604  1.424 0.5000000000
31546  -24.284  -68.632  -4.559 0.6000000238
32562  -23.074  -67.666  -4.413 0.6000000238
105298  -28.564  -72.465  0.814 0.5000000000
27534  -28.672  -72.556  0.053 0.5000000000
28535  -28.919  -71.858  -0.353 0.5000000000
114823  -28.725  -71.122  -1.464 0.6000000238
26523  -26.445  -73.636  1.631 0.5000000000
25597  -24.816  -74.650  1.718 0.5000000000
26522  -25.524  -73.966  1.632 0.6000000238
28518  -29.252  -71.239  0.753 0.6000000238
28517  -28.956  -71.891  0.430 0.5000000000
29482  -29.206  -71.063  -0.737 0.5000000000
30483  -29.020  -69.279  -1.644 0.6000000238
27495  -27.483  -72.690  1.726 0.6000000238
27512  -28.329  -72.265  1.458 0.6000000238
30500  -28.429  -69.862  -2.173 0.6000000238
26537  -24.275  -73.192  1.392 0.5000000000
26538  -25.007  -73.156  1.497 0.5000000000
27494  -26.788  -72.706  1.731 0.6000000238
26534  -22.086  -74.129  1.082 0.4000000060
27496  -28.036  -72.053  1.944 0.6000000238
106980  -28.494  -71.662  1.646 0.6000000238
29455  -29.439  -70.609  0.972 0.6000000238
112028  -29.548  -70.250  -0.649 0.5000000000
30484  -29.647  -69.519  -0.940 0.6000000238
31514  -28.306  -68.931  -2.214 0.6000000238
30469  -29.970  -69.718  -0.143 0.6999999881
45403  -27.635  -53.354  0.572 0.6000000238
46327  -21.446  -51.979  -2.878 0.5000000000
46329  -22.911  -52.421  -3.636 0.5000000000
57203  -33.274  -40.655  -5.868 0.4000000060
57179  -32.719  -40.090  -4.184 0.3000000119
58064  -33.024  -39.371  -3.645 0.3000000119
58065  -33.063  -38.883  -2.637 0.3000000119
22574  -25.238  -77.490  -0.052 0.4000000060
25645  -24.607  -75.075  -2.043 0.5000000000
25656  -24.854  -74.523  -2.362 0.5000000000
28616  -23.603  -71.704  -5.916 0.5000000000
23593  -26.023  -77.011  0.443 0.4000000060
28617  -24.237  -71.689  -5.408 0.6000000238
29523  -24.681  -70.861  -5.268 0.6000000238
29535  -23.486  -70.700  -5.927 0.5000000000
115547  -22.838  -70.222  -6.059 0.5000000000
21511  -25.209  -78.089  1.204 0.4000000060
23583  -25.843  -76.737  1.430 0.5000000000
22534  -24.441  -77.328  1.883 0.5000000000
23574  -26.092  -76.185  1.549 0.5000000000
23571  -23.921  -76.663  1.914 0.3000000119
23582  -22.469  -76.344  1.581 0.4000000060
23580  -20.820  -76.660  0.654 0.4000000060
40028  -24.130  -58.870  -4.969 0.4000000060
43501  -27.276  -55.772  5.587 0.5000000000
105244  -26.762  -55.054  5.548 0.4000000060
45442  -23.365  -53.150  -3.867 0.5000000000
46340  -23.721  -52.329  -4.102 0.5000000000
114713  -24.305  -51.953  -4.302 0.5000000000
47188  -30.318  -51.537  3.179 0.4000000060
58071  -33.443  -39.527  -4.670 0.3000000119
121168  -33.585  -38.366  -2.260 0.3000000119
21518  -25.159  -78.342  0.899 0.4000000060
30516  -27.166  -70.009  -3.242 0.6000000238
26535  -22.777  -73.817  1.295 0.5000000000
25607  -23.958  -74.422  1.674 0.5000000000
25608  -24.515  -73.830  1.578 0.6000000238
108562  -23.959  -53.160  -4.521 0.5000000000
24593  -23.251  -76.031  1.760 0.4000000060
27621  -24.854  -72.442  -4.460 0.6000000238
25657  -25.714  -74.070  -2.045 0.5000000000
27582  -25.587  -73.179  -3.185 0.6000000238
25634  -26.982  -74.747  -0.717 0.5000000000
22544  -26.041  -76.980  1.046 0.5000000000
27566  -28.357  -72.355  -1.333 0.5000000000
27554  -28.582  -72.482  -0.722 0.5000000000
117404  -26.872  -74.120  1.618 0.5000000000
26539  -27.617  -73.285  1.394 0.5000000000
57193  -33.287  -40.013  -5.167 0.4000000060
22543  -25.484  -77.441  1.318 0.4000000060
122850  -23.200  -71.331  -6.181 0.4000000060
22535  -25.206  -77.090  1.668 0.4000000060
32484  -19.567  -67.570  0.795 0.4000000060
32485  -20.600  -67.748  0.729 0.3000000119
32499  -20.980  -68.101  -0.114 0.4000000060
33489  -20.139  -66.356  1.915 0.4000000060
32474  -20.230  -67.207  1.535 0.4000000060
36232  -17.500  -63.913  0.760 0.4000000060
35370  -18.873  -64.616  1.218 0.4000000060
34440  -19.851  -65.548  1.745 0.4000000060
36231  -16.764  -63.347  0.577 0.3000000119
117322  -17.474  -63.303  1.155 0.3000000119
37114  -16.526  -62.227  1.317 0.4000000060
37115  -16.997  -62.759  1.262 0.4000000060
36220  -18.370  -63.598  1.266 0.5000000000
38019  -17.185  -62.095  1.788 0.4000000060
122285  -18.057  -62.138  1.754 0.4000000060
105369  -25.933  -55.096  5.620 0.3000000119
46252  -29.747  -52.343  4.165 0.3000000119
47178  -29.049  -51.732  4.396 0.3000000119
47179  -29.765  -51.587  3.818 0.3000000119
53713  -26.112  -43.965  -3.167 0.4000000060
50068  -28.907  -48.918  3.290 0.3000000119
50071  -28.699  -48.087  3.038 0.3000000119
54599  -26.612  -43.653  -3.437 0.4000000060
51015  -28.065  -47.262  3.113 0.3000000119
53693  -27.208  -44.489  -1.873 0.4000000060
54581  -27.684  -43.891  -2.288 0.3000000119
54580  -26.874  -44.010  -2.705 0.4000000060
54611  -27.197  -42.988  -4.356 0.4000000060
107729  -29.221  -46.631  2.461 0.3000000119
51865  -27.778  -46.421  3.102 0.3000000119
51873  -29.018  -46.000  2.522 0.3000000119
52796  -29.205  -45.544  2.188 0.3000000119
52795  -28.684  -45.232  2.565 0.3000000119
51882  -29.627  -46.135  0.928 0.3000000119
51890  -29.319  -46.442  0.024 0.3000000119
52794  -27.972  -45.339  2.916 0.3000000119
51910  -28.669  -46.603  -0.495 0.3000000119
112280  -26.805  -42.967  2.595 0.3000000119
54543  -26.324  -43.671  2.922 0.3000000119
55372  -26.364  -42.218  2.519 0.3000000119
116727  -27.904  -44.365  -1.564 0.3000000119
57122  -25.246  -40.200  1.442 0.3000000119
58027  -24.633  -39.653  0.589 0.3000000119
54614  -28.918  -42.572  -5.556 0.3000000119
52806  -29.421  -45.408  1.624 0.3000000119
52817  -29.457  -45.093  0.891 0.3000000119
107440  -28.842  -45.896  -0.301 0.3000000119
108735  -27.367  -43.723  2.724 0.3000000119
53640  -27.929  -44.593  2.815 0.3000000119
53641  -28.689  -44.515  2.416 0.3000000119
53642  -29.164  -44.877  2.125 0.3000000119
105581  -29.177  -44.802  0.263 0.3000000119
52836  -29.265  -45.544  0.206 0.3000000119
55373  -27.865  -42.901  2.398 0.3000000119
53651  -29.017  -44.139  2.021 0.3000000119
54542  -25.866  -42.877  2.797 0.3000000119
123708  -27.135  -42.360  2.381 0.3000000119
53694  -28.429  -44.447  -0.970 0.3000000119
56254  -26.885  -41.726  2.190 0.3000000119
54582  -28.430  -43.821  -1.700 0.3000000119
58041  -26.315  -39.677  0.328 0.3000000119
114250  -26.817  -39.263  -0.396 0.3000000119
55420  -28.005  -42.286  -3.748 0.3000000119
55434  -27.632  -42.286  -4.568 0.3000000119
110921  -29.315  -44.588  1.519 0.3000000119
110951  -29.252  -43.892  1.440 0.3000000119
53664  -29.337  -44.185  0.758 0.3000000119
55382  -28.362  -42.491  1.794 0.3000000119
54553  -28.823  -43.265  1.801 0.3000000119
53682  -29.032  -44.202  -0.213 0.3000000119
119988  -27.669  -42.101  2.032 0.3000000119
56262  -28.235  -41.843  1.403 0.3000000119
53695  -28.899  -43.825  -1.042 0.3000000119
54583  -29.105  -43.192  -1.709 0.3000000119
57124  -27.199  -40.726  1.150 0.3000000119
55421  -29.057  -42.519  -2.718 0.3000000119
58042  -27.315  -39.832  0.206 0.3000000119
54601  -28.262  -43.187  -2.774 0.3000000119
58051  -27.710  -39.475  -0.331 0.3000000119
55435  -27.955  -41.383  -4.977 0.3000000119
55438  -28.330  -41.668  -5.283 0.3000000119
54564  -29.303  -43.466  0.191 0.3000000119
56272  -28.677  -41.650  0.636 0.3000000119
113609  -29.345  -42.885  0.419 0.3000000119
55400  -29.378  -42.839  -0.326 0.3000000119
54575  -29.249  -43.399  -0.694 0.3000000119
56271  -27.959  -41.144  0.973 0.3000000119
57136  -27.703  -40.451  0.600 0.3000000119
58917  -28.530  -38.782  -1.551 0.3000000119
58906  -27.575  -38.789  -1.019 0.3000000119
107210  -28.877  -41.746  -3.488 0.3000000119
55431  -28.008  -41.684  -4.417 0.3000000119
56273  -29.237  -42.243  0.121 0.3000000119
56285  -29.051  -41.423  -0.199 0.3000000119
56286  -29.462  -42.087  -0.857 0.3000000119
120633  -29.425  -42.802  -1.069 0.3000000119
57137  -28.426  -40.852  0.309 0.3000000119
57148  -29.344  -41.152  -1.038 0.3000000119
57146  -28.166  -40.056  0.023 0.3000000119
58907  -28.559  -39.555  -0.782 0.3000000119
56303  -29.389  -41.786  -2.552 0.3000000119
58927  -27.654  -37.725  -2.491 0.3000000119
58916  -26.772  -38.204  -1.942 0.3000000119
117727  -27.926  -38.281  -1.735 0.3000000119
58928  -28.474  -38.221  -2.288 0.3000000119
58062  -29.043  -38.805  -2.225 0.3000000119
56314  -28.594  -40.919  -4.390 0.3000000119
56324  -28.286  -40.575  -5.014 0.3000000119
56328  -28.681  -40.925  -5.425 0.3000000119
55405  -29.446  -42.379  -1.779 0.3000000119
57155  -29.503  -40.878  -1.729 0.3000000119
56291  -29.534  -41.578  -1.732 0.3000000119
57154  -29.277  -40.301  -1.267 0.3000000119
106420  -29.501  -41.015  -2.433 0.3000000119
58055  -29.182  -39.483  -1.725 0.3000000119
109557  -29.274  -41.169  -3.191 0.3000000119
59767  -28.188  -37.455  -3.215 0.3000000119
58063  -29.325  -39.393  -2.729 0.3000000119
57192  -28.773  -40.099  -5.399 0.3000000119
57201  -29.454  -40.316  -6.050 0.3000000119
58098  -32.503  -39.726  -7.104 0.3000000119
117564  -31.379  -39.900  -6.847 0.3000000119
57202  -30.610  -40.512  -6.682 0.3000000119
59766  -26.924  -36.810  -3.467 0.3000000119
58056  -29.465  -40.239  -2.183 0.3000000119
57165  -29.344  -40.250  -3.292 0.3000000119
58934  -28.479  -37.529  -4.408 0.3000000119
58935  -28.896  -38.411  -3.234 0.3000000119
58070  -29.120  -39.188  -4.038 0.3000000119
57178  -28.784  -40.030  -4.582 0.3000000119
58080  -28.947  -39.416  -5.179 0.3000000119
58089  -29.393  -39.566  -5.825 0.3000000119
58091  -31.480  -39.148  -6.485 0.3000000119
58090  -30.299  -39.733  -6.380 0.3000000119
59775  -27.746  -36.645  -4.323 0.3000000119
107078  -28.185  -36.722  -5.108 0.3000000119
118062  -28.838  -38.360  -4.559 0.3000000119
58942  -29.006  -38.738  -5.089 0.3000000119
58941  -28.878  -37.662  -5.263 0.3000000119
110078  -29.389  -38.742  -5.510 0.3000000119
58950  -30.934  -38.395  -5.927 0.3000000119
109232  -30.095  -38.989  -6.109 0.3000000119
58960  -32.855  -38.987  -6.855 0.3000000119
58951  -32.313  -38.366  -6.340 0.3000000119
58100  -33.400  -39.728  -6.781 0.3000000119
58099  -33.214  -39.706  -7.062 0.3000000119
57204  -33.477  -40.160  -6.570 0.3000000119
60640  -28.100  -35.658  -5.250 0.3000000119
59781  -28.297  -36.361  -5.301 0.3000000119
59797  -29.040  -36.973  -5.461 0.3000000119
58949  -29.451  -37.977  -5.404 0.3000000119
120403  -29.922  -38.395  -5.732 0.3000000119
58961  -33.515  -39.105  -6.687 0.3000000119
58092  -33.668  -39.427  -6.314 0.3000000119
30554  -20.775  -70.111  -6.443 0.4000000060
35371  -19.582  -64.815  1.536 0.4000000060
34441  -20.704  -65.491  1.960 0.4000000060
38020  -18.727  -61.882  1.928 0.4000000060
119753  -18.608  -62.630  1.583 0.4000000060
48116  -29.857  -50.851  3.417 0.3000000119
52785  -27.619  -45.798  3.096 0.3000000119
51874  -29.461  -46.269  1.940 0.3000000119
56253  -26.044  -41.493  2.269 0.3000000119
36248  -16.927  -64.037  0.208 0.4000000060
35379  -17.378  -64.572  0.302 0.4000000060
34448  -18.523  -65.304  0.927 0.4000000060
34439  -19.182  -65.454  1.401 0.4000000060
37131  -16.291  -62.578  0.745 0.3000000119
36219  -17.795  -62.728  1.428 0.4000000060
52786  -28.309  -45.885  2.848 0.3000000119
119155  -28.360  -43.819  2.453 0.3000000119
53681  -28.613  -45.101  -0.392 0.3000000119
58050  -25.649  -39.038  -0.555 0.3000000119
55383  -29.007  -42.500  1.066 0.3000000119
54554  -29.340  -43.341  0.982 0.3000000119
57147  -28.861  -40.530  -0.431 0.3000000119
59798  -30.207  -37.651  -5.361 0.3000000119
40047  -24.347  -59.671  -5.551 0.4000000060
24650  -18.849  -75.131  -2.489 0.3000000119
24642  -19.151  -75.259  -1.490 0.3000000119
25654  -19.233  -74.175  -2.501 0.3000000119
24629  -19.728  -75.472  -0.632 0.3000000119
38018  -16.397  -61.634  1.574 0.3000000119
38006  -16.838  -61.354  2.255 0.3000000119
33499  -18.286  -66.669  0.367 0.3000000119
34447  -17.842  -65.235  0.440 0.3000000119
33487  -18.844  -66.160  1.088 0.3000000119
35380  -18.083  -64.531  0.854 0.3000000119
33488  -19.473  -66.760  1.428 0.3000000119
33500  -18.948  -66.945  0.824 0.3000000119
34459  -17.199  -65.210  -0.190 0.3000000119
107968  -18.232  -65.863  0.582 0.3000000119
39100  -24.588  -60.313  -5.728 0.3000000119
21500  -24.817  -77.992  1.700 0.4000000060
22533  -23.786  -77.370  2.045 0.5000000000
22555  -25.550  -77.697  0.795 0.4000000060
23570  -23.169  -76.884  1.867 0.3000000119
23573  -25.527  -76.330  1.661 0.5000000000
23581  -21.672  -76.752  1.270 0.4000000060
23584  -26.332  -76.317  1.244 0.5000000000
23592  -21.343  -76.090  0.883 0.4000000060
23594  -26.497  -76.377  0.808 0.5000000000
23610  -26.426  -76.290  0.104 0.4000000060
23623  -18.791  -76.612  -1.663 0.4000000060
24595  -25.018  -75.590  1.760 0.5000000000
24596  -25.927  -75.686  1.703 0.5000000000
24605  -23.409  -75.088  1.696 0.5000000000
24607  -27.115  -75.310  1.146 0.5000000000
24611  -20.254  -75.949  0.080 0.5000000000
24612  -20.802  -75.128  0.210 0.5000000000
24630  -24.588  -76.182  -1.177 0.4000000060
24631  -25.737  -75.862  -0.654 0.4000000060
24641  -18.725  -75.932  -1.975 0.3000000119
25599  -26.328  -74.462  1.649 0.5000000000
25605  -22.007  -74.983  1.135 0.6000000238
25614  -21.006  -74.100  -0.048 0.5000000000
25647  -27.231  -74.077  -1.123 0.5000000000
26524  -27.098  -73.432  1.642 0.5000000000
26536  -23.621  -73.614  1.432 0.5000000000
26540  -28.109  -72.969  1.131 0.5000000000
26558  -27.803  -73.918  0.920 0.5000000000
26581  -28.354  -73.224  -0.334 0.5000000000
26595  -28.235  -73.029  -1.116 0.5000000000
26612  -27.077  -73.000  -2.191 0.5000000000
27493  -25.894  -73.006  1.593 0.6000000238
27508  -24.554  -72.558  1.279 0.6000000238
27511  -27.926  -72.638  1.584 0.6000000238
27552  -21.658  -72.767  -0.362 0.6000000238
27564  -21.043  -72.205  -2.132 0.3000000119
27638  -24.276  -72.458  -5.037 0.5000000000
28477  -27.387  -72.081  1.902 0.6000000238
28493  -24.081  -72.031  0.934 0.6000000238
28497  -29.005  -71.027  1.531 0.6000000238
28536  -29.269  -71.361  0.041 0.5000000000
28588  -25.751  -72.126  -4.100 0.6000000238
28590  -27.202  -70.973  -3.184 0.6000000238
29428  -27.176  -70.835  1.975 0.6000000238
29453  -24.675  -70.311  0.293 0.6000000238
29467  -23.643  -70.280  -0.528 0.6000000238
29469  -29.590  -70.623  0.125 0.5000000000
29479  -21.913  -70.091  -2.088 0.4000000060
29481  -29.077  -70.285  -1.451 0.6000000238
29534  -22.684  -71.071  -6.323 0.4000000060
30413  -28.127  -69.888  2.366 0.6000000238
30455  -30.237  -69.051  0.547 0.8999999762
30480  -20.762  -69.133  -1.968 0.3000000119
30528  -24.634  -69.399  -4.894 0.6000000238
30538  -17.957  -68.755  -6.714 0.6999999881
30552  -18.221  -69.587  -7.090 0.5000000000
31456  -30.085  -68.612  1.398 0.8000000119
31547  -25.074  -68.873  -4.378 0.6999999881
31574  -17.725  -68.319  -7.908 0.6000000238
32480  -30.467  -67.226  1.300 0.8000000119
32487  -22.522  -67.609  0.681 0.5000000000
32501  -30.380  -67.261  0.056 0.8000000119
32517  -29.385  -67.816  -1.227 0.8000000119
32531  -24.619  -66.854  -3.016 0.6999999881
32572  -17.309  -67.057  -6.055 0.6999999881
32585  -17.276  -67.380  -6.904 0.6999999881
33501  -30.248  -66.044  0.463 0.8000000119
33543  -23.884  -65.771  -2.478 0.6999999881
33558  -21.082  -66.009  -3.363 0.6999999881
33569  -18.147  -65.867  -5.062 0.6999999881
34442  -22.715  -65.776  2.023 0.5000000000
34461  -28.645  -65.687  -0.713 0.6999999881
34496  -24.346  -65.440  -2.103 0.6999999881
34505  -20.647  -65.588  -3.169 0.6999999881
35365  -30.292  -64.620  2.571 0.6999999881
35381  -30.162  -64.795  0.554 0.6999999881
35382  -30.380  -64.487  1.167 0.6999999881
35399  -27.502  -63.902  -0.461 0.8000000119
35415  -23.768  -64.100  -1.795 0.6999999881
35418  -26.872  -64.130  -0.751 0.8000000119
35450  -18.332  -64.342  -4.280 0.8000000119
35467  -17.886  -64.436  -4.882 0.6999999881
35481  -17.941  -64.796  -5.697 0.6999999881
35482  -18.797  -64.591  -6.107 0.6000000238
36215  -24.203  -63.991  2.752 0.6000000238
36258  -22.560  -63.520  -2.096 0.8000000119
36260  -24.752  -62.967  -1.368 0.8999999762
37103  -29.802  -62.871  3.366 0.8000000119
37117  -19.840  -62.847  1.843 0.6000000238
37150  -20.588  -62.157  -2.066 0.8000000119
37152  -23.613  -62.291  -1.541 0.8000000119
37198  -18.195  -62.391  -5.156 0.6999999881
37214  -18.224  -63.042  -5.259 0.6999999881
38111  -23.422  -61.042  -5.553 0.4000000060
38991  -22.329  -60.351  3.140 0.5000000000
39032  -30.288  -60.517  0.813 0.6999999881
39048  -17.983  -61.037  -2.008 0.8000000119
39054  -23.818  -60.478  -1.373 0.8000000119
39086  -17.726  -61.381  -4.178 0.8000000119
39983  -27.214  -59.323  -0.720 0.8000000119
39990  -17.729  -59.345  -1.557 0.8000000119
39991  -19.338  -59.845  -0.891 0.8000000119
39992  -22.498  -59.869  -1.264 0.8000000119
40027  -20.770  -58.771  -5.908 0.6000000238
41785  -17.693  -57.366  -1.243 0.8999999762
41808  -25.971  -57.119  -3.744 0.4000000060
41818  -19.283  -57.952  -4.718 0.6999999881
41822  -25.614  -57.642  -3.648 0.4000000060
42655  -25.755  -56.578  0.230 0.6999999881
42662  -21.168  -56.903  -0.211 0.8000000119
42673  -17.362  -56.219  -2.176 0.8999999762
42705  -25.606  -56.758  -3.853 0.6000000238
43559  -19.223  -55.353  -0.310 0.8000000119
43605  -18.988  -55.673  -3.412 0.8000000119
44497  -18.274  -54.218  -0.655 0.8000000119
44543  -21.957  -54.315  -2.685 0.6000000238
45435  -21.333  -53.771  -2.741 0.6000000238
47216  -18.529  -50.683  -0.679 0.8000000119
47217  -18.862  -51.381  -0.389 0.8000000119
47230  -18.160  -51.367  -0.757 0.8000000119
47245  -17.985  -51.359  -0.975 0.8000000119
47276  -24.643  -51.301  -4.324 0.5000000000
48135  -18.795  -49.920  -0.715 0.8000000119
48145  -18.453  -49.987  -0.965 0.8000000119
48148  -23.630  -50.390  -1.259 0.8000000119
48158  -18.361  -50.116  -1.103 0.8000000119
48209  -25.007  -50.432  -4.432 0.6000000238
49142  -18.810  -49.155  -0.572 0.8000000119
49169  -18.166  -49.331  -1.084 0.8000000119
49217  -25.040  -49.656  -4.441 0.6000000238
50085  -19.108  -48.508  -0.695 0.8000000119
50100  -22.981  -48.052  -1.436 0.8000000119
50116  -19.482  -47.507  -1.207 0.6999999881
50132  -18.914  -48.289  -1.357 0.6999999881
50149  -21.078  -48.007  -2.856 0.6999999881
51086  -19.900  -46.824  -1.535 0.6999999881
51114  -26.056  -47.302  -4.654 0.5000000000
51866  -28.623  -46.566  2.804 0.3000000119
51926  -21.798  -45.784  -1.561 0.6999999881
51939  -21.775  -45.415  -2.112 0.6999999881
51970  -24.829  -46.221  -4.068 0.5000000000
52834  -23.626  -45.542  -1.617 0.6000000238
52846  -23.220  -45.216  -1.858 0.6000000238
52847  -23.612  -44.947  -2.044 0.6000000238
52867  -23.716  -44.808  -2.556 0.6000000238
52881  -22.431  -45.168  -2.421 0.6000000238
53680  -24.536  -45.036  -1.789 0.6000000238
55443  -33.609  -42.516  -7.674 0.4000000060
55444  -33.725  -42.070  -8.143 0.4000000060
55445  -32.853  -42.589  -8.491 0.4000000060
56326  -32.654  -41.501  -5.111 0.4000000060
56336  -33.695  -41.622  -8.177 0.4000000060
57211  -33.669  -41.009  -7.912 0.4000000060
103375  -25.240  -46.493  3.487 0.3000000119
104627  -28.057  -64.046  3.506 0.8000000119
104904  -17.195  -56.959  -1.868 0.8999999762
105558  -24.349  -56.135  -3.299 0.6999999881
105665  -21.786  -66.018  -3.133 0.6999999881
106845  -25.275  -48.909  -4.421 0.5000000000
107747  -30.522  -58.235  2.051 0.6999999881
108755  -23.756  -45.375  -3.355 0.5000000000
108813  -21.814  -48.962  -3.237 0.6999999881
110821  -23.927  -46.785  -1.486 0.6000000238
111094  -17.861  -64.725  -5.207 0.6999999881
111279  -20.846  -48.801  -0.722 0.8000000119
111477  -19.693  -50.643  -0.288 0.8000000119
112481  -25.520  -48.935  -1.468 0.6999999881
113055  -19.744  -62.352  -2.303 0.8000000119
113357  -24.484  -49.922  -4.312 0.6000000238
113434  -23.120  -46.649  -1.422 0.6000000238
113541  -26.700  -57.377  -0.116 0.6999999881
113894  -28.824  -71.779  1.168 0.6000000238
114016  -26.344  -69.618  1.309 0.6999999881
114515  -22.662  -46.459  -3.348 0.6999999881
114754  -29.150  -49.657  3.431 0.3000000119
114850  -27.514  -69.470  2.175 0.6999999881
114936  -25.994  -45.771  -4.523 0.5000000000
115117  -19.324  -49.528  -2.156 0.8000000119
115638  -20.240  -50.895  -0.230 0.8000000119
116542  -20.814  -55.346  0.026 0.8000000119
116680  -21.662  -53.477  0.481 0.8000000119
116728  -19.340  -74.555  -1.835 0.3000000119
117436  -30.037  -64.996  2.913 0.8000000119
117933  -27.340  -74.630  1.169 0.5000000000
118037  -33.575  -39.886  -5.915 0.3000000119
118812  -20.758  -66.786  1.818 0.5000000000
118877  -20.189  -64.947  1.753 0.4000000060
118924  -17.530  -67.638  -7.469 0.6999999881
119148  -17.940  -69.160  -8.304 0.5000000000
119353  -17.580  -54.453  -1.900 0.8000000119
120085  -19.450  -66.094  1.660 0.4000000060
120346  -25.938  -72.533  -3.555 0.6000000238
120756  -26.143  -48.951  -1.444 0.6999999881
120830  -18.130  -59.016  -1.056 0.8000000119
121094  -20.637  -63.818  1.917 0.6000000238
121254  -25.382  -63.800  3.142 0.6000000238
121368  -24.112  -70.999  -5.637 0.5000000000
121408  -27.147  -71.566  1.931 0.6000000238
121858  -17.793  -60.877  -4.054 0.8000000119
121894  -23.930  -66.572  1.581 0.5000000000
122624  -27.409  -64.486  -0.643 0.8000000119
122959  -28.369  -60.118  -0.412 0.8000000119
123057  -17.475  -60.768  -2.979 0.8000000119
123603  -31.318  -41.923  -7.387 0.4000000060
124094  -21.843  -54.882  0.430 0.8000000119
124222  -26.832  -72.002  1.839 0.6000000238
