#!ascii label  , from subject sub-v1s0x0050656_ses-1 vox2ras=TkReg
891
27719  -40.186  -72.987  -11.659 0.5000000000
26715  -38.634  -73.514  -11.947 0.8000000119
103262  -36.026  -72.194  -12.548 0.8000000119
26725  -37.122  -73.426  -11.978 0.8000000119
26726  -37.841  -73.479  -12.673 0.8000000119
27720  -41.240  -72.689  -11.990 0.5000000000
26716  -39.504  -73.423  -12.288 0.5000000000
26706  -39.318  -73.256  -11.313 0.6000000238
28677  -35.035  -71.819  -11.360 0.6999999881
27717  -35.638  -72.346  -11.545 0.6999999881
26714  -37.742  -73.553  -11.507 0.8000000119
27707  -39.065  -73.082  -10.325 0.6999999881
27721  -41.975  -72.286  -11.905 0.6000000238
108831  -40.850  -72.661  -11.630 0.5000000000
27709  -40.636  -72.456  -11.017 0.6000000238
29596  -34.153  -70.002  -11.867 0.6999999881
27708  -39.864  -72.738  -10.708 0.6000000238
27695  -40.330  -72.213  -10.103 0.6000000238
123198  -34.114  -70.871  -11.029 0.6999999881
28694  -34.911  -70.287  -12.513 0.6999999881
26703  -36.788  -73.426  -10.144 0.6999999881
28670  -40.745  -71.626  -9.537 0.6000000238
26704  -37.570  -73.491  -10.537 0.8000000119
26695  -38.205  -73.236  -9.978 0.8000000119
27694  -39.547  -72.499  -9.733 0.6999999881
28688  -42.788  -71.279  -11.231 0.4000000060
28679  -41.882  -71.596  -10.820 0.6000000238
29595  -33.676  -69.115  -11.493 0.6999999881
28671  -41.569  -71.346  -9.828 0.6000000238
29588  -33.584  -70.219  -10.863 0.6999999881
28676  -34.591  -71.666  -10.604 0.6999999881
27705  -35.348  -72.306  -10.645 0.6999999881
27706  -36.098  -72.998  -10.683 0.6999999881
26694  -37.389  -73.295  -9.650 0.6000000238
27683  -39.170  -72.200  -8.844 0.6999999881
29564  -39.685  -70.525  -8.517 0.5000000000
124336  -36.266  -72.964  -9.162 0.6000000238
122224  -37.189  -72.998  -8.947 0.6000000238
27682  -38.308  -72.369  -8.611 0.6000000238
28654  -38.617  -71.759  -8.292 0.6000000238
28653  -37.840  -72.036  -8.004 0.6000000238
28640  -37.955  -71.306  -7.912 0.5000000000
29590  -43.711  -70.127  -11.220 0.4000000060
29589  -43.119  -70.576  -10.667 0.5000000000
31619  -33.271  -67.486  -11.342 0.6999999881
28680  -42.384  -70.996  -10.209 0.6000000238
29581  -42.659  -70.197  -9.705 0.6000000238
28668  -34.391  -71.772  -9.521 0.6999999881
29579  -41.095  -71.004  -9.106 0.6000000238
27689  -34.995  -72.249  -8.888 0.6999999881
29565  -40.547  -70.609  -8.783 0.5000000000
30582  -40.358  -69.930  -8.693 0.6000000238
27679  -35.595  -72.442  -8.304 0.6999999881
27680  -36.484  -72.752  -8.516 0.6000000238
30580  -38.707  -69.756  -8.425 0.5000000000
30581  -39.566  -69.658  -8.632 0.5000000000
28639  -37.174  -71.746  -7.614 0.5000000000
32665  -30.955  -66.738  -11.597 0.6000000238
33637  -31.941  -65.713  -10.616 0.6000000238
30612  -44.282  -69.740  -11.778 0.5000000000
30603  -44.009  -69.219  -10.800 0.5000000000
104855  -32.981  -66.721  -10.555 0.6999999881
32654  -32.838  -66.938  -11.562 0.6999999881
30602  -43.338  -69.692  -10.236 0.5000000000
30595  -43.345  -68.670  -10.080 0.4000000060
30601  -33.327  -69.258  -10.528 0.6999999881
106361  -42.653  -69.214  -9.563 0.5000000000
29578  -33.287  -70.331  -9.818 0.6999999881
28667  -33.652  -71.226  -9.115 0.6999999881
31607  -41.801  -68.751  -9.317 0.5000000000
28652  -34.392  -71.739  -8.537 0.6999999881
121085  -35.401  -72.124  -7.754 0.6000000238
30593  -40.993  -69.383  -9.072 0.5000000000
27667  -36.810  -72.316  -7.763 0.6000000238
30592  -40.010  -69.106  -8.970 0.5000000000
29554  -36.494  -71.058  -7.430 0.5000000000
29555  -37.239  -70.767  -7.665 0.5000000000
30569  -37.914  -70.300  -8.057 0.5000000000
31594  -39.124  -68.958  -8.841 0.5000000000
31593  -38.386  -68.781  -8.618 0.5000000000
120311  -39.145  -67.822  -9.639 0.3000000119
32659  -44.021  -67.107  -10.995 0.3000000119
32650  -29.761  -67.057  -10.766 0.6000000238
32651  -30.781  -66.540  -11.040 0.6000000238
31620  -44.018  -68.158  -10.719 0.4000000060
31603  -33.010  -67.452  -9.350 0.6000000238
31608  -42.554  -68.241  -9.705 0.5000000000
122681  -33.024  -69.147  -9.397 0.6999999881
29562  -33.191  -70.400  -8.712 0.6999999881
28636  -34.758  -71.598  -7.677 0.5000000000
31606  -40.604  -68.346  -9.503 0.5000000000
28637  -35.547  -71.794  -7.407 0.5000000000
32641  -39.753  -67.699  -9.976 0.4000000060
31605  -39.511  -68.377  -9.381 0.3000000119
30579  -37.771  -69.328  -8.218 0.5000000000
32637  -30.583  -66.421  -10.194 0.6000000238
33625  -31.328  -65.836  -9.649 0.6000000238
33632  -32.304  -65.784  -9.365 0.6000000238
32625  -32.664  -66.388  -8.851 0.6000000238
32658  -42.415  -67.066  -10.479 0.3000000119
118315  -41.701  -67.742  -9.850 0.4000000060
30577  -32.907  -68.565  -8.466 0.6000000238
30578  -32.977  -69.598  -8.406 0.6000000238
28635  -33.810  -71.133  -8.067 0.6999999881
32657  -41.228  -67.019  -10.735 0.3000000119
29551  -33.470  -70.160  -7.718 0.6000000238
33641  -40.693  -66.413  -11.323 0.3000000119
32642  -40.553  -67.462  -10.328 0.3000000119
29545  -34.711  -70.288  -6.833 0.5000000000
29552  -34.284  -70.782  -7.327 0.5000000000
28625  -35.033  -71.094  -7.166 0.5000000000
33640  -39.509  -66.546  -11.038 0.3000000119
32655  -39.875  -67.109  -10.773 0.3000000119
29547  -35.967  -70.348  -7.047 0.5000000000
109061  -36.651  -70.333  -7.434 0.5000000000
33634  -39.180  -67.179  -10.172 0.3000000119
30559  -35.804  -69.693  -6.561 0.5000000000
32627  -38.285  -68.014  -8.800 0.4000000060
111419  -38.650  -66.988  -9.710 0.3000000119
32636  -29.477  -66.983  -9.849 0.5000000000
103295  -30.551  -66.532  -9.373 0.6000000238
119677  -31.323  -66.059  -8.995 0.5000000000
31591  -32.860  -67.289  -8.268 0.6000000238
31578  -32.854  -67.263  -7.345 0.5000000000
33648  -40.253  -65.997  -12.108 0.3000000119
111554  -33.029  -69.299  -7.818 0.6000000238
34575  -40.040  -65.293  -12.343 0.3000000119
119260  -39.785  -66.184  -11.830 0.3000000119
29544  -34.018  -69.895  -6.977 0.6000000238
111201  -35.519  -70.063  -6.726 0.5000000000
31580  -36.779  -68.676  -7.134 0.5000000000
32626  -37.812  -67.776  -8.414 0.4000000060
104206  -37.561  -67.148  -8.184 0.4000000060
32622  -29.693  -67.090  -8.910 0.5000000000
113599  -30.735  -66.755  -8.549 0.5000000000
32623  -31.773  -66.207  -8.346 0.5000000000
33626  -31.882  -65.674  -9.113 0.5000000000
123761  -32.270  -66.373  -7.996 0.5000000000
36362  -40.091  -63.922  -11.865 0.3000000119
35504  -40.256  -64.690  -12.063 0.3000000119
31579  -33.170  -68.365  -6.740 0.6000000238
30556  -33.708  -69.134  -6.448 0.6000000238
30557  -34.418  -69.524  -6.370 0.5000000000
31571  -36.201  -69.009  -6.440 0.5000000000
33633  -38.324  -66.433  -9.473 0.4000000060
33627  -37.863  -66.416  -8.689 0.4000000060
108536  -29.956  -67.509  -7.987 0.5000000000
32607  -31.063  -67.040  -7.662 0.5000000000
32608  -31.969  -66.549  -7.376 0.5000000000
36356  -40.429  -63.467  -11.084 0.4000000060
37256  -40.163  -62.733  -10.736 0.4000000060
31569  -32.957  -67.380  -6.440 0.5000000000
31570  -33.515  -68.282  -6.058 0.5000000000
37260  -40.018  -63.202  -11.729 0.4000000060
36367  -39.831  -64.166  -12.193 0.3000000119
32593  -33.249  -67.424  -5.753 0.4000000060
35507  -39.210  -64.428  -12.359 0.3000000119
30545  -34.090  -68.869  -5.852 0.4000000060
30546  -34.788  -69.121  -5.830 0.4000000060
33622  -37.460  -66.279  -7.818 0.4000000060
32590  -30.239  -67.580  -7.023 0.5000000000
108274  -31.278  -67.139  -6.715 0.5000000000
32592  -32.600  -66.979  -6.106 0.5000000000
32577  -32.239  -66.686  -5.650 0.4000000060
37255  -39.979  -62.287  -11.643 0.4000000060
111225  -39.732  -62.613  -12.258 0.4000000060
32578  -32.926  -66.798  -5.468 0.4000000060
31561  -33.873  -68.076  -5.538 0.4000000060
36366  -39.503  -63.945  -12.322 0.4000000060
31548  -34.900  -67.955  -5.031 0.4000000060
32581  -35.549  -67.851  -5.219 0.4000000060
32582  -36.150  -67.628  -5.473 0.4000000060
115256  -36.546  -68.342  -6.452 0.4000000060
33609  -36.845  -66.768  -6.265 0.4000000060
35492  -37.803  -65.027  -9.319 0.4000000060
34559  -37.650  -65.605  -8.489 0.4000000060
119871  -29.490  -67.517  -6.339 0.5000000000
32575  -30.453  -67.311  -6.112 0.4000000060
123135  -39.755  -61.474  -10.011 0.4000000060
37249  -39.853  -61.978  -10.279 0.4000000060
32576  -31.427  -66.947  -5.846 0.5000000000
33596  -32.477  -66.426  -5.052 0.4000000060
32564  -34.063  -67.032  -4.765 0.4000000060
38166  -40.125  -61.587  -12.599 0.4000000060
32565  -34.648  -67.392  -4.755 0.4000000060
33598  -35.850  -67.134  -5.001 0.4000000060
35493  -38.208  -64.874  -10.291 0.3000000119
33610  -37.115  -66.028  -6.751 0.4000000060
123510  -29.769  -67.150  -5.634 0.4000000060
33594  -30.565  -66.812  -5.225 0.5000000000
33578  -31.943  -66.065  -4.569 0.4000000060
38160  -39.786  -61.564  -10.713 0.4000000060
33579  -32.864  -66.110  -4.478 0.4000000060
33597  -33.300  -66.640  -4.900 0.4000000060
33580  -33.745  -66.417  -4.268 0.4000000060
33581  -34.621  -66.751  -4.312 0.4000000060
33582  -35.460  -66.626  -4.455 0.4000000060
33599  -36.438  -66.938  -5.561 0.4000000060
104292  -36.694  -66.158  -5.799 0.4000000060
110485  -37.572  -64.139  -9.058 0.4000000060
34555  -37.311  -65.344  -7.604 0.4000000060
35490  -37.422  -64.736  -8.372 0.4000000060
33577  -31.029  -66.145  -4.591 0.4000000060
34527  -31.463  -65.661  -4.034 0.4000000060
34528  -32.338  -65.642  -4.042 0.4000000060
34512  -33.327  -65.650  -3.887 0.4000000060
33561  -34.294  -66.045  -3.798 0.4000000060
111381  -35.642  -65.953  -4.308 0.4000000060
106701  -37.846  -64.213  -9.845 0.4000000060
34530  -36.034  -65.374  -4.594 0.4000000060
34538  -36.492  -65.455  -5.385 0.4000000060
35473  -36.307  -64.644  -5.125 0.4000000060
34554  -36.957  -65.036  -6.765 0.4000000060
35489  -37.076  -64.447  -7.505 0.4000000060
34511  -31.895  -65.226  -3.688 0.4000000060
35457  -33.438  -64.881  -3.455 0.4000000060
35458  -34.118  -64.677  -3.330 0.4000000060
34514  -34.699  -64.871  -3.556 0.4000000060
110120  -35.232  -64.348  -3.682 0.4000000060
34529  -35.324  -65.292  -3.943 0.4000000060
35472  -35.778  -64.528  -4.372 0.4000000060
36309  -36.060  -63.781  -4.919 0.4000000060
117619  -37.404  -63.277  -9.100 0.3000000119
106125  -36.815  -63.604  -7.393 0.4000000060
36343  -37.225  -63.860  -8.244 0.4000000060
34510  -31.191  -65.081  -3.566 0.4000000060
107986  -31.898  -64.580  -3.234 0.4000000060
36278  -31.398  -63.827  -2.910 0.4000000060
35438  -32.839  -64.399  -3.101 0.4000000060
35439  -33.701  -64.232  -2.996 0.4000000060
36308  -35.610  -63.682  -4.116 0.4000000060
37254  -37.696  -62.697  -10.834 0.4000000060
123823  -37.640  -63.753  -9.529 0.3000000119
35479  -36.409  -63.943  -5.804 0.4000000060
36348  -37.018  -63.015  -8.079 0.5000000000
37242  -37.203  -62.359  -8.735 0.4000000060
37235  -36.640  -62.782  -7.237 0.5000000000
36293  -30.567  -63.862  -3.165 0.4000000060
37175  -31.772  -62.979  -2.702 0.4000000060
36279  -32.266  -63.794  -2.774 0.4000000060
38072  -33.302  -62.148  -2.667 0.4000000060
37178  -34.002  -62.694  -2.728 0.4000000060
36325  -36.233  -62.942  -5.567 0.4000000060
37241  -36.836  -62.210  -7.819 0.5000000000
37188  -30.886  -62.996  -3.045 0.4000000060
108930  -31.305  -62.051  -3.018 0.4000000060
38082  -32.732  -61.376  -2.978 0.4000000060
37227  -36.382  -62.475  -6.445 0.4000000060
121654  -30.495  -62.220  -3.375 0.4000000060
38081  -31.417  -61.360  -3.523 0.4000000060
108765  -31.962  -61.533  -3.148 0.4000000060
38137  -36.691  -61.468  -7.519 0.5000000000
38117  -29.944  -61.503  -5.878 0.4000000060
37206  -29.944  -61.868  -3.960 0.4000000060
38101  -30.349  -61.459  -4.630 0.4000000060
38080  -30.727  -61.583  -3.722 0.4000000060
103472  -31.143  -61.088  -4.228 0.4000000060
39090  -32.228  -59.951  -4.245 0.5000000000
38100  -29.461  -61.709  -4.885 0.4000000060
30567  -36.505  -69.574  -7.161 0.5000000000
32611  -37.345  -68.035  -7.726 0.5000000000
32639  -38.194  -67.205  -8.958 0.4000000060
26717  -40.241  -73.339  -12.500 0.5000000000
27730  -36.836  -72.903  -12.917 0.8000000119
103231  -35.909  -71.167  -13.272 0.8000000119
28695  -35.458  -70.432  -13.065 0.6999999881
27734  -42.669  -72.358  -12.406 0.5000000000
29604  -34.688  -69.229  -12.862 0.6999999881
119178  -43.323  -71.646  -12.283 0.5000000000
30618  -33.968  -67.888  -12.802 0.6999999881
29598  -43.959  -70.462  -11.994 0.4000000060
28689  -43.505  -71.101  -12.022 0.4000000060
30610  -33.702  -67.983  -11.965 0.6999999881
32653  -32.293  -66.185  -11.169 0.6999999881
30613  -44.747  -69.324  -12.320 0.4000000060
31632  -44.994  -68.456  -12.303 0.4000000060
32664  -29.999  -67.174  -11.526 0.6000000238
32660  -44.872  -66.341  -12.035 0.4000000060
31616  -28.084  -67.930  -11.363 0.6000000238
32648  -27.756  -67.477  -10.629 0.5000000000
121140  -28.809  -67.190  -9.248 0.5000000000
109359  -28.740  -67.432  -8.368 0.5000000000
32589  -28.502  -67.516  -6.513 0.4000000060
32574  -28.888  -67.035  -5.661 0.4000000060
121362  -29.484  -66.557  -5.054 0.4000000060
122791  -28.858  -66.549  -5.224 0.4000000060
34525  -29.451  -65.714  -4.400 0.4000000060
35455  -30.356  -64.712  -3.483 0.4000000060
106576  -29.908  -63.982  -3.406 0.4000000060
36292  -29.303  -63.711  -3.675 0.4000000060
36307  -29.028  -62.948  -3.864 0.4000000060
38099  -28.578  -61.783  -4.985 0.4000000060
27731  -37.571  -72.953  -13.604 0.8000000119
28687  -42.159  -71.843  -11.451 0.5000000000
28686  -35.286  -71.403  -12.304 0.6999999881
27704  -35.088  -72.274  -9.802 0.6999999881
28669  -39.956  -71.905  -9.196 0.6999999881
27693  -38.728  -72.747  -9.399 0.6999999881
30594  -41.975  -69.769  -9.115 0.6000000238
28655  -39.441  -71.454  -8.586 0.6000000238
29566  -41.196  -70.268  -8.919 0.5000000000
33638  -32.383  -65.827  -10.206 0.6000000238
31621  -44.660  -67.669  -11.583 0.5000000000
32643  -43.179  -67.671  -10.261 0.3000000119
30568  -37.173  -69.865  -7.759 0.5000000000
116263  -32.575  -66.548  -8.072 0.6000000238
30558  -35.123  -69.775  -6.421 0.5000000000
31581  -37.126  -68.979  -7.822 0.5000000000
33621  -37.223  -67.125  -7.094 0.4000000060
31564  -36.055  -68.381  -5.757 0.4000000060
34563  -38.022  -65.835  -9.160 0.4000000060
33583  -36.204  -66.258  -4.912 0.4000000060
33576  -30.185  -66.199  -4.619 0.4000000060
35486  -36.702  -64.186  -6.677 0.4000000060
119544  -32.029  -60.721  -3.609 0.4000000060
21805  -28.417  -78.693  -18.209 0.4000000060
20726  -28.664  -79.509  -18.603 0.4000000060
20729  -31.427  -79.213  -18.680 0.4000000060
20730  -32.376  -79.250  -18.769 0.4000000060
111188  -30.231  -77.996  -17.747 0.4000000060
21809  -31.749  -78.851  -18.157 0.4000000060
21800  -32.729  -78.741  -18.304 0.4000000060
21801  -33.400  -78.385  -17.997 0.4000000060
22833  -35.358  -77.772  -19.070 0.5000000000
21799  -31.116  -78.451  -17.616 0.4000000060
20717  -32.032  -78.918  -17.581 0.4000000060
106621  -34.106  -78.151  -17.553 0.5000000000
21802  -34.672  -77.764  -18.384 0.5000000000
22831  -36.016  -76.453  -17.863 0.6000000238
21783  -30.717  -77.946  -17.060 0.4000000060
21784  -31.318  -78.623  -17.166 0.4000000060
20700  -33.173  -79.179  -16.597 0.4000000060
22830  -35.570  -77.204  -18.440 0.5000000000
29606  -44.198  -70.651  -12.538 0.3000000119
29599  -44.465  -70.050  -12.476 0.4000000060
32667  -45.324  -67.382  -12.501 0.3000000119
23834  -36.541  -76.686  -18.904 0.5000000000
26731  -42.174  -73.244  -12.914 0.5000000000
27735  -43.611  -71.953  -12.783 0.4000000060
20675  -32.764  -79.350  -15.028 0.4000000060
21786  -34.556  -78.078  -16.735 0.5000000000
116686  -35.428  -77.053  -17.413 0.5000000000
114233  -31.569  -79.282  -15.975 0.4000000060
20682  -31.801  -79.147  -16.693 0.4000000060
23831  -36.832  -75.961  -18.368 0.6000000238
24810  -37.644  -75.491  -18.267 0.6000000238
25797  -38.752  -73.910  -17.605 0.6999999881
26730  -41.104  -73.572  -13.119 0.5000000000
24811  -38.405  -74.815  -17.884 0.6999999881
25788  -39.753  -73.714  -15.362 0.6999999881
26742  -40.306  -73.793  -13.948 0.6999999881
25793  -39.232  -73.755  -17.046 0.6999999881
26751  -39.455  -73.051  -15.394 0.6999999881
22822  -35.050  -77.469  -16.467 0.5000000000
119831  -35.877  -76.151  -17.178 0.6000000238
23828  -36.260  -75.764  -17.466 0.6000000238
25792  -37.322  -73.671  -17.223 0.6000000238
21767  -33.937  -78.792  -15.562 0.4000000060
21768  -34.537  -78.278  -15.888 0.5000000000
23827  -35.762  -75.828  -16.657 0.6000000238
25795  -37.602  -74.539  -17.700 0.6000000238
25796  -38.278  -73.601  -17.598 0.6000000238
113005  -38.866  -73.041  -17.513 0.6000000238
106832  -38.186  -74.627  -18.010 0.6000000238
26768  -39.362  -72.304  -16.705 0.6999999881
26729  -40.329  -73.613  -13.237 0.6000000238
27733  -41.658  -72.895  -12.440 0.5000000000
23798  -34.115  -76.562  -14.794 0.6000000238
24784  -34.066  -75.675  -14.972 0.6000000238
25787  -34.965  -74.611  -15.877 0.6999999881
25790  -35.741  -74.538  -16.499 0.6000000238
107628  -36.289  -73.744  -16.796 0.6000000238
121364  -38.391  -72.268  -17.129 0.6000000238
21754  -34.011  -78.188  -14.936 0.5000000000
22808  -35.154  -76.810  -15.878 0.6000000238
27768  -39.103  -71.732  -16.669 0.6000000238
27763  -39.348  -71.873  -16.297 0.6999999881
26750  -39.329  -72.867  -15.168 0.6999999881
27754  -39.423  -72.249  -15.858 0.6999999881
26741  -39.618  -73.612  -14.123 0.6999999881
25775  -33.972  -74.704  -15.342 0.6000000238
26760  -34.402  -73.733  -15.958 0.6999999881
27764  -35.393  -72.231  -16.530 0.6999999881
26761  -35.364  -73.829  -16.375 0.6999999881
27766  -37.731  -71.885  -16.877 0.6000000238
26728  -39.634  -73.566  -13.220 0.5000000000
28724  -38.758  -71.196  -16.485 0.6999999881
27753  -39.234  -71.792  -15.933 0.6999999881
29627  -36.167  -69.428  -15.602 0.6999999881
29623  -37.219  -69.958  -15.529 0.6999999881
28720  -34.942  -71.528  -16.176 0.6999999881
29628  -37.057  -69.765  -15.860 0.6000000238
29624  -37.733  -70.029  -16.011 0.5000000000
27765  -36.476  -71.953  -16.751 0.6999999881
28722  -37.203  -70.812  -16.538 0.6000000238
27752  -38.588  -71.431  -15.613 0.6999999881
26727  -38.832  -73.535  -13.000 0.5000000000
28723  -38.183  -70.919  -16.517 0.6000000238
27743  -38.900  -72.452  -15.110 0.6999999881
26740  -38.942  -73.345  -14.122 0.6000000238
29614  -36.322  -69.546  -14.837 0.6999999881
28702  -36.671  -70.759  -14.340 0.6999999881
28701  -35.872  -69.957  -13.902 0.6999999881
27742  -38.081  -72.402  -14.557 0.6000000238
103217  -37.100  -72.169  -14.063 0.6999999881
28703  -37.658  -71.129  -15.094 0.6000000238
21807  -30.045  -78.530  -18.227 0.4000000060
107516  -34.025  -78.143  -18.402 0.4000000060
21766  -31.119  -78.737  -16.458 0.4000000060
20718  -32.904  -78.883  -17.465 0.4000000060
21785  -33.938  -78.729  -16.448 0.4000000060
20684  -33.377  -79.270  -15.757 0.4000000060
26752  -40.053  -73.842  -14.722 0.6999999881
108629  -39.678  -73.479  -14.738 0.6999999881
25791  -36.672  -74.467  -17.047 0.6000000238
23813  -34.661  -76.317  -15.344 0.6999999881
23814  -35.314  -76.069  -15.924 0.6000000238
28721  -36.056  -71.017  -16.483 0.6999999881
28719  -38.245  -70.551  -16.230 0.6000000238
27761  -34.452  -72.675  -16.213 0.5000000000
22793  -33.737  -77.720  -14.113 0.4000000060
24783  -33.688  -76.014  -14.356 0.5000000000
27760  -33.851  -72.128  -15.757 0.6000000238
21743  -33.095  -78.486  -13.446 0.4000000060
24774  -33.464  -76.390  -13.520 0.5000000000
23790  -33.588  -77.275  -13.581 0.5000000000
105631  -33.463  -75.183  -14.648 0.5000000000
27751  -33.155  -72.847  -15.495 0.5000000000
28715  -33.637  -71.280  -15.378 0.5000000000
25786  -33.526  -73.850  -15.497 0.5000000000
106467  -35.643  -70.273  -16.000 0.6000000238
29626  -35.196  -69.660  -15.522 0.5000000000
29625  -34.302  -70.179  -15.307 0.5000000000
109869  -35.415  -69.030  -15.092 0.6999999881
29622  -34.778  -69.208  -15.063 0.6000000238
120026  -34.981  -68.665  -14.720 0.6000000238
22773  -33.186  -77.892  -12.635 0.5000000000
24773  -32.969  -75.378  -13.223 0.5000000000
25773  -32.582  -74.143  -14.383 0.5000000000
27750  -32.672  -72.994  -15.073 0.5000000000
26749  -33.033  -73.462  -15.305 0.5000000000
29613  -35.617  -69.116  -14.275 0.6000000238
120473  -33.519  -70.670  -14.979 0.6000000238
30635  -34.437  -68.735  -14.534 0.5000000000
30619  -34.611  -68.383  -13.402 0.6000000238
24760  -33.219  -76.359  -12.554 0.5000000000
112756  -32.516  -74.392  -13.612 0.5000000000
26738  -32.150  -73.563  -14.043 0.5000000000
27740  -32.266  -73.107  -14.556 0.5000000000
27749  -32.266  -72.340  -14.669 0.5000000000
29605  -35.284  -69.405  -13.416 0.6000000238
30634  -33.527  -69.161  -14.279 0.5000000000
30629  -34.059  -68.203  -14.003 0.6000000238
22772  -32.776  -78.012  -11.931 0.5000000000
24759  -32.743  -75.546  -12.155 0.5000000000
26724  -32.030  -73.819  -13.000 0.5000000000
26723  -31.388  -73.395  -12.416 0.5000000000
27729  -30.774  -72.641  -12.673 0.6000000238
26737  -31.535  -73.053  -13.322 0.4000000060
27728  -30.007  -72.223  -12.601 0.4000000060
120978  -31.067  -71.812  -13.649 0.5000000000
28700  -31.473  -71.294  -13.926 0.5000000000
27739  -31.782  -72.769  -14.065 0.4000000060
28692  -29.152  -71.359  -12.695 0.4000000060
28693  -30.021  -71.227  -13.087 0.5000000000
29611  -31.520  -70.347  -13.606 0.5000000000
29602  -28.926  -70.570  -12.677 0.4000000060
30627  -32.159  -69.187  -13.329 0.6000000238
30628  -33.179  -68.612  -13.643 0.6000000238
31639  -33.595  -67.728  -12.679 0.6000000238
31631  -33.362  -67.487  -12.181 0.6000000238
28699  -30.810  -71.211  -13.475 0.5000000000
29603  -29.697  -70.483  -12.885 0.5000000000
30616  -30.470  -69.486  -12.663 0.5000000000
30626  -31.297  -69.698  -13.037 0.5000000000
29601  -28.406  -70.139  -12.488 0.4000000060
31635  -29.861  -68.739  -12.179 0.5000000000
31637  -32.097  -67.571  -12.214 0.6000000238
32671  -32.558  -67.104  -11.988 0.6000000238
31629  -30.311  -67.572  -11.848 0.5000000000
31615  -27.219  -68.310  -11.311 0.3000000119
31626  -27.624  -68.907  -11.792 0.4000000060
30608  -27.997  -69.523  -12.158 0.4000000060
31628  -29.346  -68.044  -11.877 0.5000000000
31630  -31.252  -67.274  -11.849 0.5000000000
32666  -31.865  -66.634  -11.733 0.6000000238
32606  -28.116  -67.590  -7.458 0.3000000119
110184  -27.650  -67.335  -8.326 0.3000000119
32621  -27.990  -67.176  -9.118 0.4000000060
32634  -27.451  -67.238  -9.823 0.4000000060
32573  -27.928  -67.008  -5.877 0.3000000119
33575  -28.766  -66.121  -4.885 0.3000000119
33593  -28.322  -66.513  -5.300 0.3000000119
34524  -28.415  -65.405  -4.464 0.3000000119
113399  -29.081  -64.946  -4.030 0.3000000119
35453  -28.952  -64.253  -3.836 0.3000000119
36306  -28.492  -63.533  -3.900 0.3000000119
103463  -27.814  -63.048  -4.070 0.3000000119
37205  -29.149  -62.128  -4.138 0.3000000119
31617  -28.997  -67.606  -11.406 0.5000000000
32588  -27.548  -67.374  -6.680 0.3000000119
108475  -35.884  -69.126  -15.002 0.5000000000
121117  -33.318  -75.549  -13.975 0.5000000000
29619  -32.041  -70.670  -14.144 0.5000000000
31644  -32.752  -68.136  -12.939 0.6000000238
27744  -43.186  -72.800  -13.080 0.3000000119
120672  -40.800  -74.075  -14.026 0.6000000238
30632  -46.818  -69.711  -13.375 0.3000000119
29616  -45.529  -70.439  -13.576 0.3000000119
29615  -44.954  -70.587  -13.370 0.3000000119
29607  -44.702  -70.279  -12.922 0.3000000119
121065  -45.293  -70.978  -13.775 0.3000000119
28697  -44.488  -70.846  -13.071 0.3000000119
28696  -43.928  -71.225  -12.636 0.3000000119
25776  -40.652  -74.418  -14.495 0.6000000238
26743  -41.679  -73.954  -13.515 0.5000000000
31647  -47.144  -68.965  -13.025 0.3000000119
30623  -46.285  -68.781  -13.198 0.3000000119
29608  -45.234  -69.948  -13.160 0.3000000119
30621  -45.037  -69.496  -12.795 0.3000000119
28704  -44.303  -71.537  -13.243 0.3000000119
26744  -42.806  -73.645  -13.506 0.4000000060
106163  -33.476  -78.405  -14.126 0.4000000060
31633  -47.853  -68.433  -11.983 0.3000000119
31642  -46.664  -67.769  -12.971 0.3000000119
31641  -45.945  -67.905  -13.138 0.3000000119
20739  -33.881  -79.555  -19.827 0.5000000000
20733  -36.040  -79.293  -19.311 0.5000000000
20728  -30.562  -79.228  -18.682 0.4000000060
20737  -31.971  -79.922  -19.335 0.4000000060
20738  -32.875  -79.829  -19.568 0.4000000060
19682  -34.153  -80.312  -20.335 0.5000000000
22832  -37.700  -77.385  -18.306 0.5000000000
21817  -36.644  -78.656  -19.098 0.5000000000
21814  -34.654  -78.933  -19.536 0.5000000000
21816  -36.081  -78.609  -19.403 0.5000000000
20731  -33.098  -79.167  -19.079 0.4000000060
23815  -38.506  -76.255  -15.851 0.6000000238
23830  -38.400  -75.744  -17.040 0.6000000238
23832  -38.048  -76.498  -17.938 0.5000000000
22836  -37.495  -77.541  -18.868 0.5000000000
21810  -33.716  -78.628  -18.915 0.3000000119
21815  -35.359  -78.437  -19.388 0.4000000060
22838  -36.611  -78.002  -19.273 0.5000000000
124370  -39.653  -75.451  -15.165 0.6000000238
23833  -38.287  -75.532  -17.939 0.6000000238
22834  -36.221  -77.448  -19.213 0.4000000060
113695  -37.733  -76.880  -18.786 0.5000000000
24785  -40.622  -74.758  -14.774 0.6000000238
111422  -44.802  -72.025  -13.938 0.3000000119
109806  -42.567  -74.354  -14.001 0.4000000060
120895  -39.440  -74.267  -16.216 0.6000000238
23836  -37.922  -76.057  -18.482 0.4000000060
27746  -45.568  -71.735  -14.223 0.3000000119
29617  -46.410  -70.449  -13.694 0.3000000119
26745  -43.785  -73.282  -13.789 0.3000000119
25766  -41.597  -74.500  -14.118 0.5000000000
24809  -38.819  -74.719  -17.236 0.6000000238
24801  -39.840  -74.698  -15.242 0.6000000238
24799  -38.898  -75.277  -16.158 0.6000000238
26753  -43.507  -74.053  -14.247 0.3000000119
23816  -38.967  -76.510  -15.193 0.5000000000
104842  -39.844  -76.360  -15.023 0.5000000000
23799  -40.428  -75.548  -14.915 0.5000000000
23817  -41.105  -76.525  -15.131 0.4000000060
23800  -41.633  -75.719  -14.980 0.5000000000
107779  -38.580  -76.955  -15.344 0.5000000000
23818  -42.082  -76.595  -15.456 0.4000000060
24802  -42.735  -76.245  -15.509 0.4000000060
24786  -42.600  -75.465  -15.134 0.4000000060
105531  -41.582  -74.945  -14.629 0.5000000000
22824  -37.806  -77.247  -17.028 0.5000000000
22809  -38.062  -77.211  -15.836 0.5000000000
105100  -42.509  -74.858  -14.661 0.4000000060
17720  -29.647  -82.930  -18.129 0.3000000119
112587  -29.386  -82.539  -17.401 0.3000000119
16755  -30.421  -83.458  -18.336 0.3000000119
16777  -31.074  -84.153  -19.092 0.3000000119
15745  -32.290  -84.815  -19.280 0.4000000060
16754  -29.737  -83.484  -18.793 0.3000000119
16776  -30.246  -83.770  -19.435 0.3000000119
15746  -33.113  -85.042  -19.277 0.4000000060
15755  -32.670  -84.712  -19.908 0.4000000060
15744  -31.746  -84.487  -19.611 0.3000000119
114166  -30.531  -83.706  -20.248 0.3000000119
120256  -34.893  -84.648  -19.827 0.4000000060
16797  -34.923  -84.179  -19.930 0.4000000060
15763  -33.121  -84.457  -20.437 0.4000000060
118963  -31.390  -83.969  -20.098 0.4000000060
103070  -30.709  -83.288  -20.840 0.4000000060
16808  -31.358  -83.425  -20.603 0.4000000060
17724  -37.287  -83.207  -17.221 0.3000000119
16758  -35.913  -83.738  -18.475 0.4000000060
120398  -35.501  -83.119  -17.872 0.4000000060
17737  -35.159  -83.343  -18.758 0.4000000060
17743  -34.107  -83.078  -20.049 0.4000000060
17754  -33.238  -82.860  -20.513 0.4000000060
103872  -32.589  -82.477  -20.726 0.4000000060
110083  -39.717  -81.295  -16.396 0.3000000119
17707  -36.531  -82.657  -16.633 0.4000000060
18665  -35.643  -81.491  -16.633 0.4000000060
17706  -35.651  -82.463  -17.093 0.4000000060
18674  -35.067  -81.580  -17.503 0.4000000060
108129  -35.340  -80.804  -17.176 0.4000000060
111033  -34.286  -82.376  -19.797 0.4000000060
18681  -34.540  -81.599  -19.479 0.4000000060
118663  -34.096  -82.101  -20.122 0.4000000060
18706  -33.199  -81.948  -20.594 0.4000000060
18658  -38.025  -81.366  -15.673 0.4000000060
18657  -37.169  -81.153  -15.487 0.4000000060
20701  -35.783  -80.021  -17.458 0.4000000060
19670  -35.135  -80.524  -19.354 0.4000000060
106667  -32.247  -81.930  -20.893 0.4000000060
18707  -33.977  -81.553  -20.360 0.4000000060
17756  -31.233  -82.545  -21.021 0.4000000060
19638  -37.115  -79.996  -15.267 0.4000000060
19645  -36.082  -79.925  -16.428 0.4000000060
20702  -36.367  -79.275  -17.089 0.4000000060
20732  -35.826  -79.723  -19.239 0.4000000060
19688  -33.712  -81.068  -20.503 0.4000000060
19684  -35.456  -79.840  -19.698 0.4000000060
20686  -37.103  -78.975  -15.485 0.4000000060
21769  -36.838  -78.656  -16.558 0.4000000060
21787  -37.400  -77.980  -17.487 0.4000000060
22811  -40.618  -77.430  -15.213 0.4000000060
21755  -37.724  -78.635  -15.237 0.4000000060
21770  -37.484  -78.084  -16.038 0.4000000060
108361  -42.865  -76.984  -15.951 0.3000000119
24803  -43.366  -75.928  -15.620 0.3000000119
116474  -36.441  -79.273  -18.998 0.4000000060
22795  -38.559  -77.656  -15.237 0.4000000060
25778  -44.262  -74.602  -15.094 0.3000000119
15756  -33.556  -84.930  -20.140 0.4000000060
15764  -33.983  -84.369  -20.483 0.4000000060
16778  -34.685  -83.536  -19.719 0.4000000060
16810  -33.305  -83.809  -20.556 0.4000000060
17709  -38.318  -82.506  -16.866 0.4000000060
17693  -39.216  -81.937  -16.811 0.3000000119
17722  -34.984  -82.517  -18.032 0.4000000060
123310  -40.078  -80.738  -16.020 0.3000000119
17692  -37.627  -81.982  -15.950 0.4000000060
17691  -36.830  -82.066  -15.931 0.4000000060
18655  -35.826  -80.643  -16.431 0.4000000060
20687  -38.792  -79.710  -15.162 0.4000000060
19683  -34.989  -80.383  -20.026 0.4000000060
21803  -36.892  -78.573  -17.948 0.4000000060
20677  -38.486  -78.776  -15.050 0.4000000060
14711  -36.219  -84.955  -18.825 0.3000000119
15736  -34.151  -85.103  -17.829 0.3000000119
15722  -32.945  -84.382  -17.545 0.3000000119
14692  -34.132  -85.289  -18.615 0.3000000119
14710  -35.407  -85.172  -19.165 0.3000000119
15735  -33.449  -84.927  -18.312 0.3000000119
118926  -34.658  -85.098  -19.570 0.3000000119
122333  -37.131  -84.218  -18.227 0.3000000119
15747  -35.516  -84.520  -19.421 0.3000000119
16759  -36.805  -83.852  -18.121 0.3000000119
114105  -39.815  -79.944  -15.557 0.3000000119
20688  -39.442  -79.047  -15.169 0.3000000119
21771  -40.044  -78.314  -15.216 0.3000000119
22812  -41.969  -77.452  -15.754 0.3000000119
16760  -37.732  -83.735  -17.828 0.3000000119
19630  -37.830  -79.429  -15.040 0.3000000119
14709  -34.774  -85.393  -18.927 0.3000000119
14712  -37.025  -84.698  -18.430 0.3000000119
14721  -34.007  -85.243  -19.427 0.3000000119
15733  -31.763  -84.529  -18.823 0.4000000060
15754  -32.251  -84.316  -20.238 0.4000000060
15757  -34.548  -84.375  -20.272 0.4000000060
16779  -35.486  -84.039  -19.375 0.4000000060
16780  -36.289  -84.356  -18.758 0.3000000119
16795  -31.023  -84.035  -19.656 0.3000000119
16796  -34.450  -83.976  -20.299 0.4000000060
16809  -32.566  -83.870  -20.534 0.4000000060
16811  -33.852  -83.527  -20.378 0.4000000060
16812  -32.033  -83.058  -20.661 0.4000000060
17708  -37.265  -82.566  -16.398 0.4000000060
17723  -36.182  -83.259  -17.484 0.4000000060
17725  -38.448  -83.078  -17.418 0.3000000119
17736  -34.561  -82.573  -19.051 0.4000000060
17753  -32.750  -83.170  -20.584 0.4000000060
17755  -33.728  -82.482  -20.342 0.4000000060
18656  -36.359  -81.356  -15.960 0.4000000060
18659  -38.841  -81.321  -15.872 0.4000000060
18666  -36.193  -82.047  -16.346 0.4000000060
18673  -34.727  -81.553  -18.553 0.4000000060
18705  -32.543  -82.042  -20.798 0.4000000060
19637  -36.460  -80.435  -15.749 0.4000000060
19639  -38.107  -80.521  -15.254 0.4000000060
19640  -39.246  -80.606  -15.604 0.3000000119
19658  -35.140  -80.696  -18.083 0.4000000060
19681  -33.409  -80.463  -20.335 0.5000000000
19687  -32.842  -81.389  -20.691 0.4000000060
19689  -34.416  -80.693  -20.232 0.4000000060
20674  -31.815  -79.424  -15.196 0.4000000060
20676  -33.471  -78.925  -14.904 0.4000000060
20678  -39.055  -78.238  -15.105 0.4000000060
20683  -32.457  -79.431  -16.005 0.4000000060
20685  -36.520  -79.479  -15.934 0.4000000060
20699  -32.493  -79.190  -16.872 0.4000000060
20719  -33.481  -78.646  -17.199 0.4000000060
20720  -35.871  -79.868  -18.719 0.4000000060
20721  -36.437  -79.235  -18.352 0.4000000060
20727  -29.641  -79.550  -18.765 0.4000000060
20736  -31.060  -79.833  -19.323 0.4000000060
20740  -34.847  -79.829  -20.116 0.5000000000
21724  -32.711  -78.431  -12.749 0.5000000000
21742  -32.476  -78.872  -13.483 0.4000000060
21756  -38.079  -78.073  -15.338 0.4000000060
21798  -30.556  -78.008  -17.554 0.4000000060
21804  -37.357  -78.035  -18.600 0.5000000000
21806  -29.216  -78.618  -18.230 0.4000000060
21808  -30.816  -78.490  -18.087 0.4000000060
21811  -34.574  -78.193  -18.979 0.3000000119
21812  -36.868  -78.597  -18.786 0.4000000060
21813  -37.185  -78.053  -19.064 0.5000000000
22753  -33.201  -77.242  -12.093 0.5000000000
22786  -33.429  -77.944  -13.353 0.4000000060
22794  -34.026  -77.343  -14.686 0.6000000238
22807  -34.590  -77.356  -15.378 0.6999999881
22810  -39.338  -77.348  -15.085 0.4000000060
22823  -35.530  -76.556  -16.722 0.6000000238
22835  -37.127  -77.264  -19.135 0.4000000060
22837  -35.968  -78.015  -19.415 0.5000000000
23778  -33.430  -77.226  -12.909 0.5000000000
23797  -33.764  -76.889  -14.175 0.4000000060
23829  -38.130  -76.540  -16.716 0.5000000000
23835  -37.358  -76.351  -18.885 0.5000000000
23837  -38.139  -75.329  -18.265 0.6000000238
24787  -43.571  -75.271  -15.312 0.3000000119
24797  -34.734  -75.442  -15.530 0.6999999881
24798  -35.434  -75.293  -16.142 0.6000000238
24800  -39.351  -75.078  -15.583 0.6000000238
24807  -36.089  -75.155  -16.857 0.6000000238
24808  -36.911  -75.213  -17.622 0.6000000238
25756  -31.901  -74.113  -12.052 0.5000000000
25757  -32.418  -74.679  -12.615 0.5000000000
25765  -32.971  -74.821  -14.145 0.5000000000
25774  -33.089  -74.245  -14.912 0.5000000000
25777  -43.268  -74.605  -14.701 0.4000000060
25794  -39.461  -73.135  -16.487 0.6999999881
25798  -39.202  -73.006  -17.187 0.6999999881
26687  -36.719  -73.173  -9.324 0.6000000238
26705  -38.446  -73.429  -10.926 0.6999999881
26713  -36.917  -73.522  -11.081 0.8000000119
26739  -38.301  -73.242  -13.744 0.6000000238
26748  -32.561  -73.625  -14.789 0.5000000000
26759  -33.633  -73.138  -15.759 0.5000000000
26762  -39.513  -72.528  -16.061 0.6999999881
26763  -34.993  -73.099  -16.506 0.6999999881
26764  -35.828  -72.974  -16.753 0.6999999881
26765  -36.915  -72.849  -16.961 0.6000000238
26766  -37.962  -72.794  -17.257 0.6000000238
26767  -39.041  -72.331  -17.163 0.6000000238
26769  -38.654  -72.607  -17.321 0.6000000238
27665  -35.011  -72.082  -8.184 0.6999999881
27666  -36.019  -72.358  -7.670 0.6000000238
27681  -37.425  -72.513  -8.339 0.6000000238
27690  -35.724  -72.686  -9.180 0.6000000238
27691  -36.182  -73.072  -9.727 0.6999999881
27692  -37.880  -72.877  -9.136 0.6000000238
27710  -41.405  -72.216  -11.344 0.5000000000
27718  -36.401  -73.017  -11.780 0.8000000119
27722  -42.742  -71.750  -11.864 0.4000000060
27732  -40.894  -73.223  -12.522 0.6000000238
27738  -31.169  -72.370  -13.525 0.5000000000
27741  -36.463  -71.930  -13.429 0.6999999881
27745  -44.061  -72.395  -13.474 0.3000000119
27759  -32.987  -72.230  -15.296 0.5000000000
27762  -39.082  -71.480  -16.358 0.6999999881
27767  -38.699  -71.784  -16.943 0.6000000238
28638  -36.309  -71.882  -7.363 0.5000000000
28656  -40.290  -71.227  -8.856 0.6999999881
28675  -33.817  -71.114  -10.180 0.6999999881
28678  -41.084  -71.906  -10.481 0.6000000238
28685  -34.586  -71.093  -11.651 0.6999999881
28705  -44.861  -71.204  -13.648 0.3000000119
28706  -46.006  -71.105  -14.010 0.3000000119
28710  -32.116  -71.424  -14.418 0.5000000000
28711  -32.807  -71.439  -14.966 0.6000000238
28712  -38.153  -70.469  -15.902 0.6000000238
28713  -38.744  -71.080  -16.197 0.6999999881
28716  -34.574  -70.813  -15.740 0.6000000238
28717  -36.750  -69.967  -16.162 0.6999999881
28718  -37.647  -70.131  -16.207 0.6000000238
29546  -35.300  -70.465  -6.903 0.5000000000
29553  -35.745  -71.135  -7.264 0.5000000000
29563  -38.745  -70.870  -8.231 0.6000000238
29580  -41.883  -70.644  -9.364 0.6000000238
29597  -43.459  -70.770  -11.491 0.4000000060
29610  -30.593  -70.442  -13.164 0.5000000000
29612  -32.534  -69.730  -13.948 0.5000000000
29620  -32.901  -70.442  -14.518 0.5000000000
29621  -33.915  -69.715  -14.809 0.6000000238
30547  -35.520  -69.128  -6.006 0.5000000000
30565  -32.909  -68.375  -7.566 0.6000000238
30566  -33.312  -69.317  -7.146 0.6000000238
30604  -44.513  -68.774  -11.526 0.5000000000
30609  -28.874  -69.148  -12.195 0.4000000060
30611  -34.116  -68.666  -12.481 0.6999999881
30615  -29.300  -69.784  -12.612 0.4000000060
30617  -31.663  -68.725  -12.684 0.6000000238
30620  -35.122  -68.641  -13.844 0.6000000238
30622  -45.601  -69.031  -13.079 0.3000000119
30630  -34.869  -68.277  -13.939 0.6000000238
30631  -45.895  -69.687  -13.384 0.3000000119
30636  -35.246  -68.648  -14.460 0.6999999881
31562  -34.523  -68.434  -5.448 0.4000000060
31563  -35.221  -68.536  -5.478 0.4000000060
31592  -37.755  -68.469  -8.291 0.4000000060
31604  -38.811  -68.266  -9.157 0.4000000060
31618  -33.278  -68.042  -10.377 0.6999999881
31627  -28.447  -68.494  -11.878 0.5000000000
31634  -48.330  -69.153  -12.095 0.3000000119
31636  -30.952  -68.224  -12.191 0.5000000000
31638  -33.065  -67.543  -12.470 0.6000000238
31645  -33.636  -67.984  -13.170 0.6000000238
31646  -34.275  -68.131  -13.482 0.6000000238
32566  -35.154  -67.348  -4.704 0.4000000060
32579  -33.641  -67.264  -5.260 0.4000000060
32580  -34.300  -67.736  -5.114 0.4000000060
32591  -32.118  -66.772  -6.447 0.5000000000
32594  -36.636  -67.611  -6.178 0.4000000060
32609  -32.455  -66.801  -7.155 0.5000000000
32610  -36.927  -67.962  -6.924 0.5000000000
32624  -32.267  -66.043  -8.636 0.6000000238
32635  -28.341  -67.152  -9.866 0.5000000000
32638  -32.754  -66.256  -9.653 0.6000000238
32640  -38.713  -67.598  -9.418 0.3000000119
32649  -28.709  -67.306  -10.640 0.6000000238
32652  -31.546  -66.105  -11.210 0.6000000238
32656  -40.426  -66.956  -11.059 0.3000000119
32672  -33.007  -67.229  -12.122 0.6000000238
33562  -35.027  -66.131  -3.878 0.4000000060
33595  -31.622  -66.512  -5.141 0.4000000060
33630  -31.396  -65.873  -10.459 0.6000000238
33631  -31.920  -65.520  -9.884 0.6000000238
34509  -29.770  -65.151  -3.843 0.4000000060
34513  -34.082  -65.282  -3.594 0.4000000060
34526  -30.473  -65.582  -3.997 0.4000000060
34548  -36.791  -65.487  -6.129 0.4000000060
34582  -39.591  -65.017  -12.368 0.3000000119
34583  -39.752  -64.624  -12.323 0.3000000119
35437  -31.083  -64.453  -3.220 0.4000000060
35454  -29.552  -64.490  -3.675 0.3000000119
35456  -32.618  -65.062  -3.601 0.4000000060
36280  -33.113  -63.683  -2.677 0.4000000060
36281  -33.906  -63.492  -2.774 0.4000000060
36337  -36.524  -63.324  -6.531 0.5000000000
36350  -37.723  -63.402  -10.152 0.4000000060
37176  -32.611  -63.052  -2.479 0.4000000060
37177  -33.310  -62.950  -2.491 0.4000000060
37187  -29.894  -62.960  -3.542 0.4000000060
37204  -28.333  -62.443  -4.258 0.3000000119
37262  -39.714  -63.533  -12.176 0.3000000119
38071  -32.356  -62.235  -2.739 0.4000000060
39089  -31.499  -60.497  -4.729 0.4000000060
106919  -43.312  -66.821  -10.793 0.3000000119
107792  -36.617  -64.785  -5.979 0.4000000060
108455  -36.502  -62.013  -7.061 0.4000000060
110284  -34.561  -64.075  -3.146 0.4000000060
111038  -39.096  -75.780  -15.397 0.6000000238
111750  -35.463  -79.231  -19.572 0.5000000000
113028  -30.466  -71.920  -13.158 0.5000000000
113502  -31.577  -72.052  -14.081 0.5000000000
114170  -35.649  -72.711  -9.999 0.6000000238
114332  -40.075  -66.558  -11.490 0.3000000119
115031  -34.325  -84.859  -20.129 0.4000000060
115490  -34.872  -77.593  -17.554 0.5000000000
116351  -29.183  -67.747  -7.290 0.5000000000
116642  -34.750  -68.331  -14.191 0.5000000000
117288  -32.897  -62.603  -2.507 0.4000000060
117754  -34.498  -81.238  -19.990 0.4000000060
118077  -33.459  -68.348  -11.151 0.6999999881
118092  -36.484  -69.554  -15.469 0.6999999881
119326  -32.486  -66.797  -11.712 0.6000000238
119394  -40.690  -72.959  -12.070 0.5000000000
119637  -31.937  -82.395  -20.902 0.4000000060
119688  -29.747  -71.810  -12.808 0.4000000060
121091  -33.148  -78.205  -13.015 0.5000000000
121683  -37.336  -72.193  -7.850 0.6000000238
122567  -38.597  -72.914  -14.415 0.6999999881
122626  -34.967  -68.820  -13.448 0.6999999881
122930  -42.471  -67.676  -9.979 0.5000000000
123073  -38.458  -81.858  -16.231 0.4000000060
123301  -30.968  -83.606  -20.402 0.3000000119
123511  -31.904  -83.800  -20.466 0.4000000060
124445  -38.556  -78.210  -15.163 0.4000000060
124453  -34.709  -65.576  -3.688 0.4000000060
124571  -40.914  -73.847  -13.639 0.6999999881
124617  -33.615  -85.248  -18.935 0.3000000119
