#!ascii label  , from subject sub-v1s0x0050656_ses-1 vox2ras=TkReg
1059
41692  28.218  -54.374  57.959 0.0000000000
60481  33.877  -32.733  49.596 0.0000000000
103193  27.636  -44.170  53.094 0.0000000000
34948  7.119  -61.497  63.648 0.0000000000
46556  21.869  -49.043  60.933 0.0000000000
55369  28.059  -39.498  52.848 0.0000000000
41647  13.092  -54.848  60.539 0.0000000000
35891  11.044  -60.026  61.359 0.0000000000
44699  16.582  -51.192  57.758 0.0000000000
121754  38.131  -33.967  49.277 0.0000000000
45655  30.011  -50.121  59.407 0.0000000000
47486  31.098  -48.740  56.357 0.0000000000
43652  31.712  -52.810  59.885 0.0000000000
63846  36.198  -28.984  49.386 0.0000000000
62242  39.441  -31.326  46.929 0.0000000000
61282  30.585  -32.763  52.004 0.0000000000
58022  34.798  -36.654  52.186 0.0000000000
57177  30.862  -37.602  51.332 0.0000000000
52894  32.589  -42.940  52.990 0.0000000000
40725  24.573  -55.607  59.966 0.0000000000
30398  5.672  -66.536  66.588 0.0000000000
106486  1.044  -66.562  69.228 0.0000000000
29422  0.085  -66.592  73.458 0.0000000000
43670  24.537  -52.935  58.403 0.0000000000
43672  21.266  -51.826  59.153 0.0000000000
51078  24.667  -45.290  55.972 0.0000000000
50099  30.660  -45.171  58.423 0.0000000000
65504  40.904  -27.873  44.558 0.0000000000
60478  36.468  -33.304  49.111 0.0000000000
59692  36.655  -35.174  50.657 0.0000000000
43667  28.906  -52.061  58.380 0.0000000000
43699  30.878  -52.187  57.659 0.0000000000
41676  30.141  -54.326  59.268 0.0000000000
63020  33.614  -30.466  50.633 0.0000000000
63838  35.761  -29.159  51.659 0.0000000000
62212  35.263  -31.138  48.674 0.0000000000
62223  36.765  -31.377  48.066 0.0000000000
25418  -0.028  -71.538  72.727 0.0000000000
58898  30.190  -35.456  51.666 0.0000000000
58011  29.357  -36.273  53.204 0.0000000000
103694  27.701  -41.862  52.288 0.0000000000
53716  29.278  -41.345  51.808 0.0000000000
52043  29.990  -43.816  52.599 0.0000000000
103003  30.504  -45.108  54.917 0.0000000000
34981  9.254  -61.470  62.004 0.0000000000
34042  10.521  -62.706  64.069 0.0000000000
33155  8.159  -63.911  63.791 0.0000000000
31331  8.108  -65.854  66.383 0.0000000000
32280  5.551  -64.091  64.364 0.0000000000
32204  2.365  -64.407  68.707 0.0000000000
29438  0.494  -66.720  71.857 0.0000000000
44683  23.137  -51.444  59.207 0.0000000000
43703  22.657  -52.272  57.393 0.0000000000
46588  21.282  -49.718  57.978 0.0000000000
40727  16.105  -54.880  59.937 0.0000000000
43660  17.526  -52.505  59.941 0.0000000000
47445  33.155  -48.792  58.895 0.0000000000
48332  30.926  -47.292  56.824 0.0000000000
117927  29.577  -37.515  54.874 0.0000000000
54484  27.384  -39.487  54.242 0.0000000000
105710  25.629  -41.129  53.494 0.0000000000
39836  13.866  -56.214  59.490 0.0000000000
37930  13.234  -58.613  62.067 0.0000000000
39829  11.666  -57.192  60.182 0.0000000000
37924  9.797  -58.490  61.808 0.0000000000
36882  8.464  -59.231  63.763 0.0000000000
47439  19.198  -48.003  59.522 0.0000000000
45647  17.028  -49.965  60.528 0.0000000000
43694  14.717  -52.999  58.278 0.0000000000
48287  28.464  -47.667  59.892 0.0000000000
48315  27.879  -48.072  57.939 0.0000000000
46586  30.004  -50.257  57.051 0.0000000000
45666  32.587  -50.693  58.073 0.0000000000
118520  38.608  -28.144  47.134 0.0000000000
63030  37.447  -30.129  47.623 0.0000000000
61347  38.878  -32.648  47.833 0.0000000000
61298  32.399  -32.448  50.323 0.0000000000
59695  33.850  -34.804  50.593 0.0000000000
58896  32.453  -35.231  50.923 0.0000000000
57175  32.617  -37.619  51.527 0.0000000000
55380  33.290  -39.885  52.205 0.0000000000
56266  28.886  -38.318  51.969 0.0000000000
54514  31.205  -40.538  51.484 0.0000000000
40742  26.285  -55.506  58.944 0.0000000000
124520  28.587  -55.569  60.241 0.0000000000
62193  32.688  -30.928  52.635 0.0000000000
34016  5.852  -61.843  65.878 0.0000000000
32266  3.960  -64.247  65.774 0.0000000000
30392  2.646  -67.033  67.643 0.0000000000
28552  2.898  -68.699  69.292 0.0000000000
27550  1.258  -69.205  70.431 0.0000000000
27534  0.054  -69.469  71.954 0.0000000000
28524  -0.865  -68.704  73.545 0.0000000000
28510  -1.902  -68.092  74.890 0.0000000000
42663  26.476  -53.952  57.909 0.0000000000
41694  24.391  -54.534  57.871 0.0000000000
112839  22.917  -54.147  59.325 0.0000000000
44687  18.837  -50.554  58.629 0.0000000000
52010  25.464  -44.196  54.229 0.0000000000
48349  27.659  -47.431  55.687 0.0000000000
50141  27.901  -45.804  55.505 0.0000000000
51995  29.446  -45.330  55.546 0.0000000000
41640  30.758  -54.895  61.834 0.0000000000
63885  42.339  -29.098  42.881 0.0000000000
63866  39.477  -29.222  45.564 0.0000000000
63066  41.602  -30.186  44.370 0.0000000000
60480  34.629  -33.168  49.478 0.0000000000
59701  36.003  -34.592  50.188 0.0000000000
60465  35.173  -33.919  49.833 0.0000000000
43685  28.455  -52.802  58.028 0.0000000000
42644  29.806  -53.466  57.942 0.0000000000
102763  29.085  -54.116  58.093 0.0000000000
62205  33.285  -31.274  50.170 0.0000000000
62204  33.969  -30.957  49.740 0.0000000000
61317  34.555  -32.407  49.184 0.0000000000
61316  35.281  -32.086  48.751 0.0000000000
116478  -0.683  -71.415  73.133 0.0000000000
59663  29.761  -34.513  53.704 0.0000000000
58849  30.052  -35.726  55.045 0.0000000000
52046  27.821  -42.994  52.509 0.0000000000
108057  28.946  -42.688  52.259 0.0000000000
52033  29.466  -44.302  53.009 0.0000000000
52020  31.083  -44.855  54.014 0.0000000000
52021  29.918  -45.147  54.005 0.0000000000
34964  8.094  -61.428  62.645 0.0000000000
34060  8.398  -62.669  62.847 0.0000000000
33171  7.714  -63.230  63.212 0.0000000000
33156  7.206  -63.873  63.754 0.0000000000
34045  6.307  -62.779  63.858 0.0000000000
45645  22.630  -50.381  60.543 0.0000000000
45658  22.335  -50.197  58.709 0.0000000000
46566  21.766  -49.136  59.745 0.0000000000
121120  15.464  -56.024  60.930 0.0000000000
50094  26.431  -45.724  59.070 0.0000000000
48294  33.452  -48.070  59.409 0.0000000000
54485  26.330  -40.087  54.008 0.0000000000
54475  26.076  -39.947  54.948 0.0000000000
40747  13.638  -55.546  59.328 0.0000000000
38959  12.781  -56.824  59.822 0.0000000000
40730  12.569  -56.189  59.916 0.0000000000
106390  10.454  -57.056  62.079 0.0000000000
38917  10.045  -56.827  62.761 0.0000000000
37923  9.398  -58.529  62.627 0.0000000000
46549  17.949  -48.769  61.867 0.0000000000
42611  14.405  -53.356  60.818 0.0000000000
114451  15.559  -51.713  60.394 0.0000000000
42624  14.204  -53.449  59.884 0.0000000000
121506  14.345  -54.928  58.769 0.0000000000
47448  29.151  -49.008  58.355 0.0000000000
116347  29.816  -49.837  58.142 0.0000000000
43666  31.632  -52.651  58.915 0.0000000000
44692  31.785  -51.802  57.846 0.0000000000
43665  32.143  -52.188  59.506 0.0000000000
44679  32.885  -51.028  59.754 0.0000000000
117609  32.440  -52.494  61.237 0.0000000000
63841  36.181  -28.719  50.386 0.0000000000
64649  37.290  -28.627  48.378 0.0000000000
63853  36.885  -29.332  48.194 0.0000000000
61314  37.481  -32.800  48.448 0.0000000000
61330  38.182  -32.661  48.112 0.0000000000
104210  38.748  -33.136  48.348 0.0000000000
61281  31.307  -32.276  51.527 0.0000000000
59706  31.656  -33.639  50.667 0.0000000000
59696  31.223  -34.226  51.019 0.0000000000
58037  30.397  -36.921  51.450 0.0000000000
58036  31.413  -36.779  51.251 0.0000000000
57176  31.765  -37.637  51.278 0.0000000000
56276  32.951  -38.342  51.813 0.0000000000
112277  31.904  -39.073  51.369 0.0000000000
56243  28.737  -38.370  54.036 0.0000000000
56254  28.609  -38.128  52.915 0.0000000000
56255  28.528  -39.017  52.424 0.0000000000
53703  30.575  -42.046  52.036 0.0000000000
53714  30.881  -41.266  51.667 0.0000000000
52899  32.121  -42.467  52.388 0.0000000000
53700  33.158  -41.242  52.546 0.0000000000
40724  25.522  -55.725  59.581 0.0000000000
39824  26.945  -56.327  60.454 0.0000000000
122906  31.771  -31.978  54.286 0.0000000000
61271  31.888  -31.492  52.069 0.0000000000
62199  32.468  -31.119  51.498 0.0000000000
113326  12.216  -59.503  61.859 0.0000000000
105421  11.514  -60.773  62.579 0.0000000000
31333  6.197  -65.926  66.084 0.0000000000
31316  7.461  -66.270  66.883 0.0000000000
30389  6.208  -67.049  67.311 0.0000000000
111739  5.202  -66.987  67.271 0.0000000000
33107  5.428  -62.182  67.471 0.0000000000
33122  4.657  -63.243  65.597 0.0000000000
33109  4.237  -63.163  67.236 0.0000000000
31297  1.380  -65.766  68.751 0.0000000000
31318  2.237  -65.317  67.506 0.0000000000
30384  1.995  -66.621  67.812 0.0000000000
29472  2.939  -67.742  68.198 0.0000000000
29464  1.476  -67.583  68.913 0.0000000000
28553  1.818  -68.521  69.350 0.0000000000
29465  0.823  -67.445  69.701 0.0000000000
29430  0.348  -66.721  72.703 0.0000000000
29439  0.168  -67.649  71.956 0.0000000000
29431  -0.075  -67.439  72.964 0.0000000000
27524  -0.415  -69.144  72.747 0.0000000000
29423  -0.434  -67.165  73.704 0.0000000000
42632  25.057  -53.405  59.347 0.0000000000
42631  25.927  -53.513  58.929 0.0000000000
124629  25.200  -53.432  58.396 0.0000000000
41708  25.610  -54.177  57.770 0.0000000000
42664  24.310  -53.449  57.443 0.0000000000
43704  21.917  -52.081  57.716 0.0000000000
42650  22.687  -53.371  57.905 0.0000000000
42634  21.910  -52.692  59.261 0.0000000000
47453  17.419  -48.920  58.596 0.0000000000
46590  18.743  -49.111  58.173 0.0000000000
103534  17.874  -50.550  58.162 0.0000000000
43644  18.071  -52.099  60.821 0.0000000000
58894  34.375  -35.594  51.260 0.0000000000
58893  35.404  -35.602  51.296 0.0000000000
58021  35.596  -36.531  52.389 0.0000000000
51983  24.127  -42.998  56.992 0.0000000000
52879  24.255  -42.613  55.344 0.0000000000
51091  24.282  -44.063  55.219 0.0000000000
107605  28.511  -48.806  56.409 0.0000000000
47473  27.336  -47.859  56.518 0.0000000000
47499  28.867  -48.432  55.746 0.0000000000
49171  30.481  -46.370  57.260 0.0000000000
49182  28.455  -46.142  55.792 0.0000000000
50129  29.316  -45.728  56.268 0.0000000000
50131  28.325  -45.476  55.380 0.0000000000
51068  30.150  -45.174  56.747 0.0000000000
51981  30.598  -44.783  57.092 0.0000000000
40705  29.647  -55.569  61.390 0.0000000000
64665  41.253  -28.615  43.549 0.0000000000
63861  38.523  -29.745  46.699 0.0000000000
63860  38.867  -29.168  46.242 0.0000000000
116026  39.192  -29.879  46.188 0.0000000000
106109  42.024  -31.411  45.484 0.0000000000
62254  43.457  -31.833  45.185 0.0000000000
107109  14.312  -53.464  61.690 0.0000000000
40710  12.662  -55.057  61.155 0.0000000000
60477  37.385  -33.519  49.023 0.0000000000
60462  38.444  -34.387  49.885 0.0000000000
59699  37.914  -34.768  50.279 0.0000000000
45656  29.665  -50.777  58.557 0.0000000000
117513  29.809  -51.006  57.711 0.0000000000
43700  30.004  -52.141  57.644 0.0000000000
42642  31.002  -53.017  58.186 0.0000000000
42627  31.220  -53.324  59.224 0.0000000000
103073  35.538  -29.515  52.390 0.0000000000
63014  34.935  -29.558  51.264 0.0000000000
63018  34.995  -29.662  49.985 0.0000000000
63024  35.370  -30.128  49.009 0.0000000000
63031  36.681  -30.271  48.160 0.0000000000
61333  35.997  -31.741  48.327 0.0000000000
118958  36.834  -32.876  48.705 0.0000000000
26513  0.348  -70.867  72.199 0.0000000000
60427  30.315  -33.272  53.436 0.0000000000
59697  30.478  -33.785  51.627 0.0000000000
60428  29.867  -33.875  53.155 0.0000000000
58889  29.586  -35.790  52.326 0.0000000000
58038  29.597  -37.131  51.729 0.0000000000
104193  27.578  -39.986  52.710 0.0000000000
55382  28.498  -39.876  51.980 0.0000000000
53717  28.432  -41.373  52.019 0.0000000000
52901  30.130  -42.963  52.268 0.0000000000
52031  31.409  -44.017  53.006 0.0000000000
52019  32.011  -44.738  54.508 0.0000000000
103862  32.146  -44.872  55.433 0.0000000000
39814  24.420  -55.962  61.883 0.0000000000
34999  9.750  -60.885  61.668 0.0000000000
34962  10.903  -61.371  62.656 0.0000000000
34073  9.623  -62.028  62.435 0.0000000000
34043  9.628  -63.091  63.622 0.0000000000
33137  9.634  -64.076  65.024 0.0000000000
32262  7.119  -65.088  65.049 0.0000000000
31350  5.566  -65.390  65.320 0.0000000000
107454  3.502  -63.448  68.644 0.0000000000
32189  2.561  -64.117  69.788 0.0000000000
31288  1.141  -65.511  69.971 0.0000000000
30376  0.732  -66.501  69.981 0.0000000000
31279  1.132  -65.345  71.119 0.0000000000
30349  1.022  -65.247  72.743 0.0000000000
30342  0.794  -65.269  73.408 0.0000000000
43671  23.759  -52.311  59.129 0.0000000000
43688  23.736  -52.357  57.780 0.0000000000
44694  23.036  -51.603  57.713 0.0000000000
44708  22.025  -50.819  57.537 0.0000000000
44709  21.068  -50.546  57.858 0.0000000000
117795  16.145  -53.186  58.102 0.0000000000
43674  17.368  -52.194  58.803 0.0000000000
41664  16.624  -54.184  59.904 0.0000000000
57145  34.893  -37.936  52.926 0.0000000000
50102  25.297  -45.313  57.868 0.0000000000
47469  32.345  -48.900  57.331 0.0000000000
48339  31.261  -48.014  56.619 0.0000000000
48330  32.366  -48.058  57.792 0.0000000000
48313  31.916  -47.204  58.117 0.0000000000
65491  40.756  -27.513  45.996 0.0000000000
119023  -2.371  -69.806  74.399 0.0000000000
56241  30.185  -37.673  55.494 0.0000000000
103492  28.824  -38.709  54.559 0.0000000000
54494  27.734  -39.517  53.556 0.0000000000
54495  26.998  -40.167  53.064 0.0000000000
53694  26.328  -40.898  53.045 0.0000000000
52035  26.828  -43.177  52.737 0.0000000000
39816  14.511  -56.936  61.140 0.0000000000
38928  13.881  -58.051  62.637 0.0000000000
38940  13.779  -57.460  60.824 0.0000000000
37945  12.618  -58.032  60.517 0.0000000000
36932  11.624  -58.896  60.773 0.0000000000
39817  11.566  -56.032  61.214 0.0000000000
38943  10.583  -57.910  60.852 0.0000000000
116613  10.471  -59.063  60.907 0.0000000000
36908  9.228  -59.836  61.748 0.0000000000
35862  8.653  -60.253  62.321 0.0000000000
35849  7.811  -60.350  63.743 0.0000000000
47438  20.171  -48.128  59.931 0.0000000000
47430  19.377  -47.890  60.665 0.0000000000
46568  17.874  -48.780  59.989 0.0000000000
114295  16.216  -49.891  58.579 0.0000000000
45639  16.582  -50.523  60.874 0.0000000000
45649  15.769  -50.741  59.521 0.0000000000
43693  15.512  -52.212  58.116 0.0000000000
42653  14.999  -53.749  58.102 0.0000000000
40745  15.149  -55.604  59.442 0.0000000000
49144  27.948  -46.990  59.612 0.0000000000
49145  27.470  -46.493  59.395 0.0000000000
48297  28.236  -47.710  58.942 0.0000000000
47471  29.052  -49.365  56.994 0.0000000000
46613  30.040  -49.435  56.139 0.0000000000
45667  30.240  -50.857  57.170 0.0000000000
45679  31.694  -50.634  57.101 0.0000000000
46600  32.201  -49.541  57.142 0.0000000000
45665  32.806  -50.164  58.696 0.0000000000
45643  33.340  -50.491  60.416 0.0000000000
65478  38.522  -27.651  48.026 0.0000000000
63856  37.888  -29.513  47.207 0.0000000000
63038  38.222  -30.376  47.169 0.0000000000
62222  37.498  -31.103  47.821 0.0000000000
110314  38.051  -30.948  47.576 0.0000000000
110465  33.203  -33.229  49.987 0.0000000000
118321  33.762  -34.078  50.122 0.0000000000
59704  33.028  -34.163  50.287 0.0000000000
58903  32.971  -34.826  50.653 0.0000000000
58033  33.641  -36.117  51.487 0.0000000000
58897  30.935  -35.066  51.223 0.0000000000
58035  32.224  -36.450  51.217 0.0000000000
58034  33.006  -36.779  51.547 0.0000000000
56265  33.697  -38.502  52.207 0.0000000000
55378  34.458  -39.439  52.895 0.0000000000
57133  29.403  -36.845  54.253 0.0000000000
57162  28.998  -37.505  52.147 0.0000000000
56280  29.645  -38.467  51.571 0.0000000000
55396  29.264  -39.960  51.656 0.0000000000
105128  30.650  -39.783  51.365 0.0000000000
120686  31.187  -39.197  51.301 0.0000000000
54501  32.798  -40.568  52.096 0.0000000000
40759  27.792  -54.979  58.357 0.0000000000
40740  28.229  -55.234  58.975 0.0000000000
40722  27.320  -55.783  59.819 0.0000000000
39810  28.225  -56.518  61.466 0.0000000000
62192  33.156  -30.558  52.105 0.0000000000
62206  32.609  -31.545  50.571 0.0000000000
34935  6.750  -60.933  64.672 0.0000000000
123264  6.914  -60.777  66.638 0.0000000000
34029  5.883  -62.272  64.663 0.0000000000
33139  5.017  -63.578  64.813 0.0000000000
32265  4.462  -64.532  65.255 0.0000000000
31335  4.191  -65.715  66.006 0.0000000000
32234  2.672  -64.652  67.199 0.0000000000
30401  3.028  -66.000  66.717 0.0000000000
30400  3.707  -66.239  66.538 0.0000000000
29477  3.582  -67.405  67.692 0.0000000000
28551  3.975  -68.577  69.319 0.0000000000
27543  1.396  -69.935  71.007 0.0000000000
29454  0.553  -67.824  70.459 0.0000000000
27551  0.774  -69.323  70.887 0.0000000000
27544  0.565  -69.786  71.321 0.0000000000
27535  -0.183  -70.114  72.347 0.0000000000
27525  -0.762  -69.835  73.116 0.0000000000
27514  -1.341  -69.281  73.892 0.0000000000
28508  -1.042  -67.294  74.409 0.0000000000
28509  -1.424  -67.697  74.631 0.0000000000
27515  -1.859  -69.701  74.267 0.0000000000
42646  27.794  -53.309  57.961 0.0000000000
42629  27.329  -53.345  58.429 0.0000000000
114952  27.081  -54.175  57.841 0.0000000000
41707  26.382  -54.484  57.898 0.0000000000
40761  25.461  -55.271  58.472 0.0000000000
40743  24.666  -55.374  58.991 0.0000000000
42665  23.639  -53.271  57.283 0.0000000000
41678  23.471  -54.647  58.886 0.0000000000
115265  23.825  -55.332  60.383 0.0000000000
47450  19.937  -48.400  58.814 0.0000000000
122340  20.363  -50.254  58.056 0.0000000000
109525  20.569  -51.170  58.895 0.0000000000
43659  18.033  -51.767  59.723 0.0000000000
44673  19.543  -51.537  60.307 0.0000000000
44685  20.482  -51.684  59.982 0.0000000000
59694  34.887  -35.042  50.728 0.0000000000
53679  24.849  -41.096  55.020 0.0000000000
52887  24.819  -42.408  54.072 0.0000000000
120167  26.662  -43.884  53.246 0.0000000000
49161  26.653  -46.413  58.304 0.0000000000
49174  26.225  -46.765  56.807 0.0000000000
49175  25.764  -46.299  56.408 0.0000000000
48347  28.834  -47.645  55.619 0.0000000000
49193  27.567  -46.674  55.518 0.0000000000
50144  25.227  -45.405  55.309 0.0000000000
51089  25.672  -44.994  54.661 0.0000000000
103554  27.735  -45.192  54.483 0.0000000000
52022  28.171  -45.116  54.057 0.0000000000
103623  30.046  -45.088  55.774 0.0000000000
41661  29.671  -54.817  59.828 0.0000000000
41660  30.341  -54.448  60.190 0.0000000000
108051  31.409  -53.653  61.022 0.0000000000
42568  32.013  -54.219  62.951 0.0000000000
108317  32.365  -52.979  61.835 0.0000000000
64675  42.564  -27.964  42.751 0.0000000000
65492  39.881  -27.952  45.913 0.0000000000
63874  39.921  -28.983  44.902 0.0000000000
63053  40.485  -30.439  45.543 0.0000000000
63067  40.801  -29.867  44.710 0.0000000000
63886  41.085  -29.330  43.910 0.0000000000
118837  41.868  -29.802  43.770 0.0000000000
63076  43.462  -29.963  43.268 0.0000000000
60466  34.186  -33.611  49.827 0.0000000000
42645  28.348  -53.608  57.838 0.0000000000
62214  33.831  -31.844  49.517 0.0000000000
26506  -1.235  -70.599  73.565 0.0000000000
52034  28.565  -43.864  52.721 0.0000000000
104964  28.784  -44.730  53.575 0.0000000000
34965  7.580  -61.863  62.947 0.0000000000
112136  7.780  -62.497  62.943 0.0000000000
34061  7.084  -62.487  63.348 0.0000000000
33172  6.900  -63.219  63.563 0.0000000000
45646  22.246  -49.623  60.480 0.0000000000
108089  15.246  -56.469  61.471 0.0000000000
40709  15.886  -55.852  61.700 0.0000000000
50093  27.083  -45.963  59.702 0.0000000000
41666  13.363  -54.655  59.899 0.0000000000
40729  13.111  -55.407  59.763 0.0000000000
119339  12.703  -55.448  60.380 0.0000000000
41646  13.805  -54.118  60.742 0.0000000000
41681  13.538  -54.900  59.233 0.0000000000
47447  29.758  -49.314  58.788 0.0000000000
46575  29.951  -49.661  59.077 0.0000000000
43681  32.066  -52.047  58.606 0.0000000000
44668  32.562  -51.661  60.083 0.0000000000
116371  32.253  -52.329  60.451 0.0000000000
64636  36.693  -28.448  50.002 0.0000000000
63845  36.740  -28.667  49.016 0.0000000000
63854  36.424  -29.375  48.668 0.0000000000
61313  38.273  -33.394  48.762 0.0000000000
61312  39.130  -33.662  48.879 0.0000000000
26511  2.146  -70.980  72.289 0.0000000000
60450  31.072  -33.213  51.156 0.0000000000
56277  32.192  -38.339  51.412 0.0000000000
56278  31.264  -38.418  51.294 0.0000000000
55368  28.409  -38.859  53.459 0.0000000000
52895  31.974  -43.276  52.708 0.0000000000
53702  31.462  -41.880  52.048 0.0000000000
39826  25.238  -55.927  60.614 0.0000000000
39825  26.070  -56.211  60.469 0.0000000000
61272  31.248  -32.074  52.804 0.0000000000
118545  32.193  -31.352  53.277 0.0000000000
35890  11.626  -59.795  61.608 0.0000000000
115490  12.000  -60.010  62.419 0.0000000000
113863  11.276  -60.395  61.862 0.0000000000
31317  6.634  -66.486  66.749 0.0000000000
33108  4.803  -62.715  67.301 0.0000000000
31307  1.771  -65.919  67.926 0.0000000000
30385  1.503  -66.650  68.375 0.0000000000
29473  2.072  -67.338  68.189 0.0000000000
122174  1.234  -68.039  69.417 0.0000000000
43655  24.374  -53.052  59.855 0.0000000000
42649  24.819  -53.418  57.816 0.0000000000
43687  24.298  -52.951  57.526 0.0000000000
43689  21.700  -52.213  58.403 0.0000000000
42651  22.172  -52.827  58.198 0.0000000000
116071  21.298  -52.199  59.985 0.0000000000
45683  16.880  -50.738  57.764 0.0000000000
45672  17.323  -50.199  57.890 0.0000000000
44698  17.212  -50.988  57.843 0.0000000000
112460  34.394  -36.231  51.738 0.0000000000
58887  35.090  -36.079  51.829 0.0000000000
51982  24.453  -43.674  57.636 0.0000000000
51070  24.093  -43.902  56.742 0.0000000000
51996  23.982  -43.417  55.936 0.0000000000
51079  24.149  -44.457  56.006 0.0000000000
47487  30.009  -48.771  55.949 0.0000000000
49160  30.731  -45.930  58.187 0.0000000000
49172  29.835  -46.041  56.759 0.0000000000
50115  30.342  -45.547  57.671 0.0000000000
50117  29.650  -45.407  56.358 0.0000000000
50100  30.472  -45.117  57.916 0.0000000000
51052  30.523  -44.846  57.573 0.0000000000
65503  41.000  -28.175  44.012 0.0000000000
63044  38.947  -30.537  46.747 0.0000000000
63043  39.772  -30.677  46.271 0.0000000000
41624  13.912  -53.184  62.581 0.0000000000
41625  13.555  -53.945  61.912 0.0000000000
117109  36.911  -33.920  49.469 0.0000000000
60463  37.620  -34.228  49.623 0.0000000000
119220  37.434  -35.104  50.648 0.0000000000
44682  29.293  -51.326  59.015 0.0000000000
44693  29.498  -51.608  57.867 0.0000000000
43684  29.377  -52.581  57.828 0.0000000000
41691  29.847  -54.112  58.524 0.0000000000
123599  30.423  -53.298  58.028 0.0000000000
42643  30.518  -53.710  58.639 0.0000000000
42628  30.758  -53.905  59.684 0.0000000000
63016  33.634  -30.210  51.647 0.0000000000
63015  34.117  -29.938  51.233 0.0000000000
63025  34.671  -30.559  49.337 0.0000000000
63032  36.018  -30.741  48.416 0.0000000000
60479  35.464  -33.065  49.202 0.0000000000
61315  36.112  -32.562  48.676 0.0000000000
60420  30.671  -33.401  54.323 0.0000000000
114905  30.153  -33.894  53.962 0.0000000000
58869  29.527  -35.289  53.289 0.0000000000
58899  29.929  -36.319  51.703 0.0000000000
58024  29.309  -36.662  52.255 0.0000000000
54503  27.636  -40.790  52.298 0.0000000000
54502  28.269  -40.585  52.012 0.0000000000
52044  29.298  -43.372  52.448 0.0000000000
52902  29.421  -42.620  52.200 0.0000000000
52042  30.651  -43.673  52.584 0.0000000000
52032  30.416  -44.390  53.142 0.0000000000
52005  31.274  -45.053  55.165 0.0000000000
103889  31.354  -44.618  56.227 0.0000000000
60426  30.932  -32.691  53.790 0.0000000000
34980  10.170  -61.377  62.009 0.0000000000
33170  8.677  -63.292  63.272 0.0000000000
33154  9.147  -63.758  64.090 0.0000000000
33138  8.687  -64.428  64.599 0.0000000000
32278  7.643  -64.542  64.308 0.0000000000
32279  6.564  -64.394  64.199 0.0000000000
32263  6.026  -64.882  64.781 0.0000000000
31349  6.409  -65.483  65.364 0.0000000000
31278  2.227  -63.985  70.803 0.0000000000
31287  1.831  -64.652  70.130 0.0000000000
107912  1.563  -64.796  70.745 0.0000000000
112231  1.609  -64.570  71.486 0.0000000000
44672  22.897  -51.246  60.215 0.0000000000
44671  23.342  -51.874  60.029 0.0000000000
118791  23.320  -51.692  58.335 0.0000000000
45657  22.756  -50.975  58.353 0.0000000000
46576  21.832  -49.888  58.260 0.0000000000
45668  22.196  -50.488  57.955 0.0000000000
45669  21.738  -50.264  57.848 0.0000000000
119207  21.641  -50.855  57.637 0.0000000000
41679  16.193  -54.455  59.052 0.0000000000
42636  16.589  -53.590  58.877 0.0000000000
113497  24.919  -44.329  58.205 0.0000000000
47446  32.781  -48.784  58.090 0.0000000000
48284  33.592  -47.390  59.829 0.0000000000
48312  32.524  -47.492  58.514 0.0000000000
48295  32.956  -47.272  59.246 0.0000000000
26502  -2.795  -70.238  74.235 0.0000000000
56242  29.441  -38.201  54.939 0.0000000000
54483  28.295  -39.107  54.566 0.0000000000
124155  26.234  -42.078  52.850 0.0000000000
39827  14.036  -56.810  60.117 0.0000000000
38951  12.266  -57.515  60.121 0.0000000000
37946  11.930  -58.268  60.428 0.0000000000
38952  11.556  -57.859  60.343 0.0000000000
40698  12.002  -55.221  61.618 0.0000000000
40711  12.173  -55.709  60.693 0.0000000000
38930  10.241  -57.787  61.597 0.0000000000
38929  10.712  -57.210  61.244 0.0000000000
37940  10.216  -58.539  61.075 0.0000000000
36907  9.915  -59.315  61.333 0.0000000000
123164  9.367  -59.087  61.942 0.0000000000
36894  8.953  -58.591  63.404 0.0000000000
36895  8.826  -59.327  62.644 0.0000000000
35848  8.289  -59.914  63.251 0.0000000000
35863  8.130  -60.687  62.848 0.0000000000
47429  20.379  -48.066  61.109 0.0000000000
47421  19.520  -47.850  61.734 0.0000000000
108738  17.427  -49.234  60.529 0.0000000000
46558  18.002  -48.833  60.905 0.0000000000
46569  17.071  -49.185  59.708 0.0000000000
46570  16.563  -49.784  59.768 0.0000000000
43661  15.031  -52.021  59.641 0.0000000000
44675  15.481  -51.340  59.772 0.0000000000
43676  14.875  -52.216  58.642 0.0000000000
44688  15.348  -51.407  58.735 0.0000000000
42652  15.475  -53.073  57.938 0.0000000000
40746  14.339  -55.573  59.109 0.0000000000
39835  14.633  -56.144  59.757 0.0000000000
39815  14.888  -56.410  60.568 0.0000000000
48296  28.831  -48.325  59.200 0.0000000000
46587  29.613  -49.670  57.670 0.0000000000
46602  29.731  -49.743  56.623 0.0000000000
46601  30.451  -49.868  56.453 0.0000000000
44706  30.235  -51.502  57.506 0.0000000000
113232  31.168  -51.248  57.349 0.0000000000
44691  32.389  -51.404  58.278 0.0000000000
44705  32.133  -51.101  57.533 0.0000000000
45691  31.670  -49.908  56.774 0.0000000000
45678  32.301  -50.237  57.422 0.0000000000
115275  32.692  -50.037  58.024 0.0000000000
123967  32.978  -51.191  60.507 0.0000000000
45653  33.072  -50.317  59.503 0.0000000000
63013  36.545  -29.103  52.379 0.0000000000
65469  38.594  -27.324  49.097 0.0000000000
64648  37.812  -27.920  48.634 0.0000000000
63857  37.389  -29.212  47.718 0.0000000000
62221  38.295  -31.815  47.671 0.0000000000
104980  39.154  -31.975  47.409 0.0000000000
60467  32.304  -33.450  50.309 0.0000000000
59705  32.170  -34.397  50.609 0.0000000000
58895  33.344  -35.427  51.023 0.0000000000
113353  30.325  -34.635  51.670 0.0000000000
122142  30.729  -34.427  51.336 0.0000000000
112775  32.210  -37.050  51.291 0.0000000000
57161  33.574  -37.612  51.978 0.0000000000
55393  33.127  -39.105  52.012 0.0000000000
55379  33.837  -39.284  52.417 0.0000000000
57994  29.844  -36.366  54.936 0.0000000000
57146  29.038  -37.173  53.086 0.0000000000
57179  29.359  -37.795  51.757 0.0000000000
54517  28.883  -40.640  51.790 0.0000000000
54516  29.614  -40.660  51.582 0.0000000000
54515  30.377  -40.607  51.482 0.0000000000
55395  31.602  -39.817  51.412 0.0000000000
54513  32.037  -40.565  51.644 0.0000000000
105393  27.002  -55.257  58.608 0.0000000000
40741  27.574  -55.403  59.099 0.0000000000
109363  26.935  -55.562  59.250 0.0000000000
39811  27.377  -56.652  61.210 0.0000000000
63008  33.860  -30.194  52.565 0.0000000000
61280  31.948  -31.862  50.996 0.0000000000
61297  33.136  -32.158  49.952 0.0000000000
38941  13.547  -57.987  61.534 0.0000000000
37922  13.513  -58.837  62.992 0.0000000000
34963  10.922  -61.900  63.536 0.0000000000
35834  7.557  -60.028  64.832 0.0000000000
34004  5.933  -61.655  67.089 0.0000000000
34015  6.507  -61.185  66.592 0.0000000000
34028  6.279  -61.377  65.276 0.0000000000
34017  5.266  -62.657  65.339 0.0000000000
33123  4.198  -63.644  65.861 0.0000000000
33140  4.471  -63.888  65.276 0.0000000000
31352  3.848  -64.989  65.652 0.0000000000
32218  2.875  -64.001  68.016 0.0000000000
114739  2.400  -66.140  67.261 0.0000000000
31337  2.726  -65.371  66.786 0.0000000000
30391  3.188  -66.632  67.118 0.0000000000
30390  4.182  -66.896  67.194 0.0000000000
29462  3.240  -68.256  68.781 0.0000000000
110705  1.703  -69.014  69.969 0.0000000000
27549  2.042  -69.605  70.430 0.0000000000
27542  2.414  -70.178  71.127 0.0000000000
29446  0.565  -66.634  71.151 0.0000000000
30368  0.547  -66.980  70.488 0.0000000000
29447  0.410  -67.321  71.153 0.0000000000
28537  0.257  -68.806  71.408 0.0000000000
120642  0.327  -70.215  71.807 0.0000000000
29415  -0.672  -66.607  74.479 0.0000000000
29405  -0.750  -66.435  74.918 0.0000000000
27502  -1.717  -68.609  74.496 0.0000000000
27503  -2.190  -68.989  74.689 0.0000000000
43686  27.938  -52.980  58.590 0.0000000000
107911  26.308  -53.581  58.492 0.0000000000
42630  26.742  -53.433  58.839 0.0000000000
42647  26.689  -53.659  58.242 0.0000000000
107206  27.218  -53.697  57.927 0.0000000000
41709  24.754  -54.084  57.558 0.0000000000
40774  25.105  -54.689  57.884 0.0000000000
40762  24.702  -55.028  58.304 0.0000000000
40763  24.101  -54.937  58.527 0.0000000000
43702  23.200  -52.206  57.321 0.0000000000
43701  23.768  -52.821  57.276 0.0000000000
116700  23.279  -52.737  57.252 0.0000000000
42633  22.478  -53.504  58.763 0.0000000000
117961  23.091  -53.981  58.430 0.0000000000
41662  23.350  -54.756  59.849 0.0000000000
41663  22.768  -54.251  60.309 0.0000000000
45671  18.338  -49.890  58.077 0.0000000000
45670  19.490  -49.795  58.140 0.0000000000
44697  19.965  -50.491  58.539 0.0000000000
44659  19.397  -51.797  61.064 0.0000000000
44660  18.766  -51.718  60.533 0.0000000000
59703  34.529  -34.385  50.219 0.0000000000
54476  25.450  -40.304  55.568 0.0000000000
107669  24.864  -40.992  55.845 0.0000000000
52011  24.708  -43.700  54.565 0.0000000000
52025  25.204  -43.295  53.891 0.0000000000
52036  25.938  -43.216  53.147 0.0000000000
52024  26.083  -44.034  53.709 0.0000000000
48298  27.420  -47.069  58.512 0.0000000000
49146  27.061  -46.288  58.995 0.0000000000
48333  27.247  -47.708  57.344 0.0000000000
48342  27.165  -47.509  56.028 0.0000000000
48334  26.793  -47.395  56.676 0.0000000000
48343  26.561  -46.997  56.135 0.0000000000
124404  26.179  -46.648  56.264 0.0000000000
48341  29.596  -47.817  55.819 0.0000000000
49180  30.141  -47.033  56.304 0.0000000000
49194  26.909  -46.175  55.440 0.0000000000
50143  26.204  -45.673  55.202 0.0000000000
50142  27.310  -45.606  55.179 0.0000000000
51087  28.561  -45.369  55.203 0.0000000000
52008  28.682  -45.276  54.907 0.0000000000
52007  29.302  -45.211  54.803 0.0000000000
51980  30.980  -44.225  57.438 0.0000000000
40739  28.876  -55.185  59.478 0.0000000000
40720  29.258  -55.323  60.436 0.0000000000
40704  30.243  -55.090  61.412 0.0000000000
40719  29.935  -54.947  60.731 0.0000000000
105725  30.567  -54.602  61.069 0.0000000000
41659  30.907  -54.024  60.636 0.0000000000
41639  31.222  -54.226  61.574 0.0000000000
42588  31.740  -54.074  62.233 0.0000000000
64664  41.944  -28.396  42.996 0.0000000000
65511  42.311  -27.639  43.295 0.0000000000
63896  42.748  -28.610  42.653 0.0000000000
104924  39.281  -28.569  45.980 0.0000000000
64656  39.838  -28.591  45.314 0.0000000000
63051  42.205  -30.883  44.808 0.0000000000
63052  41.374  -30.679  45.114 0.0000000000
63873  40.398  -29.116  44.439 0.0000000000
60464  36.158  -33.886  49.651 0.0000000000
124153  28.986  -53.289  57.894 0.0000000000
62213  34.533  -31.507  49.081 0.0000000000
59655  30.087  -34.488  54.531 0.0000000000
58868  29.743  -35.150  54.347 0.0000000000
58010  29.597  -35.946  54.184 0.0000000000
52903  28.414  -42.329  52.253 0.0000000000
52045  28.605  -43.066  52.430 0.0000000000
34982  8.612  -61.673  62.323 0.0000000000
34074  8.863  -62.156  62.400 0.0000000000
34075  8.208  -62.078  62.616 0.0000000000
33157  6.309  -63.606  63.926 0.0000000000
44684  22.688  -50.674  59.438 0.0000000000
46565  22.326  -49.894  59.639 0.0000000000
121104  21.989  -49.607  58.948 0.0000000000
46577  21.445  -49.248  58.633 0.0000000000
107295  15.920  -55.439  60.710 0.0000000000
47435  33.557  -48.869  59.694 0.0000000000
112605  33.795  -49.006  60.534 0.0000000000
54474  26.966  -39.463  55.156 0.0000000000
53678  25.445  -40.566  54.469 0.0000000000
39837  13.409  -56.698  59.760 0.0000000000
40748  13.249  -56.157  59.668 0.0000000000
39828  12.215  -56.880  59.939 0.0000000000
39802  11.265  -55.628  62.063 0.0000000000
39788  10.608  -56.201  62.438 0.0000000000
38918  9.821  -57.719  62.475 0.0000000000
46559  17.385  -49.402  61.347 0.0000000000
107064  15.547  -52.396  61.537 0.0000000000
44662  15.895  -51.892  61.175 0.0000000000
43662  14.668  -52.760  60.274 0.0000000000
42637  14.201  -53.555  58.954 0.0000000000
42654  14.520  -53.782  58.526 0.0000000000
41680  14.090  -54.413  58.858 0.0000000000
40765  13.888  -55.071  58.949 0.0000000000
47437  29.387  -48.879  59.402 0.0000000000
43682  31.536  -52.401  58.184 0.0000000000
45654  32.718  -50.884  58.895 0.0000000000
44680  32.484  -51.548  59.165 0.0000000000
44654  32.794  -51.775  61.051 0.0000000000
63842  35.622  -29.137  50.752 0.0000000000
63840  36.883  -28.339  50.980 0.0000000000
109353  37.317  -28.257  49.095 0.0000000000
61331  37.490  -32.063  47.954 0.0000000000
110738  39.394  -33.295  48.262 0.0000000000
61299  31.708  -32.778  50.714 0.0000000000
103567  30.761  -36.045  51.365 0.0000000000
112182  32.535  -38.918  51.629 0.0000000000
57134  28.995  -37.707  54.059 0.0000000000
55381  29.033  -39.159  51.795 0.0000000000
53715  30.063  -41.329  51.674 0.0000000000
53713  31.596  -41.148  51.723 0.0000000000
53701  32.327  -41.442  52.102 0.0000000000
40723  26.494  -55.855  59.770 0.0000000000
39812  26.559  -56.652  61.181 0.0000000000
102529  32.757  -31.308  54.263 0.0000000000
37931  12.581  -58.970  61.618 0.0000000000
36906  12.775  -59.333  62.511 0.0000000000
35860  12.180  -60.498  63.273 0.0000000000
31332  7.156  -65.779  65.964 0.0000000000
122849  6.856  -66.109  66.470 0.0000000000
31305  7.139  -66.930  67.473 0.0000000000
30382  6.647  -67.337  68.137 0.0000000000
29470  5.489  -67.952  68.512 0.0000000000
119270  5.477  -62.145  66.468 0.0000000000
33121  4.978  -62.634  66.404 0.0000000000
106392  4.403  -63.160  66.451 0.0000000000
33124  3.754  -63.724  66.563 0.0000000000
31306  1.899  -65.166  68.282 0.0000000000
32219  2.346  -64.682  67.903 0.0000000000
29463  2.390  -68.069  68.743 0.0000000000
28544  2.493  -69.105  69.934 0.0000000000
28545  1.059  -68.438  69.922 0.0000000000
28530  -0.100  -68.459  72.397 0.0000000000
28523  -0.457  -68.108  73.266 0.0000000000
28517  -0.845  -67.690  73.944 0.0000000000
28500  -1.991  -67.556  75.208 0.0000000000
42648  25.755  -53.703  58.038 0.0000000000
108988  25.016  -53.770  57.696 0.0000000000
42667  22.454  -52.771  57.629 0.0000000000
42622  22.374  -53.553  59.808 0.0000000000
47452  18.117  -48.636  58.560 0.0000000000
47451  19.004  -48.404  58.596 0.0000000000
46591  17.791  -49.314  58.156 0.0000000000
42610  17.514  -52.923  61.075 0.0000000000
120960  18.181  -52.487  61.698 0.0000000000
52865  24.412  -42.017  57.168 0.0000000000
52871  24.189  -42.341  56.268 0.0000000000
53680  24.492  -41.709  55.604 0.0000000000
52012  24.254  -43.355  55.088 0.0000000000
121299  24.871  -44.385  54.699 0.0000000000
47472  27.795  -48.330  56.874 0.0000000000
47488  27.893  -48.106  56.026 0.0000000000
48348  28.300  -47.804  55.677 0.0000000000
49170  31.215  -46.786  57.683 0.0000000000
50130  28.924  -45.582  55.842 0.0000000000
51077  29.423  -45.436  55.934 0.0000000000
51994  30.127  -45.166  56.303 0.0000000000
40706  28.781  -55.845  61.015 0.0000000000
40691  30.333  -55.477  61.991 0.0000000000
41615  30.852  -55.298  62.401 0.0000000000
65512  41.549  -28.028  43.545 0.0000000000
64654  38.315  -28.949  46.817 0.0000000000
122717  38.817  -28.558  46.522 0.0000000000
63054  39.773  -29.950  45.707 0.0000000000
123344  42.681  -31.482  45.139 0.0000000000
63065  42.445  -30.448  44.101 0.0000000000
62264  43.014  -31.136  44.584 0.0000000000
123415  13.149  -54.477  61.320 0.0000000000
40697  12.691  -54.465  62.087 0.0000000000
44647  15.998  -52.194  62.233 0.0000000000
43646  15.085  -53.014  61.403 0.0000000000
59700  36.956  -34.562  50.043 0.0000000000
106934  29.925  -50.307  58.108 0.0000000000
43683  30.237  -52.813  57.741 0.0000000000
42617  31.316  -53.464  60.226 0.0000000000
63019  34.273  -30.085  50.284 0.0000000000
63847  35.664  -29.305  49.673 0.0000000000
63023  36.020  -29.773  48.814 0.0000000000
61332  36.752  -32.271  48.253 0.0000000000
26512  1.291  -71.042  72.115 0.0000000000
61273  30.529  -32.733  52.887 0.0000000000
60435  30.173  -33.354  52.550 0.0000000000
59679  29.977  -34.151  52.339 0.0000000000
58888  29.763  -34.944  52.295 0.0000000000
57178  29.997  -37.672  51.500 0.0000000000
55370  27.949  -40.153  52.261 0.0000000000
103656  29.022  -42.059  52.060 0.0000000000
53704  29.739  -42.034  52.021 0.0000000000
52900  31.218  -42.942  52.345 0.0000000000
115789  31.923  -44.413  53.729 0.0000000000
107889  24.437  -55.751  60.938 0.0000000000
118661  24.995  -56.040  61.339 0.0000000000
35875  10.474  -60.526  61.563 0.0000000000
35874  10.872  -60.929  62.070 0.0000000000
108829  10.307  -61.858  62.664 0.0000000000
34058  10.048  -62.431  63.133 0.0000000000
34059  9.195  -62.655  62.875 0.0000000000
32246  7.875  -65.413  65.719 0.0000000000
31334  5.141  -65.899  65.944 0.0000000000
32203  3.007  -63.728  69.084 0.0000000000
31296  1.787  -64.916  69.247 0.0000000000
30367  0.769  -66.148  70.713 0.0000000000
30359  0.815  -66.015  71.577 0.0000000000
30358  1.174  -65.276  71.996 0.0000000000
30350  0.753  -65.991  72.400 0.0000000000
30343  0.564  -65.968  73.144 0.0000000000
30332  0.285  -65.893  73.798 0.0000000000
44707  22.573  -51.542  57.458 0.0000000000
44695  22.485  -51.065  57.699 0.0000000000
111958  22.059  -51.429  57.510 0.0000000000
43705  21.473  -51.191  57.770 0.0000000000
43690  21.303  -51.510  58.234 0.0000000000
43692  16.093  -52.502  57.965 0.0000000000
43691  16.852  -51.848  57.980 0.0000000000
43675  16.628  -52.727  58.400 0.0000000000
42635  17.002  -52.856  59.179 0.0000000000
42623  17.009  -53.290  60.002 0.0000000000
106312  16.529  -54.735  60.797 0.0000000000
41644  16.966  -53.884  60.929 0.0000000000
57160  34.466  -37.345  52.354 0.0000000000
57159  35.236  -37.127  52.734 0.0000000000
51069  24.534  -44.744  57.052 0.0000000000
47485  31.801  -49.150  56.736 0.0000000000
47470  31.801  -48.420  56.958 0.0000000000
48331  31.630  -47.623  57.287 0.0000000000
48311  32.922  -48.080  58.643 0.0000000000
49159  31.469  -46.355  58.525 0.0000000000
65498  40.450  -27.941  45.215 0.0000000000
62241  40.202  -31.539  46.667 0.0000000000
26498  -2.109  -70.796  74.167 0.0000000000
57132  30.039  -36.979  55.228 0.0000000000
55361  28.316  -39.075  54.022 0.0000000000
53705  26.949  -41.356  52.538 0.0000000000
52904  27.082  -42.305  52.491 0.0000000000
39801  14.909  -56.933  62.157 0.0000000000
38927  14.250  -57.517  61.839 0.0000000000
38950  13.120  -57.385  60.058 0.0000000000
106617  13.192  -57.876  60.745 0.0000000000
37939  12.931  -58.381  61.197 0.0000000000
36931  12.286  -58.658  60.912 0.0000000000
36920  11.968  -59.269  61.244 0.0000000000
36921  11.291  -59.492  61.060 0.0000000000
120628  11.876  -56.475  60.341 0.0000000000
39803  10.949  -56.469  61.662 0.0000000000
39818  11.241  -56.762  60.799 0.0000000000
38942  11.060  -57.483  60.522 0.0000000000
38953  11.025  -58.058  60.522 0.0000000000
36933  10.951  -59.064  60.730 0.0000000000
36922  10.549  -59.688  61.118 0.0000000000
36923  9.805  -60.166  61.469 0.0000000000
35876  9.201  -60.655  61.800 0.0000000000
35877  8.555  -61.039  62.169 0.0000000000
35864  7.686  -61.107  63.291 0.0000000000
46567  21.102  -48.529  60.444 0.0000000000
47422  18.589  -48.073  61.308 0.0000000000
47431  18.482  -48.068  60.257 0.0000000000
47440  18.321  -48.204  59.264 0.0000000000
47441  17.576  -48.657  59.139 0.0000000000
46592  16.869  -49.481  58.291 0.0000000000
45673  16.488  -50.461  57.972 0.0000000000
44661  16.135  -51.147  60.596 0.0000000000
45648  16.287  -50.334  60.117 0.0000000000
45659  16.014  -49.994  59.306 0.0000000000
45660  15.806  -50.539  58.578 0.0000000000
44700  15.950  -51.251  58.017 0.0000000000
41696  15.875  -53.837  58.274 0.0000000000
41697  15.435  -54.488  58.608 0.0000000000
41698  14.691  -54.405  58.562 0.0000000000
40764  14.974  -55.087  58.854 0.0000000000
124311  15.652  -55.401  59.896 0.0000000000
40728  15.320  -55.887  60.189 0.0000000000
48314  28.525  -48.382  58.419 0.0000000000
47449  28.438  -48.750  57.476 0.0000000000
107720  29.321  -49.203  56.131 0.0000000000
46612  30.681  -49.336  56.233 0.0000000000
45680  30.927  -50.377  56.875 0.0000000000
45692  31.024  -49.792  56.469 0.0000000000
46611  31.293  -49.385  56.467 0.0000000000
46585  32.588  -49.499  57.704 0.0000000000
46574  33.156  -49.551  59.202 0.0000000000
46563  33.493  -49.689  59.999 0.0000000000
64652  37.890  -28.535  47.640 0.0000000000
62243  38.685  -31.172  47.268 0.0000000000
121018  31.710  -34.941  50.966 0.0000000000
105433  31.738  -35.768  51.117 0.0000000000
103764  32.738  -35.962  51.208 0.0000000000
58023  33.998  -36.791  51.883 0.0000000000
110862  34.219  -38.002  52.415 0.0000000000
56264  34.356  -38.664  52.656 0.0000000000
113083  30.425  -38.202  51.382 0.0000000000
104779  29.921  -40.070  51.465 0.0000000000
103321  29.792  -39.377  51.482 0.0000000000
56279  30.474  -38.898  51.340 0.0000000000
55394  32.499  -39.717  51.685 0.0000000000
119001  33.438  -40.550  52.486 0.0000000000
105058  27.588  -54.459  57.934 0.0000000000
119402  28.637  -54.826  58.547 0.0000000000
40721  28.090  -55.525  59.698 0.0000000000
39823  27.895  -56.007  60.574 0.0000000000
62198  32.982  -30.737  51.026 0.0000000000
36892  13.191  -59.469  63.470 0.0000000000
109687  7.935  -59.672  64.275 0.0000000000
34947  7.372  -60.640  64.182 0.0000000000
34925  6.746  -60.705  65.911 0.0000000000
34044  6.557  -61.916  64.153 0.0000000000
34030  5.655  -63.176  64.374 0.0000000000
32264  5.153  -64.710  64.926 0.0000000000
31351  4.670  -65.237  65.404 0.0000000000
32232  3.737  -63.444  67.786 0.0000000000
32233  3.178  -64.081  67.108 0.0000000000
32247  3.253  -64.641  66.364 0.0000000000
31336  3.364  -65.487  66.248 0.0000000000
30399  4.651  -66.448  66.504 0.0000000000
29471  4.708  -67.683  67.907 0.0000000000
102892  3.878  -67.972  68.466 0.0000000000
29461  4.799  -68.118  68.922 0.0000000000
26517  1.788  -70.643  71.574 0.0000000000
28546  0.651  -68.626  70.665 0.0000000000
112238  0.363  -68.066  71.097 0.0000000000
26518  0.909  -70.504  71.561 0.0000000000
26514  -0.473  -70.809  72.729 0.0000000000
29414  -0.284  -66.399  74.126 0.0000000000
119157  -0.729  -66.986  74.181 0.0000000000
29416  -1.078  -66.967  74.752 0.0000000000
28518  -1.244  -68.144  74.188 0.0000000000
48286  28.460  -47.812  60.792 0.0000000000
41706  27.705  -53.926  57.769 0.0000000000
41693  27.037  -54.750  58.118 0.0000000000
40760  26.323  -55.088  58.226 0.0000000000
40773  25.780  -54.786  57.954 0.0000000000
41710  24.044  -53.932  57.451 0.0000000000
117525  23.352  -53.692  57.660 0.0000000000
41695  23.729  -54.347  58.053 0.0000000000
40726  23.952  -55.185  59.391 0.0000000000
46578  20.890  -48.621  59.232 0.0000000000
106858  20.640  -49.058  58.277 0.0000000000
46589  19.720  -49.032  58.197 0.0000000000
45682  20.575  -49.801  57.988 0.0000000000
44696  20.796  -50.810  58.140 0.0000000000
43673  17.824  -51.272  58.592 0.0000000000
44674  18.761  -51.246  59.561 0.0000000000
44686  19.704  -50.965  59.428 0.0000000000
59702  35.282  -34.659  50.323 0.0000000000
59693  35.773  -35.190  50.689 0.0000000000
58892  36.342  -35.624  51.324 0.0000000000
107606  26.243  -39.713  55.651 0.0000000000
52878  24.557  -41.999  54.743 0.0000000000
53688  24.933  -41.482  54.098 0.0000000000
52896  25.362  -42.292  53.460 0.0000000000
50101  26.060  -45.869  58.124 0.0000000000
49173  26.694  -47.039  57.540 0.0000000000
104489  26.252  -46.470  57.600 0.0000000000
50118  25.725  -46.121  57.254 0.0000000000
50119  25.126  -45.694  56.717 0.0000000000
48340  30.545  -47.962  56.202 0.0000000000
49181  29.206  -46.781  55.810 0.0000000000
49192  28.296  -47.139  55.504 0.0000000000
49183  26.955  -46.958  55.716 0.0000000000
49184  26.243  -46.394  55.835 0.0000000000
50132  25.431  -45.869  55.830 0.0000000000
51090  24.682  -44.824  55.261 0.0000000000
51088  27.227  -45.312  54.792 0.0000000000
52009  26.523  -44.780  54.206 0.0000000000
52023  27.079  -44.614  53.773 0.0000000000
103002  30.031  -45.084  55.209 0.0000000000
52006  30.591  -44.875  55.904 0.0000000000
119894  30.488  -44.879  56.436 0.0000000000
51993  30.869  -44.518  56.808 0.0000000000
41677  29.425  -54.630  58.927 0.0000000000
41593  31.141  -55.431  63.060 0.0000000000
41614  31.388  -54.759  62.476 0.0000000000
42603  31.809  -53.586  61.686 0.0000000000
42602  31.872  -53.023  60.924 0.0000000000
43636  32.877  -52.284  61.900 0.0000000000
117707  40.141  -27.512  46.543 0.0000000000
64660  40.419  -28.520  44.592 0.0000000000
63865  40.116  -29.555  45.127 0.0000000000
63887  40.729  -28.727  44.019 0.0000000000
116098  41.754  -29.183  43.287 0.0000000000
63077  42.603  -29.804  43.384 0.0000000000
32281  4.871  -64.163  64.821 0.0000000000
37947  11.304  -58.474  60.557 0.0000000000
37948  10.741  -58.553  60.696 0.0000000000
40744  15.634  -55.037  59.263 0.0000000000
41665  13.874  -54.214  59.552 0.0000000000
42666  22.990  -53.051  57.350 0.0000000000
43645  15.307  -52.293  60.748 0.0000000000
43677  14.470  -52.763  59.179 0.0000000000
45681  21.426  -50.357  57.792 0.0000000000
46579  16.978  -48.963  58.934 0.0000000000
46580  16.508  -49.444  59.096 0.0000000000
46584  32.881  -49.467  58.424 0.0000000000
50116  30.121  -45.325  57.015 0.0000000000
52026  24.561  -42.908  54.565 0.0000000000
59664  29.654  -34.503  52.964 0.0000000000
103394  16.201  -51.793  57.875 0.0000000000
