#!ascii label  , from subject sub-v1s0x0050656_ses-1 vox2ras=TkReg
810
68335  14.629  -24.275  3.504 0.2500000000
68334  15.660  -23.981  2.492 0.2500000000
114964  15.629  -24.944  2.468 0.7500000000
106691  14.008  -21.337  3.779 0.2500000000
70737  14.097  -22.105  3.741 0.1250000000
70736  14.494  -21.092  3.372 0.3750000000
69935  14.580  -22.593  3.388 0.2500000000
69135  14.885  -23.459  3.188 0.2500000000
69134  15.710  -23.112  2.312 0.7500000000
68354  16.255  -24.408  2.016 0.8750000000
67521  16.592  -25.173  1.702 0.8750000000
70749  14.873  -21.817  3.149 0.3750000000
69934  15.226  -22.498  2.788 0.8750000000
69147  17.050  -23.525  1.093 1.0000000000
69943  16.433  -22.751  1.504 1.0000000000
68353  16.887  -24.316  1.418 1.0000000000
69148  16.345  -23.675  1.822 0.8750000000
68369  17.945  -24.689  0.541 1.0000000000
71554  15.206  -21.023  2.686 0.7500000000
70748  15.487  -21.757  2.388 0.8750000000
113968  17.300  -22.769  0.702 1.0000000000
114642  16.120  -21.852  1.673 1.0000000000
69161  18.340  -23.483  0.249 1.0000000000
69162  17.732  -23.477  0.467 1.0000000000
112507  18.021  -24.034  0.330 1.0000000000
109644  17.539  -24.172  0.749 1.0000000000
71536  12.938  -20.710  4.546 0.1250000000
71553  15.584  -20.280  2.071 1.0000000000
114265  14.934  -20.273  2.947 0.8750000000
114959  15.779  -21.107  1.887 1.0000000000
111631  18.353  -22.127  0.002 1.0000000000
69948  17.640  -22.062  0.230 1.0000000000
69949  16.835  -21.988  0.924 1.0000000000
70756  16.438  -21.223  1.186 1.0000000000
69947  18.558  -22.896  0.188 1.0000000000
112683  18.031  -22.814  0.189 1.0000000000
114504  19.627  -22.960  1.396 1.0000000000
69160  18.888  -23.428  0.283 1.0000000000
74776  12.030  -16.730  4.862 0.2500000000
71537  13.640  -19.401  3.941 0.3750000000
71535  14.227  -20.150  3.522 0.5000000000
72372  15.288  -19.690  2.512 1.0000000000
72373  14.714  -19.545  3.064 0.6250000000
72385  16.207  -19.953  1.233 1.0000000000
70760  18.742  -21.712  0.327 1.0000000000
70762  17.894  -21.365  -0.142 1.0000000000
71571  17.487  -20.516  0.010 1.0000000000
71568  18.902  -20.895  0.803 1.0000000000
69942  19.209  -22.420  0.827 1.0000000000
70755  19.234  -21.594  1.145 1.0000000000
69933  19.656  -22.163  1.655 1.0000000000
74791  14.042  -16.780  3.800 0.5000000000
73923  13.164  -17.519  4.231 0.3750000000
73166  13.460  -18.248  4.054 0.3750000000
108813  14.158  -18.459  3.527 0.5000000000
73165  15.112  -18.364  2.958 0.8750000000
111349  15.343  -18.973  2.487 1.0000000000
73181  15.583  -18.226  2.175 1.0000000000
72393  16.816  -19.791  0.432 1.0000000000
72386  15.764  -19.410  1.755 1.0000000000
107117  18.341  -19.924  0.085 1.0000000000
72392  17.536  -19.591  -0.036 1.0000000000
71561  19.117  -20.227  1.393 1.0000000000
70747  19.684  -21.353  1.972 0.8750000000
74775  13.570  -16.922  4.073 0.5000000000
73944  14.062  -17.597  3.710 0.5000000000
74790  14.751  -16.815  3.330 0.6250000000
74789  15.399  -16.870  2.692 0.6250000000
73958  15.502  -17.621  2.447 1.0000000000
73998  16.239  -17.510  0.597 1.0000000000
73974  18.735  -17.916  1.302 1.0000000000
73995  17.994  -17.773  0.022 1.0000000000
73219  17.762  -18.385  -0.111 1.0000000000
73220  17.155  -18.284  -0.198 1.0000000000
73199  18.624  -18.657  0.871 1.0000000000
72384  18.449  -19.333  0.413 1.0000000000
72391  18.093  -19.253  -0.062 1.0000000000
73198  19.089  -18.700  1.715 0.8750000000
72383  18.858  -19.432  1.177 1.0000000000
71552  19.634  -20.444  2.244 0.8750000000
75649  15.257  -16.048  2.777 0.8750000000
74835  16.229  -16.246  0.184 1.0000000000
74821  16.028  -16.850  0.820 1.0000000000
114267  18.339  -17.180  0.568 1.0000000000
74832  17.869  -16.308  0.244 1.0000000000
74016  16.916  -17.641  -0.362 1.0000000000
74820  18.423  -16.340  1.271 1.0000000000
110583  19.298  -17.858  2.327 1.0000000000
114014  14.282  -15.885  3.814 0.5000000000
75650  14.712  -15.950  3.411 0.8750000000
107240  15.399  -15.365  1.919 1.0000000000
76587  17.138  -14.125  -0.223 1.0000000000
75689  16.078  -15.458  0.335 1.0000000000
123827  15.602  -15.721  1.505 1.0000000000
76571  17.694  -14.190  1.327 1.0000000000
75675  17.511  -14.930  0.722 1.0000000000
76558  19.253  -14.814  2.675 1.0000000000
76559  18.397  -14.442  2.108 1.0000000000
75674  17.941  -15.615  0.977 1.0000000000
74805  19.608  -16.507  2.871 1.0000000000
75660  18.594  -15.472  1.990 1.0000000000
73942  19.756  -17.263  3.012 0.8750000000
104395  14.691  -10.858  1.647 1.0000000000
78975  13.985  -11.727  2.776 0.3750000000
78983  15.289  -11.588  1.012 0.8750000000
77447  16.012  -13.029  0.219 1.0000000000
77412  18.238  -13.488  1.886 1.0000000000
77426  17.565  -13.389  0.964 1.0000000000
79701  14.937  -9.824  1.491 0.8750000000
110603  15.808  -9.738  0.856 1.0000000000
79700  15.652  -10.566  0.921 1.0000000000
79699  16.665  -10.289  0.746 1.0000000000
78241  16.951  -12.564  0.171 1.0000000000
115606  18.072  -12.665  1.468 1.0000000000
78227  17.855  -12.198  1.175 1.0000000000
115701  18.995  -12.811  2.340 1.0000000000
80380  14.698  -8.817  1.602 0.7500000000
79691  18.501  -10.952  2.151 1.0000000000
79697  17.942  -10.916  1.437 1.0000000000
78974  18.242  -11.638  1.599 1.0000000000
80378  16.223  -9.192  0.817 1.0000000000
79698  17.521  -10.180  1.295 1.0000000000
102531  16.336  -4.302  4.845 0.1250000000
83802  16.937  -4.110  5.289 0.1250000000
83832  15.471  -3.831  3.055 0.2500000000
84485  16.079  -3.545  3.482 0.1250000000
84498  15.627  -3.359  2.483 0.3750000000
84497  16.192  -2.985  2.986 0.2500000000
124152  15.709  -2.815  2.133 0.2500000000
85139  15.759  -2.357  1.418 0.3750000000
84484  16.788  -3.201  3.928 0.2500000000
85115  16.797  -2.526  3.462 0.2500000000
85756  16.776  -1.801  2.946 0.2500000000
85124  16.068  -2.301  2.455 0.2500000000
85774  15.960  -1.483  1.572 0.2500000000
85152  15.878  -1.837  0.645 0.3750000000
85785  15.886  -0.951  0.593 0.2500000000
69124  14.243  -23.858  3.871 0.1250000000
69924  13.682  -22.750  3.962 0.1250000000
68367  19.185  -24.053  0.619 1.0000000000
111468  15.578  -16.157  1.998 0.8750000000
75686  17.479  -15.649  0.205 1.0000000000
68317  14.354  -24.646  3.925 0.1250000000
110251  16.608  -25.991  1.567 0.7500000000
70722  13.769  -22.067  4.024 0.1250000000
66735  17.373  -26.358  0.932 1.0000000000
67531  19.002  -25.027  0.684 1.0000000000
68352  19.447  -24.570  1.052 1.0000000000
73147  13.084  -18.046  4.199 0.2500000000
117319  13.121  -18.652  4.196 0.2500000000
69932  20.043  -22.685  2.235 0.8750000000
72370  19.849  -19.631  2.766 0.8750000000
70746  20.017  -21.093  2.832 0.8750000000
73164  20.045  -18.180  3.200 0.8750000000
78212  14.379  -12.584  3.064 0.1250000000
106342  14.751  -15.025  3.412 0.3750000000
76560  15.186  -14.629  2.054 0.6250000000
75659  19.432  -15.718  2.746 1.0000000000
110471  14.131  -11.137  2.350 0.5000000000
78220  14.318  -12.455  2.288 0.3750000000
77429  14.668  -13.012  1.767 0.8750000000
78218  19.189  -12.163  2.490 1.0000000000
78973  18.891  -11.613  2.317 1.0000000000
121702  15.319  -8.227  1.309 0.8750000000
81060  16.333  -7.738  0.767 1.0000000000
80377  17.021  -9.363  1.171 1.0000000000
79692  18.281  -10.227  1.853 1.0000000000
83163  15.248  -5.429  4.793 0.1250000000
83192  15.282  -4.946  2.371 0.6250000000
83851  15.471  -4.041  2.017 0.6250000000
83863  15.670  -3.957  0.951 0.5000000000
83814  16.544  -3.785  4.415 0.2500000000
84531  15.891  -2.551  0.758 0.5000000000
84483  17.632  -2.726  4.445 0.2500000000
112869  17.451  -2.100  3.823 0.2500000000
85755  17.604  -1.418  3.659 0.1250000000
85760  16.937  -1.021  2.542 0.2500000000
86440  16.309  -0.181  0.706 0.2500000000
116550  16.269  -1.487  0.473 0.3750000000
122261  15.064  -24.350  2.974 0.3750000000
69923  14.000  -23.086  3.722 0.1250000000
67534  17.094  -25.795  1.132 1.0000000000
68370  17.370  -24.961  1.073 1.0000000000
69944  15.788  -22.378  2.127 1.0000000000
68368  18.572  -24.251  0.388 1.0000000000
71564  16.133  -20.607  1.447 1.0000000000
69946  18.870  -22.662  0.273 1.0000000000
70763  17.171  -21.284  0.431 1.0000000000
71563  16.662  -20.563  0.729 1.0000000000
69159  19.247  -23.242  0.661 1.0000000000
69146  19.655  -23.823  1.303 1.0000000000
113600  13.476  -18.910  3.981 0.3750000000
72356  14.033  -19.258  3.534 0.5000000000
122498  14.635  -18.955  3.147 0.8750000000
70761  18.359  -21.351  -0.114 1.0000000000
113273  18.113  -20.824  -0.211 1.0000000000
71570  18.114  -20.132  -0.180 1.0000000000
71569  18.484  -20.715  0.069 1.0000000000
111621  19.326  -20.908  1.500 1.0000000000
73943  14.893  -17.655  3.207 0.6250000000
73201  15.968  -18.441  1.361 1.0000000000
73976  15.860  -17.598  1.514 1.0000000000
72398  17.537  -18.883  -0.058 1.0000000000
73200  16.326  -19.122  0.833 1.0000000000
71562  18.670  -20.103  0.621 1.0000000000
72371  19.382  -19.538  1.981 0.8750000000
113812  20.061  -21.893  2.553 0.8750000000
74807  15.731  -16.868  1.776 1.0000000000
73957  18.827  -17.110  1.714 1.0000000000
73212  18.221  -18.563  0.212 1.0000000000
74015  17.376  -17.642  -0.304 1.0000000000
73996  17.633  -16.988  -0.229 1.0000000000
73180  19.607  -18.820  2.561 0.8750000000
75687  17.065  -15.092  0.086 1.0000000000
75676  15.829  -16.079  1.058 1.0000000000
74833  17.183  -16.211  -0.282 1.0000000000
74834  16.654  -16.532  -0.284 1.0000000000
74853  17.038  -17.008  -0.548 1.0000000000
74806  19.000  -16.361  2.215 1.0000000000
120345  19.291  -17.014  2.455 1.0000000000
76546  15.124  -15.196  2.777 0.6250000000
76588  15.828  -14.657  0.372 1.0000000000
116242  16.331  -13.996  -0.137 1.0000000000
113229  16.501  -14.822  0.064 1.0000000000
77446  17.012  -13.354  -0.172 1.0000000000
77427  17.431  -13.428  0.061 1.0000000000
76572  17.424  -14.144  0.181 1.0000000000
77411  19.034  -13.839  2.651 1.0000000000
78984  14.289  -11.706  1.890 0.7500000000
110115  15.439  -13.881  0.546 1.0000000000
78240  17.337  -12.892  0.229 1.0000000000
78982  16.202  -12.084  0.421 1.0000000000
78228  17.521  -12.728  0.676 1.0000000000
80379  15.435  -9.005  1.045 0.8750000000
109800  16.407  -11.255  0.578 1.0000000000
78980  17.667  -11.573  0.990 1.0000000000
121159  16.925  -11.891  0.459 1.0000000000
78219  18.579  -12.206  1.824 1.0000000000
114434  17.385  -10.878  0.916 1.0000000000
81059  16.640  -8.498  0.960 1.0000000000
83142  16.599  -4.894  5.493 0.1250000000
83815  15.856  -4.206  3.989 0.1250000000
83162  15.935  -4.854  4.775 0.1250000000
84474  17.315  -3.477  4.877 0.2500000000
83816  15.408  -4.857  4.049 0.3750000000
83833  15.293  -4.443  3.150 0.5000000000
84516  15.636  -3.157  1.364 0.5000000000
86431  16.229  -0.537  1.341 0.2500000000
113068  14.826  -25.047  3.299 0.2500000000
67486  14.542  -25.380  3.966 0.1250000000
67502  15.373  -25.775  2.832 0.6250000000
67522  16.135  -25.817  2.217 0.7500000000
67533  17.765  -25.618  0.704 1.0000000000
77402  14.655  -13.314  3.475 0.5000000000
76573  15.349  -14.604  1.212 0.8750000000
76561  14.977  -14.318  2.694 0.7500000000
77413  14.990  -13.822  1.649 0.8750000000
77414  14.715  -13.340  2.662 0.8750000000
77428  15.007  -13.103  0.939 1.0000000000
78229  15.368  -12.425  0.739 1.0000000000
108140  15.949  -8.359  0.869 1.0000000000
109686  16.997  -7.898  0.941 1.0000000000
80371  17.964  -9.419  1.664 1.0000000000
122660  15.116  -5.249  4.077 0.3750000000
83191  15.509  -4.721  1.269 0.7500000000
85792  16.670  -0.544  0.510 0.2500000000
63516  17.202  -30.139  1.727 0.7500000000
114995  18.796  -30.191  2.518 0.7500000000
122730  16.876  -30.062  1.701 0.7500000000
63517  17.042  -29.510  1.387 0.7500000000
63515  17.939  -30.205  1.971 0.7500000000
64323  17.599  -29.510  1.447 0.7500000000
64308  19.193  -29.478  2.596 0.7500000000
65071  18.459  -29.348  1.855 0.7500000000
65092  17.971  -28.842  1.169 0.7500000000
65927  16.608  -27.311  1.473 0.7500000000
66723  16.357  -26.568  1.830 0.6250000000
65105  17.605  -28.411  0.943 0.7500000000
65941  17.847  -27.532  0.807 0.8750000000
65943  17.238  -27.227  1.018 0.8750000000
65070  19.196  -28.694  2.267 0.7500000000
65091  18.615  -28.412  1.483 0.7500000000
66734  17.832  -26.548  0.725 0.8750000000
110241  19.249  -27.839  1.870 0.7500000000
65926  18.649  -27.503  1.199 0.7500000000
66721  18.972  -26.725  1.224 0.8750000000
67532  18.441  -25.843  0.602 0.8750000000
66720  19.502  -26.310  1.766 0.7500000000
67520  19.032  -26.006  0.943 0.8750000000
67500  19.956  -25.457  2.255 0.8750000000
67501  19.475  -25.336  1.348 0.8750000000
68333  19.805  -24.622  1.801 0.8750000000
68315  21.359  -24.007  3.935 0.3750000000
68316  20.607  -23.947  3.161 0.6250000000
69132  20.362  -23.256  2.741 0.7500000000
69133  19.967  -23.339  1.952 0.7500000000
108150  22.285  -23.800  4.286 0.5000000000
69123  20.913  -23.210  3.636 0.5000000000
69921  21.292  -22.479  3.988 0.7500000000
69922  20.571  -22.422  3.218 0.7500000000
69906  23.046  -22.399  4.504 0.1250000000
69907  22.125  -22.442  4.350 0.3750000000
107490  21.043  -21.849  3.759 0.6250000000
70735  20.544  -21.538  3.316 0.6250000000
69905  24.014  -22.373  4.610 0.1250000000
71517  22.671  -20.946  4.466 0.1250000000
116115  22.726  -20.288  4.462 0.1250000000
71533  21.387  -20.167  3.905 0.6250000000
72354  21.089  -19.558  3.735 0.6250000000
73179  20.090  -19.025  3.117 0.7500000000
70697  24.173  -20.881  4.881 0.1250000000
72315  24.022  -19.625  5.210 0.1250000000
106901  22.654  -19.041  4.526 0.1250000000
73162  21.451  -18.826  3.971 0.5000000000
73163  20.667  -18.876  3.529 0.6250000000
73940  20.894  -18.080  3.755 0.7500000000
70716  24.534  -21.639  4.772 0.1250000000
73143  22.085  -18.489  4.344 0.5000000000
73918  22.033  -17.624  4.554 0.5000000000
73919  21.200  -17.254  4.085 0.6250000000
73941  20.454  -17.325  3.512 0.7500000000
81054  14.512  -8.471  2.400 0.6250000000
108814  14.742  -7.598  2.408 0.5000000000
121898  14.798  -8.122  1.802 0.7500000000
74771  21.227  -16.322  4.276 0.6250000000
76544  20.397  -14.616  3.856 0.6250000000
75658  19.930  -15.165  3.331 0.8750000000
75634  21.378  -15.530  4.570 0.5000000000
76531  21.010  -14.794  4.369 0.6250000000
76543  20.740  -14.133  4.276 0.6250000000
76545  19.745  -14.252  3.307 0.8750000000
79690  19.221  -10.854  2.877 0.8750000000
77400  20.233  -13.762  3.892 0.7500000000
78211  19.688  -12.388  3.246 0.8750000000
78967  19.522  -11.668  2.991 0.8750000000
79685  19.246  -9.896  2.939 0.8750000000
75607  22.278  -14.684  5.525 0.3750000000
76519  21.595  -14.797  4.920 0.5000000000
109411  21.261  -14.118  4.692 0.5000000000
109331  20.154  -12.899  3.962 0.6250000000
76507  22.758  -14.203  6.025 0.2500000000
107247  21.767  -14.152  5.162 0.3750000000
77395  20.834  -13.359  4.482 0.5000000000
81767  14.949  -6.632  2.144 0.6250000000
107530  15.522  -6.825  1.198 0.7500000000
81061  15.780  -7.591  0.989 0.8750000000
111362  18.454  -8.661  2.169 0.7500000000
78210  20.260  -12.227  3.916 0.6250000000
78966  20.045  -11.735  3.664 0.7500000000
78184  21.930  -12.917  5.414 0.3750000000
108599  21.745  -12.231  5.330 0.5000000000
79675  20.544  -10.278  4.492 0.7500000000
78183  22.612  -12.929  5.794 0.2500000000
82544  14.737  -6.102  3.151 0.6250000000
81774  15.986  -6.987  0.596 0.8750000000
81773  16.695  -7.155  0.862 0.8750000000
81766  17.624  -7.547  1.476 0.8750000000
82556  17.331  -6.440  1.174 0.7500000000
81045  19.389  -8.643  3.450 0.7500000000
79684  20.308  -11.084  4.063 0.5000000000
78936  22.172  -10.909  5.898 0.2500000000
108835  21.570  -10.798  5.354 0.5000000000
78956  21.226  -11.968  4.767 0.5000000000
78182  22.799  -12.291  6.040 0.2500000000
124232  14.958  -5.458  3.074 0.5000000000
82557  15.116  -5.699  2.277 0.5000000000
123203  15.377  -5.344  1.564 0.6250000000
83200  15.812  -5.542  0.864 0.7500000000
83199  16.610  -5.529  0.642 0.7500000000
82543  18.354  -6.070  2.154 0.7500000000
82555  18.174  -6.953  1.926 0.7500000000
83190  17.567  -5.433  1.061 0.7500000000
115516  18.707  -6.944  2.750 0.7500000000
121127  18.950  -7.588  3.085 0.7500000000
81757  19.357  -7.073  3.421 0.7500000000
81032  20.529  -8.671  4.615 0.5000000000
81740  20.312  -7.796  4.366 0.3750000000
79666  21.826  -10.232  5.638 0.2500000000
80340  21.453  -9.367  5.400 0.3750000000
81016  21.151  -8.649  5.176 0.3750000000
113693  16.879  -4.736  0.543 0.7500000000
83189  18.371  -5.051  1.938 0.7500000000
83174  19.087  -5.401  2.834 0.7500000000
82542  19.186  -6.278  3.122 0.6250000000
81739  21.021  -7.312  4.870 0.3750000000
82526  19.944  -6.500  3.741 0.3750000000
80338  22.582  -8.865  6.033 0.1250000000
81727  22.217  -7.659  5.558 0.1250000000
81728  21.481  -7.846  5.290 0.2500000000
108073  15.984  -4.742  0.555 0.6250000000
83850  17.701  -4.662  1.047 0.6250000000
83173  19.885  -5.689  3.464 0.3750000000
82524  21.288  -6.475  4.685 0.2500000000
82525  20.512  -6.839  4.352 0.3750000000
81726  23.348  -7.179  5.330 0.1250000000
82517  22.549  -6.990  5.325 0.1250000000
81005  23.219  -8.697  6.248 0.1250000000
119561  16.249  -4.091  0.585 0.6250000000
83849  18.341  -4.181  1.610 0.3750000000
83862  17.170  -3.873  0.726 0.3750000000
83188  19.154  -4.519  2.524 0.3750000000
84495  21.024  -3.827  3.184 0.2500000000
83158  22.817  -5.873  4.343 0.1250000000
83160  21.588  -5.701  4.343 0.3750000000
83161  20.711  -5.906  4.065 0.3750000000
81725  24.155  -7.477  5.245 0.1250000000
82523  22.160  -6.246  4.847 0.1250000000
85150  17.130  -2.108  0.527 0.3750000000
84530  16.063  -3.229  0.604 0.3750000000
84515  18.152  -3.335  1.249 0.3750000000
116219  19.824  -3.245  2.360 0.3750000000
84514  19.140  -3.655  2.143 0.3750000000
116644  20.699  -4.507  3.450 0.3750000000
84496  20.039  -3.926  2.911 0.3750000000
83847  23.244  -5.037  2.299 0.1250000000
83812  21.891  -5.064  3.961 0.1250000000
84494  21.777  -4.052  3.065 0.2500000000
82554  23.865  -6.128  3.460 0.1250000000
110951  18.477  -2.028  0.921 0.2500000000
85149  19.640  -1.963  1.379 0.2500000000
85137  19.098  -2.752  1.686 0.3750000000
85138  18.012  -2.661  0.880 0.3750000000
85135  21.075  -2.918  1.961 0.1250000000
85136  20.207  -2.640  2.002 0.3750000000
84512  21.441  -3.532  2.561 0.1250000000
84513  20.625  -3.298  2.579 0.2500000000
83869  22.757  -4.634  1.117 0.1250000000
85784  17.555  -1.331  0.497 0.3750000000
85783  18.892  -1.348  0.754 0.2500000000
85148  20.642  -2.252  1.210 0.1250000000
85782  19.931  -1.406  0.684 0.1250000000
85157  21.285  -2.549  0.498 0.1250000000
85158  20.618  -1.711  -0.017 0.1250000000
104273  22.729  -5.126  0.309 0.1250000000
84545  21.673  -3.233  -0.156 0.1250000000
85789  19.865  -0.838  -0.274 0.1250000000
85163  21.216  -2.418  -0.625 0.1250000000
85164  20.645  -1.673  -1.307 0.1250000000
83886  22.076  -4.958  -1.136 0.1250000000
120587  22.583  -5.497  -0.502 0.1250000000
68332  20.286  -24.674  2.698 0.6250000000
108976  21.696  -16.856  4.537 0.6250000000
78957  20.639  -11.778  4.231 0.5000000000
121062  22.271  -12.437  5.661 0.3750000000
82563  15.396  -6.026  1.406 0.6250000000
82562  15.862  -6.332  0.881 0.8750000000
82561  16.308  -6.324  0.685 0.7500000000
81046  18.923  -8.267  2.995 0.7500000000
80353  20.815  -9.442  4.886 0.5000000000
80354  20.207  -9.451  4.209 0.7500000000
79667  21.219  -10.176  5.192 0.5000000000
83861  22.796  -4.494  1.967 0.1250000000
83878  21.869  -4.070  -0.716 0.1250000000
70734  21.204  -21.006  3.933 0.5000000000
114297  20.520  -20.860  3.393 0.6250000000
71551  20.160  -20.325  3.079 0.7500000000
74769  22.269  -16.877  4.962 0.3750000000
74770  21.807  -16.216  4.814 0.3750000000
75606  23.027  -14.938  6.185 0.2500000000
79676  19.851  -10.303  3.665 0.7500000000
84528  21.840  -3.443  1.705 0.1250000000
76506  23.493  -14.199  6.513 0.1250000000
62676  18.244  -31.851  2.370 0.7500000000
63503  17.565  -31.056  2.138 0.7500000000
63504  16.764  -30.678  2.108 0.7500000000
64309  16.571  -29.876  2.000 0.7500000000
104356  19.015  -31.733  2.684 0.7500000000
62658  19.498  -31.047  2.864 0.7500000000
65928  16.097  -27.214  2.194 0.6250000000
65107  16.867  -28.095  1.199 0.7500000000
65069  19.802  -28.071  2.673 0.7500000000
66708  20.213  -26.398  2.780 0.6250000000
67484  20.506  -25.464  3.149 0.5000000000
67483  21.128  -25.427  3.814 0.3750000000
113662  20.819  -24.700  3.536 0.5000000000
111158  22.172  -24.529  4.120 0.1250000000
68299  23.028  -23.691  4.355 0.1250000000
69107  23.613  -23.208  4.435 0.1250000000
117457  25.413  -22.941  4.365 0.1250000000
113115  25.529  -21.700  4.707 0.1250000000
70696  25.222  -20.925  5.040 0.1250000000
71499  24.639  -20.245  5.182 0.1250000000
111219  24.220  -18.895  5.475 0.1250000000
73141  23.393  -18.903  5.044 0.1250000000
73901  22.801  -17.540  5.097 0.1250000000
74755  22.434  -16.196  5.311 0.2500000000
75621  21.985  -15.501  5.167 0.2500000000
122509  23.623  -12.810  6.846 0.1250000000
77372  22.969  -13.517  6.125 0.2500000000
79649  23.516  -10.836  6.961 0.1250000000
80323  23.595  -9.242  6.508 0.1250000000
81004  24.009  -8.705  6.245 0.1250000000
81012  24.537  -8.243  5.672 0.1250000000
81737  24.544  -7.275  4.398 0.1250000000
81031  24.856  -7.882  4.926 0.1250000000
114814  23.668  -5.722  1.631 0.1250000000
83204  23.560  -6.249  0.722 0.1250000000
85791  18.095  -0.641  0.432 0.2500000000
85790  19.164  -0.776  0.254 0.1250000000
86447  19.120  -0.181  -0.522 0.1250000000
85796  20.236  -1.010  -0.992 0.1250000000
84551  21.471  -3.255  -1.278 0.1250000000
82567  22.887  -6.318  -0.688 0.1250000000
83887  21.525  -4.242  -1.815 0.1250000000
75648  20.060  -16.028  3.346 0.7500000000
80372  14.309  -9.418  2.445 0.3750000000
119379  18.837  -10.286  2.401 0.8750000000
66722  16.865  -26.554  1.248 0.7500000000
108048  18.354  -25.080  0.548 0.8750000000
71534  20.795  -20.255  3.583 0.6250000000
77401  19.612  -13.310  3.285 0.8750000000
81053  17.532  -8.514  1.450 0.8750000000
80370  18.696  -9.578  2.296 0.8750000000
85151  16.169  -2.331  0.469 0.3750000000
86448  17.609  0.203  0.262 0.1250000000
63502  18.463  -31.019  2.384 0.7500000000
64294  19.663  -30.070  3.031 0.7500000000
65072  16.246  -29.100  2.310 0.7500000000
65093  16.765  -28.958  1.553 0.7500000000
65106  17.144  -28.703  1.123 0.7500000000
110036  18.141  -28.176  0.986 0.7500000000
65942  17.284  -28.032  0.929 0.7500000000
66733  18.462  -26.696  0.824 0.8750000000
65925  19.221  -27.106  1.656 0.7500000000
65910  19.706  -27.174  2.316 0.7500000000
114644  20.102  -23.933  2.253 0.7500000000
111012  21.461  -24.786  3.955 0.2500000000
69122  21.727  -23.172  4.197 0.5000000000
69108  22.628  -23.113  4.391 0.2500000000
113430  22.493  -21.712  4.422 0.2500000000
69908  21.680  -21.779  4.190 0.3750000000
69904  24.976  -22.357  4.585 0.1250000000
70717  23.456  -21.517  4.642 0.1250000000
71518  22.031  -20.408  4.208 0.5000000000
72338  22.416  -19.707  4.338 0.1250000000
71500  23.854  -20.246  4.936 0.1250000000
72339  21.752  -19.629  4.062 0.5000000000
72337  23.181  -19.779  4.726 0.1250000000
73142  22.723  -18.286  4.761 0.1250000000
110594  21.538  -18.052  4.133 0.6250000000
74787  20.626  -16.528  3.744 0.6250000000
75647  20.652  -15.570  3.947 0.6250000000
112120  19.806  -11.149  3.457 0.7500000000
80363  19.593  -9.337  3.557 0.7500000000
78199  20.757  -12.469  4.373 0.5000000000
80364  19.044  -9.058  2.928 0.7500000000
78947  21.637  -11.487  5.327 0.3750000000
81765  18.445  -7.727  2.322 0.7500000000
81033  19.910  -8.636  3.998 0.6250000000
109921  19.533  -7.894  3.629 0.7500000000
78948  20.984  -11.112  4.805 0.5000000000
79651  22.312  -10.109  6.117 0.1250000000
78935  22.906  -11.447  6.469 0.1250000000
78946  22.242  -11.814  5.788 0.2500000000
78172  23.339  -12.224  6.676 0.1250000000
81741  19.934  -7.219  3.922 0.6250000000
81729  20.879  -8.043  4.909 0.3750000000
80339  22.102  -9.494  5.801 0.1250000000
81015  21.950  -8.566  5.633 0.3750000000
82518  21.759  -7.038  5.207 0.3750000000
81014  22.731  -8.158  5.934 0.1250000000
115334  22.892  -7.554  5.641 0.1250000000
83172  20.498  -5.201  3.625 0.3750000000
83831  19.881  -4.853  3.212 0.3750000000
83159  22.207  -5.602  4.310 0.2500000000
82541  23.534  -6.246  4.172 0.1250000000
82540  24.208  -6.659  3.850 0.1250000000
81013  23.563  -7.951  5.849 0.1250000000
82522  23.053  -6.494  4.881 0.1250000000
84529  17.000  -2.910  0.611 0.3750000000
83813  21.170  -5.107  3.869 0.2500000000
83170  23.326  -5.651  3.648 0.1250000000
83828  23.035  -5.064  3.131 0.1250000000
83171  22.605  -5.259  3.842 0.1250000000
83187  23.758  -5.711  2.727 0.1250000000
83848  22.644  -4.544  2.695 0.1250000000
83198  23.161  -5.049  1.577 0.1250000000
83205  23.160  -5.465  0.900 0.1250000000
84493  22.233  -4.255  2.913 0.1250000000
84511  22.207  -3.980  2.412 0.1250000000
82553  24.326  -6.503  2.908 0.1250000000
83186  24.245  -6.352  2.039 0.1250000000
85147  21.355  -2.815  1.309 0.1250000000
84544  22.144  -3.909  0.183 0.1250000000
84537  22.353  -3.892  0.978 0.1250000000
83877  22.327  -4.675  -0.231 0.1250000000
119442  23.105  -5.886  0.095 0.1250000000
84538  21.798  -3.282  0.778 0.1250000000
86452  19.553  -0.269  -1.676 0.1250000000
118581  17.606  -31.951  2.292 0.7500000000
62677  16.971  -31.648  2.314 0.7500000000
65911  16.380  -28.138  1.991 0.5000000000
65909  20.284  -27.385  3.068 0.6250000000
114502  20.851  -26.193  3.562 0.5000000000
73122  24.198  -18.132  5.626 0.1250000000
73121  25.028  -18.596  5.740 0.1250000000
73123  23.399  -18.132  5.218 0.1250000000
112852  23.534  -9.952  6.775 0.1250000000
82560  23.950  -6.537  1.255 0.1250000000
62678  16.350  -31.320  2.731 0.7500000000
64310  15.934  -29.896  2.745 0.5000000000
60952  19.440  -33.491  2.469 0.6250000000
61844  19.021  -32.580  2.631 0.6250000000
61843  20.749  -32.925  2.310 0.3750000000
62675  19.983  -32.123  2.750 0.6250000000
62656  21.490  -31.461  2.390 0.2500000000
62657  20.549  -31.413  2.970 0.3750000000
81758  14.652  -6.987  3.226 0.3750000000
82527  14.622  -5.692  4.122 0.2500000000
83175  15.115  -5.099  3.438 0.2500000000
64293  20.495  -30.015  3.427 0.5000000000
112918  20.482  -28.291  3.381 0.5000000000
66699  20.683  -26.880  3.417 0.5000000000
105005  18.980  -34.094  2.541 0.6250000000
62679  15.878  -31.161  3.200 0.3750000000
102929  18.518  -33.347  2.551 0.6250000000
61845  18.068  -32.600  2.435 0.6250000000
61847  16.558  -32.146  2.849 0.6250000000
60145  20.739  -34.390  2.226 0.3750000000
60951  20.340  -33.654  2.142 0.5000000000
117134  19.850  -34.201  2.319 0.6250000000
65073  15.763  -29.079  3.109 0.2500000000
60950  21.964  -33.396  1.951 0.3750000000
62673  21.913  -32.000  1.675 0.2500000000
66709  15.812  -26.487  2.504 0.3750000000
63482  21.006  -30.809  3.219 0.2500000000
112273  20.909  -29.265  3.639 0.3750000000
65053  21.427  -28.519  3.751 0.2500000000
113003  21.387  -26.916  3.726 0.2500000000
73148  11.712  -19.075  4.929 0.1250000000
111141  12.787  -15.846  4.786 0.2500000000
67482  22.196  -25.375  3.915 0.2500000000
76548  14.552  -14.714  3.726 0.2500000000
79693  14.271  -10.407  2.332 0.2500000000
73924  11.395  -17.481  4.910 0.1250000000
72343  13.231  -19.075  4.156 0.2500000000
76547  14.750  -14.083  3.386 0.3750000000
65054  19.911  -29.108  3.113 0.5000000000
63505  16.143  -30.605  2.653 0.5000000000
104563  19.908  -32.963  2.490 0.6250000000
63483  20.236  -30.659  3.179 0.5000000000
66698  21.755  -26.179  3.802 0.2500000000
61846  17.284  -32.561  2.549 0.6250000000
114180  15.939  -28.468  2.709 0.3750000000
65897  20.957  -27.602  3.640 0.2500000000
62674  21.098  -32.160  2.333 0.2500000000
61842  21.627  -32.792  1.886 0.2500000000
105470  21.231  -33.629  1.960 0.5000000000
60953  17.798  -33.189  2.613 0.6250000000
64292  21.456  -30.181  3.338 0.2500000000
65896  21.915  -27.774  3.789 0.2500000000
72321  11.793  -19.930  5.313 0.1250000000
60938  16.994  -33.812  3.189 0.5000000000
118311  20.641  -35.053  2.700 0.2500000000
59389  19.520  -35.255  2.878 0.3750000000
60146  19.462  -34.607  2.652 0.5000000000
60148  17.918  -34.052  2.798 0.5000000000
60132  17.354  -34.505  3.435 0.3750000000
60918  16.372  -33.377  3.755 0.5000000000
120577  17.329  -33.332  2.800 0.5000000000
104585  16.180  -34.852  4.832 0.1250000000
60113  16.621  -34.366  3.988 0.3750000000
61848  16.023  -31.799  3.318 0.2500000000
58550  15.784  -36.947  4.965 0.1250000000
59359  16.662  -35.630  4.436 0.2500000000
59374  17.278  -35.204  3.927 0.3750000000
58562  20.396  -36.193  3.210 0.2500000000
58564  18.793  -36.556  3.311 0.3750000000
59372  18.833  -35.618  3.148 0.5000000000
59342  15.631  -35.361  5.524 0.1250000000
123316  16.677  -34.996  4.341 0.3750000000
59373  18.060  -35.891  3.551 0.3750000000
60919  15.576  -33.193  4.932 0.1250000000
61812  15.608  -32.247  4.526 0.1250000000
116178  23.052  -16.195  5.738 0.1250000000
60147  18.825  -34.743  2.950 0.5000000000
124197  15.700  -31.106  3.521 0.2500000000
63484  15.715  -30.599  3.307 0.2500000000
60131  18.083  -34.982  3.364 0.5000000000
59371  20.206  -35.564  2.824 0.3750000000
60939  15.842  -32.863  4.220 0.1250000000
61828  16.216  -32.537  3.524 0.1250000000
60954  16.775  -32.971  3.057 0.5000000000
59360  15.994  -35.954  4.974 0.1250000000
60099  15.639  -34.245  5.395 0.1250000000
60114  15.893  -33.799  4.528 0.1250000000
61829  15.807  -32.183  3.882 0.1250000000
58531  15.381  -36.336  5.467 0.1250000000
59358  17.348  -36.211  4.013 0.3750000000
58563  19.638  -36.213  3.013 0.2500000000
115310  17.351  -37.048  3.941 0.2500000000
58547  18.601  -37.294  3.723 0.2500000000
65912  15.786  -27.737  2.763 0.2500000000
58549  16.626  -36.740  4.431 0.1250000000
58548  18.003  -36.782  3.712 0.2500000000
102672  17.766  -37.508  3.935 0.1250000000
65898  15.274  -27.294  3.513 0.1250000000
116802  14.368  -8.781  3.066 0.1250000000
81047  14.677  -7.971  3.396 0.1250000000
103842  14.490  -8.543  3.605 0.1250000000
81034  14.558  -7.788  4.363 0.1250000000
82545  14.420  -6.425  3.949 0.1250000000
81018  14.504  -7.495  5.096 0.1250000000
81742  14.529  -7.180  4.193 0.1250000000
113922  14.609  -6.000  5.283 0.1250000000
80365  14.253  -9.311  3.109 0.1250000000
81730  14.540  -7.201  5.032 0.1250000000
82520  14.619  -6.703  5.562 0.1250000000
107902  15.021  -6.451  5.878 0.1250000000
108464  13.951  -10.988  2.808 0.1250000000
79686  14.128  -10.301  2.863 0.1250000000
75638  13.507  -14.943  4.790 0.1250000000
65055  15.348  -28.899  3.891 0.1250000000
78968  13.875  -11.263  3.019 0.1250000000
80356  14.063  -9.629  4.168 0.1250000000
81017  14.749  -8.635  6.011 0.1250000000
81721  14.754  -7.427  7.640 0.1250000000
82508  15.539  -6.098  6.347 0.1250000000
82519  15.423  -5.938  5.708 0.1250000000
67485  14.954  -25.858  3.563 0.1250000000
82528  14.419  -6.468  4.784 0.1250000000
77403  14.608  -13.857  3.748 0.1250000000
66700  15.334  -26.489  3.188 0.1250000000
121222  15.623  -27.045  2.813 0.1250000000
113394  15.471  -28.244  3.400 0.1250000000
65899  14.924  -27.120  4.125 0.1250000000
65889  14.907  -27.952  4.057 0.1250000000
80342  14.282  -8.941  4.920 0.1250000000
81722  14.573  -7.125  5.585 0.1250000000
82509  14.858  -6.673  6.049 0.1250000000
80341  15.575  -9.469  5.993 0.1250000000
60937  21.599  -34.209  2.294 0.1250000000
60936  22.269  -33.959  2.751 0.1250000000
61841  22.241  -32.476  1.722 0.1250000000
63501  22.419  -31.266  1.758 0.1250000000
116764  21.746  -30.819  2.614 0.1250000000
63481  22.421  -30.357  2.375 0.1250000000
112000  21.984  -29.509  3.460 0.1250000000
64290  23.550  -29.560  1.995 0.1250000000
115157  22.846  -29.569  2.721 0.1250000000
65052  22.456  -28.736  3.551 0.1250000000
65894  23.678  -28.056  2.899 0.1250000000
66697  23.313  -27.148  3.372 0.1250000000
111431  22.786  -26.259  3.682 0.1250000000
121749  20.025  -36.616  3.293 0.1250000000
58545  20.480  -36.770  3.810 0.1250000000
119120  21.076  -36.130  3.680 0.1250000000
59370  21.535  -35.424  3.532 0.1250000000
60112  22.597  -34.464  3.729 0.1250000000
60129  21.944  -34.728  3.115 0.1250000000
60935  22.649  -33.028  2.545 0.1250000000
61840  22.868  -32.043  1.844 0.1250000000
62671  23.053  -31.204  1.576 0.1250000000
63500  22.979  -30.718  1.603 0.1250000000
63499  23.606  -30.313  1.774 0.1250000000
65068  23.954  -28.809  2.113 0.1250000000
66696  23.797  -26.383  3.293 0.1250000000
114867  24.188  -27.326  2.765 0.1250000000
106613  22.868  -24.922  3.991 0.1250000000
60130  21.240  -34.906  2.778 0.1250000000
111629  22.346  -27.012  3.720 0.1250000000
62672  22.528  -31.800  1.665 0.1250000000
58561  20.868  -35.561  3.102 0.1250000000
58546  19.558  -37.028  3.525 0.1250000000
65051  23.286  -28.819  2.911 0.1250000000
64291  23.105  -30.158  1.869 0.1250000000
65895  22.893  -27.946  3.521 0.1250000000
65908  24.273  -28.180  2.268 0.1250000000
57682  20.075  -37.398  4.354 0.1250000000
117820  21.220  -36.600  4.279 0.1250000000
124296  24.360  -26.693  2.914 0.1250000000
64337  17.430  -29.006  1.163 0.7500000000
68314  22.959  -24.306  4.213 0.1250000000
70718  22.008  -21.169  4.278 0.1250000000
71516  23.331  -20.616  4.683 0.1250000000
72355  20.433  -19.613  3.321 0.6250000000
72399  16.966  -18.971  0.161 1.0000000000
73213  16.576  -18.161  0.242 1.0000000000
73945  13.439  -17.538  4.102 0.3750000000
73975  18.396  -18.006  0.530 1.0000000000
73997  16.641  -17.248  -0.198 1.0000000000
74788  20.106  -16.719  3.310 0.7500000000
75619  23.460  -15.753  6.178 0.1250000000
75620  22.685  -15.548  5.680 0.2500000000
75688  16.622  -15.738  -0.088 1.0000000000
77381  22.256  -13.688  5.582 0.2500000000
77382  21.557  -13.488  5.040 0.3750000000
78173  23.195  -12.849  6.257 0.1250000000
78198  21.338  -12.729  4.900 0.5000000000
78230  14.715  -12.388  1.428 0.8750000000
78981  17.141  -11.355  0.631 1.0000000000
79650  22.810  -10.442  6.568 0.1250000000
80324  22.846  -9.514  6.406 0.1250000000
81062  15.158  -7.480  1.595 0.7500000000
81738  23.839  -6.831  4.704 0.1250000000
83829  22.248  -4.624  3.350 0.1250000000
83830  21.468  -4.482  3.537 0.2500000000
84527  22.446  -4.040  1.644 0.1250000000
103478  20.076  -34.843  2.583 0.2500000000
106690  22.478  -4.451  0.465 0.1250000000
106768  15.625  -15.302  0.998 1.0000000000
106874  12.680  -15.122  5.361 0.1250000000
107799  17.937  -14.900  1.511 1.0000000000
110060  11.688  -18.188  4.846 0.2500000000
113765  17.387  -12.212  0.606 1.0000000000
114002  16.320  -16.844  0.102 1.0000000000
115142  22.073  -19.135  4.247 0.1250000000
122128  21.642  -9.830  5.513 0.5000000000
122689  18.081  -8.113  1.810 0.7500000000
124332  23.778  -18.516  5.348 0.1250000000
