#!ascii label  , from subject sub-v1s0x0050656_ses-1 vox2ras=TkReg
712
24186  26.997  -73.656  -3.296 0.6000000238
120017  24.467  -77.873  1.736 0.6999999881
20098  24.375  -77.436  0.456 0.6999999881
21108  25.281  -76.570  -1.731 0.8999999762
21124  25.588  -76.200  -2.554 0.8000000119
111807  26.076  -75.038  -3.588 0.8000000119
107693  25.901  -73.665  -3.790 0.6000000238
25299  25.515  -72.637  -3.947 0.6999999881
26427  26.063  -71.868  -3.936 0.6999999881
21056  24.422  -77.200  2.065 0.6999999881
20059  24.313  -77.540  3.186 0.6999999881
20089  24.263  -77.383  1.094 0.6999999881
21079  23.129  -76.312  -0.006 0.6000000238
20118  23.612  -76.807  -0.315 0.6999999881
20117  24.348  -77.299  -0.085 0.6999999881
21109  24.176  -76.666  -1.445 0.8000000119
22068  23.713  -76.081  -3.027 0.8000000119
21125  24.471  -76.335  -2.329 0.8000000119
22080  25.312  -75.208  -3.602 0.8000000119
23098  25.614  -74.569  -3.857 0.6000000238
123926  25.115  -73.349  -4.048 0.6000000238
26428  25.421  -71.845  -4.223 0.6999999881
27428  26.490  -71.108  -4.260 0.6999999881
22009  24.781  -76.281  2.328 0.5000000000
21046  24.135  -76.963  4.047 0.6000000238
22019  24.280  -75.846  1.246 0.4000000060
118637  24.033  -76.900  1.076 0.6000000238
21096  22.675  -76.349  -0.759 0.6000000238
21110  23.275  -76.636  -1.207 0.8000000119
21126  23.154  -76.537  -2.252 0.6999999881
22069  22.497  -76.086  -3.086 0.6999999881
23100  23.534  -74.955  -3.882 0.6999999881
24188  24.339  -73.593  -4.244 0.5000000000
25313  24.904  -72.174  -4.276 0.6000000238
26438  24.942  -71.556  -4.694 0.6000000238
26437  25.746  -71.280  -4.622 0.6000000238
27438  26.954  -70.403  -4.810 0.5000000000
22008  25.312  -75.523  2.917 0.5000000000
21045  24.818  -76.142  3.682 0.6000000238
21032  24.183  -76.080  4.521 0.6000000238
21080  22.429  -75.900  -0.408 0.5000000000
115501  21.848  -75.990  -1.136 0.6000000238
22071  20.996  -75.551  -2.354 0.6000000238
112829  22.464  -75.476  -3.639 0.6000000238
111569  22.489  -74.739  -3.946 0.5000000000
25301  23.629  -73.100  -4.473 0.5000000000
25314  24.065  -72.171  -4.633 0.6000000238
27450  26.043  -70.251  -5.580 0.5000000000
28464  27.448  -69.810  -5.382 0.5000000000
28465  26.726  -70.085  -5.546 0.5000000000
21995  25.228  -75.298  3.931 0.5000000000
21981  24.197  -75.275  4.716 0.5000000000
23014  23.785  -75.294  0.727 0.4000000060
24133  23.544  -73.911  0.199 0.3000000119
23027  23.216  -74.825  0.344 0.4000000060
23042  22.064  -74.794  -0.520 0.3000000119
113624  23.008  -73.451  -0.317 0.3000000119
22044  21.862  -75.502  -0.825 0.5000000000
23059  20.863  -74.813  -1.999 0.5000000000
24174  20.818  -74.230  -2.767 0.5000000000
24190  21.887  -74.106  -4.034 0.5000000000
24207  22.409  -73.372  -4.525 0.5000000000
25315  22.894  -72.579  -4.789 0.6000000238
26440  23.166  -71.726  -4.961 0.6000000238
27440  25.234  -70.746  -5.358 0.5000000000
106067  25.515  -74.576  4.247 0.5000000000
22982  25.706  -74.847  3.326 0.5000000000
23001  25.644  -74.829  2.429 0.5000000000
24114  25.007  -74.108  0.917 0.4000000060
117209  24.616  -74.974  1.173 0.5000000000
24132  24.467  -73.556  0.405 0.4000000060
24147  23.949  -72.945  -0.164 0.3000000119
116046  22.029  -73.950  -0.704 0.3000000119
24160  20.951  -73.808  -2.047 0.4000000060
24191  21.144  -74.135  -3.457 0.5000000000
24208  21.258  -73.180  -4.169 0.4000000060
26439  24.177  -71.218  -4.919 0.5000000000
27453  23.580  -70.114  -5.499 0.5000000000
111334  24.230  -70.603  -5.359 0.5000000000
28473  27.123  -69.460  -5.994 0.5000000000
109307  25.870  -68.960  -6.090 0.4000000060
123750  25.715  -69.449  -5.931 0.5000000000
24062  25.952  -73.912  4.401 0.5000000000
24080  26.050  -74.332  3.646 0.5000000000
104027  25.974  -74.245  2.078 0.5000000000
24113  25.839  -73.667  1.417 0.4000000060
24131  25.340  -73.192  0.672 0.4000000060
25256  24.517  -72.138  -0.318 0.3000000119
122528  23.284  -72.717  -0.563 0.3000000119
24159  21.654  -73.343  -1.380 0.4000000060
25285  20.960  -73.226  -2.756 0.4000000060
25286  20.653  -72.433  -3.316 0.4000000060
25302  20.892  -73.336  -3.395 0.4000000060
25317  20.971  -72.170  -4.172 0.5000000000
26442  21.387  -71.629  -4.869 0.5000000000
26441  22.159  -72.114  -4.923 0.6000000238
28476  24.138  -69.347  -5.736 0.4000000060
27452  24.658  -70.065  -5.758 0.5000000000
24079  26.508  -73.695  3.453 0.4000000060
122406  26.396  -73.179  1.579 0.4000000060
24098  26.493  -73.603  2.230 0.4000000060
25239  25.518  -72.268  0.399 0.4000000060
25255  25.097  -72.019  -0.064 0.4000000060
104579  23.802  -72.129  -0.655 0.4000000060
26398  22.755  -71.662  -1.326 0.4000000060
25271  22.161  -72.365  -1.446 0.4000000060
109253  21.584  -72.093  -1.960 0.4000000060
25272  21.049  -72.298  -2.586 0.4000000060
25303  20.488  -71.993  -3.729 0.5000000000
26443  20.536  -71.567  -4.068 0.5000000000
27443  21.242  -70.902  -5.013 0.6000000238
27454  22.544  -70.566  -5.266 0.5000000000
112264  21.865  -69.370  -5.229 0.4000000060
28477  23.323  -69.336  -5.507 0.4000000060
25183  27.001  -73.010  3.940 0.4000000060
25217  26.916  -72.664  1.797 0.4000000060
25198  27.084  -72.999  2.835 0.4000000060
26365  26.122  -71.672  0.619 0.4000000060
26383  24.327  -71.413  -0.673 0.4000000060
26399  22.154  -71.537  -1.695 0.4000000060
26400  21.352  -71.386  -2.141 0.4000000060
26416  20.276  -71.696  -3.407 0.4000000060
26429  20.028  -71.244  -3.612 0.5000000000
26444  20.190  -70.816  -4.132 0.4000000060
28466  21.639  -70.209  -5.194 0.6000000238
26333  27.888  -71.734  3.102 0.4000000060
26348  27.331  -71.746  1.773 0.4000000060
27367  26.632  -71.066  0.862 0.4000000060
26366  25.512  -71.381  0.006 0.4000000060
27383  24.947  -70.727  -0.478 0.4000000060
27384  24.117  -70.565  -0.949 0.4000000060
114469  23.343  -70.401  -1.310 0.5000000000
113050  22.778  -70.985  -1.493 0.4000000060
27397  22.056  -70.777  -1.751 0.3000000119
114788  20.672  -70.303  -2.156 0.3000000119
26401  20.483  -71.573  -2.831 0.4000000060
27429  19.582  -70.382  -3.704 0.4000000060
27445  19.784  -69.911  -4.199 0.4000000060
27444  20.693  -70.268  -4.721 0.5000000000
25165  27.311  -72.308  4.474 0.4000000060
27368  26.094  -70.824  0.341 0.4000000060
115731  25.289  -69.826  -0.211 0.4000000060
28404  24.534  -69.779  -0.642 0.3000000119
28405  23.792  -69.730  -1.063 0.3000000119
113384  21.900  -70.086  -1.714 0.3000000119
117724  21.110  -69.543  -1.734 0.3000000119
27399  20.101  -70.690  -2.697 0.3000000119
28458  19.053  -69.570  -3.920 0.4000000060
119501  19.268  -69.208  -4.305 0.4000000060
116176  27.836  -71.383  2.344 0.3000000119
116592  27.133  -70.573  1.151 0.3000000119
28382  26.576  -70.262  0.655 0.3000000119
114291  25.722  -69.103  0.138 0.3000000119
29306  24.881  -68.880  -0.279 0.3000000119
111665  24.058  -69.004  -0.705 0.3000000119
28423  23.055  -69.613  -1.325 0.4000000060
29327  21.882  -68.658  -1.378 0.4000000060
28424  22.243  -69.477  -1.506 0.3000000119
114982  19.196  -69.304  -2.718 0.3000000119
29370  18.846  -68.686  -4.034 0.4000000060
30285  18.954  -68.053  -4.342 0.4000000060
29326  22.780  -68.836  -1.209 0.4000000060
30221  21.578  -67.818  -1.127 0.4000000060
29328  20.851  -68.454  -1.459 0.4000000060
29330  19.074  -68.356  -2.350 0.4000000060
30223  19.063  -67.441  -1.893 0.4000000060
30237  18.726  -67.649  -2.824 0.4000000060
29352  18.763  -68.500  -3.221 0.4000000060
30259  18.777  -67.773  -3.634 0.4000000060
30222  20.661  -67.617  -1.211 0.4000000060
110807  19.827  -67.417  -1.329 0.5000000000
30209  18.883  -66.581  -1.783 0.4000000060
104331  18.966  -66.881  -3.415 0.3000000119
30238  18.646  -66.884  -2.358 0.3000000119
23097  26.448  -74.422  -3.494 0.6999999881
24187  25.028  -74.054  -4.097 0.6000000238
22081  24.253  -75.459  -3.543 0.6999999881
23099  24.700  -74.776  -3.931 0.6999999881
27439  26.232  -70.678  -5.133 0.6000000238
122290  23.671  -75.803  0.703 0.4000000060
23028  22.513  -75.235  -0.163 0.4000000060
21111  22.334  -76.373  -1.613 0.6999999881
22070  21.489  -75.901  -2.731 0.6999999881
119729  24.201  -74.285  -4.144 0.6999999881
23002  25.104  -75.404  1.921 0.5000000000
23102  20.946  -74.842  -3.099 0.5000000000
117973  21.329  -74.161  -1.436 0.4000000060
25316  21.915  -72.798  -4.714 0.6000000238
27442  22.369  -71.341  -5.158 0.5000000000
123032  21.771  -70.961  -5.205 0.6000000238
26384  23.498  -71.337  -1.112 0.3000000119
26402  20.018  -71.214  -3.162 0.4000000060
26319  28.155  -71.265  3.770 0.4000000060
28425  20.048  -69.848  -2.261 0.3000000119
115748  19.899  -68.986  -1.880 0.3000000119
29329  19.850  -68.080  -1.614 0.3000000119
30260  18.710  -66.992  -3.016 0.3000000119
19211  28.195  -78.526  -1.168 0.6000000238
115758  29.099  -78.409  -1.233 0.6000000238
20112  31.906  -77.108  -0.848 0.6000000238
120241  32.282  -75.307  -0.116 0.6000000238
16334  27.252  -81.234  -2.888 0.5000000000
18275  27.826  -79.986  -1.794 0.6000000238
19212  27.345  -78.807  -1.021 0.6999999881
18274  28.548  -79.743  -1.983 0.6000000238
20115  29.227  -76.878  -1.009 0.6000000238
20131  29.566  -77.730  -1.062 0.6000000238
21094  29.743  -76.294  -0.725 0.6000000238
21093  30.563  -76.538  -0.485 0.6000000238
22029  31.521  -75.357  -0.056 0.6000000238
24129  31.710  -73.982  0.426 0.6000000238
25235  32.860  -72.856  1.121 0.6999999881
16316  26.354  -81.372  -1.881 0.6000000238
119742  26.281  -80.372  -0.830 0.6999999881
17302  27.041  -81.056  -2.092 0.5000000000
110291  26.735  -79.973  -0.979 0.6999999881
17285  27.231  -80.333  -1.597 0.6999999881
20133  27.594  -77.232  -1.318 0.6999999881
20132  28.502  -77.621  -1.123 0.6999999881
21095  28.983  -76.067  -1.207 0.5000000000
23024  31.172  -74.603  0.079 0.6000000238
25237  31.146  -73.088  0.404 0.6000000238
104580  31.938  -73.066  0.861 0.6999999881
25236  31.399  -72.262  0.696 0.6999999881
26347  33.198  -71.479  1.364 0.6999999881
27365  33.025  -70.609  1.154 0.6999999881
110345  39.662  -67.796  -3.651 0.4000000060
28441  37.068  -68.596  -1.895 0.5000000000
28419  35.913  -69.028  -1.081 0.6000000238
117910  34.925  -69.353  -0.205 0.6000000238
28379  33.332  -69.797  0.663 0.6999999881
113909  22.848  -82.189  -1.010 0.5000000000
112518  23.869  -82.079  -1.172 0.5000000000
16294  25.172  -81.038  -0.479 0.6000000238
16318  24.946  -81.742  -1.339 0.5000000000
17271  25.739  -80.344  -0.435 0.6999999881
16317  25.932  -81.135  -1.056 0.6000000238
119873  26.152  -78.711  -0.677 0.6999999881
20134  26.553  -78.318  -0.996 0.6999999881
121071  26.767  -77.606  -1.309 0.6999999881
107922  30.047  -75.070  -0.414 0.6000000238
24145  30.234  -73.591  -0.454 0.6000000238
25252  30.722  -72.246  0.116 0.6999999881
27380  31.534  -70.843  0.387 0.6999999881
28380  32.557  -70.079  0.698 0.6999999881
28399  34.356  -69.025  -0.373 0.6000000238
28401  32.579  -69.414  0.294 0.6000000238
17234  22.028  -80.829  1.390 0.5000000000
16297  21.260  -81.833  -0.627 0.4000000060
17273  23.770  -80.876  0.397 0.5000000000
16276  21.991  -81.599  0.087 0.5000000000
16295  23.603  -81.572  -0.308 0.5000000000
17250  24.401  -80.289  0.546 0.6000000238
18250  25.058  -80.272  0.062 0.6000000238
20116  25.068  -77.484  -0.247 0.6999999881
18238  25.540  -79.514  -0.009 0.6000000238
19194  25.723  -78.535  -0.203 0.6999999881
122640  26.269  -77.751  -1.109 0.6999999881
21106  27.727  -76.451  -1.816 0.6999999881
23057  29.178  -74.507  -1.494 0.6999999881
23040  29.705  -74.606  -0.832 0.6999999881
24146  29.670  -73.824  -1.050 0.6999999881
25254  29.970  -72.986  -0.853 0.6999999881
26381  30.556  -71.455  -0.365 0.8000000119
27381  31.033  -70.609  -0.240 0.6999999881
29320  35.483  -68.419  -1.625 0.5000000000
29304  33.691  -68.576  -0.658 0.6000000238
107193  31.903  -69.160  -0.012 0.6000000238
17254  20.714  -81.125  1.000 0.4000000060
17232  23.514  -80.264  1.428 0.6000000238
17251  23.222  -80.760  0.901 0.6000000238
17231  24.245  -79.767  1.230 0.6000000238
19181  24.930  -78.435  0.776 0.6000000238
19195  25.038  -77.934  0.249 0.6000000238
20135  25.136  -76.925  -0.884 0.6999999881
107774  25.843  -77.865  -0.798 0.6999999881
21107  26.809  -76.838  -1.992 0.6999999881
21122  27.253  -76.048  -2.457 0.8000000119
22053  28.006  -75.697  -2.391 0.8000000119
23058  28.612  -74.436  -2.338 0.6000000238
25268  29.474  -73.017  -1.565 0.6000000238
26395  30.077  -71.484  -0.971 0.8000000119
27394  30.430  -70.778  -0.853 0.6999999881
29347  35.783  -67.971  -2.349 0.5000000000
103650  34.034  -68.281  -1.286 0.6000000238
29305  31.618  -68.674  -0.626 0.6999999881
29348  35.016  -67.928  -2.298 0.6000000238
18208  22.646  -79.717  2.779 0.5000000000
18210  20.925  -79.784  2.919 0.4000000060
17218  20.174  -80.028  2.530 0.4000000060
17215  23.086  -80.046  2.061 0.5000000000
17216  22.090  -80.381  2.121 0.5000000000
18206  24.305  -79.197  1.933 0.6000000238
103680  24.688  -78.941  1.293 0.6000000238
20136  24.148  -76.943  -0.624 0.6999999881
111624  26.092  -76.646  -2.169 0.8000000119
21123  26.445  -76.201  -2.564 0.8000000119
23078  27.745  -74.934  -3.117 0.6000000238
24158  28.493  -73.681  -2.621 0.6000000238
26397  29.190  -72.224  -1.814 0.6999999881
26396  29.537  -71.461  -1.534 0.6999999881
28422  29.850  -70.018  -1.793 0.6999999881
29322  33.181  -68.041  -1.250 0.6000000238
29324  31.244  -68.328  -1.451 0.6000000238
122698  30.951  -68.143  -2.220 0.6000000238
30218  33.971  -67.848  -2.112 0.6000000238
30220  31.621  -67.689  -2.103 0.6000000238
19138  23.418  -78.526  3.760 0.5000000000
18197  22.217  -79.331  3.507 0.5000000000
18198  21.341  -79.373  3.481 0.5000000000
18199  20.419  -79.361  3.283 0.5000000000
19154  24.026  -78.264  3.213 0.5000000000
102603  23.707  -78.840  3.137 0.5000000000
19167  24.491  -78.505  1.864 0.6000000238
120202  26.909  -75.104  -3.251 0.6999999881
104811  27.331  -74.411  -3.214 0.6000000238
25284  28.177  -72.849  -2.776 0.6000000238
112703  28.513  -72.130  -2.337 0.6000000238
27412  29.359  -70.636  -1.972 0.6999999881
26414  28.339  -71.381  -2.541 0.6000000238
29325  30.550  -68.757  -1.847 0.6999999881
30234  34.446  -67.566  -3.131 0.5000000000
29349  31.150  -67.782  -2.938 0.4000000060
20060  23.800  -77.847  3.971 0.5000000000
19129  22.320  -78.164  4.494 0.5000000000
20049  21.885  -77.507  4.675 0.5000000000
20061  20.464  -77.293  3.874 0.5000000000
108619  19.770  -76.922  3.228 0.5000000000
21057  19.181  -76.044  2.094 0.5000000000
25298  26.438  -72.751  -3.526 0.6000000238
26415  27.704  -71.826  -2.874 0.6000000238
27414  27.933  -70.930  -2.943 0.4000000060
28443  29.278  -69.674  -2.665 0.5000000000
29351  29.668  -68.809  -3.258 0.4000000060
121785  30.731  -67.923  -3.696 0.4000000060
29350  30.415  -68.395  -2.885 0.5000000000
20047  23.474  -77.405  4.490 0.6000000238
20048  22.798  -77.296  4.796 0.5000000000
21035  22.191  -76.633  4.809 0.5000000000
112265  20.949  -75.871  4.016 0.5000000000
106491  20.342  -75.672  3.608 0.5000000000
22010  19.723  -75.235  2.391 0.5000000000
118374  19.726  -74.639  2.032 0.4000000060
23015  19.319  -74.351  1.514 0.5000000000
23016  18.698  -74.063  0.821 0.4000000060
25258  18.051  -72.951  -0.214 0.4000000060
24150  17.330  -73.836  -1.263 0.4000000060
27427  27.276  -70.832  -3.657 0.6000000238
27426  28.017  -70.221  -3.497 0.4000000060
110890  29.111  -69.104  -3.618 0.4000000060
29368  30.111  -68.219  -4.002 0.4000000060
21034  22.929  -76.297  4.976 0.5000000000
108293  22.404  -75.874  4.804 0.4000000060
21996  21.471  -75.026  4.273 0.4000000060
22984  20.646  -74.434  3.291 0.5000000000
25186  21.096  -72.880  3.017 0.4000000060
24100  19.899  -73.774  2.136 0.5000000000
25200  20.457  -72.811  2.342 0.4000000060
25219  20.007  -72.190  1.755 0.5000000000
24115  19.316  -73.479  1.452 0.5000000000
26367  19.179  -71.471  1.004 0.3000000119
26368  18.584  -71.673  0.329 0.3000000119
26385  18.023  -71.549  -0.490 0.3000000119
28457  27.636  -70.005  -4.434 0.4000000060
21966  23.665  -74.929  4.832 0.5000000000
22964  22.631  -74.572  4.668 0.5000000000
22965  21.932  -74.395  4.377 0.4000000060
22950  24.329  -74.475  4.939 0.4000000060
22951  23.686  -74.056  4.960 0.4000000060
24063  23.138  -73.414  4.712 0.4000000060
26309  22.878  -71.883  4.010 0.4000000060
24051  24.450  -73.638  5.124 0.4000000060
25155  23.872  -73.111  4.958 0.4000000060
25169  23.320  -72.513  4.594 0.4000000060
117032  25.051  -73.240  5.203 0.4000000060
26308  23.573  -71.598  4.514 0.4000000060
26320  23.263  -71.045  3.791 0.4000000060
26321  22.603  -71.255  3.277 0.4000000060
25168  24.045  -72.210  4.993 0.4000000060
25167  25.776  -73.162  5.038 0.3000000119
27313  23.802  -70.658  4.291 0.4000000060
124233  23.437  -70.483  3.731 0.4000000060
119450  23.033  -70.351  3.217 0.4000000060
25152  26.140  -72.359  5.390 0.4000000060
28350  22.123  -69.102  2.285 0.4000000060
29262  22.219  -68.294  2.660 0.4000000060
122738  26.362  -71.879  5.493 0.3000000119
110161  25.789  -70.908  5.497 0.4000000060
27312  24.478  -70.425  4.855 0.4000000060
28325  24.091  -69.977  4.307 0.4000000060
28336  23.628  -69.903  3.740 0.4000000060
28337  23.146  -69.383  3.124 0.4000000060
29261  23.646  -68.961  3.722 0.3000000119
19153  24.186  -78.717  2.553 0.5000000000
26426  26.817  -71.830  -3.447 0.6000000238
28456  28.213  -69.648  -4.189 0.4000000060
20113  30.966  -77.237  -0.760 0.6000000238
26364  31.738  -71.463  0.827 0.6999999881
26380  31.100  -71.468  0.274 0.6999999881
29345  37.539  -68.399  -2.378 0.5000000000
29346  36.471  -68.018  -2.386 0.5000000000
28418  36.702  -69.194  -1.236 0.5000000000
29319  36.237  -68.500  -1.728 0.4000000060
29302  35.085  -68.890  -0.878 0.6000000238
120634  22.690  -81.789  -0.323 0.5000000000
22052  28.607  -75.262  -1.793 0.6999999881
114585  32.616  -68.602  -0.390 0.6000000238
122711  25.329  -78.763  0.357 0.6000000238
25267  29.740  -72.240  -1.202 0.8000000119
28402  31.300  -69.600  -0.394 0.6999999881
17235  20.457  -80.609  1.761 0.4000000060
22064  28.179  -75.071  -2.755 0.6000000238
24157  29.119  -73.749  -1.965 0.6000000238
27395  29.940  -70.771  -1.371 0.6999999881
110717  30.284  -70.270  -1.284 0.6999999881
30233  35.329  -67.613  -3.117 0.5000000000
30232  36.027  -67.644  -3.065 0.5000000000
28420  30.892  -69.138  -1.069 0.6999999881
29323  32.100  -67.940  -1.210 0.6000000238
23096  27.604  -74.002  -3.121 0.6999999881
25269  28.888  -72.959  -2.228 0.6999999881
26413  28.927  -71.408  -2.103 0.6999999881
28442  29.955  -69.181  -2.276 0.6000000238
30219  32.647  -67.561  -2.241 0.6000000238
19139  22.673  -78.734  4.026 0.5000000000
112765  20.989  -78.868  3.905 0.5000000000
19131  20.674  -78.149  3.993 0.4000000060
25297  27.353  -72.778  -3.152 0.6000000238
27413  28.626  -70.538  -2.674 0.6000000238
23044  17.804  -74.143  -0.757 0.3000000119
28444  28.631  -69.662  -3.484 0.5000000000
29369  29.441  -68.596  -4.298 0.4000000060
23003  20.133  -74.481  2.654 0.5000000000
24116  18.831  -73.072  0.912 0.4000000060
25259  17.745  -72.454  -0.828 0.4000000060
26293  25.734  -71.747  5.524 0.4000000060
120916  24.230  -71.304  5.028 0.4000000060
23184  43.300  -73.416  -9.702 0.3000000119
24250  43.982  -73.141  -9.414 0.3000000119
26411  41.672  -71.715  -2.439 0.4000000060
27407  43.434  -70.752  -2.818 0.4000000060
26425  43.966  -71.749  -3.905 0.4000000060
26435  44.580  -71.184  -4.358 0.4000000060
26392  40.511  -71.433  -1.919 0.4000000060
25265  40.393  -72.401  -1.787 0.4000000060
26377  39.127  -72.126  -0.889 0.4000000060
25250  38.350  -72.389  -0.242 0.5000000000
24139  38.249  -73.428  -0.189 0.5000000000
24123  36.932  -73.039  0.478 0.5000000000
28436  42.262  -69.682  -2.889 0.4000000060
27409  42.020  -71.125  -2.513 0.5000000000
25264  41.099  -72.022  -2.189 0.5000000000
24141  36.660  -73.697  0.032 0.5000000000
28435  43.184  -69.933  -2.851 0.5000000000
116616  42.804  -71.274  -2.687 0.5000000000
27406  44.067  -70.165  -2.975 0.5000000000
26424  44.265  -70.972  -3.445 0.4000000060
109333  44.895  -70.637  -4.024 0.4000000060
26447  44.699  -71.033  -5.450 0.4000000060
27449  45.293  -70.235  -5.838 0.4000000060
27458  44.618  -69.961  -7.378 0.3000000119
27465  44.429  -70.172  -7.868 0.4000000060
29342  40.592  -69.140  -2.811 0.4000000060
28415  39.171  -70.193  -1.646 0.4000000060
27392  38.548  -70.585  -1.110 0.4000000060
116480  41.382  -69.415  -2.848 0.4000000060
28437  40.853  -69.835  -2.611 0.4000000060
27411  39.877  -70.152  -2.025 0.4000000060
26394  39.183  -71.162  -1.251 0.4000000060
26378  38.557  -71.428  -0.710 0.5000000000
25251  37.672  -72.093  0.218 0.5000000000
29341  41.984  -68.832  -3.120 0.4000000060
110074  41.551  -70.325  -2.596 0.4000000060
26412  41.239  -71.169  -2.294 0.4000000060
27360  37.529  -70.656  -0.355 0.5000000000
25230  37.069  -72.282  0.569 0.5000000000
25231  36.332  -72.469  0.834 0.5000000000
25232  35.532  -72.612  0.928 0.6000000238
25233  34.689  -72.776  0.930 0.6000000238
24126  34.366  -73.402  0.458 0.6000000238
27364  33.956  -70.277  1.043 0.6000000238
26345  34.393  -71.484  1.330 0.6000000238
24127  33.504  -73.554  0.601 0.5000000000
27437  45.150  -70.542  -4.778 0.4000000060
23023  32.474  -74.536  0.180 0.5000000000
120097  45.875  -69.570  -6.102 0.4000000060
28481  46.192  -69.226  -6.847 0.4000000060
28482  45.297  -69.728  -7.433 0.4000000060
28416  38.336  -69.775  -1.484 0.4000000060
28417  37.525  -69.434  -1.383 0.5000000000
28396  37.152  -69.881  -0.737 0.5000000000
28376  36.029  -70.048  0.154 0.5000000000
26361  36.472  -71.698  0.849 0.5000000000
28377  35.226  -69.847  0.288 0.5000000000
26344  35.155  -71.169  1.215 0.6000000238
28378  34.320  -69.626  0.376 0.6000000238
27363  34.801  -70.318  0.879 0.6000000238
23198  42.399  -74.473  -10.306 0.3000000119
24243  45.294  -73.408  -8.215 0.3000000119
25349  47.238  -71.633  -8.239 0.3000000119
116588  40.904  -67.962  -3.494 0.4000000060
29363  40.235  -68.326  -3.258 0.4000000060
29364  39.300  -68.305  -3.213 0.4000000060
116451  38.766  -69.448  -1.977 0.4000000060
28440  38.002  -69.019  -2.058 0.4000000060
28398  35.595  -69.459  -0.397 0.5000000000
25215  33.444  -72.217  1.296 0.6000000238
24128  32.620  -73.735  0.610 0.5000000000
29344  38.824  -68.834  -2.560 0.4000000060
27391  39.890  -70.847  -1.692 0.4000000060
24142  35.732  -73.716  -0.129 0.5000000000
27468  46.774  -70.749  -8.698 0.3000000119
28439  39.439  -69.536  -2.224 0.4000000060
27393  37.904  -70.140  -0.895 0.5000000000
27361  36.375  -70.836  0.568 0.5000000000
27362  35.607  -70.529  0.746 0.6000000238
28445  19.243  -69.902  -3.322 0.3000000119
16275  22.979  -81.305  0.301 0.5000000000
16298  20.468  -81.612  -0.590 0.4000000060
16335  26.609  -81.511  -2.732 0.5000000000
17217  21.093  -80.246  2.304 0.4000000060
17219  19.264  -80.054  2.439 0.4000000060
17233  22.725  -80.586  1.469 0.6000000238
17252  22.428  -81.057  0.842 0.5000000000
17253  21.575  -81.173  0.856 0.5000000000
17272  24.439  -80.931  -0.035 0.5000000000
17286  26.642  -80.731  -1.362 0.6000000238
17300  28.255  -80.239  -2.429 0.6000000238
17301  27.698  -80.639  -2.492 0.5000000000
18196  23.085  -79.153  3.372 0.5000000000
18207  23.633  -79.388  2.579 0.5000000000
18209  21.706  -79.831  2.874 0.4000000060
18211  19.556  -79.475  2.943 0.5000000000
18224  23.821  -79.757  1.871 0.6000000238
18239  24.922  -79.447  0.628 0.6000000238
18249  26.121  -79.533  -0.569 0.6999999881
18262  28.808  -79.104  -1.516 0.6000000238
18263  27.300  -79.606  -1.178 0.6999999881
19128  23.122  -78.063  4.420 0.5000000000
19130  21.481  -78.249  4.343 0.5000000000
19140  21.830  -78.869  4.089 0.5000000000
19141  20.302  -78.702  3.632 0.4000000060
19142  19.757  -78.789  3.287 0.5000000000
19213  26.675  -79.167  -0.804 0.6999999881
20050  21.143  -77.608  4.322 0.5000000000
20062  19.896  -77.903  3.391 0.4000000060
20076  24.369  -78.007  2.437 0.5000000000
20099  23.826  -76.805  0.432 0.6999999881
21018  23.579  -75.782  4.839 0.5000000000
21019  22.959  -75.337  4.848 0.5000000000
21033  23.511  -76.661  4.724 0.6000000238
21036  21.224  -76.741  4.340 0.5000000000
21047  20.331  -76.403  3.759 0.5000000000
21048  19.746  -75.977  3.021 0.5000000000
21066  24.270  -76.561  1.392 0.4000000060
21067  23.698  -76.290  0.688 0.6000000238
21092  31.938  -76.157  -0.329 0.6000000238
21105  28.398  -76.708  -1.256 0.6999999881
21127  22.126  -76.227  -2.370 0.6999999881
21980  24.835  -74.867  4.618 0.5000000000
21982  22.161  -75.170  4.629 0.4000000060
21983  21.657  -75.829  4.488 0.4000000060
21997  20.809  -75.097  3.813 0.4000000060
21998  20.179  -75.120  3.163 0.5000000000
22020  23.131  -75.699  0.281 0.4000000060
22021  19.252  -75.264  1.605 0.4000000060
22030  30.708  -75.210  -0.098 0.6000000238
22041  31.055  -75.985  -0.198 0.6000000238
22042  30.226  -75.779  -0.359 0.6000000238
22043  29.445  -75.353  -0.921 0.6999999881
22054  21.462  -76.036  -1.949 0.6999999881
22055  21.264  -75.560  -1.567 0.6000000238
22065  27.624  -75.429  -2.895 0.8000000119
22066  26.040  -75.617  -3.152 0.8000000119
22067  24.908  -75.766  -3.023 0.8000000119
22082  23.273  -75.786  -3.587 0.6999999881
22083  21.717  -75.622  -3.215 0.6999999881
22949  25.137  -74.016  4.969 0.4000000060
22952  23.209  -74.604  4.778 0.5000000000
22983  21.233  -74.282  3.843 0.5000000000
23013  25.395  -74.555  1.637 0.5000000000
23025  30.299  -74.383  -0.288 0.6000000238
23026  24.094  -74.452  0.640 0.3000000119
23029  18.181  -74.219  -0.061 0.3000000119
23041  22.696  -74.349  -0.119 0.3000000119
23043  21.484  -74.843  -1.137 0.5000000000
23077  28.090  -74.361  -3.017 0.6999999881
23079  20.870  -75.029  -2.677 0.5000000000
23101  21.531  -74.977  -3.524 0.5000000000
23185  42.792  -73.698  -10.095 0.3000000119
24052  23.038  -74.100  4.740 0.4000000060
24061  26.391  -73.349  4.373 0.3000000119
24064  22.489  -73.819  4.475 0.4000000060
24082  20.629  -73.704  2.902 0.5000000000
24099  26.133  -74.308  2.823 0.5000000000
24122  37.667  -72.849  0.238 0.5000000000
24124  36.089  -73.151  0.517 0.5000000000
24125  35.211  -73.252  0.434 0.5000000000
24130  30.831  -73.797  0.079 0.6000000238
24134  18.332  -73.424  0.294 0.4000000060
24148  18.003  -73.635  -0.312 0.4000000060
24149  17.696  -73.357  -0.795 0.4000000060
24173  27.853  -73.574  -3.056 0.6999999881
24189  23.221  -74.041  -4.263 0.5000000000
25153  25.340  -72.554  5.372 0.4000000060
25154  24.586  -72.785  5.171 0.4000000060
25166  26.621  -72.747  4.868 0.4000000060
25182  27.482  -72.397  3.440 0.4000000060
25197  27.488  -72.187  2.481 0.4000000060
25213  34.971  -72.050  1.217 0.6000000238
25214  34.193  -72.211  1.243 0.6000000238
25216  32.784  -72.043  1.321 0.6999999881
25218  26.155  -72.660  1.051 0.4000000060
25220  19.360  -72.646  1.419 0.5000000000
25234  33.842  -72.891  1.046 0.6000000238
25238  26.723  -71.845  1.219 0.4000000060
25240  24.824  -72.692  0.150 0.4000000060
25241  18.936  -72.231  0.949 0.4000000060
25242  18.454  -72.595  0.388 0.3000000119
25253  30.238  -72.230  -0.584 0.8000000119
25257  22.525  -72.967  -0.841 0.3000000119
25270  23.026  -72.173  -0.962 0.4000000060
25282  41.771  -72.522  -2.597 0.4000000060
25300  24.620  -72.822  -4.218 0.6000000238
26294  24.808  -71.951  5.333 0.4000000060
26307  26.917  -71.971  5.302 0.3000000119
26332  28.235  -71.100  2.932 0.4000000060
26346  33.807  -71.681  1.363 0.6000000238
26360  37.163  -71.341  0.289 0.5000000000
26362  35.768  -71.896  1.166 0.5000000000
26363  32.457  -71.398  1.201 0.6999999881
26379  37.926  -71.470  -0.197 0.5000000000
26382  24.914  -71.545  -0.341 0.4000000060
26386  17.694  -71.195  -1.040 0.3000000119
26393  39.812  -71.783  -1.449 0.4000000060
26409  43.497  -71.547  -3.127 0.4000000060
26464  47.290  -71.066  -8.423 0.3000000119
26465  46.981  -71.393  -8.734 0.3000000119
27297  25.051  -71.080  5.328 0.4000000060
27332  28.254  -70.494  2.268 0.3000000119
27345  34.430  -70.805  1.246 0.6000000238
27346  33.795  -71.008  1.368 0.6000000238
27348  27.072  -71.235  1.355 0.4000000060
27366  32.154  -70.710  0.804 0.6999999881
27378  38.108  -70.846  -0.646 0.5000000000
27379  36.798  -70.370  -0.085 0.5000000000
27382  25.587  -70.550  -0.061 0.4000000060
27396  22.585  -70.215  -1.529 0.3000000119
27398  21.342  -70.494  -1.947 0.3000000119
27408  42.540  -70.506  -2.676 0.4000000060
27410  40.598  -70.496  -2.211 0.4000000060
27415  19.664  -70.647  -3.205 0.4000000060
27436  45.338  -70.010  -4.266 0.4000000060
27441  23.351  -70.904  -5.152 0.5000000000
27451  25.535  -69.933  -5.772 0.5000000000
27457  45.223  -69.664  -6.918 0.4000000060
28349  22.596  -69.716  2.586 0.4000000060
28381  31.802  -69.998  0.321 0.6999999881
28383  25.957  -69.985  0.221 0.3000000119
28397  36.370  -69.651  -0.568 0.5000000000
28400  33.504  -69.125  0.032 0.6000000238
28403  30.721  -70.050  -0.924 0.6999999881
28421  30.361  -69.602  -1.521 0.6999999881
28438  40.200  -69.684  -2.425 0.4000000060
28453  44.456  -69.488  -3.344 0.5000000000
28454  43.756  -69.498  -3.062 0.5000000000
28474  26.271  -69.605  -5.901 0.5000000000
28478  22.607  -69.743  -5.349 0.4000000060
29303  34.419  -68.609  -0.928 0.6000000238
29321  34.722  -68.316  -1.509 0.6000000238
29343  39.764  -68.966  -2.731 0.4000000060
29387  26.631  -68.923  -6.211 0.4000000060
31171  18.506  -66.231  -2.090 0.3000000119
103067  19.326  -76.592  2.623 0.5000000000
103323  25.683  -81.680  -1.818 0.6000000238
103325  24.611  -78.102  1.200 0.6000000238
103845  26.045  -77.163  -1.447 0.6999999881
104492  27.996  -79.311  -1.352 0.6000000238
104515  27.474  -78.036  -1.194 0.6999999881
104815  32.129  -72.203  1.163 0.6999999881
105387  30.500  -72.994  -0.210 0.6000000238
105457  21.452  -72.428  -4.614 0.6000000238
106052  18.873  -74.861  1.037 0.5000000000
107347  19.449  -71.989  1.336 0.5000000000
107397  26.857  -75.688  -2.864 0.8000000119
107519  24.126  -82.358  -2.106 0.5000000000
109445  24.663  -75.532  4.372 0.5000000000
112041  27.607  -70.955  1.711 0.3000000119
112248  22.660  -68.961  2.692 0.4000000060
112728  28.364  -76.050  -1.676 0.6999999881
113444  21.283  -72.873  -2.016 0.4000000060
114194  23.431  -69.098  -1.022 0.3000000119
115636  31.306  -76.635  -0.473 0.6000000238
116823  41.121  -68.636  -3.147 0.4000000060
116973  24.449  -81.488  -0.615 0.5000000000
117081  18.033  -74.854  -0.639 0.3000000119
117665  23.833  -80.391  0.901 0.6000000238
117781  19.581  -70.108  -2.816 0.3000000119
117856  20.799  -70.895  -2.345 0.3000000119
118008  21.048  -75.440  -3.025 0.5000000000
118352  27.760  -71.875  3.902 0.4000000060
118989  21.312  -80.755  1.589 0.4000000060
119138  20.756  -72.666  -3.784 0.5000000000
119343  20.808  -71.185  -4.589 0.6000000238
119938  18.139  -72.242  -0.130 0.3000000119
121617  24.521  -76.840  3.087 0.6000000238
122875  18.888  -69.198  -3.488 0.4000000060
123319  20.923  -71.654  -4.413 0.5000000000
123718  21.209  -75.448  4.168 0.4000000060
123783  19.772  -72.966  1.871 0.5000000000
123835  31.847  -74.768  0.110 0.6000000238
124425  35.916  -71.228  1.031 0.5000000000
