#!ascii label  , from subject sub-v1s0x0050656_ses-1 vox2ras=TkReg
1643
11206  33.986  -87.632  -14.350 0.5000000000
22133  22.662  -74.297  -7.579 0.6000000238
22134  22.030  -74.242  -7.733 0.6000000238
23169  21.265  -73.936  -7.903 0.6000000238
102459  22.223  -74.895  -7.038 0.6999999881
122607  20.974  -73.990  -7.424 0.6000000238
21182  22.484  -75.838  -6.565 0.6999999881
22125  21.609  -75.628  -6.541 0.6000000238
13908  23.420  -84.535  -13.398 0.5000000000
15490  27.628  -83.157  -11.812 0.6000000238
14679  25.868  -84.180  -11.155 0.6000000238
13895  24.045  -84.642  -12.441 0.5000000000
15499  28.568  -82.495  -12.925 0.5000000000
15500  27.961  -82.986  -12.773 0.4000000060
120184  25.979  -84.337  -12.445 0.5000000000
122024  25.063  -84.844  -12.365 0.6000000238
17450  19.901  -80.261  -11.311 0.5000000000
110932  31.608  -84.343  -13.815 0.4000000060
115499  20.311  -79.900  -10.536 0.5000000000
18411  18.794  -79.816  -11.481 0.5000000000
113446  20.190  -79.120  -10.171 0.6000000238
21217  21.321  -76.538  -9.729 0.6000000238
22143  23.068  -74.128  -8.552 0.6000000238
22122  24.677  -74.517  -7.158 0.6999999881
112212  22.024  -74.985  -8.623 0.6000000238
22123  23.872  -75.079  -6.921 0.6999999881
21178  26.413  -76.801  -6.742 0.6000000238
113629  24.952  -75.851  -6.697 0.6999999881
20196  28.056  -77.367  -6.525 0.6000000238
21179  25.682  -76.944  -6.770 0.6000000238
20198  24.816  -77.109  -6.668 0.6999999881
20197  27.349  -77.824  -6.566 0.6999999881
23155  20.572  -74.274  -6.929 0.6000000238
15502  23.439  -83.030  -13.149 0.5000000000
13887  24.355  -84.293  -11.701 0.6000000238
13896  23.637  -84.053  -12.618 0.5000000000
15489  28.777  -82.359  -11.316 0.6000000238
123439  27.316  -83.256  -10.909 0.6999999881
13877  24.937  -84.314  -11.156 0.6000000238
15512  29.389  -82.517  -13.483 0.4000000060
18393  21.781  -79.442  -10.118 0.5000000000
17432  20.849  -80.298  -10.759 0.5000000000
12117  33.144  -86.231  -13.991 0.5000000000
106236  21.160  -78.953  -9.830 0.5000000000
21215  22.923  -75.799  -10.109 0.6999999881
19312  21.413  -78.042  -9.950 0.6000000238
22142  23.986  -73.903  -8.741 0.6999999881
22165  23.214  -75.094  -9.451 0.6000000238
22166  22.486  -75.162  -9.183 0.6000000238
22131  23.899  -73.888  -7.902 0.6999999881
112930  26.825  -76.174  -6.668 0.6000000238
22121  25.551  -75.045  -7.016 0.6000000238
21176  27.688  -76.380  -6.587 0.6000000238
115832  25.976  -76.025  -6.760 0.6000000238
20186  29.921  -77.174  -5.630 0.6000000238
19271  29.370  -77.739  -5.925 0.6999999881
107358  22.189  -77.596  -6.420 0.6999999881
23137  19.807  -74.654  -6.289 0.5000000000
103905  25.429  -78.021  -6.608 0.6999999881
20199  24.157  -77.321  -6.598 0.6999999881
119048  20.922  -75.822  -6.299 0.6000000238
16448  25.400  -81.972  -10.687 0.5000000000
15480  24.364  -82.952  -11.698 0.5000000000
120080  23.821  -82.291  -12.880 0.5000000000
15467  27.002  -82.250  -9.532 0.6999999881
15479  24.869  -82.939  -10.774 0.6000000238
110359  29.807  -81.573  -10.807 0.5000000000
15476  28.360  -82.372  -10.250 0.6999999881
15466  27.880  -82.016  -9.484 0.6999999881
15478  26.587  -82.878  -9.886 0.6000000238
14670  25.180  -83.529  -10.476 0.6000000238
16473  30.605  -81.449  -12.694 0.4000000060
16474  29.777  -81.903  -12.517 0.4000000060
16475  29.021  -82.244  -12.363 0.5000000000
18392  23.220  -78.949  -10.981 0.5000000000
21236  23.472  -76.448  -10.774 0.5000000000
19329  22.713  -78.275  -10.514 0.5000000000
20253  22.465  -77.498  -10.446 0.5000000000
23197  24.753  -73.876  -8.969 0.6000000238
21237  22.605  -76.720  -10.499 0.5000000000
23179  25.074  -73.767  -8.472 0.6999999881
23150  27.868  -74.235  -7.053 0.6000000238
23151  27.014  -74.575  -7.146 0.6999999881
23168  24.744  -73.795  -7.865 0.6999999881
107710  29.267  -74.907  -6.243 0.6000000238
122581  27.747  -74.904  -6.771 0.6000000238
23152  26.015  -74.494  -7.397 0.6999999881
22093  32.140  -75.642  -4.914 0.6999999881
22118  28.933  -75.616  -6.312 0.6000000238
109486  27.297  -75.475  -6.700 0.6000000238
103167  32.710  -76.436  -4.229 0.6000000238
114081  31.297  -75.911  -5.253 0.6999999881
21168  29.731  -76.452  -5.823 0.6999999881
21121  33.179  -76.974  -2.629 0.6000000238
20170  32.207  -77.245  -4.266 0.6000000238
21166  31.185  -76.797  -5.169 0.6999999881
20188  19.937  -77.243  -5.675 0.6000000238
20185  30.674  -77.408  -5.234 0.6999999881
104128  22.990  -77.766  -6.482 0.6999999881
21169  20.369  -76.336  -5.928 0.6000000238
20147  32.583  -77.650  -2.416 0.6999999881
20157  32.008  -78.012  -3.902 0.6000000238
19245  30.813  -78.245  -4.719 0.8000000119
19260  29.201  -78.701  -5.633 0.6999999881
19273  27.150  -78.680  -6.480 0.6999999881
123524  25.503  -78.885  -6.484 0.6999999881
16464  24.527  -81.780  -12.172 0.6000000238
16431  27.446  -81.391  -9.327 0.6999999881
17409  27.376  -80.630  -9.459 0.6999999881
16433  25.950  -81.970  -9.977 0.6000000238
16444  29.483  -81.269  -9.639 0.5000000000
16422  29.140  -80.715  -8.883 0.6999999881
17444  30.969  -80.936  -12.230 0.4000000060
16460  30.294  -81.356  -11.763 0.5000000000
19344  24.062  -78.774  -11.669 0.5000000000
17447  23.182  -80.208  -11.917 0.5000000000
19328  23.613  -78.145  -11.082 0.5000000000
21213  24.952  -75.644  -10.236 0.6000000238
117902  26.456  -74.040  -8.838 0.6000000238
22163  25.375  -75.069  -9.359 0.6999999881
21214  23.877  -75.524  -10.089 0.6999999881
24245  27.744  -73.355  -7.863 0.6999999881
23178  25.981  -73.984  -8.374 0.6999999881
23148  29.249  -73.972  -6.563 0.6000000238
24239  28.108  -73.509  -7.297 0.6000000238
24240  27.420  -73.923  -7.550 0.6999999881
22091  33.764  -75.050  -4.075 0.6999999881
112028  31.466  -74.878  -5.379 0.6999999881
18321  20.427  -79.426  -5.745 0.6000000238
22078  33.924  -75.547  -3.255 0.6000000238
22092  32.989  -75.407  -4.561 0.6999999881
22107  30.580  -75.202  -5.597 0.6999999881
23022  33.272  -74.291  0.140 0.6000000238
22039  33.569  -75.565  -0.770 0.6000000238
22038  34.324  -75.161  -1.336 0.6000000238
21134  33.624  -76.207  -2.896 0.6000000238
22079  33.418  -75.890  -3.784 0.6999999881
18336  20.986  -78.926  -6.261 0.6000000238
21090  33.242  -76.288  -1.099 0.6000000238
21120  33.572  -76.432  -1.961 0.6000000238
17364  26.305  -80.214  -6.121 0.6999999881
17366  24.815  -80.255  -6.305 0.6000000238
19277  23.254  -78.615  -6.534 0.6999999881
19279  21.591  -78.309  -6.413 0.6000000238
22040  32.787  -75.855  -0.478 0.5000000000
21091  32.552  -76.537  -0.768 0.6000000238
20128  32.129  -77.768  -1.620 0.8000000119
19234  30.776  -79.142  -3.337 0.8000000119
18303  29.702  -79.621  -4.304 0.8000000119
117739  28.733  -79.346  -5.531 0.8000000119
18330  26.700  -79.538  -6.326 0.6999999881
18331  25.175  -79.496  -6.425 0.6999999881
19233  31.431  -78.660  -3.407 0.8000000119
19247  29.716  -79.006  -5.029 0.8000000119
16447  26.268  -81.225  -10.081 0.6999999881
17430  26.320  -80.458  -11.013 0.6999999881
17445  25.864  -80.408  -11.838 0.6999999881
16476  24.122  -81.635  -12.616 0.6000000238
17392  29.366  -80.088  -8.655 0.6999999881
109032  25.134  -80.322  -12.237 0.6000000238
17407  29.802  -80.527  -8.900 0.6000000238
17446  24.209  -80.225  -12.249 0.5000000000
117499  24.898  -78.819  -11.977 0.5000000000
16322  18.761  -81.375  -1.336 0.6000000238
19343  24.568  -78.119  -11.510 0.5000000000
16343  18.967  -81.082  -2.089 0.5000000000
21234  25.572  -76.562  -10.742 0.5000000000
17303  20.031  -81.392  -2.731 0.6000000238
22162  26.322  -75.108  -9.572 0.6999999881
22180  25.960  -75.828  -10.155 0.6000000238
24244  28.388  -72.799  -7.666 0.6999999881
17322  20.692  -81.170  -3.984 0.6000000238
23147  29.992  -73.637  -6.273 0.6999999881
24237  29.577  -72.911  -6.683 0.6000000238
103249  34.462  -74.611  -3.947 0.6999999881
23133  32.509  -74.022  -5.602 0.6999999881
23134  31.689  -74.031  -5.658 0.6999999881
17352  21.469  -80.633  -5.436 0.6000000238
104509  20.701  -80.694  -4.710 0.6000000238
23076  34.395  -75.049  -3.179 0.6000000238
23120  32.333  -74.724  -5.153 0.6999999881
17351  22.523  -80.828  -5.781 0.6000000238
18305  20.009  -79.747  -5.199 0.6000000238
23036  35.381  -74.208  -0.805 0.6000000238
22063  34.163  -75.666  -2.313 0.6000000238
16384  24.856  -81.309  -5.435 0.6999999881
17349  24.426  -80.952  -5.969 0.6000000238
17369  22.052  -80.094  -6.255 0.6000000238
23038  33.850  -74.784  -0.472 0.6000000238
18289  29.652  -79.928  -3.299 0.6000000238
17335  28.380  -80.503  -4.198 0.6000000238
17337  27.156  -80.849  -5.206 0.6999999881
17348  25.956  -80.813  -5.724 0.6000000238
18334  22.687  -79.353  -6.492 0.6000000238
18261  30.185  -79.053  -2.032 0.6000000238
121370  29.069  -80.077  -4.367 0.8000000119
20129  31.370  -77.854  -1.280 0.6000000238
18272  30.230  -79.412  -2.844 0.6999999881
17346  27.789  -80.272  -5.383 0.8000000119
18376  27.950  -79.989  -9.405 0.6999999881
18391  26.823  -79.867  -11.056 0.6999999881
118024  26.734  -79.319  -11.540 0.6999999881
18374  29.255  -79.384  -8.780 0.6999999881
113541  28.654  -80.016  -8.850 0.6999999881
19341  26.306  -79.034  -11.757 0.6000000238
18407  25.588  -79.475  -12.029 0.6000000238
16278  20.085  -81.357  0.278 0.6000000238
16279  18.672  -81.615  0.239 0.6000000238
16299  19.766  -81.504  -0.639 0.6000000238
113788  18.546  -81.653  -0.618 0.6000000238
19342  25.561  -78.451  -11.693 0.6000000238
16320  20.023  -81.574  -1.373 0.5000000000
22161  27.196  -74.998  -10.023 0.6999999881
22179  26.925  -75.839  -10.273 0.6999999881
115462  21.019  -82.047  -1.948 0.4000000060
16341  20.311  -81.694  -2.037 0.5000000000
25362  28.470  -72.455  -8.695 0.6999999881
109342  27.811  -73.006  -9.128 0.8000000119
16340  21.302  -82.059  -2.675 0.5000000000
25337  29.167  -72.416  -7.177 0.6000000238
24267  27.236  -73.742  -9.109 0.6999999881
16359  21.544  -81.768  -3.643 0.6000000238
24221  31.252  -73.410  -6.191 0.6999999881
24236  30.524  -72.934  -6.473 0.6999999881
117933  24.364  -81.890  -4.257 0.6999999881
119428  22.093  -81.617  -4.315 0.6000000238
23094  35.523  -74.422  -3.259 0.6999999881
120957  35.084  -74.365  -3.889 0.6999999881
16355  26.044  -81.750  -3.540 0.5000000000
16373  22.188  -81.264  -4.985 0.6000000238
23054  36.640  -74.383  -1.391 0.6000000238
23074  35.432  -74.504  -2.371 0.6000000238
23095  34.924  -74.587  -3.137 0.6999999881
16371  24.966  -81.637  -4.788 0.6999999881
23055  35.804  -74.360  -1.491 0.6000000238
23075  34.749  -74.915  -2.291 0.6000000238
17320  27.679  -80.975  -3.648 0.5000000000
103511  26.452  -81.501  -4.218 0.6000000238
23037  34.606  -74.442  -0.747 0.6000000238
19210  29.980  -78.470  -1.467 0.6000000238
18290  28.930  -80.186  -2.740 0.5000000000
16369  26.406  -81.261  -5.034 0.6999999881
20114  30.084  -77.101  -0.807 0.6000000238
19325  28.223  -78.496  -10.335 0.6999999881
19326  27.551  -78.604  -11.035 0.6999999881
19327  26.907  -78.772  -11.470 0.6000000238
113760  26.382  -78.334  -11.494 0.6000000238
17255  19.900  -80.973  1.207 0.4000000060
16264  18.393  -81.111  1.280 0.5000000000
20249  26.293  -77.498  -11.103 0.6000000238
16277  21.015  -81.481  0.167 0.5000000000
16280  17.703  -81.795  0.739 0.6000000238
21232  27.584  -76.529  -10.728 0.6999999881
23207  28.027  -74.798  -10.326 0.6999999881
21233  26.608  -76.632  -10.652 0.6000000238
115069  21.384  -82.079  -1.293 0.5000000000
25361  29.277  -72.047  -8.580 0.6999999881
109279  23.065  -82.414  -1.946 0.4000000060
24205  35.060  -73.933  -5.465 0.6999999881
24218  33.669  -73.391  -6.295 0.6999999881
25334  31.803  -72.001  -6.889 0.6999999881
16338  23.372  -82.373  -2.884 0.6000000238
23092  37.190  -74.462  -3.307 0.6999999881
23116  36.115  -74.166  -4.423 0.6999999881
24219  32.764  -73.382  -6.260 0.6999999881
24235  31.417  -72.657  -6.554 0.6999999881
16337  25.067  -82.200  -2.465 0.5000000000
16357  23.810  -82.156  -3.640 0.5000000000
23073  36.612  -74.461  -2.710 0.6000000238
23093  36.245  -74.356  -3.518 0.6999999881
23117  35.409  -74.212  -4.603 0.6999999881
23132  33.358  -74.033  -5.599 0.6999999881
123743  25.422  -82.085  -3.205 0.5000000000
24140  37.545  -73.613  0.065 0.5000000000
23053  37.517  -74.501  -1.502 0.6000000238
104825  36.188  -74.410  -2.141 0.6000000238
20232  28.645  -77.677  -10.378 0.6999999881
20247  27.929  -77.931  -11.034 0.6999999881
17236  19.643  -80.490  1.879 0.4000000060
21230  29.241  -76.232  -10.543 0.6999999881
20248  27.307  -77.329  -10.990 0.6999999881
17237  18.862  -80.487  1.903 0.4000000060
21231  28.425  -76.365  -10.725 0.6999999881
16265  17.135  -81.482  1.314 0.6000000238
23194  29.099  -73.673  -10.263 0.8000000119
23206  28.854  -74.560  -10.556 0.6999999881
25359  31.057  -71.865  -8.448 0.6000000238
25376  29.829  -72.380  -9.312 0.6000000238
18240  15.111  -79.462  1.245 0.6000000238
24217  34.617  -73.404  -6.299 0.6999999881
25333  32.638  -72.089  -7.189 0.6999999881
25346  30.474  -71.819  -7.543 0.6000000238
24203  36.691  -73.802  -5.085 0.6000000238
105682  38.140  -74.678  -2.970 0.6000000238
19185  13.674  -78.621  0.297 0.5000000000
23071  38.449  -74.671  -1.960 0.6000000238
23072  37.443  -74.589  -2.401 0.6999999881
24138  38.715  -73.942  -0.720 0.5000000000
22176  29.480  -75.274  -10.661 0.6999999881
18212  18.794  -79.467  2.676 0.4000000060
23204  29.961  -73.723  -10.239 0.8000000119
17238  17.336  -80.036  1.984 0.5000000000
110467  31.840  -71.858  -8.339 0.8000000119
19170  16.730  -78.696  1.397 0.4000000060
18213  18.044  -79.518  2.297 0.4000000060
25375  30.750  -72.413  -9.226 0.6999999881
19182  16.125  -78.232  0.802 0.4000000060
18226  16.592  -79.589  1.687 0.5000000000
24202  37.513  -73.831  -4.932 0.6000000238
24216  35.555  -73.380  -6.180 0.6000000238
108958  34.079  -72.599  -7.026 0.6999999881
20100  17.328  -77.070  0.682 0.4000000060
23091  38.884  -74.671  -3.524 0.6000000238
23114  37.944  -74.328  -4.019 0.6000000238
21084  14.999  -77.082  -0.213 0.4000000060
19184  14.302  -79.158  0.757 0.6000000238
23070  39.416  -74.592  -2.216 0.6000000238
23051  39.098  -74.345  -1.399 0.5000000000
24156  39.451  -73.706  -1.247 0.5000000000
19155  19.035  -78.783  2.994 0.4000000060
23193  30.781  -73.869  -10.140 0.8000000119
19168  18.223  -78.052  2.044 0.4000000060
25374  31.780  -72.404  -9.089 0.6999999881
20090  17.913  -77.402  1.390 0.4000000060
24232  35.161  -72.812  -6.994 0.6000000238
120086  33.356  -72.155  -7.372 0.6999999881
24215  36.459  -73.343  -5.989 0.6000000238
21069  18.504  -76.264  0.949 0.4000000060
21082  16.831  -76.730  0.012 0.4000000060
23090  39.617  -74.693  -3.085 0.6000000238
21097  16.287  -76.351  -0.442 0.4000000060
23050  39.875  -74.104  -1.865 0.4000000060
123790  19.278  -78.137  3.096 0.4000000060
25358  32.659  -71.952  -8.685 0.6999999881
20078  18.650  -77.206  1.909 0.4000000060
25331  35.775  -72.326  -7.505 0.6999999881
25332  33.965  -71.949  -7.737 0.6000000238
117065  18.473  -76.783  1.359 0.4000000060
23130  39.198  -74.167  -5.033 0.6000000238
110226  38.008  -73.340  -5.648 0.6000000238
22032  17.908  -75.566  -0.231 0.4000000060
23089  40.384  -74.470  -3.451 0.6000000238
22045  17.324  -75.275  -0.769 0.3000000119
23068  40.926  -74.061  -3.034 0.4000000060
25283  40.977  -72.971  -2.179 0.4000000060
24171  41.397  -73.419  -2.786 0.4000000060
21068  18.923  -75.989  1.362 0.4000000060
22022  18.724  -75.574  0.918 0.4000000060
23129  40.131  -74.216  -5.081 0.6000000238
23112  40.631  -74.366  -4.296 0.6000000238
23128  41.130  -74.035  -5.097 0.6000000238
24170  42.159  -73.110  -3.199 0.4000000060
114261  42.721  -72.809  -3.570 0.5000000000
26410  42.295  -71.814  -2.659 0.4000000060
27400  17.504  -70.585  -1.256 0.3000000119
25280  42.925  -71.895  -2.896 0.4000000060
24081  21.218  -73.545  3.483 0.4000000060
27370  18.971  -70.820  0.552 0.3000000119
29332  15.610  -67.905  -2.050 0.4000000060
25170  22.502  -72.887  4.127 0.4000000060
25199  21.173  -72.182  2.497 0.4000000060
27369  19.566  -70.749  1.099 0.3000000119
26349  20.525  -71.471  1.721 0.3000000119
28426  17.335  -69.747  -1.305 0.3000000119
28406  18.263  -70.021  -0.328 0.3000000119
29331  16.440  -68.272  -1.752 0.3000000119
25184  22.151  -72.099  3.506 0.4000000060
26322  21.832  -71.536  2.711 0.4000000060
114321  20.720  -72.044  2.039 0.4000000060
28385  18.772  -69.396  0.463 0.3000000119
28386  18.244  -69.308  -0.066 0.3000000119
25204  11.778  -71.956  2.657 0.4000000060
24071  11.076  -73.375  5.032 0.3000000119
21973  11.331  -75.005  6.315 0.3000000119
29310  17.247  -67.836  -0.494 0.3000000119
30211  15.960  -67.407  -1.342 0.3000000119
27324  22.329  -70.591  2.585 0.4000000060
27350  20.966  -70.820  1.730 0.4000000060
117841  20.612  -70.218  1.623 0.3000000119
28367  19.402  -69.297  1.042 0.3000000119
29284  18.916  -68.611  0.886 0.3000000119
29286  12.670  -68.680  1.108 0.3000000119
30194  17.813  -67.865  0.179 0.3000000119
24087  11.523  -73.061  3.664 0.3000000119
119088  16.359  -66.357  0.244 0.3000000119
102854  12.061  -73.539  3.530 0.4000000060
22956  11.682  -74.686  5.583 0.3000000119
21988  12.335  -74.989  5.313 0.3000000119
21957  11.922  -75.536  6.589 0.3000000119
27349  21.223  -70.068  1.850 0.4000000060
28365  20.609  -69.430  1.730 0.4000000060
29283  19.554  -68.561  1.364 0.3000000119
27353  12.430  -70.661  1.597 0.4000000060
30185  18.411  -67.852  0.751 0.3000000119
29285  13.362  -68.366  1.370 0.3000000119
25203  12.178  -72.628  2.199 0.4000000060
26351  12.883  -71.601  1.545 0.4000000060
21006  12.731  -75.999  6.673 0.3000000119
29272  21.492  -68.449  2.259 0.4000000060
30183  19.790  -67.792  1.705 0.4000000060
30184  19.174  -67.001  1.689 0.4000000060
31140  17.505  -65.996  1.441 0.4000000060
31151  16.849  -66.190  0.780 0.3000000119
30187  14.809  -66.036  1.888 0.3000000119
28368  13.934  -68.987  1.998 0.3000000119
26337  13.558  -71.385  1.844 0.3000000119
23004  13.476  -73.928  2.847 0.5000000000
24103  12.590  -73.258  2.004 0.4000000060
22971  12.903  -74.754  4.551 0.4000000060
20016  13.089  -77.233  8.170 0.3000000119
30174  19.940  -66.933  2.142 0.4000000060
31129  18.520  -65.639  2.354 0.4000000060
32048  16.619  -65.312  2.454 0.3000000119
28352  15.285  -69.250  2.694 0.3000000119
26335  15.056  -72.011  2.679 0.3000000119
22985  15.096  -74.207  3.674 0.3000000119
32070  15.680  -65.499  1.448 0.3000000119
30176  15.404  -66.263  2.418 0.3000000119
110663  14.314  -72.374  2.215 0.3000000119
22986  14.151  -74.291  3.352 0.3000000119
21986  14.319  -75.140  4.891 0.3000000119
28353  14.556  -69.606  2.380 0.3000000119
21987  13.559  -75.151  5.025 0.3000000119
113322  12.934  -75.214  5.274 0.3000000119
118342  13.762  -77.702  9.098 0.3000000119
109932  22.985  -68.339  3.220 0.3000000119
29263  21.529  -67.492  2.640 0.3000000119
31126  20.754  -66.681  2.575 0.3000000119
32903  17.856  -65.039  3.584 0.3000000119
28338  17.060  -69.539  3.691 0.3000000119
24068  15.977  -74.008  3.916 0.3000000119
32045  18.972  -65.445  2.769 0.3000000119
30166  16.839  -66.757  3.503 0.3000000119
123869  15.806  -69.716  2.962 0.3000000119
26324  15.919  -71.994  3.236 0.3000000119
21985  15.126  -75.116  4.872 0.3000000119
21022  14.531  -76.026  5.875 0.3000000119
104651  13.375  -75.591  5.664 0.3000000119
20987  13.540  -76.448  6.736 0.3000000119
20988  12.930  -76.589  7.340 0.3000000119
106404  14.010  -77.472  8.240 0.3000000119
111889  23.665  -68.019  3.817 0.3000000119
31113  21.562  -66.302  3.252 0.3000000119
123725  20.012  -65.476  3.242 0.3000000119
30151  17.463  -66.633  3.959 0.3000000119
107133  16.538  -72.011  3.674 0.3000000119
21021  15.250  -76.192  5.948 0.3000000119
20028  14.975  -76.968  7.119 0.3000000119
20000  14.634  -77.516  8.663 0.3000000119
19982  13.848  -77.953  10.017 0.3000000119
22966  16.690  -74.023  4.499 0.3000000119
21984  15.951  -75.052  4.898 0.3000000119
105272  15.204  -77.394  8.307 0.3000000119
19981  14.540  -77.444  9.491 0.3000000119
19964  14.100  -77.419  10.161 0.3000000119
21968  16.510  -75.501  5.495 0.3000000119
21020  16.176  -76.218  6.023 0.3000000119
20013  15.554  -77.192  7.722 0.3000000119
24066  17.233  -73.238  4.680 0.3000000119
21956  17.045  -75.991  6.181 0.3000000119
20986  16.299  -76.862  7.527 0.3000000119
20973  15.803  -76.812  8.601 0.3000000119
20956  15.186  -76.975  9.284 0.3000000119
21924  14.746  -76.250  9.474 0.3000000119
21925  13.833  -75.705  9.794 0.3000000119
113293  33.410  -86.972  -14.312 0.5000000000
13033  32.414  -85.788  -13.907 0.5000000000
117291  31.813  -85.113  -13.814 0.4000000060
21181  23.304  -76.016  -6.578 0.6999999881
20200  22.751  -76.820  -6.449 0.6999999881
15511  30.031  -82.307  -13.572 0.4000000060
13032  33.185  -85.525  -13.654 0.5000000000
22119  28.139  -75.614  -6.565 0.6000000238
21235  24.487  -76.382  -10.916 0.5000000000
22108  29.730  -75.615  -5.910 0.6000000238
24266  28.598  -72.916  -9.659 0.8000000119
25347  29.581  -71.949  -7.671 0.6000000238
23033  38.092  -74.038  -0.325 0.5000000000
24206  34.221  -74.016  -5.570 0.6999999881
20102  15.527  -77.673  0.286 0.4000000060
25249  38.959  -73.125  -0.709 0.5000000000
109449  39.689  -74.589  -4.142 0.6000000238
24155  40.206  -73.370  -1.757 0.4000000060
24230  37.099  -72.785  -6.631 0.6000000238
109535  38.715  -73.436  -5.654 0.6000000238
22031  18.387  -75.026  0.281 0.3000000119
24185  41.643  -73.767  -3.582 0.4000000060
24184  42.435  -73.322  -3.969 0.4000000060
25171  21.707  -72.873  3.568 0.4000000060
31112  22.487  -66.450  3.729 0.3000000119
119085  37.097  -71.936  -7.971 0.5000000000
25355  35.010  -72.315  -8.740 0.5000000000
25373  33.236  -72.402  -9.291 0.6999999881
24262  32.976  -73.221  -9.716 0.6999999881
22175  30.289  -75.066  -10.451 0.6000000238
25341  35.372  -72.147  -8.076 0.5000000000
25342  34.502  -72.074  -8.186 0.6000000238
117921  32.200  -73.233  -9.626 0.6000000238
19299  29.932  -78.581  -8.786 0.6000000238
19311  29.005  -78.552  -9.413 0.6000000238
23190  33.604  -74.038  -9.903 0.6999999881
22159  32.043  -75.077  -9.935 0.6000000238
21211  30.635  -76.427  -9.783 0.6000000238
22160  31.064  -75.724  -9.972 0.6000000238
118022  29.395  -77.886  -9.603 0.6000000238
121557  37.605  -71.771  -7.431 0.5000000000
22157  34.303  -75.111  -9.815 0.6999999881
21210  32.948  -76.009  -9.483 0.6999999881
21197  32.009  -77.107  -8.759 0.6000000238
20219  30.881  -78.005  -8.596 0.6000000238
107254  34.198  -73.638  -9.800 0.6000000238
22158  33.229  -74.988  -9.888 0.6999999881
115699  31.378  -77.407  -8.774 0.6000000238
24259  35.017  -73.060  -9.714 0.6000000238
26457  38.934  -71.240  -7.173 0.5000000000
25330  36.861  -72.231  -7.373 0.5000000000
23189  34.527  -74.242  -9.978 0.6999999881
21195  33.531  -76.662  -8.879 0.6000000238
19298  30.728  -78.873  -8.496 0.6000000238
25326  40.243  -71.968  -6.888 0.5000000000
25328  38.482  -72.078  -6.747 0.5000000000
25324  42.164  -72.219  -6.767 0.5000000000
25327  39.334  -71.908  -6.783 0.5000000000
25320  43.164  -71.893  -6.310 0.4000000060
104602  20.039  -73.904  -7.932 0.4000000060
22145  21.821  -74.254  -8.225 0.4000000060
22147  19.931  -74.899  -8.377 0.4000000060
22167  21.028  -75.886  -8.971 0.5000000000
105570  21.742  -75.674  -9.144 0.5000000000
21219  19.723  -76.796  -9.180 0.5000000000
24226  40.779  -72.840  -6.502 0.5000000000
20235  20.111  -77.502  -9.656 0.5000000000
17434  16.854  -80.522  -11.057 0.6000000238
24225  41.524  -72.792  -6.505 0.4000000060
20234  20.930  -77.346  -9.915 0.5000000000
19314  19.672  -78.239  -9.995 0.5000000000
18396  18.498  -79.318  -10.952 0.5000000000
114657  19.080  -75.198  -8.401 0.5000000000
21199  19.326  -75.920  -8.893 0.5000000000
21220  18.828  -76.831  -9.133 0.5000000000
20236  19.251  -77.562  -9.513 0.5000000000
19316  17.849  -78.189  -9.839 0.5000000000
19315  18.760  -78.228  -9.875 0.5000000000
18397  17.321  -79.307  -10.980 0.5000000000
24211  41.327  -73.405  -5.949 0.5000000000
19330  19.157  -78.874  -10.393 0.5000000000
26448  43.964  -71.382  -6.009 0.4000000060
25312  43.202  -72.535  -5.198 0.4000000060
114143  43.677  -72.045  -5.397 0.4000000060
22111  18.967  -75.654  -5.303 0.5000000000
20238  17.464  -77.664  -9.414 0.5000000000
24212  40.470  -73.565  -5.842 0.5000000000
24200  42.571  -73.201  -4.984 0.4000000060
20189  19.215  -77.288  -5.220 0.5000000000
118454  18.172  -76.775  -4.608 0.5000000000
21151  16.639  -75.955  -4.148 0.5000000000
21171  18.806  -76.588  -4.969 0.5000000000
25311  43.605  -72.263  -4.474 0.4000000060
19265  18.839  -77.985  -5.060 0.5000000000
20172  17.822  -77.377  -4.297 0.5000000000
19249  18.241  -78.248  -4.461 0.5000000000
19250  17.505  -78.083  -3.870 0.5000000000
21136  15.986  -76.404  -3.756 0.5000000000
21152  15.284  -75.728  -4.010 0.4000000060
19235  17.805  -78.882  -3.846 0.5000000000
20160  15.666  -77.230  -3.431 0.6000000238
21137  14.991  -76.595  -3.723 0.6000000238
18306  19.371  -79.663  -4.668 0.5000000000
18293  17.568  -79.306  -3.337 0.5000000000
20158  16.874  -78.084  -3.432 0.5000000000
19237  15.323  -77.975  -3.239 0.6000000238
20161  14.427  -77.155  -3.625 0.6000000238
21154  13.165  -76.612  -4.351 0.6000000238
114826  12.287  -76.284  -5.511 0.5000000000
21173  11.626  -76.750  -5.704 0.5000000000
20212  10.576  -77.590  -7.374 0.5000000000
18291  18.892  -79.981  -3.910 0.5000000000
17325  18.636  -80.298  -3.277 0.5000000000
18277  17.372  -79.756  -2.930 0.5000000000
18294  17.002  -78.974  -3.137 0.5000000000
109407  16.831  -79.621  -2.785 0.6000000238
102882  14.431  -77.987  -3.384 0.6000000238
20175  12.937  -77.602  -4.089 0.6000000238
21156  11.995  -76.922  -5.003 0.6000000238
123043  10.779  -77.708  -5.566 0.5000000000
14633  10.116  -83.224  -6.099 0.5000000000
19289  8.971  -78.742  -7.094 0.5000000000
17323  19.935  -80.924  -3.508 0.5000000000
17305  18.492  -80.589  -2.638 0.5000000000
106167  17.809  -80.406  -2.497 0.6000000238
17289  16.672  -81.025  -1.909 0.6000000238
17309  14.628  -81.048  -2.533 0.6000000238
18295  13.643  -79.462  -3.198 0.6000000238
17310  13.828  -80.552  -2.922 0.6000000238
19251  12.674  -78.382  -3.985 0.6000000238
18296  12.860  -79.214  -3.666 0.6000000238
20176  12.093  -77.788  -4.477 0.6000000238
19266  10.790  -78.408  -5.242 0.5000000000
20192  10.313  -77.959  -5.874 0.5000000000
19267  9.987  -78.914  -5.762 0.5000000000
18324  10.000  -80.189  -5.955 0.5000000000
18325  9.216  -79.407  -6.503 0.5000000000
18337  9.484  -80.563  -6.489 0.5000000000
17288  17.506  -80.989  -1.849 0.6000000238
16325  16.053  -81.965  -1.434 0.6000000238
16345  14.731  -82.063  -2.283 0.6000000238
15390  14.412  -82.637  -2.206 0.6000000238
16346  13.949  -81.917  -2.768 0.6000000238
119376  12.777  -80.928  -3.774 0.6000000238
16362  12.910  -82.008  -3.829 0.6000000238
18309  11.646  -80.007  -4.543 0.5000000000
17341  12.183  -81.233  -4.417 0.5000000000
18323  10.765  -79.801  -5.180 0.5000000000
108331  11.738  -82.028  -5.125 0.5000000000
15422  11.536  -82.956  -5.164 0.6000000238
17371  10.078  -81.500  -6.368 0.5000000000
15423  10.865  -83.025  -5.827 0.5000000000
14609  10.527  -83.273  -5.030 0.5000000000
16375  9.186  -82.267  -4.514 0.5000000000
15374  15.016  -82.573  -1.625 0.6000000238
15375  13.453  -83.255  -1.887 0.6000000238
14598  12.913  -83.196  -3.321 0.6000000238
16374  12.249  -82.526  -4.535 0.6000000238
14601  10.978  -83.325  -4.138 0.6000000238
15410  10.367  -83.114  -4.289 0.5000000000
115648  15.160  -82.766  -0.357 0.6000000238
14599  12.359  -83.302  -3.608 0.6000000238
16348  10.703  -82.355  -2.531 0.6000000238
16349  10.027  -81.660  -3.041 0.5000000000
17241  14.931  -80.927  1.373 0.6000000238
120352  14.599  -82.418  0.264 0.6000000238
16285  13.250  -81.743  0.260 0.6000000238
15360  12.329  -82.575  -0.873 0.6000000238
15392  11.402  -82.991  -2.467 0.6000000238
16327  10.612  -81.202  -2.048 0.5000000000
18242  13.850  -79.996  0.766 0.6000000238
17259  12.706  -80.732  0.114 0.6000000238
18243  13.147  -79.913  0.370 0.6000000238
15361  11.609  -82.178  -1.142 0.6000000238
103590  12.378  -79.177  -0.310 0.6000000238
20122  11.933  -78.104  -0.917 0.5000000000
19196  13.133  -78.160  -0.158 0.4000000060
21212  30.026  -76.744  -9.971 0.6000000238
23192  31.591  -74.118  -10.061 0.6999999881
24229  37.852  -72.715  -6.378 0.5000000000
24228  39.025  -72.729  -6.278 0.5000000000
26454  41.672  -71.283  -7.630 0.5000000000
25325  41.185  -72.110  -7.019 0.5000000000
19332  17.069  -78.716  -10.403 0.6000000238
19225  14.936  -78.766  -3.009 0.6000000238
18280  14.540  -79.757  -2.778 0.6000000238
106340  12.029  -78.961  -4.237 0.6000000238
17354  11.372  -80.999  -5.011 0.5000000000
16303  13.325  -82.650  -0.422 0.6000000238
14576  12.835  -83.338  -2.283 0.6000000238
17275  11.669  -80.520  -0.737 0.6000000238
18264  11.491  -79.563  -1.043 0.6000000238
10305  34.404  -88.261  -14.052 0.4000000060
107166  35.058  -86.941  -11.004 0.5000000000
13007  35.142  -85.828  -12.015 0.5000000000
11175  35.303  -87.243  -12.336 0.4000000060
11197  34.959  -87.345  -13.571 0.4000000060
109538  34.780  -86.057  -13.266 0.4000000060
12116  34.140  -86.821  -14.032 0.4000000060
13008  34.975  -85.303  -11.259 0.5000000000
12087  35.056  -86.172  -11.093 0.5000000000
13015  34.876  -85.508  -12.749 0.5000000000
13024  34.093  -85.322  -13.234 0.5000000000
116066  34.195  -86.070  -13.661 0.4000000060
13885  34.769  -84.343  -11.233 0.5000000000
122466  34.789  -84.090  -11.857 0.5000000000
13903  34.320  -84.267  -12.641 0.5000000000
13904  33.977  -84.419  -12.941 0.5000000000
13031  33.711  -85.455  -13.434 0.4000000060
14713  33.314  -83.961  -13.090 0.4000000060
14677  34.703  -83.463  -11.578 0.5000000000
14676  34.593  -83.448  -12.067 0.5000000000
106948  34.423  -82.934  -12.063 0.5000000000
14698  33.925  -83.543  -12.722 0.5000000000
14699  33.653  -83.737  -12.878 0.5000000000
14714  32.948  -83.802  -13.360 0.4000000060
17405  31.245  -79.870  -9.362 0.5000000000
16443  30.343  -81.078  -10.568 0.4000000060
107334  30.986  -80.746  -11.473 0.4000000060
17443  31.530  -80.442  -12.138 0.4000000060
17458  31.335  -80.838  -12.606 0.4000000060
16487  31.356  -81.542  -13.180 0.4000000060
114619  34.166  -82.880  -12.346 0.5000000000
16486  32.132  -81.275  -13.046 0.4000000060
16495  31.826  -82.081  -13.408 0.4000000060
15521  32.008  -82.874  -13.548 0.4000000060
105346  34.110  -82.194  -12.399 0.4000000060
15510  33.756  -82.951  -12.697 0.5000000000
15520  32.790  -82.990  -13.469 0.4000000060
111570  33.286  -83.108  -13.106 0.4000000060
119282  31.654  -80.009  -10.410 0.4000000060
17457  31.993  -80.248  -12.439 0.4000000060
17470  31.696  -80.890  -12.841 0.4000000060
16458  35.042  -81.059  -11.725 0.4000000060
120464  32.660  -81.827  -13.168 0.4000000060
16494  32.561  -82.414  -13.430 0.4000000060
16483  34.615  -81.328  -12.076 0.4000000060
122105  33.564  -82.312  -12.790 0.4000000060
16485  33.300  -81.668  -12.796 0.4000000060
122235  33.050  -82.390  -13.210 0.4000000060
18356  31.538  -79.108  -8.744 0.5000000000
18373  31.991  -79.534  -9.913 0.4000000060
18388  32.701  -79.260  -10.787 0.4000000060
19340  33.281  -78.812  -11.516 0.4000000060
18417  32.879  -79.348  -12.229 0.4000000060
17456  32.483  -79.868  -12.364 0.4000000060
18420  33.079  -79.927  -12.511 0.4000000060
103494  32.847  -81.004  -12.724 0.4000000060
17467  34.641  -80.499  -12.273 0.4000000060
17468  33.683  -80.722  -12.516 0.4000000060
19297  31.429  -78.424  -8.503 0.5000000000
19296  32.258  -78.294  -8.608 0.5000000000
20217  32.583  -77.476  -8.623 0.6000000238
19310  32.954  -78.464  -9.143 0.5000000000
19339  33.880  -78.424  -11.820 0.4000000060
118100  33.939  -78.477  -12.064 0.4000000060
19348  34.534  -78.480  -12.294 0.4000000060
19347  35.451  -78.641  -12.411 0.4000000060
20227  34.849  -77.192  -9.392 0.4000000060
20215  34.175  -76.860  -8.940 0.5000000000
20244  35.163  -77.502  -10.403 0.4000000060
20262  35.094  -77.746  -11.555 0.4000000060
20226  35.652  -77.077  -9.843 0.5000000000
21228  36.281  -76.953  -10.359 0.4000000060
20243  35.836  -77.398  -10.821 0.4000000060
20242  36.293  -77.467  -11.292 0.4000000060
22156  35.233  -75.108  -9.881 0.6000000238
21206  36.431  -76.140  -10.027 0.5000000000
22174  36.978  -75.959  -10.012 0.4000000060
24261  33.709  -73.095  -9.621 0.5000000000
16324  17.052  -81.764  -1.237 0.5000000000
15357  15.844  -82.623  -0.202 0.5000000000
17240  15.698  -80.878  1.585 0.5000000000
15343  17.137  -82.230  0.165 0.5000000000
16282  16.136  -82.199  0.967 0.5000000000
15356  16.506  -82.335  -0.528 0.5000000000
13884  34.952  -84.852  -12.075 0.5000000000
12097  35.156  -86.462  -12.768 0.5000000000
18389  32.192  -79.740  -11.219 0.4000000060
18404  32.697  -79.309  -11.919 0.4000000060
16484  34.007  -81.477  -12.467 0.4000000060
19324  33.168  -78.749  -10.241 0.4000000060
20263  34.488  -77.993  -11.326 0.4000000060
18416  33.679  -78.980  -12.284 0.4000000060
18415  34.448  -79.073  -12.486 0.4000000060
19295  33.168  -77.820  -8.715 0.5000000000
20266  35.105  -78.051  -12.065 0.4000000060
21208  35.006  -76.325  -9.391 0.5000000000
21207  35.906  -76.224  -9.748 0.6000000238
21227  36.762  -76.987  -10.804 0.5000000000
124035  35.952  -75.398  -9.820 0.5000000000
27469  45.798  -70.517  -8.644 0.3000000119
27471  43.801  -70.878  -8.841 0.3000000119
111649  43.816  -70.508  -8.341 0.3000000119
27470  44.673  -70.533  -8.548 0.3000000119
27463  46.468  -70.089  -8.198 0.3000000119
26458  47.652  -71.020  -7.822 0.3000000119
27462  47.245  -70.483  -8.090 0.3000000119
27474  43.152  -71.177  -9.180 0.3000000119
122187  42.752  -71.345  -9.445 0.4000000060
26476  41.593  -70.912  -9.226 0.4000000060
26467  45.235  -71.028  -9.135 0.3000000119
26468  40.998  -70.697  -8.503 0.4000000060
27473  41.996  -70.807  -8.630 0.4000000060
26456  39.755  -71.195  -7.306 0.4000000060
26463  37.973  -71.508  -7.781 0.4000000060
26466  46.213  -71.352  -9.009 0.3000000119
27466  43.456  -70.491  -8.051 0.3000000119
28484  46.245  -69.561  -7.565 0.3000000119
106173  43.939  -70.287  -7.594 0.3000000119
25366  40.667  -71.652  -9.786 0.4000000060
24256  39.060  -72.477  -9.452 0.4000000060
24257  37.152  -73.039  -9.533 0.4000000060
104647  36.445  -72.757  -9.271 0.4000000060
26474  43.174  -71.726  -9.632 0.4000000060
106482  41.382  -71.333  -9.679 0.4000000060
25367  39.679  -71.633  -9.457 0.4000000060
123786  38.510  -71.731  -8.749 0.4000000060
25353  37.146  -72.275  -8.609 0.4000000060
26473  44.712  -71.515  -9.474 0.3000000119
104117  40.627  -70.933  -9.264 0.4000000060
26470  39.303  -71.109  -8.362 0.4000000060
25354  36.071  -72.284  -8.568 0.4000000060
25363  45.494  -71.671  -9.348 0.3000000119
26461  39.497  -70.934  -7.784 0.4000000060
26472  37.724  -71.766  -8.274 0.4000000060
25350  46.757  -72.026  -8.645 0.3000000119
26455  40.673  -71.288  -7.487 0.4000000060
26453  42.660  -71.280  -7.350 0.4000000060
24270  39.512  -73.341  -9.859 0.4000000060
23186  36.980  -73.748  -9.758 0.4000000060
115495  40.496  -73.418  -10.153 0.4000000060
25380  40.064  -72.446  -9.875 0.4000000060
24271  38.605  -73.399  -9.595 0.4000000060
23187  36.164  -73.979  -9.839 0.4000000060
24253  44.124  -72.627  -9.618 0.3000000119
106000  42.713  -72.285  -10.052 0.4000000060
24248  45.680  -72.858  -8.746 0.3000000119
25351  45.990  -72.192  -8.963 0.3000000119
25370  35.440  -72.659  -9.311 0.4000000060
24247  46.447  -72.701  -8.393 0.3000000119
22153  36.947  -74.757  -9.841 0.4000000060
23203  37.669  -74.399  -9.800 0.4000000060
26452  43.483  -70.919  -6.990 0.3000000119
26451  44.358  -70.424  -6.783 0.3000000119
122294  43.709  -70.491  -7.375 0.3000000119
24260  34.381  -73.021  -9.603 0.4000000060
23188  35.346  -73.698  -9.964 0.4000000060
22155  35.665  -74.525  -10.013 0.4000000060
22173  37.660  -75.485  -9.994 0.4000000060
27475  42.436  -71.050  -9.138 0.3000000119
27464  45.456  -70.004  -8.030 0.3000000119
28483  47.222  -69.759  -7.638 0.3000000119
26475  42.269  -71.487  -9.675 0.4000000060
27461  41.716  -70.772  -8.243 0.4000000060
26469  40.052  -70.747  -8.468 0.4000000060
26459  41.015  -70.790  -7.982 0.4000000060
26462  38.731  -71.171  -7.721 0.4000000060
27459  43.160  -70.620  -7.746 0.4000000060
25379  41.086  -72.657  -10.142 0.4000000060
104075  38.086  -72.866  -9.287 0.4000000060
118452  39.047  -71.841  -9.259 0.4000000060
107432  44.068  -71.980  -9.662 0.3000000119
26478  39.046  -71.497  -8.920 0.4000000060
25352  45.057  -72.278  -9.464 0.3000000119
25378  41.924  -72.960  -10.359 0.4000000060
120077  42.446  -72.846  -10.297 0.3000000119
24249  44.836  -72.998  -9.138 0.3000000119
10262  31.338  -88.796  -11.528 0.3000000119
9350  30.536  -89.307  -12.281 0.3000000119
10246  30.926  -88.009  -10.937 0.3000000119
10245  31.975  -88.467  -10.789 0.3000000119
9349  31.800  -89.574  -11.967 0.3000000119
11164  31.682  -87.749  -10.275 0.3000000119
121043  30.934  -87.412  -10.329 0.3000000119
10263  30.283  -88.457  -11.740 0.3000000119
11148  32.234  -87.199  -9.831 0.3000000119
10261  32.375  -89.184  -11.305 0.3000000119
10277  35.220  -87.990  -12.450 0.3000000119
12054  30.233  -85.976  -9.495 0.3000000119
11165  30.120  -87.285  -10.706 0.3000000119
12053  31.756  -86.482  -9.435 0.3000000119
11150  30.568  -86.761  -10.036 0.3000000119
11177  30.021  -87.853  -11.349 0.3000000119
10244  33.599  -88.668  -10.759 0.3000000119
12069  34.504  -86.577  -10.334 0.3000000119
10243  34.559  -88.328  -11.013 0.3000000119
107025  32.085  -85.961  -9.046 0.3000000119
11163  32.730  -88.096  -10.241 0.3000000119
12052  32.754  -86.440  -9.430 0.3000000119
12982  33.541  -85.716  -9.378 0.3000000119
12051  33.738  -86.552  -9.737 0.3000000119
11162  33.779  -87.881  -10.329 0.3000000119
12996  34.225  -85.261  -9.900 0.3000000119
124388  34.735  -82.194  -10.842 0.4000000060
14667  34.546  -83.509  -10.731 0.4000000060
8501  28.348  -89.814  -10.766 0.3000000119
8492  29.965  -90.387  -9.485 0.3000000119
10279  29.546  -88.828  -12.267 0.3000000119
11167  28.279  -86.905  -10.871 0.3000000119
11180  27.922  -87.597  -11.342 0.3000000119
9352  27.640  -88.975  -11.195 0.3000000119
8502  27.855  -89.399  -11.261 0.3000000119
8500  29.765  -90.430  -10.220 0.3000000119
12055  29.255  -85.687  -9.484 0.3000000119
11179  28.638  -87.557  -11.408 0.3000000119
10266  27.712  -88.435  -11.517 0.3000000119
8508  28.067  -89.925  -11.821 0.3000000119
111171  28.962  -90.268  -10.687 0.3000000119
11166  29.139  -86.952  -10.844 0.3000000119
10264  29.199  -88.135  -11.881 0.3000000119
116557  27.892  -88.864  -12.074 0.3000000119
9367  28.044  -89.524  -12.187 0.3000000119
10280  28.508  -88.953  -12.343 0.3000000119
9366  28.513  -89.761  -12.528 0.3000000119
121242  32.793  -88.820  -10.771 0.3000000119
114993  33.342  -89.333  -11.301 0.3000000119
12071  29.673  -86.438  -10.175 0.3000000119
12070  33.211  -87.259  -9.855 0.3000000119
8493  28.333  -89.745  -9.676 0.3000000119
8521  28.421  -90.427  -12.398 0.3000000119
12072  28.716  -86.218  -10.307 0.3000000119
113678  27.454  -87.760  -10.871 0.3000000119
10265  28.191  -88.204  -11.934 0.3000000119
9351  27.814  -89.183  -11.755 0.3000000119
113510  28.369  -90.766  -12.077 0.3000000119
13876  34.649  -84.979  -10.578 0.3000000119
18383  39.357  -79.226  -10.732 0.3000000119
18368  38.016  -78.721  -9.772 0.3000000119
19293  37.378  -78.617  -9.723 0.3000000119
19309  37.065  -78.635  -10.385 0.4000000060
17424  35.994  -79.929  -11.541 0.4000000060
17442  35.574  -80.431  -11.743 0.3000000119
15498  34.556  -82.156  -11.986 0.3000000119
18384  39.103  -78.579  -11.168 0.3000000119
19322  37.955  -78.372  -11.307 0.4000000060
18402  36.691  -79.083  -11.892 0.4000000060
18412  36.507  -79.104  -12.101 0.4000000060
17455  35.222  -80.408  -12.282 0.3000000119
118981  36.490  -78.640  -12.065 0.4000000060
19346  36.289  -78.974  -12.321 0.4000000060
18418  34.957  -79.585  -12.439 0.3000000119
20265  35.892  -78.364  -12.108 0.3000000119
110880  39.980  -81.081  -10.607 0.3000000119
17423  39.386  -80.581  -10.263 0.3000000119
19294  36.676  -78.764  -9.295 0.4000000060
18387  35.991  -79.598  -10.622 0.3000000119
17425  35.534  -80.674  -10.811 0.3000000119
16442  35.016  -81.552  -10.979 0.3000000119
17440  41.171  -80.240  -10.787 0.3000000119
17441  40.610  -79.970  -10.881 0.3000000119
18401  40.079  -79.142  -11.058 0.3000000119
19321  39.643  -78.309  -11.321 0.3000000119
19337  36.894  -78.729  -11.737 0.4000000060
20256  40.248  -77.807  -11.282 0.3000000119
20257  39.290  -77.600  -11.422 0.3000000119
19336  38.629  -78.141  -11.452 0.3000000119
115518  37.589  -78.242  -11.515 0.4000000060
19345  36.642  -78.868  -12.080 0.4000000060
21239  39.537  -76.773  -11.140 0.3000000119
115833  37.497  -77.904  -11.622 0.4000000060
20259  36.919  -78.420  -11.782 0.4000000060
21225  38.370  -75.927  -10.386 0.3000000119
120512  38.279  -76.645  -11.015 0.4000000060
21242  37.066  -77.566  -11.486 0.4000000060
20260  36.407  -78.004  -11.786 0.4000000060
22172  39.269  -75.312  -10.236 0.3000000119
21226  37.543  -76.585  -10.761 0.4000000060
14648  36.618  -84.058  -8.695 0.3000000119
15455  36.647  -83.170  -8.248 0.3000000119
15443  36.581  -81.953  -7.562 0.3000000119
16408  36.377  -80.777  -7.154 0.3000000119
16441  39.504  -81.761  -10.453 0.3000000119
15462  38.822  -82.770  -10.332 0.3000000119
114769  37.705  -80.860  -8.731 0.3000000119
17378  36.116  -80.077  -7.211 0.3000000119
123855  41.532  -81.577  -9.720 0.3000000119
16439  41.017  -81.787  -10.186 0.3000000119
16418  38.619  -81.123  -9.746 0.3000000119
17388  38.119  -80.000  -8.917 0.3000000119
18342  37.052  -79.348  -8.207 0.3000000119
18354  35.956  -79.199  -8.402 0.3000000119
18371  35.209  -79.618  -8.757 0.3000000119
17426  34.962  -81.022  -10.333 0.3000000119
103667  34.583  -81.825  -10.098 0.3000000119
15464  34.135  -82.545  -9.534 0.3000000119
17420  41.922  -80.281  -10.325 0.3000000119
21240  38.691  -77.078  -11.307 0.3000000119
120869  40.624  -75.842  -10.560 0.3000000119
22181  38.990  -76.279  -10.889 0.3000000119
23200  40.921  -74.360  -10.367 0.3000000119
23201  39.904  -74.285  -10.190 0.3000000119
117107  38.391  -74.939  -9.912 0.3000000119
13853  36.504  -84.684  -8.338 0.3000000119
14647  37.004  -83.767  -9.355 0.3000000119
15463  37.772  -83.321  -9.912 0.3000000119
15454  37.123  -82.638  -8.876 0.3000000119
15474  39.827  -82.841  -10.459 0.3000000119
16419  37.838  -82.055  -9.446 0.3000000119
14658  34.223  -83.404  -9.850 0.3000000119
107163  36.846  -85.546  -8.994 0.3000000119
13852  37.054  -84.936  -9.468 0.3000000119
13864  38.630  -84.969  -10.236 0.3000000119
14657  38.652  -84.062  -10.387 0.3000000119
15473  40.538  -82.741  -10.058 0.3000000119
115634  37.439  -85.956  -9.427 0.3000000119
12981  37.947  -85.478  -9.983 0.3000000119
13875  39.329  -84.568  -10.319 0.3000000119
14666  39.493  -83.758  -10.502 0.3000000119
15487  34.635  -82.668  -11.771 0.3000000119
106112  34.787  -81.841  -11.669 0.3000000119
17466  35.854  -79.793  -12.100 0.4000000060
122010  36.583  -77.553  -11.445 0.4000000060
24269  41.506  -73.585  -10.361 0.3000000119
17422  39.950  -80.074  -10.708 0.3000000119
19307  38.584  -78.760  -10.739 0.3000000119
17401  39.260  -79.695  -10.268 0.3000000119
18385  37.199  -78.692  -11.445 0.4000000060
18386  36.630  -79.220  -11.346 0.4000000060
18403  36.173  -79.608  -12.000 0.4000000060
17421  40.678  -80.905  -10.630 0.3000000119
17402  38.787  -79.859  -9.647 0.3000000119
18352  37.313  -78.843  -9.010 0.3000000119
18351  38.110  -79.209  -9.241 0.3000000119
18370  35.884  -79.114  -9.426 0.4000000060
17403  35.213  -80.104  -9.823 0.3000000119
18400  40.869  -79.437  -11.135 0.3000000119
19335  40.527  -78.608  -11.248 0.3000000119
20258  38.246  -77.754  -11.549 0.4000000060
107728  40.305  -75.178  -10.429 0.3000000119
16407  37.046  -80.800  -7.859 0.3000000119
17389  37.433  -80.004  -8.220 0.3000000119
18343  36.384  -79.499  -7.864 0.3000000119
22170  41.256  -75.225  -10.540 0.3000000119
18395  19.519  -79.595  -10.756 0.4000000060
7700  28.498  -90.492  -11.472 0.3000000119
9365  29.296  -89.553  -12.602 0.3000000119
11149  31.363  -87.023  -9.906 0.3000000119
11161  34.566  -87.458  -10.629 0.3000000119
11176  35.132  -87.684  -11.514 0.5000000000
11178  29.432  -87.534  -11.276 0.3000000119
11187  35.170  -87.274  -13.035 0.4000000060
11205  34.606  -87.460  -13.979 0.4000000060
12086  35.250  -86.731  -11.775 0.5000000000
12105  34.974  -86.734  -13.374 0.4000000060
12106  34.619  -86.611  -13.707 0.4000000060
12980  38.683  -85.418  -9.868 0.3000000119
12995  34.636  -85.707  -10.473 0.5000000000
13023  34.440  -85.202  -12.994 0.5000000000
13865  37.770  -84.493  -10.064 0.3000000119
13866  34.348  -84.323  -10.117 0.3000000119
13886  25.431  -84.543  -11.933 0.6000000238
13888  23.980  -84.268  -12.045 0.6000000238
13894  34.592  -84.130  -12.334 0.5000000000
13905  25.690  -84.702  -12.860 0.5000000000
13918  33.671  -84.606  -13.077 0.4000000060
13919  33.231  -84.680  -13.316 0.4000000060
14577  12.200  -83.269  -2.311 0.6000000238
14587  13.212  -83.258  -2.703 0.6000000238
14588  12.597  -83.346  -2.891 0.6000000238
14589  11.941  -83.347  -3.093 0.6000000238
14590  11.282  -83.226  -3.336 0.6000000238
14600  11.686  -83.344  -3.891 0.6000000238
14608  12.035  -83.209  -4.353 0.6000000238
14619  10.914  -83.210  -5.363 0.5000000000
14620  10.407  -83.232  -5.793 0.5000000000
14660  25.565  -82.721  -10.211 0.6000000238
14668  26.479  -83.493  -10.494 0.6000000238
14669  25.879  -83.234  -10.093 0.6000000238
14671  24.573  -83.905  -11.024 0.6000000238
14678  26.818  -83.688  -11.441 0.6000000238
14680  25.457  -83.921  -10.566 0.6000000238
14681  24.057  -83.948  -11.831 0.5000000000
14687  34.331  -83.516  -12.347 0.5000000000
14689  26.305  -84.115  -12.024 0.5000000000
14715  32.255  -83.682  -13.552 0.4000000060
15344  16.349  -82.442  0.340 0.5000000000
15345  15.475  -82.384  0.518 0.5000000000
15358  14.778  -83.021  -1.074 0.6000000238
15359  13.964  -83.172  -1.166 0.6000000238
15373  15.580  -82.641  -0.862 0.6000000238
15376  12.613  -83.192  -1.644 0.6000000238
15377  11.837  -82.816  -1.634 0.6000000238
15391  13.840  -82.965  -2.454 0.6000000238
15393  10.549  -82.850  -3.410 0.6000000238
15400  13.330  -82.690  -3.229 0.6000000238
15401  12.722  -82.946  -3.897 0.6000000238
15402  9.861  -82.483  -3.947 0.5000000000
15409  11.281  -83.252  -4.673 0.6000000238
15435  10.290  -83.095  -6.216 0.5000000000
15436  9.679  -83.081  -6.375 0.5000000000
15468  26.267  -82.485  -9.820 0.6999999881
15475  34.496  -82.721  -10.355 0.3000000119
15477  27.403  -82.808  -10.067 0.6999999881
15488  34.670  -82.767  -11.173 0.4000000060
15501  23.947  -83.133  -12.540 0.5000000000
16266  16.334  -81.613  1.388 0.5000000000
16267  15.516  -81.701  1.267 0.5000000000
16281  16.823  -82.112  0.871 0.6000000238
16283  14.732  -81.741  0.961 0.6000000238
16284  13.992  -81.743  0.617 0.6000000238
16296  22.002  -82.092  -0.787 0.5000000000
16300  19.131  -81.512  -0.650 0.6000000238
16301  17.950  -81.964  -0.160 0.5000000000
16302  17.356  -82.082  -0.572 0.5000000000
16304  12.509  -81.759  -0.187 0.6000000238
16305  11.838  -81.597  -0.654 0.6000000238
16319  20.730  -81.831  -1.329 0.5000000000
16321  19.374  -81.428  -1.427 0.5000000000
16323  17.979  -81.629  -1.130 0.5000000000
16326  11.291  -81.320  -1.267 0.6000000238
16336  25.892  -81.798  -2.585 0.5000000000
16339  22.291  -82.283  -2.803 0.6000000238
16342  19.605  -81.383  -2.131 0.5000000000
16344  15.362  -81.609  -2.129 0.6000000238
16347  11.155  -82.190  -1.768 0.6000000238
16354  26.891  -81.444  -3.575 0.6000000238
16356  24.712  -82.221  -3.435 0.5000000000
16358  22.729  -81.995  -3.766 0.6000000238
16360  20.649  -81.555  -3.204 0.5000000000
16361  13.338  -81.240  -3.323 0.6000000238
16370  25.767  -81.604  -4.479 0.6000000238
16372  23.453  -81.766  -4.433 0.6999999881
16383  25.541  -81.321  -5.249 0.6999999881
16385  24.089  -81.503  -5.207 0.6999999881
16386  11.179  -82.313  -5.615 0.5000000000
16387  10.569  -82.423  -6.158 0.5000000000
16430  28.452  -81.212  -9.065 0.6999999881
16432  26.618  -81.768  -9.585 0.6999999881
16438  41.466  -81.018  -10.270 0.3000000119
16440  40.296  -81.911  -10.490 0.3000000119
16445  29.146  -81.939  -10.506 0.5000000000
16446  26.854  -81.127  -9.545 0.6999999881
16449  24.837  -82.159  -11.415 0.5000000000
16459  34.852  -82.047  -11.457 0.3000000119
16461  29.500  -81.910  -11.610 0.5000000000
16462  25.812  -81.120  -10.975 0.6999999881
16463  25.260  -81.233  -11.831 0.6000000238
16488  30.633  -81.785  -13.214 0.4000000060
16489  29.950  -82.072  -13.137 0.4000000060
16490  29.225  -82.284  -13.026 0.5000000000
17220  18.597  -80.030  2.352 0.4000000060
17239  16.614  -80.655  1.683 0.5000000000
17256  19.212  -80.845  1.407 0.5000000000
17257  14.221  -80.877  0.969 0.6000000238
17258  13.496  -80.813  0.560 0.6000000238
17274  12.155  -80.960  -0.324 0.6000000238
17287  18.300  -80.946  -1.921 0.5000000000
17290  15.972  -81.041  -2.106 0.6000000238
17291  11.046  -80.314  -1.438 0.6000000238
17304  19.250  -80.877  -2.852 0.5000000000
17306  17.091  -80.288  -2.435 0.6000000238
17307  16.247  -80.117  -2.486 0.6000000238
17308  15.355  -80.457  -2.443 0.6000000238
17319  28.332  -80.524  -3.191 0.5000000000
17321  27.104  -81.249  -4.426 0.6999999881
17324  19.255  -80.483  -3.514 0.5000000000
17326  13.128  -80.203  -3.445 0.6000000238
17336  27.733  -80.757  -4.640 0.6999999881
17338  21.402  -81.231  -4.532 0.6000000238
17339  20.061  -80.229  -4.709 0.5000000000
17340  19.600  -80.348  -4.083 0.5000000000
17347  26.589  -80.721  -5.614 0.6999999881
17350  23.507  -80.962  -5.985 0.6000000238
17353  20.588  -80.149  -5.361 0.6000000238
17355  10.760  -81.278  -5.675 0.5000000000
17365  25.575  -80.225  -6.236 0.6999999881
17367  23.958  -80.243  -6.362 0.6000000238
17368  23.052  -80.191  -6.326 0.6000000238
17377  36.760  -80.003  -7.648 0.3000000119
17391  30.058  -80.007  -8.607 0.6000000238
17393  28.741  -80.511  -8.860 0.6999999881
17406  30.520  -80.252  -9.050 0.5000000000
17408  28.113  -80.645  -9.069 0.6999999881
17427  30.998  -80.479  -10.199 0.4000000060
17428  30.240  -80.744  -9.590 0.5000000000
17429  26.781  -80.529  -10.113 0.6999999881
17433  17.550  -79.912  -11.561 0.5000000000
17451  18.814  -80.310  -12.046 0.5000000000
17454  35.627  -80.200  -11.913 0.3000000119
17459  24.624  -81.016  -12.423 0.6000000238
17469  32.339  -80.493  -12.629 0.4000000060
17471  31.115  -81.256  -12.964 0.4000000060
18225  17.328  -79.167  1.926 0.4000000060
18227  15.823  -79.963  1.558 0.5000000000
18228  15.193  -80.255  1.449 0.6000000238
18241  14.563  -80.094  1.180 0.6000000238
18251  12.516  -79.784  -0.021 0.6000000238
18252  12.009  -79.700  -0.490 0.6000000238
18273  29.432  -79.533  -2.243 0.5000000000
18276  17.968  -80.029  -3.090 0.5000000000
18278  16.320  -79.205  -2.908 0.5000000000
18279  15.504  -79.456  -2.744 0.6000000238
18288  30.307  -79.417  -3.750 0.8000000119
18292  18.171  -79.646  -3.614 0.5000000000
18304  28.998  -80.297  -3.602 0.6000000238
18307  18.515  -79.235  -4.284 0.5000000000
18308  12.402  -80.069  -3.966 0.6000000238
18316  29.202  -79.509  -5.039 0.8000000119
18317  28.536  -80.028  -5.046 0.8000000119
18318  27.497  -79.608  -6.098 0.6999999881
18319  27.042  -80.260  -5.855 0.6999999881
18320  21.162  -79.818  -6.054 0.6000000238
18322  19.719  -79.094  -5.409 0.6000000238
18332  24.407  -79.478  -6.455 0.6999999881
18333  23.576  -79.432  -6.483 0.6000000238
18335  21.793  -79.197  -6.440 0.6000000238
18338  8.947  -80.417  -6.865 0.5000000000
18344  35.700  -79.738  -7.596 0.3000000119
18353  36.667  -79.034  -8.511 0.3000000119
18357  30.652  -79.600  -8.686 0.5000000000
18358  29.999  -79.468  -8.581 0.6000000238
18367  38.740  -79.121  -9.977 0.3000000119
18369  36.477  -78.857  -10.137 0.4000000060
18372  32.454  -78.962  -9.397 0.5000000000
18375  28.475  -79.292  -9.345 0.6000000238
18390  27.315  -79.909  -10.207 0.6999999881
18394  21.009  -79.782  -10.121 0.5000000000
18398  16.592  -79.393  -10.520 0.6000000238
18399  41.523  -79.580  -10.831 0.3000000119
18405  32.105  -79.891  -12.051 0.4000000060
18406  26.368  -79.771  -11.753 0.6999999881
18408  24.614  -79.481  -12.132 0.5000000000
18409  23.631  -79.486  -11.748 0.5000000000
18413  36.211  -79.360  -12.193 0.4000000060
18414  35.725  -79.346  -12.374 0.3000000119
18419  34.075  -79.757  -12.437 0.4000000060
19156  18.443  -78.766  2.502 0.4000000060
19157  17.909  -78.761  2.123 0.4000000060
19169  17.530  -78.329  1.635 0.4000000060
19171  15.887  -79.041  1.291 0.6000000238
19183  15.099  -78.486  0.780 0.6000000238
19186  12.949  -79.037  0.087 0.6000000238
19197  12.475  -78.495  -0.420 0.6000000238
19198  11.945  -78.937  -0.731 0.5000000000
19207  32.101  -78.188  -2.250 0.8000000119
19208  31.666  -78.254  -1.836 0.8000000119
19209  30.913  -78.530  -1.771 0.6000000238
19214  11.420  -78.665  -1.300 0.5000000000
19222  31.566  -78.567  -2.463 0.8000000119
19223  30.891  -79.005  -2.607 0.6000000238
19224  15.779  -78.641  -3.065 0.6000000238
19232  32.179  -78.208  -3.010 0.6999999881
19236  16.118  -77.924  -3.262 0.6000000238
19238  14.190  -78.863  -3.157 0.6000000238
19246  30.279  -78.933  -4.585 0.8000000119
19248  18.959  -78.776  -4.993 0.5000000000
19252  11.483  -78.321  -4.735 0.6000000238
19259  30.032  -78.198  -5.310 0.8000000119
19261  28.455  -78.853  -6.024 0.6999999881
19262  27.864  -79.021  -6.226 0.8000000119
19263  20.263  -78.605  -5.956 0.6000000238
19264  19.557  -78.157  -5.520 0.5000000000
19272  28.680  -78.068  -6.244 0.6999999881
19274  26.182  -78.716  -6.505 0.6999999881
19275  24.850  -78.753  -6.508 0.6999999881
19276  24.063  -78.699  -6.532 0.6999999881
19278  22.419  -78.484  -6.505 0.6999999881
19280  20.821  -78.100  -6.243 0.6000000238
19281  9.715  -78.414  -6.483 0.5000000000
19305  9.242  -78.661  -7.722 0.5000000000
19308  37.791  -78.602  -10.647 0.3000000119
19313  20.544  -78.191  -9.888 0.5000000000
19323  33.660  -78.198  -9.555 0.5000000000
19331  18.148  -78.743  -10.399 0.5000000000
19334  41.234  -78.856  -11.148 0.3000000119
19338  34.465  -78.151  -11.939 0.4000000060
19349  33.353  -78.812  -12.029 0.4000000060
19980  15.233  -77.284  8.846 0.3000000119
19998  16.036  -77.038  8.124 0.3000000119
19999  15.618  -77.225  8.351 0.3000000119
20014  14.657  -77.338  7.780 0.3000000119
20015  13.740  -77.041  7.516 0.3000000119
20029  14.266  -76.822  6.998 0.3000000119
20077  19.147  -77.310  2.743 0.4000000060
20091  17.015  -77.872  1.022 0.4000000060
20101  16.457  -77.446  0.403 0.4000000060
20103  14.641  -77.767  0.190 0.4000000060
20104  13.861  -77.884  0.037 0.4000000060
20120  13.355  -77.368  -0.475 0.4000000060
20130  30.500  -77.879  -1.142 0.6000000238
20156  32.645  -77.357  -3.462 0.6000000238
20159  16.427  -77.247  -3.554 0.6000000238
20162  13.732  -77.363  -3.776 0.6000000238
20171  31.487  -77.568  -4.664 0.6999999881
20173  17.115  -77.323  -3.857 0.5000000000
20174  16.718  -76.671  -3.881 0.5000000000
20177  11.304  -77.504  -5.198 0.5000000000
20187  29.318  -76.909  -6.065 0.6000000238
20190  18.519  -77.357  -4.764 0.5000000000
20191  10.856  -77.222  -5.958 0.5000000000
20195  28.830  -77.327  -6.279 0.6000000238
20201  21.391  -77.439  -6.304 0.6999999881
20202  20.645  -77.288  -6.076 0.6000000238
20203  10.927  -77.043  -6.749 0.5000000000
20204  10.310  -77.682  -6.570 0.5000000000
20216  33.417  -77.134  -8.671 0.6000000238
20218  31.761  -77.810  -8.537 0.6000000238
20228  34.030  -77.443  -8.969 0.5000000000
20229  31.320  -76.694  -9.305 0.6000000238
20230  30.713  -77.141  -9.255 0.6000000238
20231  29.307  -77.125  -10.098 0.6999999881
20233  21.793  -77.157  -10.225 0.6000000238
20237  18.373  -77.625  -9.394 0.5000000000
20245  34.446  -77.820  -9.981 0.4000000060
20246  28.732  -76.899  -10.589 0.6999999881
20250  25.180  -77.430  -11.286 0.5000000000
20251  24.018  -77.217  -11.311 0.5000000000
20252  23.119  -77.368  -10.861 0.5000000000
20254  22.079  -77.958  -10.190 0.6000000238
20261  35.737  -77.787  -11.708 0.4000000060
20264  25.851  -77.936  -11.403 0.6000000238
20957  14.630  -77.042  9.792 0.3000000119
20958  14.152  -76.667  10.181 0.3000000119
20972  16.444  -76.532  8.106 0.3000000119
21002  17.227  -76.154  6.918 0.3000000119
21003  16.625  -76.511  6.772 0.3000000119
21004  15.692  -76.776  6.735 0.3000000119
21005  14.669  -76.546  6.431 0.3000000119
21023  13.917  -76.119  6.110 0.3000000119
21058  18.995  -76.752  2.111 0.4000000060
21070  18.009  -76.701  0.991 0.4000000060
21081  17.756  -76.300  0.304 0.4000000060
21083  15.904  -76.964  -0.149 0.4000000060
21098  15.353  -76.310  -0.661 0.4000000060
21104  32.806  -77.054  -1.537 0.6000000238
21135  33.166  -76.607  -3.437 0.6000000238
21138  14.053  -76.467  -3.905 0.6000000238
21148  31.862  -76.610  -4.780 0.6000000238
21149  18.160  -76.048  -4.843 0.5000000000
21150  17.425  -76.507  -4.297 0.5000000000
21153  14.510  -75.840  -4.036 0.6000000238
21155  12.566  -76.552  -4.906 0.6000000238
21167  30.438  -76.362  -5.511 0.6999999881
21170  19.550  -76.441  -5.420 0.6000000238
21177  27.141  -77.053  -6.642 0.6000000238
21180  24.115  -76.413  -6.611 0.6999999881
21183  21.153  -76.563  -6.233 0.6000000238
21185  11.505  -76.683  -6.308 0.5000000000
21196  32.802  -76.790  -8.767 0.6000000238
21198  20.214  -75.899  -8.908 0.5000000000
21209  33.973  -76.091  -9.335 0.6000000238
21216  22.103  -76.167  -9.900 0.6000000238
21218  20.533  -76.696  -9.396 0.5000000000
21229  30.098  -75.889  -10.273 0.6000000238
21241  37.860  -77.293  -11.365 0.4000000060
21969  15.636  -75.661  5.399 0.3000000119
21970  14.805  -75.634  5.403 0.3000000119
21971  14.065  -75.627  5.483 0.3000000119
21972  12.609  -75.515  5.913 0.3000000119
22033  17.104  -76.009  -0.391 0.4000000060
22051  33.863  -75.905  -1.457 0.6000000238
22098  14.693  -75.172  -4.570 0.4000000060
22100  12.905  -75.893  -5.164 0.5000000000
22109  20.453  -75.263  -6.237 0.6000000238
22110  19.779  -75.542  -5.752 0.5000000000
22120  26.434  -75.277  -6.899 0.6000000238
22124  22.980  -75.088  -6.969 0.6000000238
22132  23.246  -74.327  -7.486 0.6000000238
22144  22.372  -74.407  -8.331 0.6000000238
22146  20.818  -75.008  -8.453 0.4000000060
22154  36.352  -75.105  -9.863 0.4000000060
22164  24.481  -74.837  -9.349 0.6000000238
22171  39.843  -76.001  -10.676 0.3000000119
22177  28.673  -75.481  -10.720 0.6999999881
22178  27.828  -75.684  -10.531 0.6999999881
22954  17.326  -74.175  5.130 0.3000000119
22955  16.702  -74.744  5.013 0.3000000119
22957  11.065  -74.340  5.954 0.3000000119
22967  16.181  -74.505  4.503 0.3000000119
22968  15.505  -74.613  4.328 0.3000000119
22969  14.654  -74.726  4.192 0.3000000119
22970  13.803  -74.808  4.190 0.3000000119
22972  12.075  -74.378  4.824 0.4000000060
22987  13.257  -74.326  3.580 0.5000000000
23034  37.331  -74.188  -0.576 0.5000000000
23035  36.251  -74.136  -0.714 0.6000000238
23039  33.058  -75.085  -0.191 0.6000000238
23052  38.264  -74.375  -0.966 0.5000000000
23056  35.026  -74.572  -1.510 0.6000000238
23069  40.194  -74.370  -2.610 0.6000000238
23088  41.021  -74.217  -3.687 0.4000000060
23111  41.311  -74.128  -4.227 0.6000000238
23113  38.802  -74.415  -4.342 0.6000000238
23115  36.924  -74.205  -4.214 0.6000000238
23118  33.941  -74.470  -4.807 0.6999999881
23119  33.157  -74.617  -4.951 0.6999999881
23131  38.316  -73.953  -4.952 0.6000000238
23135  30.758  -74.061  -5.896 0.6999999881
23136  29.913  -74.547  -5.997 0.6000000238
23149  28.518  -74.727  -6.598 0.6000000238
23153  25.262  -74.197  -7.436 0.6999999881
23154  21.421  -74.511  -7.189 0.6999999881
23156  19.690  -73.940  -6.939 0.6000000238
23166  26.526  -74.084  -7.804 0.6999999881
23167  25.527  -73.923  -7.847 0.6999999881
23170  20.415  -73.918  -7.628 0.6000000238
23180  24.466  -73.703  -8.382 0.6999999881
23181  21.329  -74.105  -8.217 0.4000000060
23182  20.751  -73.950  -8.072 0.6000000238
23191  32.510  -74.043  -10.010 0.6999999881
23195  27.485  -74.343  -9.716 0.8000000119
23196  25.695  -74.176  -8.989 0.6999999881
23202  38.988  -74.219  -9.897 0.3000000119
23205  29.687  -74.461  -10.521 0.6999999881
24055  11.406  -74.004  5.256 0.3000000119
24056  10.792  -73.645  5.687 0.3000000119
24065  21.821  -73.618  4.020 0.4000000060
24067  16.522  -73.314  4.032 0.3000000119
24069  12.437  -74.109  3.925 0.4000000060
24070  11.648  -73.626  4.373 0.3000000119
24083  15.974  -73.336  3.571 0.3000000119
24084  15.461  -73.627  3.464 0.3000000119
24085  14.765  -73.612  3.127 0.3000000119
24086  12.731  -73.690  2.939 0.4000000060
24101  13.948  -73.581  2.594 0.3000000119
24102  13.188  -73.503  2.101 0.5000000000
24117  13.027  -73.107  1.664 0.4000000060
24143  34.883  -73.819  -0.192 0.6000000238
24144  34.088  -74.032  -0.057 0.6000000238
24172  40.607  -73.752  -2.365 0.4000000060
24201  41.884  -73.748  -4.502 0.6000000238
24204  35.877  -73.838  -5.281 0.6999999881
24210  42.086  -73.056  -5.990 0.4000000060
24213  39.547  -73.523  -5.732 0.6000000238
24214  37.292  -73.334  -5.794 0.6000000238
24220  31.949  -73.381  -6.228 0.6999999881
24227  39.871  -72.762  -6.369 0.5000000000
24231  36.184  -72.804  -6.831 0.6000000238
24233  33.068  -72.644  -6.796 0.6999999881
24234  32.225  -72.641  -6.680 0.6999999881
24238  28.788  -73.155  -6.987 0.6000000238
24246  27.168  -73.711  -8.000 0.6999999881
24251  27.432  -73.403  -8.491 0.6999999881
24252  26.737  -73.805  -8.414 0.6000000238
24258  35.732  -73.174  -9.698 0.4000000060
24263  31.341  -73.261  -9.745 0.6999999881
24264  30.355  -73.066  -9.836 0.8000000119
24265  29.463  -72.939  -9.902 0.8000000119
25172  17.467  -72.239  4.627 0.3000000119
25173  16.872  -72.524  4.090 0.3000000119
25185  21.589  -72.310  3.068 0.4000000060
25187  16.246  -72.691  3.584 0.3000000119
25188  15.440  -72.885  3.160 0.3000000119
25189  12.007  -73.115  2.818 0.4000000060
25190  11.465  -72.411  3.224 0.4000000060
25201  14.546  -72.922  2.591 0.3000000119
25202  13.687  -73.001  1.902 0.5000000000
25221  12.694  -72.582  1.680 0.4000000060
25266  39.695  -72.786  -1.265 0.5000000000
25281  42.575  -72.437  -3.003 0.4000000060
25295  43.241  -72.266  -3.549 0.5000000000
25296  43.042  -72.798  -4.238 0.5000000000
25321  42.699  -72.621  -5.890 0.4000000060
25329  37.708  -72.115  -7.020 0.5000000000
25335  30.876  -71.995  -6.733 0.6000000238
25336  29.934  -72.093  -6.824 0.6000000238
25340  36.239  -72.081  -7.895 0.5000000000
25343  33.197  -71.733  -7.971 0.6999999881
25344  32.274  -71.813  -7.741 0.6000000238
25345  31.400  -71.799  -7.555 0.6000000238
25348  28.926  -72.240  -7.896 0.6999999881
25356  34.221  -72.186  -8.798 0.5000000000
25357  33.493  -71.998  -8.771 0.6000000238
25360  30.134  -71.897  -8.514 0.6000000238
25364  43.425  -72.479  -9.928 0.3000000119
25365  41.808  -72.130  -10.063 0.4000000060
25368  38.472  -72.116  -9.026 0.4000000060
25369  37.555  -72.590  -9.012 0.4000000060
25371  34.633  -72.569  -9.342 0.4000000060
25372  33.941  -72.431  -9.296 0.5000000000
25377  29.085  -72.417  -9.322 0.6999999881
26323  16.448  -71.204  3.499 0.3000000119
26334  21.196  -71.495  2.066 0.4000000060
26336  14.353  -71.617  2.227 0.3000000119
26338  12.212  -71.612  1.972 0.4000000060
26350  19.828  -71.439  1.412 0.3000000119
26436  44.199  -71.760  -4.907 0.4000000060
26460  40.280  -70.780  -7.900 0.4000000060
26471  38.473  -71.474  -8.353 0.4000000060
26477  39.797  -71.067  -9.042 0.4000000060
26479  37.995  -71.992  -8.668 0.4000000060
27316  17.009  -70.895  3.924 0.3000000119
27325  16.748  -70.328  3.596 0.3000000119
27326  16.068  -70.393  3.146 0.3000000119
27333  21.979  -69.922  2.091 0.4000000060
27334  21.632  -70.753  2.118 0.4000000060
27335  15.261  -70.282  2.672 0.3000000119
27336  14.294  -70.621  2.284 0.3000000119
27337  13.570  -70.429  1.908 0.3000000119
27351  20.258  -70.780  1.474 0.3000000119
27352  13.046  -70.589  1.549 0.4000000060
27385  18.451  -70.820  -0.084 0.3000000119
27386  17.975  -70.710  -0.677 0.3000000119
27460  42.335  -70.839  -7.944 0.4000000060
27467  42.583  -70.776  -8.235 0.4000000060
27472  42.994  -70.832  -8.561 0.3000000119
28339  16.401  -69.613  3.296 0.3000000119
28351  21.404  -69.282  2.012 0.4000000060
28354  13.900  -69.859  2.091 0.3000000119
28366  19.965  -69.959  1.300 0.3000000119
28369  12.511  -69.613  1.379 0.3000000119
28384  19.254  -70.060  0.756 0.3000000119
28407  17.780  -69.430  -0.649 0.3000000119
28408  17.175  -68.726  -1.079 0.3000000119
29264  17.247  -67.805  3.752 0.3000000119
29266  15.954  -68.964  3.014 0.3000000119
29273  20.885  -68.714  1.984 0.4000000060
29275  15.423  -68.262  2.711 0.3000000119
29276  14.685  -68.553  2.329 0.3000000119
29282  20.249  -68.582  1.733 0.4000000060
29292  18.333  -68.627  0.320 0.3000000119
29293  17.773  -68.655  -0.286 0.3000000119
29294  12.818  -67.738  0.639 0.3000000119
29311  16.710  -67.810  -1.098 0.3000000119
29333  14.627  -67.644  -2.125 0.4000000060
30164  23.073  -67.332  3.611 0.3000000119
30165  22.330  -67.381  3.157 0.3000000119
30173  20.682  -67.806  2.126 0.4000000060
30177  14.913  -67.265  2.195 0.3000000119
30186  17.726  -67.007  0.737 0.3000000119
30195  17.161  -66.984  0.075 0.3000000119
30196  15.564  -65.988  0.031 0.3000000119
30210  16.394  -66.927  -0.550 0.3000000119
30224  15.011  -67.068  -1.521 0.4000000060
31100  17.741  -65.516  4.051 0.3000000119
31114  20.609  -65.718  3.136 0.3000000119
31115  17.022  -65.882  3.417 0.3000000119
31127  19.875  -65.959  2.730 0.3000000119
31128  19.186  -66.223  2.231 0.4000000060
31130  15.948  -65.735  2.467 0.3000000119
31131  15.363  -65.772  2.078 0.3000000119
31139  18.462  -66.180  1.807 0.4000000060
31141  16.406  -65.487  1.478 0.3000000119
31142  15.177  -65.650  1.534 0.3000000119
32018  17.886  -65.082  3.849 0.3000000119
32031  20.083  -64.828  3.714 0.3000000119
32032  18.654  -64.946  3.332 0.3000000119
32049  15.801  -65.503  1.948 0.3000000119
32058  17.790  -65.393  2.216 0.4000000060
32059  16.899  -65.080  2.064 0.3000000119
32060  16.230  -65.243  1.901 0.3000000119
32887  18.278  -64.961  3.963 0.3000000119
32902  18.498  -64.913  3.727 0.3000000119
102677  11.947  -75.171  5.912 0.3000000119
103044  36.421  -73.251  -9.694 0.4000000060
103374  24.241  -82.359  -2.926 0.5000000000
103801  26.747  -74.409  -9.272 0.6999999881
103903  23.758  -77.924  -6.560 0.6999999881
103904  24.514  -77.984  -6.601 0.6999999881
103936  25.215  -81.935  -3.968 0.5000000000
104094  26.471  -77.721  -6.631 0.6999999881
104149  34.797  -72.267  -7.617 0.6000000238
104186  14.249  -83.036  -1.717 0.6000000238
104463  28.113  -73.780  -9.889 0.8000000119
104499  28.622  -76.506  -6.391 0.6000000238
104803  23.658  -74.613  -9.236 0.6999999881
104835  27.182  -79.248  -11.021 0.6999999881
105248  35.962  -74.394  -2.804 0.6999999881
105505  34.696  -74.325  -4.726 0.6999999881
105513  15.980  -75.637  -4.122 0.4000000060
105662  28.170  -79.546  -5.751 0.8000000119
105776  19.415  -81.499  0.009 0.6000000238
105815  30.876  -78.862  -4.045 0.8000000119
106082  27.938  -78.304  -6.419 0.6999999881
106086  33.846  -78.391  -10.873 0.4000000060
106332  13.471  -78.397  -3.548 0.6000000238
106352  14.132  -67.896  1.735 0.3000000119
106369  19.039  -67.838  1.286 0.3000000119
106489  25.895  -79.492  -6.391 0.6999999881
106855  16.661  -68.649  3.402 0.3000000119
107255  34.746  -73.618  -9.922 0.6000000238
107577  28.163  -77.171  -10.847 0.6999999881
107831  14.967  -71.140  2.506 0.3000000119
107899  15.332  -66.594  -0.736 0.3000000119
107913  35.109  -81.276  -11.540 0.3000000119
107956  33.851  -71.856  -8.278 0.6000000238
108105  38.941  -74.760  -2.717 0.6000000238
108166  30.054  -77.585  -9.359 0.6000000238
108518  13.272  -69.553  1.589 0.3000000119
108633  20.189  -80.663  -4.186 0.6000000238
108798  28.680  -81.806  -9.708 0.6999999881
108866  19.952  -69.171  1.454 0.3000000119
108898  19.285  -81.254  0.765 0.6000000238
108917  23.522  -77.051  -6.534 0.6999999881
108978  18.782  -76.540  1.551 0.4000000060
109102  15.648  -71.170  2.928 0.3000000119
109220  18.415  -67.000  1.244 0.3000000119
109978  13.135  -83.107  -1.157 0.6000000238
110133  34.182  -85.982  -9.877 0.3000000119
110184  14.979  -77.384  -3.457 0.6000000238
110368  18.727  -70.137  0.218 0.3000000119
110449  22.462  -79.145  -10.447 0.5000000000
111006  23.063  -81.404  -5.206 0.6000000238
111333  13.571  -79.320  0.469 0.6000000238
111917  28.332  -82.617  -12.148 0.4000000060
111940  17.818  -70.093  -0.865 0.3000000119
112053  27.793  -79.235  -10.266 0.6999999881
112165  26.579  -84.046  -12.896 0.5000000000
112363  21.969  -78.662  -10.040 0.5000000000
112786  21.941  -76.666  -6.375 0.6999999881
112876  21.023  -75.095  -6.597 0.6000000238
112926  27.118  -78.115  -11.265 0.6999999881
113303  37.604  -79.414  -8.649 0.3000000119
113424  33.721  -86.206  -13.858 0.5000000000
113780  16.433  -67.475  3.279 0.3000000119
114396  19.417  -65.119  3.297 0.3000000119
114887  24.171  -82.275  -12.516 0.5000000000
114923  32.047  -76.267  -9.403 0.6999999881
115177  18.100  -80.371  2.014 0.4000000060
115186  16.449  -78.548  -3.172 0.5000000000
115333  34.005  -87.188  -10.041 0.3000000119
115639  13.251  -72.436  1.618 0.3000000119
115647  34.616  -84.782  -12.616 0.5000000000
115649  13.837  -72.219  1.884 0.3000000119
116089  18.748  -78.007  2.598 0.4000000060
116271  25.213  -80.840  -5.853 0.6000000238
116275  41.831  -73.546  -5.324 0.5000000000
116278  12.184  -80.313  -0.262 0.6000000238
116370  28.495  -73.889  -6.894 0.6000000238
116654  24.718  -84.708  -12.002 0.6000000238
116838  32.590  -72.597  -9.292 0.6000000238
117089  31.381  -78.338  -4.214 0.6000000238
117761  44.449  -71.021  -9.122 0.3000000119
117959  11.314  -79.081  -4.731 0.6000000238
118588  20.213  -77.901  -5.972 0.6000000238
118619  32.548  -84.688  -13.576 0.4000000060
118646  31.621  -80.223  -11.360 0.4000000060
118780  21.954  -82.319  -1.769 0.4000000060
118965  32.438  -79.707  -12.243 0.4000000060
118966  19.291  -74.947  -5.750 0.5000000000
119130  37.774  -73.538  -9.624 0.4000000060
119137  43.884  -71.369  -9.332 0.3000000119
119164  34.457  -85.881  -13.420 0.5000000000
119173  38.204  -71.473  -7.248 0.5000000000
119424  14.347  -82.857  -0.486 0.6000000238
119652  14.303  -78.348  0.448 0.5000000000
119720  18.736  -74.908  -5.603 0.5000000000
119788  29.278  -76.228  -6.116 0.6999999881
119814  38.409  -72.855  -6.199 0.5000000000
119874  35.065  -74.176  -10.109 0.6999999881
120570  17.533  -80.838  1.619 0.6000000238
120727  31.026  -74.698  -10.216 0.6999999881
121023  28.032  -82.832  -11.034 0.6000000238
121058  13.228  -75.924  6.212 0.3000000119
121168  35.407  -79.947  -12.199 0.4000000060
121393  29.510  -78.938  -1.653 0.6000000238
121420  20.640  -81.764  -2.535 0.6000000238
121561  31.911  -73.727  -9.874 0.6000000238
121736  20.934  -73.995  3.369 0.4000000060
121931  12.538  -77.086  -4.545 0.6000000238
122189  13.893  -82.387  0.104 0.6000000238
122256  11.311  -81.674  -5.398 0.5000000000
122543  18.289  -75.771  0.398 0.4000000060
122709  27.913  -72.927  -8.365 0.6999999881
122782  17.692  -81.341  1.254 0.6000000238
122843  38.278  -74.068  -9.769 0.4000000060
122988  21.497  -75.032  -8.544 0.5000000000
122989  17.329  -78.644  -3.486 0.5000000000
123146  14.088  -76.500  6.537 0.3000000119
123331  28.133  -80.435  -4.832 0.6999999881
123350  22.700  -81.624  -4.543 0.6000000238
123414  24.942  -84.054  -10.684 0.6000000238
123562  10.959  -82.916  -2.906 0.6000000238
123593  25.856  -81.595  -10.347 0.5000000000
123637  18.511  -69.711  0.068 0.3000000119
123688  23.312  -82.315  -13.162 0.5000000000
123769  35.042  -78.968  -12.569 0.4000000060
123999  36.856  -74.481  -2.024 0.6000000238
124022  11.391  -75.318  6.816 0.3000000119
124053  13.400  -81.990  -3.305 0.6000000238
124060  30.349  -74.386  -10.349 0.8000000119
124077  11.817  -72.516  2.713 0.4000000060
124131  37.228  -81.617  -8.464 0.3000000119
124238  22.181  -79.606  -10.532 0.5000000000
124263  40.183  -71.233  -9.427 0.4000000060
124271  29.400  -80.061  -3.900 0.8000000119
124478  35.654  -74.318  -3.917 0.6999999881
