#!ascii label  , from subject sub-v1s0x0050649_ses-1 vox2ras=TkReg
1154
36790  -7.667  -41.987  68.013 0.0000000000
50551  -27.813  -28.771  55.246 0.0000000000
52353  -32.655  -27.399  50.031 0.0000000000
43359  -23.219  -34.237  58.841 0.0000000000
61276  -36.663  -16.308  40.814 0.0000000000
56832  -31.337  -20.776  44.507 0.0000000000
50519  -28.274  -28.635  60.549 0.0000000000
45250  -26.855  -33.646  57.143 0.0000000000
62114  -42.484  -15.015  44.168 0.0000000000
64049  -45.094  -12.961  40.604 0.0000000000
66767  -47.183  -10.191  39.759 0.0000000000
55027  -32.088  -23.767  53.647 0.0000000000
116164  -29.388  -24.150  48.162 0.0000000000
56764  -34.586  -21.505  50.613 0.0000000000
58593  -37.468  -19.624  48.278 0.0000000000
45187  -15.732  -34.092  59.625 0.0000000000
119631  -5.460  -43.022  71.164 0.0000000000
47949  -31.778  -30.859  51.935 0.0000000000
52311  -33.991  -27.002  54.636 0.0000000000
46119  -18.561  -33.555  56.228 0.0000000000
44358  -22.194  -34.996  52.797 0.0000000000
67686  -46.367  -9.233  34.495 0.0000000000
69360  -49.822  -7.163  38.232 0.0000000000
57710  -35.071  -20.156  43.389 0.0000000000
61224  -38.377  -16.024  46.816 0.0000000000
38824  -8.151  -40.901  63.860 0.0000000000
33032  -2.094  -47.373  68.847 0.0000000000
62141  -43.903  -14.407  42.100 0.0000000000
55887  -33.267  -22.245  51.853 0.0000000000
43357  -13.572  -35.665  58.307 0.0000000000
35742  -6.745  -42.816  69.471 0.0000000000
48839  -29.497  -30.181  50.692 0.0000000000
47923  -30.178  -30.017  53.230 0.0000000000
45234  -21.495  -33.634  57.257 0.0000000000
45276  -20.201  -33.813  53.960 0.0000000000
44330  -22.970  -34.385  55.387 0.0000000000
48751  -26.502  -30.102  57.118 0.0000000000
133926  -25.814  -33.506  53.926 0.0000000000
47921  -25.840  -31.109  53.537 0.0000000000
43346  -22.384  -34.165  60.294 0.0000000000
138511  -19.505  -33.500  59.015 0.0000000000
64092  -40.902  -12.881  36.749 0.0000000000
67684  -44.882  -9.791  34.843 0.0000000000
68503  -48.439  -8.517  38.702 0.0000000000
55927  -28.941  -22.339  46.492 0.0000000000
56845  -33.792  -21.150  43.334 0.0000000000
60377  -38.485  -17.698  48.147 0.0000000000
42423  -11.439  -37.475  62.266 0.0000000000
41539  -10.975  -38.057  63.539 0.0000000000
40608  -9.776  -39.118  65.496 0.0000000000
39773  -8.963  -39.792  62.869 0.0000000000
33043  -3.136  -47.884  67.827 0.0000000000
50539  -28.275  -28.744  57.792 0.0000000000
49649  -30.070  -29.867  56.477 0.0000000000
137153  -31.029  -29.789  59.396 0.0000000000
42462  -25.862  -35.167  60.217 0.0000000000
42499  -25.183  -35.040  57.181 0.0000000000
121704  -27.515  -33.167  60.058 0.0000000000
48728  -27.022  -30.159  60.261 0.0000000000
62136  -39.817  -15.340  42.662 0.0000000000
62183  -41.170  -14.948  40.694 0.0000000000
63105  -42.060  -13.418  39.493 0.0000000000
64984  -44.153  -12.102  39.000 0.0000000000
66778  -44.651  -10.316  37.619 0.0000000000
65858  -45.971  -11.720  40.542 0.0000000000
53223  -31.816  -25.645  51.798 0.0000000000
132999  -31.140  -25.932  48.974 0.0000000000
54147  -30.553  -23.973  51.288 0.0000000000
128323  -31.136  -22.146  49.782 0.0000000000
56798  -32.475  -20.813  47.730 0.0000000000
122292  -34.420  -20.496  46.480 0.0000000000
56775  -36.136  -21.006  49.601 0.0000000000
44242  -14.141  -34.721  61.502 0.0000000000
43344  -12.399  -36.416  60.447 0.0000000000
69375  -51.283  -6.756  33.826 0.0000000000
35723  -3.788  -42.913  71.035 0.0000000000
48857  -31.340  -30.626  48.998 0.0000000000
50595  -32.922  -29.020  50.627 0.0000000000
122821  -32.130  -29.588  55.347 0.0000000000
122041  -33.704  -28.721  53.356 0.0000000000
52340  -33.083  -27.282  52.296 0.0000000000
53207  -32.782  -25.634  54.861 0.0000000000
43409  -23.622  -34.608  54.172 0.0000000000
134164  -18.968  -33.539  60.714 0.0000000000
45218  -17.257  -33.577  58.190 0.0000000000
68507  -45.943  -8.589  37.293 0.0000000000
69362  -47.556  -7.399  36.252 0.0000000000
69369  -48.918  -6.634  35.167 0.0000000000
71010  -50.925  -5.598  37.337 0.0000000000
35796  -6.562  -43.682  65.183 0.0000000000
34849  -5.321  -44.475  67.088 0.0000000000
137693  -34.986  -18.964  42.302 0.0000000000
57690  -36.092  -19.942  45.202 0.0000000000
59533  -36.547  -17.884  45.048 0.0000000000
126535  -37.829  -15.844  44.137 0.0000000000
132950  -40.535  -14.622  45.856 0.0000000000
37850  -7.857  -41.754  66.102 0.0000000000
119180  -4.408  -44.770  68.492 0.0000000000
33886  -3.362  -44.345  69.695 0.0000000000
135639  -1.754  -45.216  68.890 0.0000000000
35751  -7.320  -42.334  68.766 0.0000000000
49681  -27.149  -28.697  53.378 0.0000000000
48793  -29.398  -29.555  52.990 0.0000000000
49671  -29.184  -29.567  54.372 0.0000000000
44304  -22.229  -33.779  57.824 0.0000000000
44317  -22.324  -33.870  56.732 0.0000000000
121970  -23.440  -34.354  56.631 0.0000000000
50543  -26.686  -28.951  56.342 0.0000000000
48769  -26.115  -29.998  55.502 0.0000000000
49668  -26.412  -28.812  54.568 0.0000000000
120274  -25.973  -29.034  53.144 0.0000000000
42447  -23.883  -34.935  60.224 0.0000000000
43323  -23.262  -34.701  61.413 0.0000000000
43358  -22.729  -34.085  59.427 0.0000000000
44290  -22.089  -33.780  58.914 0.0000000000
66794  -43.685  -10.848  34.986 0.0000000000
133863  -32.784  -28.472  48.590 0.0000000000
135115  -32.744  -27.818  48.582 0.0000000000
56822  -30.234  -21.272  45.439 0.0000000000
55953  -29.786  -21.861  44.066 0.0000000000
56833  -32.333  -20.684  44.360 0.0000000000
41559  -10.918  -37.941  61.810 0.0000000000
124130  -11.450  -37.535  63.117 0.0000000000
41549  -10.446  -38.424  62.276 0.0000000000
40633  -9.962  -38.982  63.554 0.0000000000
39788  -9.570  -39.642  61.306 0.0000000000
50524  -28.298  -28.739  59.621 0.0000000000
49634  -29.569  -29.264  58.894 0.0000000000
50526  -29.635  -28.856  60.251 0.0000000000
44246  -27.106  -34.193  61.676 0.0000000000
43337  -26.910  -34.393  60.390 0.0000000000
45179  -27.773  -33.271  61.570 0.0000000000
133672  -27.611  -29.417  62.326 0.0000000000
48723  -27.303  -30.264  61.274 0.0000000000
121134  -27.273  -29.540  60.721 0.0000000000
49625  -26.993  -29.412  59.159 0.0000000000
62124  -40.524  -15.214  43.388 0.0000000000
116501  -40.134  -15.433  41.834 0.0000000000
62138  -41.830  -15.406  42.681 0.0000000000
63064  -44.396  -13.883  41.613 0.0000000000
117341  -43.179  -13.947  40.616 0.0000000000
64047  -44.083  -13.485  40.382 0.0000000000
64076  -43.139  -12.687  39.486 0.0000000000
64970  -44.486  -12.425  39.546 0.0000000000
65869  -44.665  -12.022  39.255 0.0000000000
64949  -45.615  -12.505  40.842 0.0000000000
53209  -31.573  -24.838  52.988 0.0000000000
54143  -30.953  -24.454  51.764 0.0000000000
55035  -31.298  -23.615  52.479 0.0000000000
120305  -33.981  -21.798  51.627 0.0000000000
55895  -32.498  -22.062  50.774 0.0000000000
55904  -33.552  -21.587  50.207 0.0000000000
56784  -31.937  -21.187  48.232 0.0000000000
120530  -33.859  -21.144  49.091 0.0000000000
56786  -34.564  -20.867  48.681 0.0000000000
56774  -35.376  -21.314  50.094 0.0000000000
137759  -16.368  -33.594  61.072 0.0000000000
45161  -15.456  -33.903  62.099 0.0000000000
44256  -14.965  -34.408  60.083 0.0000000000
43356  -12.867  -36.060  58.852 0.0000000000
70198  -52.296  -5.941  34.999 0.0000000000
70199  -53.162  -5.865  34.948 0.0000000000
139002  -4.482  -43.126  71.076 0.0000000000
48824  -31.022  -30.958  51.623 0.0000000000
48840  -30.817  -30.761  50.301 0.0000000000
124161  -32.161  -30.620  50.539 0.0000000000
48842  -32.582  -30.304  50.028 0.0000000000
48827  -32.954  -30.182  51.614 0.0000000000
47877  -31.582  -29.841  57.591 0.0000000000
47898  -31.227  -29.685  55.827 0.0000000000
47890  -32.187  -29.738  57.100 0.0000000000
51388  -34.362  -28.085  55.910 0.0000000000
50561  -34.095  -28.450  54.880 0.0000000000
50570  -34.002  -28.097  53.843 0.0000000000
51428  -33.455  -27.659  52.582 0.0000000000
52319  -34.025  -26.949  53.705 0.0000000000
52329  -33.274  -26.508  53.346 0.0000000000
52310  -33.428  -26.282  55.304 0.0000000000
45292  -21.326  -34.743  53.049 0.0000000000
43385  -26.032  -34.797  56.984 0.0000000000
116602  -24.086  -34.707  55.667 0.0000000000
44332  -25.644  -34.488  55.760 0.0000000000
44370  -24.844  -34.315  52.610 0.0000000000
131393  -20.250  -33.643  61.441 0.0000000000
46102  -18.870  -33.521  57.122 0.0000000000
122650  -18.822  -33.488  58.740 0.0000000000
45245  -17.943  -33.605  56.838 0.0000000000
45258  -16.540  -34.545  55.662 0.0000000000
66773  -46.107  -10.097  38.960 0.0000000000
67672  -45.490  -9.254  37.444 0.0000000000
67667  -46.656  -9.320  38.655 0.0000000000
69353  -49.440  -7.783  38.684 0.0000000000
68510  -48.414  -8.003  38.219 0.0000000000
69364  -48.909  -7.059  37.370 0.0000000000
69368  -48.141  -6.937  35.667 0.0000000000
70193  -49.178  -6.421  36.667 0.0000000000
70194  -49.936  -5.885  36.247 0.0000000000
70189  -50.222  -6.220  37.686 0.0000000000
54161  -29.958  -24.771  48.746 0.0000000000
53253  -30.528  -25.832  48.347 0.0000000000
57730  -34.617  -20.043  41.843 0.0000000000
122957  -34.884  -19.502  42.502 0.0000000000
117073  -35.974  -20.334  47.064 0.0000000000
117331  -35.346  -20.415  46.293 0.0000000000
57678  -36.623  -19.865  47.009 0.0000000000
61222  -38.368  -16.742  47.287 0.0000000000
60383  -37.242  -17.584  46.143 0.0000000000
60389  -37.408  -16.691  45.675 0.0000000000
61235  -37.215  -16.620  44.670 0.0000000000
61228  -38.011  -15.930  45.990 0.0000000000
127898  -38.643  -15.099  45.270 0.0000000000
62099  -39.990  -14.677  46.816 0.0000000000
39742  -9.122  -39.835  64.660 0.0000000000
38805  -9.141  -40.310  66.264 0.0000000000
38785  -8.668  -40.824  66.853 0.0000000000
38803  -8.246  -41.243  65.691 0.0000000000
37863  -7.335  -42.534  64.480 0.0000000000
122525  -7.436  -42.335  63.440 0.0000000000
34853  -4.857  -45.400  66.325 0.0000000000
34848  -4.819  -44.766  67.679 0.0000000000
121005  -4.291  -45.792  67.424 0.0000000000
32158  -2.318  -47.615  68.710 0.0000000000
33034  -2.873  -46.105  68.680 0.0000000000
33023  -2.603  -45.804  68.841 0.0000000000
33885  -2.855  -44.532  69.438 0.0000000000
33892  -1.845  -45.802  68.791 0.0000000000
46985  -27.998  -32.549  62.979 0.0000000000
63032  -43.609  -14.430  45.221 0.0000000000
62127  -43.279  -14.967  43.292 0.0000000000
63038  -44.240  -14.439  44.141 0.0000000000
55037  -32.778  -23.119  53.288 0.0000000000
45216  -15.740  -34.330  57.924 0.0000000000
44286  -14.216  -35.003  58.783 0.0000000000
35730  -7.182  -42.332  70.882 0.0000000000
34823  -6.158  -43.059  70.588 0.0000000000
48822  -29.010  -29.304  51.235 0.0000000000
48808  -30.006  -30.187  52.460 0.0000000000
47948  -31.126  -30.927  52.539 0.0000000000
52302  -33.731  -26.094  56.316 0.0000000000
45261  -19.948  -33.467  56.064 0.0000000000
120486  -19.876  -33.463  54.915 0.0000000000
45262  -20.767  -33.570  55.613 0.0000000000
44341  -22.303  -34.191  54.754 0.0000000000
44342  -22.943  -34.501  54.503 0.0000000000
47885  -27.474  -31.669  57.028 0.0000000000
123892  -26.260  -33.684  55.355 0.0000000000
126342  -27.052  -31.744  55.729 0.0000000000
47922  -26.188  -31.888  54.157 0.0000000000
47947  -25.523  -30.937  51.742 0.0000000000
44258  -21.400  -33.970  61.217 0.0000000000
44257  -20.598  -33.671  61.042 0.0000000000
44273  -21.022  -33.698  60.372 0.0000000000
45220  -20.323  -33.517  58.779 0.0000000000
64084  -40.386  -13.341  37.142 0.0000000000
67685  -45.630  -9.578  34.677 0.0000000000
66769  -48.540  -9.726  40.156 0.0000000000
67669  -48.430  -8.987  39.136 0.0000000000
55052  -28.588  -23.132  46.972 0.0000000000
56854  -33.734  -21.516  42.577 0.0000000000
56846  -34.513  -20.768  43.383 0.0000000000
59498  -38.582  -18.742  49.162 0.0000000000
58597  -37.692  -18.944  47.951 0.0000000000
59503  -38.735  -17.860  48.967 0.0000000000
43319  -12.436  -36.488  62.275 0.0000000000
43295  -12.287  -36.506  63.876 0.0000000000
42389  -11.209  -37.301  65.653 0.0000000000
40621  -10.242  -38.537  64.876 0.0000000000
39758  -9.383  -39.488  63.783 0.0000000000
135251  -8.414  -40.438  63.103 0.0000000000
37887  -7.618  -42.115  62.593 0.0000000000
38839  -8.276  -41.299  61.718 0.0000000000
50545  -27.745  -28.768  56.175 0.0000000000
138192  -29.534  -29.556  55.973 0.0000000000
49641  -29.064  -29.186  57.507 0.0000000000
128118  -30.457  -29.915  57.855 0.0000000000
42459  -23.911  -34.911  59.351 0.0000000000
43372  -24.002  -34.718  58.233 0.0000000000
42473  -25.720  -35.229  58.873 0.0000000000
140001  -26.636  -34.491  58.859 0.0000000000
125540  -27.222  -33.200  59.131 0.0000000000
123340  -27.897  -32.740  61.335 0.0000000000
46993  -27.947  -32.300  59.435 0.0000000000
47872  -27.952  -31.756  58.758 0.0000000000
48743  -26.906  -30.448  58.630 0.0000000000
50530  -27.037  -28.960  57.811 0.0000000000
42449  -25.183  -35.268  61.098 0.0000000000
61263  -37.506  -15.841  41.938 0.0000000000
61277  -37.421  -15.744  40.350 0.0000000000
62167  -38.920  -15.459  40.981 0.0000000000
62181  -39.438  -15.086  39.903 0.0000000000
62199  -39.981  -14.634  39.490 0.0000000000
62153  -42.911  -14.884  41.937 0.0000000000
63074  -41.848  -14.373  40.416 0.0000000000
119425  -41.338  -13.553  39.022 0.0000000000
64074  -41.640  -12.919  38.687 0.0000000000
64992  -41.967  -11.998  37.150 0.0000000000
65887  -43.135  -11.160  37.322 0.0000000000
66782  -43.643  -10.574  36.698 0.0000000000
65879  -44.365  -11.506  38.598 0.0000000000
66765  -45.483  -10.889  39.354 0.0000000000
65872  -46.507  -10.900  40.195 0.0000000000
64951  -46.634  -11.819  42.113 0.0000000000
66755  -48.195  -10.231  40.627 0.0000000000
53233  -32.027  -26.257  50.564 0.0000000000
52352  -32.222  -26.752  49.732 0.0000000000
53232  -31.353  -25.581  50.505 0.0000000000
54154  -30.693  -24.910  50.034 0.0000000000
136627  -29.984  -23.713  49.712 0.0000000000
55885  -31.391  -22.659  51.491 0.0000000000
55893  -30.569  -22.637  50.385 0.0000000000
55901  -29.805  -22.713  48.886 0.0000000000
55917  -29.991  -21.999  47.683 0.0000000000
56811  -30.689  -21.450  47.134 0.0000000000
117874  -32.059  -20.673  46.055 0.0000000000
57676  -32.850  -20.537  45.939 0.0000000000
57677  -33.511  -20.531  46.633 0.0000000000
56787  -35.301  -20.644  48.280 0.0000000000
57655  -36.760  -20.347  48.445 0.0000000000
119749  -37.320  -20.400  49.535 0.0000000000
58587  -38.259  -19.478  49.459 0.0000000000
44227  -13.771  -35.078  62.327 0.0000000000
44270  -14.210  -34.882  59.716 0.0000000000
44254  -13.664  -35.217  61.011 0.0000000000
43320  -12.952  -35.991  61.925 0.0000000000
42446  -11.884  -36.922  60.893 0.0000000000
121065  -32.882  -29.415  49.840 0.0000000000
51457  -32.989  -28.044  50.386 0.0000000000
48772  -30.506  -29.857  55.344 0.0000000000
47924  -30.756  -29.740  53.834 0.0000000000
116274  -31.650  -29.764  53.127 0.0000000000
48797  -33.516  -29.214  53.652 0.0000000000
48811  -33.015  -29.965  52.356 0.0000000000
49708  -33.132  -29.016  51.631 0.0000000000
51443  -33.025  -27.744  51.685 0.0000000000
51458  -32.737  -27.546  50.928 0.0000000000
53224  -32.424  -26.017  52.065 0.0000000000
53210  -31.981  -25.353  53.525 0.0000000000
54132  -32.332  -24.766  54.591 0.0000000000
53204  -33.080  -25.435  55.737 0.0000000000
54131  -33.041  -24.675  55.979 0.0000000000
43382  -23.951  -34.658  56.365 0.0000000000
43395  -23.579  -34.608  54.750 0.0000000000
43408  -23.438  -34.658  53.736 0.0000000000
44344  -25.050  -34.397  54.377 0.0000000000
43428  -23.966  -34.597  53.272 0.0000000000
45176  -18.117  -33.544  62.099 0.0000000000
45188  -16.862  -33.531  60.505 0.0000000000
45204  -19.433  -33.544  60.219 0.0000000000
45219  -18.032  -33.425  59.000 0.0000000000
45217  -16.466  -33.815  58.438 0.0000000000
44302  -15.793  -34.584  57.014 0.0000000000
139875  -44.714  -9.853  36.453 0.0000000000
67680  -45.462  -9.122  35.788 0.0000000000
68518  -46.039  -8.567  35.846 0.0000000000
67674  -47.082  -8.584  38.302 0.0000000000
68515  -46.983  -7.708  36.893 0.0000000000
68521  -46.489  -8.591  35.083 0.0000000000
69371  -47.607  -8.059  34.466 0.0000000000
68523  -48.281  -8.137  33.914 0.0000000000
69377  -49.751  -7.638  33.496 0.0000000000
70202  -49.868  -6.507  34.857 0.0000000000
71022  -50.812  -5.587  35.964 0.0000000000
36800  -7.001  -42.736  66.918 0.0000000000
35769  -6.573  -43.183  67.264 0.0000000000
35780  -6.011  -44.204  65.706 0.0000000000
52373  -31.800  -27.272  47.813 0.0000000000
60423  -35.821  -17.385  41.949 0.0000000000
57698  -33.978  -20.535  44.883 0.0000000000
57699  -34.766  -20.471  44.633 0.0000000000
119973  -35.579  -20.072  44.049 0.0000000000
58606  -36.987  -19.196  46.614 0.0000000000
58614  -36.380  -19.387  45.068 0.0000000000
58622  -36.138  -19.067  44.294 0.0000000000
59544  -35.942  -18.250  43.958 0.0000000000
60408  -36.749  -16.901  43.434 0.0000000000
134920  -36.873  -16.483  42.595 0.0000000000
130823  -38.497  -15.465  43.672 0.0000000000
139960  -39.962  -14.935  43.932 0.0000000000
62113  -41.221  -14.983  44.540 0.0000000000
36777  -8.016  -41.713  68.502 0.0000000000
37838  -8.296  -41.251  67.350 0.0000000000
122118  -7.454  -42.143  67.430 0.0000000000
123499  -7.050  -42.997  65.093 0.0000000000
36827  -6.831  -43.438  64.278 0.0000000000
35749  -6.324  -43.178  68.187 0.0000000000
34837  -5.524  -43.705  68.753 0.0000000000
34830  -5.099  -43.617  70.041 0.0000000000
33908  -3.907  -45.775  68.007 0.0000000000
33895  -3.879  -44.625  69.301 0.0000000000
34820  -4.402  -43.531  70.604 0.0000000000
34818  -3.396  -43.882  70.109 0.0000000000
35722  -2.991  -43.269  70.291 0.0000000000
33031  -1.038  -47.330  68.692 0.0000000000
33900  -1.364  -46.005  68.666 0.0000000000
36776  -7.679  -42.033  68.667 0.0000000000
35757  -7.205  -42.407  68.345 0.0000000000
49670  -27.831  -28.842  54.298 0.0000000000
49682  -28.587  -29.134  53.551 0.0000000000
121502  -28.593  -29.072  54.977 0.0000000000
44291  -22.862  -33.969  58.383 0.0000000000
44305  -22.963  -33.997  57.264 0.0000000000
43371  -23.466  -34.285  57.893 0.0000000000
50550  -27.125  -28.669  55.585 0.0000000000
50559  -26.610  -28.812  55.245 0.0000000000
50560  -27.054  -28.596  54.785 0.0000000000
49669  -26.858  -28.614  54.126 0.0000000000
43348  -23.452  -34.641  59.742 0.0000000000
43347  -22.971  -34.408  60.049 0.0000000000
138170  -23.208  -34.388  59.413 0.0000000000
65902  -43.000  -11.160  35.464 0.0000000000
51469  -32.837  -27.900  49.365 0.0000000000
51480  -32.549  -27.363  49.087 0.0000000000
56831  -30.407  -21.150  44.678 0.0000000000
56842  -30.630  -21.385  43.795 0.0000000000
56843  -31.636  -21.175  43.644 0.0000000000
41558  -10.464  -38.550  61.296 0.0000000000
40660  -9.962  -38.957  61.793 0.0000000000
120600  -28.854  -28.661  60.173 0.0000000000
50520  -29.066  -28.433  60.824 0.0000000000
44232  -27.340  -33.931  62.230 0.0000000000
44247  -27.488  -33.712  61.595 0.0000000000
124373  -27.940  -33.108  62.183 0.0000000000
50490  -27.892  -28.851  61.977 0.0000000000
49609  -27.466  -29.488  61.621 0.0000000000
50506  -27.758  -28.943  61.090 0.0000000000
50518  -27.633  -29.063  60.083 0.0000000000
124971  -27.616  -33.564  62.870 0.0000000000
131793  -41.761  -15.194  44.030 0.0000000000
116335  -41.149  -15.414  42.834 0.0000000000
62126  -42.215  -15.304  43.465 0.0000000000
64040  -44.742  -13.397  41.017 0.0000000000
63077  -44.237  -13.668  40.857 0.0000000000
64048  -44.608  -13.243  40.479 0.0000000000
64061  -44.416  -12.895  40.041 0.0000000000
125733  -44.883  -12.842  40.202 0.0000000000
55026  -31.555  -24.081  53.101 0.0000000000
54140  -31.224  -24.298  52.433 0.0000000000
124830  -34.036  -21.674  51.076 0.0000000000
56772  -32.940  -21.378  49.162 0.0000000000
56773  -34.580  -21.243  49.665 0.0000000000
135554  -15.815  -33.858  60.475 0.0000000000
133636  -52.723  -5.608  35.540 0.0000000000
35724  -6.004  -42.680  71.488 0.0000000000
34808  -5.403  -42.772  71.481 0.0000000000
34806  -4.777  -42.622  71.475 0.0000000000
34814  -4.944  -43.103  71.182 0.0000000000
139469  -31.045  -30.898  50.911 0.0000000000
48825  -31.628  -30.819  51.109 0.0000000000
48826  -32.344  -30.581  51.361 0.0000000000
47878  -31.981  -29.750  57.623 0.0000000000
47879  -32.492  -29.663  58.029 0.0000000000
117385  -34.092  -27.643  55.151 0.0000000000
51398  -34.060  -27.972  54.571 0.0000000000
117723  -34.122  -27.469  54.157 0.0000000000
52318  -33.421  -26.417  54.283 0.0000000000
45260  -17.800  -33.855  55.076 0.0000000000
46137  -18.413  -33.619  55.332 0.0000000000
44320  -26.662  -34.147  57.420 0.0000000000
43399  -25.627  -34.686  56.267 0.0000000000
45249  -26.483  -34.140  56.694 0.0000000000
46118  -17.799  -33.669  55.864 0.0000000000
66798  -46.947  -9.631  33.871 0.0000000000
66774  -46.973  -9.743  39.214 0.0000000000
67666  -45.804  -9.647  38.331 0.0000000000
69359  -49.087  -7.536  38.040 0.0000000000
70188  -49.488  -6.800  37.553 0.0000000000
136012  -49.770  -6.103  37.010 0.0000000000
70184  -50.543  -6.734  38.500 0.0000000000
54169  -29.657  -25.191  47.898 0.0000000000
56856  -34.601  -20.669  42.732 0.0000000000
56863  -34.170  -21.201  42.050 0.0000000000
57721  -34.803  -20.172  42.680 0.0000000000
57668  -37.005  -19.996  47.937 0.0000000000
58596  -37.208  -19.405  47.491 0.0000000000
61225  -38.799  -16.115  47.514 0.0000000000
60384  -37.811  -16.910  46.667 0.0000000000
62097  -38.692  -15.184  46.161 0.0000000000
62098  -39.050  -15.256  46.894 0.0000000000
38816  -8.613  -40.479  64.720 0.0000000000
39723  -8.959  -40.338  65.430 0.0000000000
132791  -8.540  -40.774  65.377 0.0000000000
38815  -8.144  -41.106  64.877 0.0000000000
37876  -7.767  -41.714  64.211 0.0000000000
33916  -4.419  -46.144  66.554 0.0000000000
33033  -2.430  -46.832  68.824 0.0000000000
33022  -2.044  -46.520  68.821 0.0000000000
55864  -33.730  -22.704  53.311 0.0000000000
44301  -15.054  -34.867  57.413 0.0000000000
35736  -7.304  -42.306  69.997 0.0000000000
35735  -6.702  -42.733  70.342 0.0000000000
35729  -6.561  -42.661  71.095 0.0000000000
34832  -6.303  -43.124  69.993 0.0000000000
49706  -28.180  -28.871  51.785 0.0000000000
49683  -29.495  -29.782  53.706 0.0000000000
138572  -30.588  -30.612  52.638 0.0000000000
47937  -30.767  -30.256  53.072 0.0000000000
45247  -20.695  -33.523  56.672 0.0000000000
44329  -22.360  -34.017  55.738 0.0000000000
48758  -27.008  -30.881  56.989 0.0000000000
47011  -27.385  -32.028  56.421 0.0000000000
117953  -27.043  -31.359  56.309 0.0000000000
47907  -25.982  -30.623  54.812 0.0000000000
47908  -26.594  -31.657  54.968 0.0000000000
131082  -25.951  -31.177  54.272 0.0000000000
47035  -25.939  -32.015  53.224 0.0000000000
47936  -25.719  -31.023  52.713 0.0000000000
129658  -25.862  -29.300  52.548 0.0000000000
43334  -22.658  -34.426  60.935 0.0000000000
43322  -22.574  -34.591  61.878 0.0000000000
43333  -21.991  -34.349  61.577 0.0000000000
140066  -22.052  -34.197  60.909 0.0000000000
44259  -21.784  -33.959  60.557 0.0000000000
44303  -21.326  -33.621  58.345 0.0000000000
45233  -20.522  -33.513  57.726 0.0000000000
45246  -19.794  -33.493  57.039 0.0000000000
54175  -28.313  -23.847  46.440 0.0000000000
55058  -28.429  -23.146  46.083 0.0000000000
56853  -32.988  -21.587  42.754 0.0000000000
59499  -39.245  -18.165  49.817 0.0000000000
61220  -39.701  -16.485  49.014 0.0000000000
43307  -12.360  -36.481  63.090 0.0000000000
42424  -11.888  -36.967  62.690 0.0000000000
42415  -11.452  -37.588  63.898 0.0000000000
41520  -10.688  -37.947  65.237 0.0000000000
41529  -10.835  -38.028  64.338 0.0000000000
40632  -9.589  -39.280  63.065 0.0000000000
38833  -8.512  -40.575  62.168 0.0000000000
50538  -27.505  -28.672  57.175 0.0000000000
49647  -28.427  -28.862  56.858 0.0000000000
49626  -30.241  -29.348  59.607 0.0000000000
116135  -29.727  -29.541  58.099 0.0000000000
49635  -30.535  -29.797  58.693 0.0000000000
42461  -25.205  -35.261  60.275 0.0000000000
119895  -24.883  -35.239  59.516 0.0000000000
116455  -25.420  -35.261  59.540 0.0000000000
44275  -27.129  -34.142  59.963 0.0000000000
44292  -26.665  -34.565  59.544 0.0000000000
44293  -26.888  -34.196  59.003 0.0000000000
44307  -26.797  -34.168  58.147 0.0000000000
45205  -27.233  -33.689  59.564 0.0000000000
47862  -27.907  -31.916  62.803 0.0000000000
46987  -27.895  -32.510  62.113 0.0000000000
133291  -27.458  -30.764  60.678 0.0000000000
47866  -27.767  -31.494  60.529 0.0000000000
47868  -27.804  -31.661  59.672 0.0000000000
47871  -27.431  -31.041  59.125 0.0000000000
47875  -27.403  -31.162  58.281 0.0000000000
48735  -26.944  -30.319  59.429 0.0000000000
50531  -27.580  -28.735  58.198 0.0000000000
49633  -27.142  -29.048  58.545 0.0000000000
122021  -26.212  -34.953  61.395 0.0000000000
42450  -25.821  -35.157  60.940 0.0000000000
137108  -24.824  -35.238  60.529 0.0000000000
61255  -38.235  -15.638  42.444 0.0000000000
61264  -38.385  -15.547  41.635 0.0000000000
117040  -39.190  -15.472  41.937 0.0000000000
62169  -40.465  -15.323  41.073 0.0000000000
62168  -39.660  -15.296  40.604 0.0000000000
62182  -40.297  -15.035  40.271 0.0000000000
63085  -40.928  -14.535  39.924 0.0000000000
62140  -43.377  -14.828  42.490 0.0000000000
62154  -43.491  -14.527  41.802 0.0000000000
63087  -42.556  -13.833  40.173 0.0000000000
63075  -42.622  -14.242  40.726 0.0000000000
63086  -41.583  -13.979  39.651 0.0000000000
64073  -40.773  -13.332  38.266 0.0000000000
64983  -43.390  -12.224  38.820 0.0000000000
64075  -42.515  -12.487  38.710 0.0000000000
64993  -42.716  -11.932  37.847 0.0000000000
65886  -42.411  -11.557  36.786 0.0000000000
65878  -43.667  -11.671  38.226 0.0000000000
65870  -45.138  -11.844  39.573 0.0000000000
65871  -45.709  -11.383  39.937 0.0000000000
65860  -47.674  -10.770  41.194 0.0000000000
130328  -31.779  -25.831  51.110 0.0000000000
54148  -30.723  -24.672  50.974 0.0000000000
54153  -30.196  -24.048  50.439 0.0000000000
126819  -30.121  -24.394  49.569 0.0000000000
55876  -33.203  -22.560  52.624 0.0000000000
55874  -31.714  -22.927  52.166 0.0000000000
55875  -32.503  -22.635  52.260 0.0000000000
55894  -31.459  -22.303  50.667 0.0000000000
55902  -30.268  -22.550  49.497 0.0000000000
55909  -30.286  -22.197  48.541 0.0000000000
135367  -30.928  -22.074  49.035 0.0000000000
134530  -32.536  -21.141  48.484 0.0000000000
56797  -31.537  -21.111  47.592 0.0000000000
137070  -32.016  -20.708  47.204 0.0000000000
117743  -31.506  -20.852  46.665 0.0000000000
56812  -32.550  -20.604  46.814 0.0000000000
56799  -33.352  -20.638  47.474 0.0000000000
121878  -35.389  -20.977  49.157 0.0000000000
56800  -34.635  -20.616  47.944 0.0000000000
57654  -36.136  -20.628  48.620 0.0000000000
56788  -36.754  -20.584  49.170 0.0000000000
139200  -38.105  -20.339  50.537 0.0000000000
57647  -37.904  -20.108  49.852 0.0000000000
58588  -38.869  -19.035  49.974 0.0000000000
130461  -14.864  -34.166  61.633 0.0000000000
45160  -14.528  -34.392  62.385 0.0000000000
44285  -13.517  -35.442  59.300 0.0000000000
43345  -12.883  -35.882  59.897 0.0000000000
43332  -12.990  -35.764  60.981 0.0000000000
43331  -12.408  -36.402  61.407 0.0000000000
127315  -3.191  -42.782  71.004 0.0000000000
48856  -30.638  -30.572  49.310 0.0000000000
48858  -31.888  -30.474  49.004 0.0000000000
48843  -33.075  -29.911  50.286 0.0000000000
122303  -32.775  -29.953  49.426 0.0000000000
50607  -32.838  -28.664  49.672 0.0000000000
48759  -30.086  -29.861  55.669 0.0000000000
117224  -31.546  -29.587  55.276 0.0000000000
47909  -30.768  -29.617  55.012 0.0000000000
47911  -31.402  -29.566  54.157 0.0000000000
116512  -31.140  -29.690  53.657 0.0000000000
47912  -32.008  -29.548  54.283 0.0000000000
50571  -34.003  -28.672  54.125 0.0000000000
49672  -33.913  -29.024  54.114 0.0000000000
49684  -33.716  -28.986  53.627 0.0000000000
48796  -32.986  -29.604  53.084 0.0000000000
48812  -33.295  -29.243  52.907 0.0000000000
48828  -33.186  -29.593  52.011 0.0000000000
49696  -33.373  -28.901  52.527 0.0000000000
50585  -33.322  -28.282  52.104 0.0000000000
51442  -32.682  -27.145  51.661 0.0000000000
119107  -32.552  -26.565  51.648 0.0000000000
52339  -32.926  -26.670  52.395 0.0000000000
53211  -32.615  -25.805  53.944 0.0000000000
53216  -32.442  -25.977  53.012 0.0000000000
53206  -32.282  -25.200  54.368 0.0000000000
52292  -33.784  -25.605  57.081 0.0000000000
53200  -33.389  -25.169  56.620 0.0000000000
54133  -32.695  -24.426  55.120 0.0000000000
45275  -19.280  -33.817  54.104 0.0000000000
139729  -24.598  -34.976  57.586 0.0000000000
119856  -23.837  -34.528  56.999 0.0000000000
42498  -24.215  -34.741  56.367 0.0000000000
116281  -24.044  -34.696  54.969 0.0000000000
43396  -23.737  -34.623  54.828 0.0000000000
44343  -23.330  -34.622  54.205 0.0000000000
138430  -25.938  -33.735  54.675 0.0000000000
44345  -25.698  -34.156  55.081 0.0000000000
45278  -25.589  -33.998  54.299 0.0000000000
45177  -18.480  -33.506  61.341 0.0000000000
45189  -17.314  -33.480  61.363 0.0000000000
131864  -17.914  -33.448  60.573 0.0000000000
44272  -20.188  -33.576  60.480 0.0000000000
117706  -19.041  -33.517  59.479 0.0000000000
45231  -18.217  -33.541  57.928 0.0000000000
128380  -17.108  -33.500  58.915 0.0000000000
126568  -16.483  -33.993  57.578 0.0000000000
129896  -44.357  -10.232  36.964 0.0000000000
66783  -44.251  -10.217  36.103 0.0000000000
67676  -45.142  -9.364  36.504 0.0000000000
68513  -45.649  -8.777  36.577 0.0000000000
67668  -47.661  -9.030  38.842 0.0000000000
69357  -47.723  -7.416  37.058 0.0000000000
68509  -47.579  -7.935  37.774 0.0000000000
68519  -46.762  -7.939  35.854 0.0000000000
122918  -47.009  -8.116  34.960 0.0000000000
69367  -47.510  -7.568  35.302 0.0000000000
69372  -48.328  -7.348  34.648 0.0000000000
68524  -48.906  -7.651  33.898 0.0000000000
69373  -49.307  -7.001  34.273 0.0000000000
69374  -50.303  -6.875  33.991 0.0000000000
71016  -50.436  -5.672  36.794 0.0000000000
71017  -51.377  -5.452  36.589 0.0000000000
71011  -51.858  -5.404  37.432 0.0000000000
35781  -6.508  -43.431  66.316 0.0000000000
52365  -31.727  -26.328  49.204 0.0000000000
119057  -32.138  -26.925  48.741 0.0000000000
52364  -31.412  -26.515  48.450 0.0000000000
59568  -35.256  -18.294  41.949 0.0000000000
57687  -33.751  -20.511  45.764 0.0000000000
57697  -33.055  -20.497  45.072 0.0000000000
57689  -35.583  -20.300  45.292 0.0000000000
139351  -35.151  -20.420  44.989 0.0000000000
57700  -35.376  -20.303  44.539 0.0000000000
140044  -35.797  -20.084  44.637 0.0000000000
59506  -37.949  -18.227  47.675 0.0000000000
59505  -37.441  -18.718  47.175 0.0000000000
59521  -36.813  -18.127  45.632 0.0000000000
59520  -36.473  -18.584  45.037 0.0000000000
58630  -35.635  -18.997  43.634 0.0000000000
59532  -36.233  -18.089  44.543 0.0000000000
124053  -36.890  -16.963  44.115 0.0000000000
61246  -37.353  -16.373  43.775 0.0000000000
61254  -37.462  -16.138  42.924 0.0000000000
61247  -38.021  -15.781  43.320 0.0000000000
122991  -39.643  -14.765  45.135 0.0000000000
62111  -39.416  -14.891  44.439 0.0000000000
62103  -40.527  -14.755  45.158 0.0000000000
62104  -41.380  -14.736  45.270 0.0000000000
37851  -8.297  -41.256  66.518 0.0000000000
38768  -8.595  -40.921  67.560 0.0000000000
37837  -7.814  -41.652  67.006 0.0000000000
36801  -7.434  -42.248  66.532 0.0000000000
37849  -7.432  -42.368  65.576 0.0000000000
37875  -7.058  -43.135  63.449 0.0000000000
36837  -6.669  -43.988  63.331 0.0000000000
35755  -6.096  -43.576  67.572 0.0000000000
34843  -4.945  -44.366  68.300 0.0000000000
133453  -4.929  -44.114  68.817 0.0000000000
125756  -5.310  -43.693  69.385 0.0000000000
133160  -4.549  -44.235  69.259 0.0000000000
118976  -3.601  -46.929  67.608 0.0000000000
33044  -3.277  -46.388  68.309 0.0000000000
33024  -3.232  -45.006  69.115 0.0000000000
33902  -3.389  -45.424  68.752 0.0000000000
33888  -4.462  -43.943  70.052 0.0000000000
33887  -3.889  -44.230  69.965 0.0000000000
34819  -4.017  -43.900  70.353 0.0000000000
33884  -2.271  -44.869  69.148 0.0000000000
122929  -2.789  -43.948  69.759 0.0000000000
35728  -2.456  -43.443  69.871 0.0000000000
33042  -0.754  -47.624  68.346 0.0000000000
139557  -1.064  -46.753  68.648 0.0000000000
136120  -6.851  -42.755  69.008 0.0000000000
49695  -28.251  -28.993  52.723 0.0000000000
45248  -21.585  -33.707  56.198 0.0000000000
44318  -22.956  -34.215  56.245 0.0000000000
49646  -26.480  -29.356  56.689 0.0000000000
48757  -26.332  -29.854  56.286 0.0000000000
49656  -26.387  -29.246  55.849 0.0000000000
127554  -25.921  -29.531  54.599 0.0000000000
48781  -25.778  -30.074  53.883 0.0000000000
48792  -25.723  -30.107  53.032 0.0000000000
125768  -26.155  -28.854  53.879 0.0000000000
42435  -23.883  -34.936  61.048 0.0000000000
43335  -23.338  -34.644  60.550 0.0000000000
44274  -21.911  -33.830  59.871 0.0000000000
64998  -41.297  -12.687  36.072 0.0000000000
66788  -44.253  -10.242  35.261 0.0000000000
139548  -29.516  -21.766  45.829 0.0000000000
139023  -29.067  -22.213  45.187 0.0000000000
55941  -29.640  -21.679  44.924 0.0000000000
55952  -29.130  -22.514  44.463 0.0000000000
56844  -32.716  -21.168  43.526 0.0000000000
41550  -10.979  -37.997  62.719 0.0000000000
41538  -10.458  -38.459  63.156 0.0000000000
40647  -9.965  -38.871  62.716 0.0000000000
40659  -9.525  -39.406  62.269 0.0000000000
39787  -9.041  -40.071  61.743 0.0000000000
39800  -9.253  -40.335  60.941 0.0000000000
50532  -28.207  -28.725  58.690 0.0000000000
50540  -28.927  -29.003  58.334 0.0000000000
50533  -28.828  -28.843  59.026 0.0000000000
50525  -29.252  -28.873  59.592 0.0000000000
42451  -26.326  -34.855  60.831 0.0000000000
43349  -26.616  -34.636  60.397 0.0000000000
43336  -26.762  -34.485  61.106 0.0000000000
135381  -27.546  -33.544  61.084 0.0000000000
124800  -27.697  -33.227  60.928 0.0000000000
48724  -27.697  -30.819  61.874 0.0000000000
48719  -27.488  -30.159  62.161 0.0000000000
48727  -26.868  -29.880  59.547 0.0000000000
49617  -27.143  -29.541  59.894 0.0000000000
50523  -27.534  -28.936  59.130 0.0000000000
43325  -26.675  -34.569  61.954 0.0000000000
62137  -40.641  -15.414  42.444 0.0000000000
62151  -40.903  -15.436  41.779 0.0000000000
62152  -41.618  -15.352  41.881 0.0000000000
63050  -44.355  -14.235  42.544 0.0000000000
63063  -43.859  -14.113  41.337 0.0000000000
63088  -43.447  -13.620  40.335 0.0000000000
64059  -42.898  -13.268  39.880 0.0000000000
137383  -42.415  -12.903  39.342 0.0000000000
64060  -43.722  -13.137  40.018 0.0000000000
64969  -43.936  -12.562  39.525 0.0000000000
64956  -44.857  -12.484  39.782 0.0000000000
64957  -45.324  -12.383  40.165 0.0000000000
53214  -31.356  -24.985  52.220 0.0000000000
53222  -31.281  -25.215  51.417 0.0000000000
54139  -30.933  -23.853  51.926 0.0000000000
55886  -32.377  -22.346  51.590 0.0000000000
117375  -33.346  -21.930  51.201 0.0000000000
55903  -32.263  -21.898  49.897 0.0000000000
56771  -31.860  -21.634  48.986 0.0000000000
56785  -33.334  -20.913  48.352 0.0000000000
118628  -34.015  -20.691  48.055 0.0000000000
133059  -33.970  -20.871  48.538 0.0000000000
45175  -16.346  -33.647  61.787 0.0000000000
45174  -15.586  -33.824  61.316 0.0000000000
45173  -14.870  -34.223  60.910 0.0000000000
120256  -12.007  -37.089  59.915 0.0000000000
70204  -51.803  -6.324  34.412 0.0000000000
70205  -52.691  -6.241  34.323 0.0000000000
35718  -4.301  -42.787  71.231 0.0000000000
116523  -30.423  -30.696  51.094 0.0000000000
116911  -30.000  -30.427  50.020 0.0000000000
48841  -31.475  -30.841  50.379 0.0000000000
134873  -31.897  -30.668  49.735 0.0000000000
120485  -32.831  -30.253  50.806 0.0000000000
49707  -33.131  -29.761  51.153 0.0000000000
48761  -30.778  -29.954  57.133 0.0000000000
48760  -30.647  -29.920  56.170 0.0000000000
47888  -31.160  -29.849  56.586 0.0000000000
47899  -31.670  -29.682  56.315 0.0000000000
47900  -32.097  -29.662  56.162 0.0000000000
49659  -34.314  -28.740  55.459 0.0000000000
51399  -34.126  -28.114  55.229 0.0000000000
134537  -34.025  -28.284  54.346 0.0000000000
50579  -33.655  -28.181  52.989 0.0000000000
51413  -33.870  -27.512  53.396 0.0000000000
52330  -33.546  -27.087  52.968 0.0000000000
53193  -33.719  -24.980  57.432 0.0000000000
45277  -21.298  -33.988  53.965 0.0000000000
129960  -25.809  -35.062  57.425 0.0000000000
43383  -24.672  -34.820  56.398 0.0000000000
43384  -25.315  -34.831  56.501 0.0000000000
43398  -25.145  -34.651  55.728 0.0000000000
43411  -24.651  -34.579  55.023 0.0000000000
44360  -25.278  -34.050  53.479 0.0000000000
45178  -19.524  -33.574  61.525 0.0000000000
45232  -19.423  -33.477  58.078 0.0000000000
45230  -17.221  -33.696  57.270 0.0000000000
45243  -16.484  -34.243  56.653 0.0000000000
45244  -17.140  -33.876  56.302 0.0000000000
45259  -17.210  -34.162  55.361 0.0000000000
66772  -45.333  -10.433  38.677 0.0000000000
116009  -45.164  -10.029  37.939 0.0000000000
67673  -46.175  -8.836  38.050 0.0000000000
69358  -48.368  -7.495  37.551 0.0000000000
69363  -48.332  -6.950  36.689 0.0000000000
70192  -48.729  -6.488  35.981 0.0000000000
70195  -49.452  -6.228  35.715 0.0000000000
70190  -51.059  -5.853  38.082 0.0000000000
36826  -6.360  -44.269  64.138 0.0000000000
130282  -6.068  -44.480  64.825 0.0000000000
54162  -30.683  -25.204  49.176 0.0000000000
53267  -29.947  -26.105  47.284 0.0000000000
58642  -35.174  -18.791  42.914 0.0000000000
116653  -36.092  -20.164  46.112 0.0000000000
58605  -36.486  -19.605  45.956 0.0000000000
60380  -38.160  -17.444  47.451 0.0000000000
59511  -37.563  -17.893  46.974 0.0000000000
127111  -36.937  -17.366  45.317 0.0000000000
60399  -36.664  -17.384  44.630 0.0000000000
61227  -37.802  -15.837  45.033 0.0000000000
139015  -39.112  -14.817  45.648 0.0000000000
62102  -39.607  -14.673  45.974 0.0000000000
129693  -9.529  -39.688  66.045 0.0000000000
38804  -8.681  -40.798  66.030 0.0000000000
37864  -7.777  -41.762  65.178 0.0000000000
135760  -4.668  -45.279  67.036 0.0000000000
33909  -4.434  -45.075  68.000 0.0000000000
127452  -2.689  -47.254  68.540 0.0000000000
33894  -3.113  -45.174  69.157 0.0000000000
33893  -2.406  -45.417  68.993 0.0000000000
116024  -28.028  -32.957  62.558 0.0000000000
49601  -27.887  -28.893  62.842 0.0000000000
62106  -43.033  -14.687  44.677 0.0000000000
132423  -42.816  -15.147  43.577 0.0000000000
62115  -43.170  -14.894  43.991 0.0000000000
62116  -43.716  -14.694  43.737 0.0000000000
63043  -44.299  -14.427  43.401 0.0000000000
64030  -45.113  -13.434  42.133 0.0000000000
64041  -45.231  -13.049  41.351 0.0000000000
55028  -33.049  -23.378  53.887 0.0000000000
55877  -34.308  -22.276  52.663 0.0000000000
118213  -33.905  -22.045  52.126 0.0000000000
55888  -34.711  -21.908  52.018 0.0000000000
56765  -35.309  -21.542  50.962 0.0000000000
45200  -15.713  -34.174  58.793 0.0000000000
44271  -14.935  -34.484  59.213 0.0000000000
44287  -14.960  -34.613  58.316 0.0000000000
44300  -14.349  -35.276  57.859 0.0000000000
34815  -6.114  -42.874  71.024 0.0000000000
34822  -5.584  -43.252  70.654 0.0000000000
48807  -29.222  -29.508  52.195 0.0000000000
48823  -29.828  -30.235  51.639 0.0000000000
48809  -30.505  -30.790  52.024 0.0000000000
52303  -34.020  -26.992  55.678 0.0000000000
46120  -19.275  -33.514  56.440 0.0000000000
46138  -19.179  -33.507  55.637 0.0000000000
136520  -20.751  -33.658  54.685 0.0000000000
45263  -21.559  -33.805  55.149 0.0000000000
124184  -22.172  -34.536  53.769 0.0000000000
131506  -22.788  -34.657  53.681 0.0000000000
47012  -27.361  -32.524  57.045 0.0000000000
46121  -26.666  -33.518  56.256 0.0000000000
118930  -27.015  -32.637  56.296 0.0000000000
46139  -26.607  -32.897  55.526 0.0000000000
46155  -26.220  -33.154  54.734 0.0000000000
47897  -26.495  -31.013  55.584 0.0000000000
47036  -26.087  -32.612  54.035 0.0000000000
46175  -25.810  -32.931  53.220 0.0000000000
48806  -25.652  -30.019  52.241 0.0000000000
44244  -20.837  -33.846  61.783 0.0000000000
44288  -20.079  -33.537  59.730 0.0000000000
44289  -21.142  -33.635  59.392 0.0000000000
63114  -40.017  -13.829  37.897 0.0000000000
66797  -46.196  -9.933  34.161 0.0000000000
66768  -47.995  -10.017  39.902 0.0000000000
67661  -47.821  -9.556  39.383 0.0000000000
67662  -48.486  -9.408  39.619 0.0000000000
67670  -48.934  -8.946  39.411 0.0000000000
55053  -29.053  -23.216  47.832 0.0000000000
138470  -29.208  -24.744  47.601 0.0000000000
54168  -28.766  -24.177  47.218 0.0000000000
56847  -34.739  -20.601  43.190 0.0000000000
58594  -38.024  -19.233  48.663 0.0000000000
59502  -38.261  -18.480  48.392 0.0000000000
60381  -38.652  -16.922  47.907 0.0000000000
61219  -39.229  -16.289  48.233 0.0000000000
115969  -39.450  -15.444  47.639 0.0000000000
42416  -11.885  -37.035  63.503 0.0000000000
42401  -11.826  -37.028  64.243 0.0000000000
40634  -10.397  -38.558  63.985 0.0000000000
39743  -9.745  -39.165  64.536 0.0000000000
38825  -8.754  -40.092  63.869 0.0000000000
38832  -7.991  -41.209  62.651 0.0000000000
32157  -2.000  -48.313  68.602 0.0000000000
49657  -28.681  -29.094  55.869 0.0000000000
49648  -29.269  -29.370  56.659 0.0000000000
49642  -29.884  -29.762  57.293 0.0000000000
48744  -31.206  -29.943  58.077 0.0000000000
122589  -30.446  -29.099  60.343 0.0000000000
136190  -23.541  -34.541  58.925 0.0000000000
123603  -24.528  -34.994  58.122 0.0000000000
42488  -25.491  -35.190  58.029 0.0000000000
42463  -26.299  -34.907  59.965 0.0000000000
43360  -26.226  -34.994  59.135 0.0000000000
43373  -26.069  -35.095  58.290 0.0000000000
43374  -26.266  -34.836  57.843 0.0000000000
45235  -26.970  -33.706  57.916 0.0000000000
134970  -27.972  -32.969  61.929 0.0000000000
46064  -27.893  -33.045  61.467 0.0000000000
46070  -27.816  -32.922  60.743 0.0000000000
130019  -27.745  -31.175  61.240 0.0000000000
46989  -27.860  -32.319  60.429 0.0000000000
118759  -27.720  -32.731  60.026 0.0000000000
46078  -27.601  -32.766  59.308 0.0000000000
46089  -27.450  -32.845  58.491 0.0000000000
47004  -27.713  -32.406  57.775 0.0000000000
47876  -27.956  -31.822  57.806 0.0000000000
48752  -26.901  -30.623  57.794 0.0000000000
48742  -26.594  -29.999  58.103 0.0000000000
48734  -26.704  -29.912  58.917 0.0000000000
49632  -26.785  -29.423  58.365 0.0000000000
49640  -26.620  -29.414  57.530 0.0000000000
50537  -26.812  -28.882  56.992 0.0000000000
50544  -27.012  -28.706  56.359 0.0000000000
42436  -24.583  -35.205  61.526 0.0000000000
42448  -24.456  -35.152  60.737 0.0000000000
125269  -37.226  -15.914  41.164 0.0000000000
62166  -37.971  -15.576  41.039 0.0000000000
118133  -39.694  -15.411  41.259 0.0000000000
117454  -38.992  -15.296  40.281 0.0000000000
62180  -38.535  -15.251  39.598 0.0000000000
62139  -42.722  -15.233  42.797 0.0000000000
116309  -42.275  -15.237  42.093 0.0000000000
137605  -42.131  -14.822  41.281 0.0000000000
62171  -43.185  -14.319  41.192 0.0000000000
63104  -40.606  -14.039  38.983 0.0000000000
64085  -41.073  -12.788  37.634 0.0000000000
64982  -41.830  -12.359  37.866 0.0000000000
64999  -41.426  -12.435  36.924 0.0000000000
65894  -42.896  -10.967  36.301 0.0000000000
66777  -44.051  -10.843  37.691 0.0000000000
66771  -44.733  -10.734  38.277 0.0000000000
65880  -44.894  -11.267  38.998 0.0000000000
66766  -46.282  -10.503  39.600 0.0000000000
64950  -45.922  -12.412  41.738 0.0000000000
121354  -46.305  -11.837  41.285 0.0000000000
65859  -46.861  -11.233  40.834 0.0000000000
66754  -47.411  -10.561  40.389 0.0000000000
52347  -32.384  -26.826  50.838 0.0000000000
53244  -31.727  -26.205  49.913 0.0000000000
53243  -31.220  -25.719  49.603 0.0000000000
54160  -29.809  -23.855  49.013 0.0000000000
55036  -32.034  -23.226  52.871 0.0000000000
55041  -31.167  -23.283  51.933 0.0000000000
55040  -30.786  -23.315  51.466 0.0000000000
139651  -31.898  -22.288  51.158 0.0000000000
55884  -30.815  -22.778  51.029 0.0000000000
55043  -30.390  -23.340  50.826 0.0000000000
55047  -30.110  -23.223  50.085 0.0000000000
55046  -29.812  -23.153  49.360 0.0000000000
55050  -29.480  -23.199  48.636 0.0000000000
55908  -29.552  -22.579  48.222 0.0000000000
55916  -29.215  -22.404  47.388 0.0000000000
133726  -29.753  -21.787  46.819 0.0000000000
55910  -31.242  -21.687  48.354 0.0000000000
119388  -30.486  -21.292  46.236 0.0000000000
56823  -31.138  -20.841  45.536 0.0000000000
56824  -32.110  -20.589  45.228 0.0000000000
57664  -34.163  -20.557  47.323 0.0000000000
57665  -35.100  -20.481  47.329 0.0000000000
57666  -35.824  -20.454  47.846 0.0000000000
57667  -36.451  -20.279  47.826 0.0000000000
57656  -37.192  -20.167  48.712 0.0000000000
56766  -36.100  -21.388  50.483 0.0000000000
56776  -36.859  -20.982  50.121 0.0000000000
57640  -37.939  -20.815  51.067 0.0000000000
57646  -37.556  -20.661  50.341 0.0000000000
57657  -37.674  -19.844  49.061 0.0000000000
44255  -14.211  -34.785  60.582 0.0000000000
44269  -13.576  -35.338  60.259 0.0000000000
44241  -13.464  -35.430  61.702 0.0000000000
42434  -11.909  -36.938  61.830 0.0000000000
42433  -11.432  -37.470  61.329 0.0000000000
71024  -53.546  -5.369  35.713 0.0000000000
70206  -53.545  -6.027  34.248 0.0000000000
49726  -32.713  -29.302  49.086 0.0000000000
49658  -29.388  -29.549  55.267 0.0000000000
48771  -29.955  -29.922  54.874 0.0000000000
48782  -29.958  -29.986  54.090 0.0000000000
47887  -30.900  -29.792  55.817 0.0000000000
48783  -30.410  -29.806  54.473 0.0000000000
48794  -30.437  -29.922  53.708 0.0000000000
47938  -31.184  -30.221  52.971 0.0000000000
47939  -31.796  -30.613  52.520 0.0000000000
47913  -32.784  -29.472  54.925 0.0000000000
48785  -33.667  -29.242  54.565 0.0000000000
48784  -32.887  -29.453  53.971 0.0000000000
47925  -32.353  -29.621  53.364 0.0000000000
48795  -32.390  -30.061  52.642 0.0000000000
48810  -32.432  -30.501  52.085 0.0000000000
50596  -33.094  -28.286  51.223 0.0000000000
138670  -33.005  -27.887  51.015 0.0000000000
53234  -32.277  -26.157  51.308 0.0000000000
53215  -31.823  -25.512  52.636 0.0000000000
54136  -31.902  -24.653  53.860 0.0000000000
55017  -32.359  -24.139  54.375 0.0000000000
53203  -32.586  -25.044  55.145 0.0000000000
135437  -23.690  -34.585  55.918 0.0000000000
118944  -23.793  -34.632  55.587 0.0000000000
137200  -23.665  -34.621  55.313 0.0000000000
44331  -23.469  -34.582  55.137 0.0000000000
44359  -22.914  -34.785  53.193 0.0000000000
45264  -26.193  -34.171  55.913 0.0000000000
137400  -25.206  -34.471  55.188 0.0000000000
43410  -24.221  -34.593  54.215 0.0000000000
118967  -24.542  -34.453  53.410 0.0000000000
43427  -23.538  -34.670  53.215 0.0000000000
43426  -23.361  -34.873  52.666 0.0000000000
137936  -16.444  -33.715  59.915 0.0000000000
45190  -19.843  -33.567  60.887 0.0000000000
45203  -18.469  -33.494  59.949 0.0000000000
45202  -17.335  -33.490  59.722 0.0000000000
45201  -16.462  -33.712  59.234 0.0000000000
66787  -43.580  -10.616  35.756 0.0000000000
66779  -44.941  -9.838  37.158 0.0000000000
67679  -44.824  -9.665  35.637 0.0000000000
136775  -45.311  -9.431  35.169 0.0000000000
67681  -45.912  -9.088  35.173 0.0000000000
68508  -46.594  -8.209  37.569 0.0000000000
68514  -46.250  -8.221  36.665 0.0000000000
68522  -47.013  -8.731  34.216 0.0000000000
128091  -47.692  -8.605  33.803 0.0000000000
70203  -50.847  -6.399  34.584 0.0000000000
70196  -50.368  -6.068  35.406 0.0000000000
70197  -51.334  -5.946  35.158 0.0000000000
71023  -51.841  -5.580  35.756 0.0000000000
71018  -52.567  -5.336  36.427 0.0000000000
36789  -7.075  -42.543  67.748 0.0000000000
35768  -6.018  -43.965  66.711 0.0000000000
34858  -5.580  -44.993  65.089 0.0000000000
34854  -5.393  -44.717  66.063 0.0000000000
51479  -32.520  -27.588  48.237 0.0000000000
53266  -29.155  -25.302  46.937 0.0000000000
121919  -36.078  -16.860  41.231 0.0000000000
56834  -33.352  -20.697  44.216 0.0000000000
57688  -34.719  -20.481  45.484 0.0000000000
56835  -34.254  -20.597  44.034 0.0000000000
57709  -34.982  -20.385  43.841 0.0000000000
59510  -37.142  -18.442  46.393 0.0000000000
58615  -36.755  -18.923  45.751 0.0000000000
57701  -36.001  -19.776  44.447 0.0000000000
57711  -35.654  -19.687  43.843 0.0000000000
58629  -35.188  -19.613  43.231 0.0000000000
59557  -35.714  -18.179  43.317 0.0000000000
60407  -36.383  -17.514  44.068 0.0000000000
138682  -36.136  -17.618  43.561 0.0000000000
59569  -35.575  -17.999  42.648 0.0000000000
60416  -36.180  -17.291  42.792 0.0000000000
61262  -36.575  -16.507  41.791 0.0000000000
62135  -38.875  -15.483  42.929 0.0000000000
62122  -38.527  -15.292  44.361 0.0000000000
62123  -39.372  -15.159  43.619 0.0000000000
139797  -41.116  -15.188  43.948 0.0000000000
122773  -41.854  -14.918  44.560 0.0000000000
62095  -40.051  -14.945  47.663 0.0000000000
37825  -8.373  -41.246  68.155 0.0000000000
37824  -7.917  -41.693  67.829 0.0000000000
36812  -6.989  -42.889  65.956 0.0000000000
124835  -7.746  -41.634  63.354 0.0000000000
37886  -7.296  -42.893  62.604 0.0000000000
35756  -6.670  -42.866  67.986 0.0000000000
35750  -6.834  -42.724  68.501 0.0000000000
34838  -6.346  -43.180  68.736 0.0000000000
34844  -5.620  -43.856  68.051 0.0000000000
131002  -6.034  -43.342  69.401 0.0000000000
34831  -5.766  -43.387  70.048 0.0000000000
34821  -4.975  -43.403  70.674 0.0000000000
137365  -3.933  -46.400  67.517 0.0000000000
33903  -3.856  -45.158  68.641 0.0000000000
34813  -3.956  -43.375  70.707 0.0000000000
34812  -3.419  -43.353  70.441 0.0000000000
128964  -1.527  -47.556  68.778 0.0000000000
32155  -1.021  -48.010  68.563 0.0000000000
33901  -1.400  -46.734  68.761 0.0000000000
34807  -5.157  -42.600  71.586 0.0000000000
39724  -9.372  -39.737  65.416 0.0000000000
42439  -26.473  -34.744  61.467 0.0000000000
42460  -24.482  -35.167  59.959 0.0000000000
42471  -24.423  -35.099  59.000 0.0000000000
42472  -25.026  -35.204  58.711 0.0000000000
42474  -25.933  -35.165  59.552 0.0000000000
42486  -24.654  -34.933  57.090 0.0000000000
42487  -24.920  -35.095  57.797 0.0000000000
43397  -24.602  -34.703  55.709 0.0000000000
44231  -27.119  -34.147  62.311 0.0000000000
44260  -27.225  -34.037  60.887 0.0000000000
44306  -26.585  -34.502  58.325 0.0000000000
44319  -26.458  -34.524  57.607 0.0000000000
45166  -27.735  -33.397  62.183 0.0000000000
45191  -27.424  -33.633  60.428 0.0000000000
45221  -27.053  -33.716  58.702 0.0000000000
46103  -27.252  -33.103  57.671 0.0000000000
46122  -27.062  -33.105  56.880 0.0000000000
46998  -27.989  -32.326  58.547 0.0000000000
47017  -27.016  -32.146  55.597 0.0000000000
47022  -26.550  -32.319  54.836 0.0000000000
47867  -27.431  -30.880  59.955 0.0000000000
47886  -27.703  -32.062  57.192 0.0000000000
47889  -31.612  -29.748  56.880 0.0000000000
47910  -31.076  -29.564  54.620 0.0000000000
48770  -26.527  -30.514  56.283 0.0000000000
50549  -26.739  -28.824  55.861 0.0000000000
55940  -28.821  -22.450  45.736 0.0000000000
56783  -30.777  -21.739  47.843 0.0000000000
62112  -40.407  -14.929  44.360 0.0000000000
62125  -41.455  -15.339  43.397 0.0000000000
62128  -43.812  -14.636  42.946 0.0000000000
62170  -41.265  -15.236  41.317 0.0000000000
63037  -43.651  -14.591  44.434 0.0000000000
63065  -44.836  -13.512  41.600 0.0000000000
63076  -43.730  -13.847  40.736 0.0000000000
66756  -48.877  -9.771  40.769 0.0000000000
68502  -47.893  -8.445  38.399 0.0000000000
116065  -27.870  -32.036  61.248 0.0000000000
116334  -41.232  -15.447  42.302 0.0000000000
117676  -26.051  -34.501  56.444 0.0000000000
119176  -25.342  -35.282  61.977 0.0000000000
124698  -26.424  -34.751  58.641 0.0000000000
131049  -27.152  -33.300  58.402 0.0000000000
134960  -23.308  -34.417  56.017 0.0000000000
134972  -24.263  -34.779  57.244 0.0000000000
135299  -26.337  -34.471  57.025 0.0000000000
139744  -27.376  -31.250  57.569 0.0000000000
139990  -26.169  -29.203  55.121 0.0000000000
140155  -27.325  -29.246  59.537 0.0000000000
