#!ascii label  , from subject sub-v1s0x0050649_ses-1 vox2ras=TkReg
1375
44373  -44.587  -35.474  52.265 0.0000000000
35808  -32.248  -44.228  64.436 0.0000000000
52487  -46.855  -26.411  38.919 0.0000000000
46272  -41.467  -33.767  43.869 0.0000000000
50650  -48.391  -28.066  46.744 0.0000000000
40704  -39.010  -39.339  60.157 0.0000000000
37937  -37.371  -43.631  54.844 0.0000000000
42617  -35.383  -36.553  49.944 0.0000000000
130452  -22.455  -44.482  63.799 0.0000000000
57705  -48.003  -20.637  44.314 0.0000000000
37959  -28.206  -42.719  52.325 0.0000000000
45340  -43.202  -34.855  47.785 0.0000000000
48901  -43.895  -30.335  45.950 0.0000000000
47105  -46.930  -32.022  50.042 0.0000000000
41652  -42.463  -38.525  56.575 0.0000000000
42519  -37.684  -37.547  55.411 0.0000000000
43479  -40.439  -36.195  50.758 0.0000000000
45335  -38.220  -34.597  47.080 0.0000000000
59562  -51.914  -18.551  42.474 0.0000000000
35821  -27.216  -44.457  63.860 0.0000000000
116370  -25.177  -43.070  57.031 0.0000000000
36911  -30.325  -43.645  58.085 0.0000000000
51594  -51.182  -26.994  41.214 0.0000000000
38828  -35.464  -41.474  63.556 0.0000000000
116597  -35.795  -45.284  59.634 0.0000000000
39834  -33.691  -40.729  58.279 0.0000000000
40793  -32.566  -39.866  53.377 0.0000000000
37868  -19.110  -42.115  64.399 0.0000000000
53292  -52.173  -25.740  46.369 0.0000000000
53345  -46.651  -26.176  43.075 0.0000000000
55956  -44.353  -22.714  45.234 0.0000000000
55997  -43.476  -22.872  40.066 0.0000000000
57797  -47.073  -21.170  37.422 0.0000000000
116592  -20.477  -43.555  56.986 0.0000000000
36991  -33.463  -43.857  54.026 0.0000000000
44409  -44.395  -35.184  49.839 0.0000000000
45333  -44.752  -33.904  48.709 0.0000000000
45318  -45.735  -33.686  50.301 0.0000000000
122249  -43.807  -37.355  54.338 0.0000000000
42563  -41.877  -37.415  53.577 0.0000000000
43467  -42.770  -36.403  51.684 0.0000000000
44406  -41.848  -35.528  49.505 0.0000000000
50724  -46.343  -29.025  37.765 0.0000000000
117754  -44.560  -27.862  37.387 0.0000000000
35805  -29.605  -44.172  64.654 0.0000000000
35884  -28.462  -43.919  60.889 0.0000000000
35866  -31.463  -44.678  61.680 0.0000000000
48019  -41.527  -32.232  43.178 0.0000000000
49757  -46.139  -29.170  46.813 0.0000000000
49778  -44.335  -29.197  44.654 0.0000000000
50674  -47.492  -28.006  44.411 0.0000000000
51579  -48.317  -27.782  42.624 0.0000000000
51551  -50.191  -27.580  44.272 0.0000000000
39785  -37.348  -39.929  62.536 0.0000000000
39812  -34.304  -40.990  60.675 0.0000000000
40725  -36.075  -39.004  59.443 0.0000000000
42575  -36.291  -37.246  52.665 0.0000000000
41688  -34.411  -38.388  54.451 0.0000000000
115884  -33.931  -37.708  51.353 0.0000000000
45358  -39.533  -34.074  45.818 0.0000000000
53324  -48.952  -25.907  44.310 0.0000000000
55979  -44.117  -22.625  42.434 0.0000000000
56868  -45.490  -21.473  41.619 0.0000000000
56011  -44.920  -22.035  38.400 0.0000000000
57747  -47.438  -20.264  40.563 0.0000000000
57765  -51.975  -20.103  39.306 0.0000000000
36843  -20.976  -43.660  63.450 0.0000000000
36873  -19.821  -43.572  60.059 0.0000000000
36875  -21.583  -43.731  60.054 0.0000000000
36984  -26.176  -42.848  54.617 0.0000000000
136629  -23.913  -43.014  53.893 0.0000000000
37972  -25.596  -42.435  51.172 0.0000000000
36929  -37.532  -44.788  57.432 0.0000000000
35922  -34.569  -45.028  57.098 0.0000000000
34940  -37.424  -45.324  55.495 0.0000000000
45360  -42.120  -34.339  45.182 0.0000000000
47147  -42.317  -32.848  44.405 0.0000000000
46252  -43.618  -33.273  46.830 0.0000000000
47980  -45.475  -31.710  48.409 0.0000000000
49742  -47.521  -29.340  48.465 0.0000000000
41611  -40.306  -38.852  58.475 0.0000000000
136703  -37.938  -38.334  58.028 0.0000000000
42521  -39.888  -37.743  55.579 0.0000000000
42576  -38.779  -36.900  52.778 0.0000000000
43476  -37.756  -35.964  50.380 0.0000000000
44413  -36.946  -35.369  48.199 0.0000000000
44403  -38.925  -35.470  49.258 0.0000000000
45338  -40.914  -34.648  47.341 0.0000000000
58635  -50.076  -19.485  43.656 0.0000000000
59527  -52.064  -18.400  45.910 0.0000000000
35819  -24.850  -44.541  63.742 0.0000000000
35879  -23.459  -43.911  60.747 0.0000000000
36876  -26.033  -43.613  60.289 0.0000000000
36909  -27.241  -43.378  58.042 0.0000000000
117303  -29.024  -43.196  56.116 0.0000000000
49776  -42.656  -29.830  43.998 0.0000000000
51599  -50.428  -28.125  40.150 0.0000000000
52482  -49.420  -26.740  39.492 0.0000000000
36834  -34.421  -43.463  64.086 0.0000000000
34883  -33.997  -45.139  62.493 0.0000000000
140034  -34.496  -43.731  61.736 0.0000000000
37912  -34.657  -43.420  59.352 0.0000000000
37925  -35.072  -43.002  56.582 0.0000000000
41646  -35.384  -38.357  56.584 0.0000000000
40762  -33.691  -39.596  56.207 0.0000000000
38887  -33.619  -41.665  54.336 0.0000000000
123214  -46.985  -34.115  53.221 0.0000000000
38810  -32.823  -41.842  65.793 0.0000000000
40629  -37.164  -39.249  64.092 0.0000000000
41566  -39.047  -38.999  62.318 0.0000000000
46221  -48.150  -32.637  52.068 0.0000000000
48846  -48.959  -30.464  50.568 0.0000000000
50624  -49.952  -28.509  49.097 0.0000000000
51489  -52.829  -26.941  48.482 0.0000000000
51518  -52.189  -27.274  46.171 0.0000000000
53348  -51.913  -26.200  43.232 0.0000000000
53363  -49.059  -25.519  41.916 0.0000000000
121002  -47.188  -25.429  40.310 0.0000000000
53344  -43.480  -25.416  43.580 0.0000000000
53371  -43.825  -25.262  41.789 0.0000000000
123666  -44.510  -25.486  39.451 0.0000000000
54241  -43.561  -24.458  37.530 0.0000000000
58672  -49.626  -19.175  39.987 0.0000000000
123038  -17.253  -43.726  61.034 0.0000000000
126635  -18.506  -43.251  53.876 0.0000000000
116371  -22.595  -43.307  56.507 0.0000000000
36998  -21.032  -42.980  53.857 0.0000000000
35902  -32.520  -44.741  59.147 0.0000000000
35945  -32.034  -43.810  56.192 0.0000000000
118517  -31.153  -43.160  53.585 0.0000000000
37036  -32.605  -43.795  51.550 0.0000000000
44385  -44.416  -35.385  51.369 0.0000000000
45317  -45.172  -34.439  50.331 0.0000000000
118215  -45.184  -34.527  51.024 0.0000000000
43432  -44.463  -36.396  53.569 0.0000000000
42581  -43.333  -37.019  53.106 0.0000000000
43469  -44.060  -35.904  52.003 0.0000000000
44395  -43.288  -35.731  50.499 0.0000000000
116117  -47.647  -27.917  38.259 0.0000000000
50717  -46.184  -28.217  37.949 0.0000000000
51614  -45.139  -28.266  37.613 0.0000000000
51606  -45.194  -27.419  38.044 0.0000000000
118729  -31.253  -44.282  64.301 0.0000000000
35843  -30.443  -44.555  63.079 0.0000000000
35844  -31.502  -44.707  63.082 0.0000000000
46304  -40.715  -33.342  42.732 0.0000000000
46288  -41.658  -33.422  43.550 0.0000000000
50636  -46.919  -28.786  47.091 0.0000000000
116930  -46.756  -28.594  46.049 0.0000000000
133384  -47.447  -28.279  45.960 0.0000000000
51530  -48.255  -27.826  44.939 0.0000000000
51531  -49.125  -27.722  45.235 0.0000000000
118432  -38.332  -39.513  61.497 0.0000000000
40682  -36.907  -39.595  61.144 0.0000000000
40703  -37.891  -39.219  60.125 0.0000000000
42592  -35.647  -37.023  51.329 0.0000000000
42574  -35.468  -37.364  52.202 0.0000000000
42603  -34.834  -37.071  50.709 0.0000000000
116779  -33.744  -37.449  50.393 0.0000000000
46259  -40.352  -33.824  44.959 0.0000000000
46269  -38.733  -33.430  44.356 0.0000000000
46270  -39.835  -33.574  44.141 0.0000000000
56860  -45.750  -21.619  43.327 0.0000000000
116925  -47.085  -20.780  42.640 0.0000000000
126587  -46.879  -20.706  41.810 0.0000000000
57725  -47.830  -20.473  42.775 0.0000000000
35815  -21.916  -44.367  63.401 0.0000000000
35834  -21.079  -44.082  62.187 0.0000000000
134860  -22.302  -44.470  62.051 0.0000000000
136941  -27.279  -42.795  53.416 0.0000000000
37020  -26.214  -42.806  52.919 0.0000000000
37958  -27.404  -42.652  52.056 0.0000000000
125212  -26.783  -42.631  50.354 0.0000000000
37987  -28.112  -42.733  50.656 0.0000000000
127042  -37.942  -44.539  56.272 0.0000000000
34934  -37.523  -45.342  56.426 0.0000000000
35950  -38.268  -44.912  55.484 0.0000000000
45339  -42.681  -34.654  47.170 0.0000000000
45362  -43.280  -33.975  45.981 0.0000000000
45351  -43.484  -34.063  47.036 0.0000000000
47103  -45.711  -32.884  49.353 0.0000000000
47118  -45.302  -32.694  48.703 0.0000000000
129509  -46.066  -31.397  48.928 0.0000000000
48883  -46.120  -30.197  48.130 0.0000000000
48872  -46.586  -30.617  48.866 0.0000000000
41630  -41.448  -38.716  57.547 0.0000000000
41649  -40.071  -38.172  57.042 0.0000000000
41670  -40.766  -38.101  55.775 0.0000000000
43447  -40.324  -36.724  52.141 0.0000000000
126150  -40.238  -37.254  53.406 0.0000000000
43446  -39.351  -36.673  52.018 0.0000000000
43445  -38.370  -36.592  51.858 0.0000000000
43477  -38.626  -36.028  50.526 0.0000000000
43491  -38.322  -35.698  49.852 0.0000000000
43492  -39.204  -35.743  50.004 0.0000000000
44419  -42.601  -35.340  48.803 0.0000000000
44431  -41.302  -34.982  48.033 0.0000000000
120294  -41.858  -34.732  47.248 0.0000000000
135229  -41.419  -34.565  46.651 0.0000000000
35820  -25.799  -44.488  63.856 0.0000000000
124400  -25.679  -44.319  62.243 0.0000000000
35839  -26.574  -44.297  62.287 0.0000000000
35899  -29.807  -43.818  59.866 0.0000000000
36895  -28.382  -43.500  59.356 0.0000000000
36910  -28.732  -43.456  58.421 0.0000000000
36946  -28.322  -43.225  56.780 0.0000000000
116368  -29.211  -43.389  56.933 0.0000000000
133651  -42.940  -31.490  45.522 0.0000000000
48013  -42.227  -31.762  44.362 0.0000000000
48900  -43.211  -30.657  45.480 0.0000000000
116123  -45.803  -28.459  43.773 0.0000000000
49788  -43.986  -28.968  43.729 0.0000000000
50682  -45.211  -28.456  42.763 0.0000000000
51580  -49.772  -27.507  42.071 0.0000000000
51593  -50.081  -27.644  40.915 0.0000000000
131279  -50.751  -27.358  40.608 0.0000000000
52476  -50.424  -27.060  39.890 0.0000000000
53390  -50.431  -26.590  40.434 0.0000000000
37872  -34.870  -42.548  63.929 0.0000000000
36855  -34.532  -43.608  62.995 0.0000000000
37890  -34.679  -42.791  63.031 0.0000000000
38855  -33.879  -41.189  59.967 0.0000000000
37903  -34.004  -42.575  60.335 0.0000000000
129068  -33.735  -41.840  59.204 0.0000000000
37921  -34.854  -43.080  57.511 0.0000000000
38869  -33.611  -41.308  57.738 0.0000000000
42504  -37.949  -37.715  56.365 0.0000000000
41647  -37.173  -38.043  57.119 0.0000000000
117463  -36.177  -38.084  56.432 0.0000000000
40785  -33.455  -38.972  54.308 0.0000000000
40786  -33.828  -38.935  55.071 0.0000000000
116431  -33.127  -39.766  54.836 0.0000000000
128496  -33.511  -41.469  55.241 0.0000000000
44427  -37.469  -34.930  47.577 0.0000000000
40644  -38.088  -39.336  63.231 0.0000000000
40707  -41.845  -39.053  59.684 0.0000000000
46204  -47.633  -33.214  52.338 0.0000000000
48831  -49.952  -30.347  51.674 0.0000000000
49721  -50.268  -29.453  50.704 0.0000000000
49733  -49.916  -29.131  49.888 0.0000000000
49734  -50.848  -28.751  50.243 0.0000000000
53278  -52.777  -26.099  47.622 0.0000000000
51502  -52.444  -27.205  47.289 0.0000000000
51535  -52.575  -26.934  45.728 0.0000000000
51553  -52.033  -27.080  44.434 0.0000000000
52411  -52.451  -26.132  44.784 0.0000000000
52450  -47.506  -26.104  43.576 0.0000000000
117314  -49.522  -25.604  43.405 0.0000000000
53362  -47.872  -25.626  41.983 0.0000000000
53375  -48.564  -25.520  41.175 0.0000000000
53373  -46.044  -25.454  41.205 0.0000000000
138736  -43.677  -23.476  44.354 0.0000000000
55984  -43.594  -23.067  41.738 0.0000000000
55095  -43.443  -23.842  42.013 0.0000000000
130629  -43.447  -23.932  40.714 0.0000000000
54225  -43.778  -24.848  40.316 0.0000000000
54233  -43.497  -24.404  39.770 0.0000000000
53401  -43.649  -25.289  38.523 0.0000000000
55124  -43.429  -23.534  38.790 0.0000000000
56905  -46.276  -21.061  38.405 0.0000000000
56029  -44.761  -22.935  37.147 0.0000000000
56915  -46.444  -21.745  37.097 0.0000000000
59548  -51.324  -18.712  43.093 0.0000000000
58659  -49.603  -19.274  41.825 0.0000000000
59584  -51.257  -18.676  41.125 0.0000000000
36887  -19.973  -43.572  59.196 0.0000000000
117736  -18.668  -43.786  59.146 0.0000000000
121792  -19.612  -43.627  57.137 0.0000000000
139922  -18.538  -43.544  55.736 0.0000000000
121093  -19.539  -43.119  55.064 0.0000000000
36906  -24.381  -43.372  58.357 0.0000000000
36905  -23.531  -43.475  58.582 0.0000000000
134913  -23.904  -43.244  57.063 0.0000000000
126420  -22.631  -43.045  54.013 0.0000000000
37054  -22.551  -43.070  49.511 0.0000000000
34902  -35.087  -45.188  60.911 0.0000000000
34894  -33.165  -45.220  61.022 0.0000000000
34908  -34.234  -45.501  59.599 0.0000000000
35947  -34.517  -44.614  55.674 0.0000000000
35936  -32.703  -44.264  56.697 0.0000000000
35946  -32.564  -43.981  55.737 0.0000000000
127904  -31.276  -43.511  55.250 0.0000000000
36990  -32.396  -43.606  54.234 0.0000000000
37048  -31.446  -43.693  50.711 0.0000000000
44421  -44.060  -35.022  49.214 0.0000000000
121440  -44.186  -34.363  48.338 0.0000000000
45332  -44.442  -34.510  49.028 0.0000000000
46239  -45.509  -33.518  49.605 0.0000000000
46240  -46.030  -33.013  49.984 0.0000000000
41691  -42.960  -38.089  54.989 0.0000000000
41690  -42.119  -38.134  55.052 0.0000000000
42564  -42.850  -37.408  53.677 0.0000000000
43449  -42.217  -36.680  52.297 0.0000000000
139065  -41.215  -36.248  50.884 0.0000000000
44392  -41.184  -35.812  50.253 0.0000000000
44394  -42.542  -35.815  50.415 0.0000000000
44407  -42.808  -35.547  49.707 0.0000000000
51620  -44.033  -27.296  36.540 0.0000000000
116192  -28.757  -44.290  64.470 0.0000000000
35841  -28.163  -44.447  62.368 0.0000000000
35842  -29.510  -44.509  62.568 0.0000000000
129531  -30.159  -44.303  61.093 0.0000000000
35900  -30.673  -44.040  59.577 0.0000000000
49755  -44.622  -29.969  46.330 0.0000000000
49769  -44.402  -29.613  45.551 0.0000000000
49770  -45.101  -29.374  45.843 0.0000000000
116977  -45.996  -28.578  44.749 0.0000000000
50673  -46.605  -28.283  44.158 0.0000000000
50684  -47.202  -28.039  43.305 0.0000000000
51563  -48.057  -27.807  43.620 0.0000000000
51564  -49.115  -27.639  43.379 0.0000000000
51566  -51.335  -27.223  42.700 0.0000000000
39784  -36.455  -40.372  62.777 0.0000000000
38844  -34.880  -41.375  62.182 0.0000000000
39783  -35.731  -40.504  62.154 0.0000000000
39813  -35.105  -40.122  60.538 0.0000000000
40723  -34.653  -39.817  59.066 0.0000000000
124026  -36.949  -37.349  53.885 0.0000000000
41689  -35.914  -37.946  55.009 0.0000000000
42557  -35.419  -37.804  53.409 0.0000000000
41721  -34.147  -38.127  52.893 0.0000000000
41720  -33.316  -38.656  52.901 0.0000000000
41719  -32.707  -38.947  52.149 0.0000000000
41732  -33.088  -38.346  51.558 0.0000000000
45346  -38.855  -34.340  46.496 0.0000000000
46257  -38.165  -33.681  45.137 0.0000000000
122997  -50.112  -25.971  45.979 0.0000000000
53305  -50.363  -25.697  44.934 0.0000000000
53290  -48.892  -26.286  45.924 0.0000000000
52433  -47.973  -26.219  44.372 0.0000000000
52449  -46.571  -26.362  43.852 0.0000000000
56838  -45.596  -21.888  45.607 0.0000000000
125564  -44.548  -22.502  44.285 0.0000000000
55968  -44.995  -22.039  43.857 0.0000000000
56867  -44.809  -22.031  41.959 0.0000000000
56874  -44.758  -21.874  41.046 0.0000000000
55998  -44.047  -22.398  39.667 0.0000000000
56875  -45.601  -21.327  40.627 0.0000000000
57745  -46.201  -20.956  39.971 0.0000000000
120091  -47.445  -20.238  39.040 0.0000000000
58648  -53.439  -19.313  42.294 0.0000000000
58661  -52.185  -18.977  41.179 0.0000000000
58676  -53.567  -20.201  41.053 0.0000000000
37881  -20.467  -42.928  63.749 0.0000000000
36853  -19.051  -43.403  62.158 0.0000000000
36854  -20.125  -43.735  62.113 0.0000000000
36874  -20.846  -43.736  60.620 0.0000000000
36903  -20.716  -43.587  58.619 0.0000000000
36966  -25.683  -42.872  55.443 0.0000000000
117308  -24.419  -43.082  56.053 0.0000000000
36983  -25.240  -42.991  54.546 0.0000000000
131810  -24.480  -42.755  52.584 0.0000000000
118650  -24.023  -42.364  50.745 0.0000000000
37996  -23.987  -42.706  49.632 0.0000000000
37997  -24.942  -42.743  49.655 0.0000000000
35913  -36.533  -44.974  58.820 0.0000000000
127015  -35.105  -45.513  58.299 0.0000000000
34921  -36.392  -45.469  57.599 0.0000000000
34933  -35.852  -45.227  56.227 0.0000000000
35957  -35.418  -44.768  55.103 0.0000000000
45376  -41.888  -34.112  44.426 0.0000000000
46273  -42.039  -33.795  44.112 0.0000000000
46260  -42.915  -33.897  45.133 0.0000000000
46261  -43.191  -33.322  45.823 0.0000000000
47135  -43.502  -32.392  46.474 0.0000000000
46248  -44.392  -33.666  48.112 0.0000000000
47127  -44.539  -32.451  47.774 0.0000000000
48889  -44.174  -30.815  46.759 0.0000000000
49748  -45.687  -29.862  47.412 0.0000000000
49749  -46.452  -29.433  47.616 0.0000000000
50637  -47.771  -28.573  47.495 0.0000000000
139837  -39.496  -39.278  59.631 0.0000000000
41594  -38.325  -38.962  59.414 0.0000000000
41610  -39.434  -38.778  58.600 0.0000000000
128304  -39.222  -38.023  57.207 0.0000000000
42520  -38.785  -37.552  55.723 0.0000000000
42542  -40.749  -37.653  54.557 0.0000000000
42541  -39.315  -37.343  54.244 0.0000000000
42559  -37.724  -37.212  53.836 0.0000000000
116061  -37.756  -36.796  52.495 0.0000000000
42594  -37.314  -36.655  51.626 0.0000000000
42618  -36.201  -36.163  50.073 0.0000000000
43488  -35.845  -35.982  49.400 0.0000000000
43490  -37.486  -35.707  49.697 0.0000000000
44414  -37.790  -35.297  48.355 0.0000000000
44428  -38.389  -34.884  47.844 0.0000000000
44404  -39.851  -35.467  49.387 0.0000000000
44416  -39.567  -35.200  48.661 0.0000000000
45336  -39.070  -34.578  47.225 0.0000000000
45347  -39.739  -34.389  46.531 0.0000000000
45359  -41.296  -34.191  45.069 0.0000000000
57718  -49.503  -19.828  44.122 0.0000000000
58625  -50.097  -19.640  44.748 0.0000000000
58636  -51.415  -18.920  44.357 0.0000000000
59549  -52.175  -18.508  43.539 0.0000000000
59564  -53.825  -18.976  43.183 0.0000000000
58637  -54.922  -19.422  43.274 0.0000000000
35818  -23.972  -44.578  63.696 0.0000000000
125684  -23.070  -44.593  62.108 0.0000000000
127365  -24.311  -44.219  61.567 0.0000000000
35881  -25.158  -43.719  60.789 0.0000000000
119800  -25.746  -43.399  59.202 0.0000000000
35883  -27.543  -43.890  60.968 0.0000000000
36893  -26.681  -43.466  59.443 0.0000000000
116369  -26.000  -43.154  57.341 0.0000000000
117305  -27.101  -42.714  56.150 0.0000000000
36968  -27.710  -42.729  55.496 0.0000000000
37005  -28.451  -42.757  53.838 0.0000000000
47157  -41.906  -32.487  43.756 0.0000000000
48020  -41.778  -31.300  43.592 0.0000000000
49777  -43.436  -29.502  44.335 0.0000000000
51602  -48.738  -27.267  38.832 0.0000000000
136567  -47.736  -26.509  39.007 0.0000000000
35809  -33.852  -43.917  64.430 0.0000000000
34873  -33.424  -44.975  63.511 0.0000000000
34874  -34.149  -44.738  63.186 0.0000000000
35867  -34.640  -44.728  61.603 0.0000000000
35888  -35.285  -44.896  60.782 0.0000000000
38843  -34.269  -42.009  61.665 0.0000000000
119056  -34.497  -43.492  60.176 0.0000000000
36898  -36.179  -44.840  59.425 0.0000000000
121439  -36.511  -44.701  58.599 0.0000000000
37922  -36.080  -43.687  57.138 0.0000000000
37936  -36.302  -43.246  55.263 0.0000000000
41607  -36.901  -38.709  59.080 0.0000000000
41606  -36.035  -38.711  58.540 0.0000000000
40746  -34.436  -39.359  57.705 0.0000000000
41667  -35.430  -38.180  55.751 0.0000000000
40763  -34.211  -39.041  56.486 0.0000000000
39842  -33.654  -40.500  57.440 0.0000000000
38873  -33.593  -41.439  56.201 0.0000000000
38881  -34.268  -42.210  55.495 0.0000000000
43509  -35.313  -35.677  47.808 0.0000000000
44363  -45.309  -35.665  53.898 0.0000000000
44375  -45.616  -35.050  53.434 0.0000000000
37856  -20.401  -42.334  65.326 0.0000000000
35786  -23.058  -44.410  65.818 0.0000000000
116377  -24.415  -44.516  64.698 0.0000000000
35788  -25.178  -44.425  65.454 0.0000000000
115805  -28.880  -43.961  65.281 0.0000000000
35793  -30.366  -43.618  65.254 0.0000000000
36821  -31.159  -43.341  65.280 0.0000000000
121210  -32.708  -42.698  65.380 0.0000000000
37860  -33.609  -42.565  65.151 0.0000000000
38819  -34.896  -41.921  64.396 0.0000000000
135432  -35.417  -41.317  64.373 0.0000000000
39740  -35.917  -39.898  64.963 0.0000000000
39769  -36.529  -40.452  63.921 0.0000000000
39770  -37.006  -40.132  63.327 0.0000000000
123208  -38.091  -39.638  62.213 0.0000000000
40668  -38.771  -39.423  61.918 0.0000000000
40685  -39.839  -39.419  60.942 0.0000000000
40706  -40.710  -39.364  59.731 0.0000000000
40729  -41.611  -39.097  58.759 0.0000000000
43415  -44.670  -36.595  54.267 0.0000000000
119585  -46.434  -33.918  51.967 0.0000000000
46219  -46.837  -33.127  51.229 0.0000000000
47086  -47.635  -31.939  50.682 0.0000000000
47954  -49.242  -31.669  52.212 0.0000000000
47953  -49.003  -31.484  51.599 0.0000000000
47972  -48.004  -31.010  50.354 0.0000000000
136972  -48.293  -30.317  49.921 0.0000000000
50623  -48.239  -28.791  48.414 0.0000000000
50638  -48.734  -28.195  47.630 0.0000000000
50626  -51.803  -27.632  49.032 0.0000000000
50640  -50.683  -27.674  47.850 0.0000000000
51516  -50.170  -27.616  45.991 0.0000000000
51532  -50.193  -27.588  45.049 0.0000000000
51567  -51.741  -27.093  43.344 0.0000000000
51582  -51.666  -27.001  42.579 0.0000000000
117479  -50.828  -25.622  43.433 0.0000000000
53346  -50.625  -25.637  42.621 0.0000000000
53377  -51.054  -26.453  41.455 0.0000000000
53389  -49.422  -25.959  40.575 0.0000000000
53399  -47.648  -25.737  39.883 0.0000000000
52480  -47.225  -25.971  39.384 0.0000000000
118840  -44.852  -26.279  44.176 0.0000000000
52447  -44.847  -26.199  43.079 0.0000000000
55088  -43.351  -23.964  42.898 0.0000000000
53359  -43.617  -25.419  42.618 0.0000000000
52459  -45.401  -26.049  41.994 0.0000000000
127894  -45.555  -25.306  40.643 0.0000000000
53397  -45.510  -25.467  39.674 0.0000000000
53403  -45.053  -25.888  39.089 0.0000000000
52485  -44.455  -26.507  38.336 0.0000000000
126684  -43.574  -26.133  37.667 0.0000000000
53414  -43.620  -25.840  36.607 0.0000000000
55130  -43.820  -23.483  37.930 0.0000000000
54242  -44.066  -24.442  36.587 0.0000000000
53417  -45.034  -25.654  35.450 0.0000000000
58645  -49.004  -19.670  42.378 0.0000000000
58671  -48.844  -19.444  40.451 0.0000000000
57763  -48.430  -19.871  38.966 0.0000000000
58688  -50.428  -19.427  39.493 0.0000000000
57784  -49.916  -20.243  38.385 0.0000000000
57799  -48.760  -20.647  37.581 0.0000000000
36861  -18.236  -43.509  61.384 0.0000000000
35894  -22.766  -43.806  60.324 0.0000000000
36904  -22.216  -43.654  58.798 0.0000000000
116373  -21.311  -43.532  56.911 0.0000000000
36963  -23.058  -43.089  55.600 0.0000000000
138514  -21.851  -43.004  55.090 0.0000000000
36961  -20.781  -43.123  55.391 0.0000000000
36997  -20.017  -42.989  53.666 0.0000000000
136123  -32.451  -45.010  61.788 0.0000000000
35887  -32.300  -44.745  60.074 0.0000000000
35910  -31.815  -44.276  58.472 0.0000000000
35912  -33.556  -44.953  58.136 0.0000000000
35919  -32.042  -44.124  57.544 0.0000000000
36926  -31.130  -43.700  57.080 0.0000000000
134640  -30.395  -43.410  55.770 0.0000000000
126223  -29.753  -42.975  54.517 0.0000000000
37024  -29.701  -42.679  52.709 0.0000000000
35966  -37.176  -44.917  53.837 0.0000000000
35964  -34.447  -44.286  53.769 0.0000000000
37009  -32.895  -43.660  53.179 0.0000000000
117504  -31.372  -43.091  52.503 0.0000000000
125893  -30.484  -42.812  52.077 0.0000000000
37034  -29.718  -42.793  51.546 0.0000000000
44397  -44.771  -34.923  50.808 0.0000000000
44386  -44.927  -34.926  51.589 0.0000000000
43452  -44.278  -36.140  52.830 0.0000000000
51608  -47.522  -27.015  38.680 0.0000000000
51607  -46.506  -27.238  38.457 0.0000000000
137743  -31.110  -44.496  63.651 0.0000000000
35825  -31.941  -44.552  63.768 0.0000000000
46287  -40.702  -33.611  43.521 0.0000000000
135875  -41.252  -33.467  43.279 0.0000000000
50649  -47.546  -28.376  46.540 0.0000000000
50663  -48.137  -27.968  45.851 0.0000000000
51515  -49.084  -27.749  46.040 0.0000000000
125222  -38.420  -39.437  60.762 0.0000000000
40683  -37.748  -39.480  60.937 0.0000000000
124409  -35.861  -36.638  50.601 0.0000000000
46271  -40.749  -33.796  44.136 0.0000000000
46286  -39.959  -33.439  43.262 0.0000000000
57716  -47.471  -20.765  43.487 0.0000000000
136306  -48.147  -20.479  43.488 0.0000000000
35835  -21.804  -44.361  62.581 0.0000000000
35816  -22.567  -44.571  62.924 0.0000000000
37022  -27.806  -42.765  53.067 0.0000000000
37021  -27.006  -42.754  52.922 0.0000000000
37974  -27.448  -42.612  50.974 0.0000000000
37975  -28.176  -42.677  51.479 0.0000000000
36973  -37.320  -43.880  55.842 0.0000000000
36974  -38.091  -44.498  55.385 0.0000000000
120414  -43.169  -34.477  47.223 0.0000000000
134427  -43.475  -34.480  47.589 0.0000000000
47104  -46.319  -32.391  49.697 0.0000000000
47981  -45.936  -32.158  49.079 0.0000000000
47970  -46.627  -31.541  49.497 0.0000000000
41651  -41.794  -38.568  56.864 0.0000000000
41671  -41.713  -38.361  55.950 0.0000000000
43465  -40.812  -36.482  51.448 0.0000000000
43464  -39.890  -36.456  51.350 0.0000000000
43463  -38.967  -36.379  51.220 0.0000000000
43478  -39.535  -36.125  50.653 0.0000000000
44433  -43.230  -35.128  48.301 0.0000000000
44432  -42.423  -35.098  47.964 0.0000000000
139213  -26.541  -44.471  63.594 0.0000000000
134783  -26.137  -44.479  62.947 0.0000000000
117311  -26.957  -44.442  62.992 0.0000000000
35908  -30.123  -43.714  58.998 0.0000000000
36896  -29.277  -43.574  59.220 0.0000000000
140029  -29.601  -43.565  58.498 0.0000000000
36924  -29.421  -43.489  57.756 0.0000000000
47998  -43.446  -31.340  46.189 0.0000000000
51581  -50.909  -27.288  42.207 0.0000000000
123717  -50.884  -27.241  41.407 0.0000000000
52467  -50.834  -27.116  40.510 0.0000000000
38820  -35.266  -41.810  63.995 0.0000000000
37883  -34.975  -42.291  63.570 0.0000000000
37891  -34.983  -41.900  63.011 0.0000000000
39825  -33.714  -41.062  59.193 0.0000000000
38862  -33.683  -41.546  58.559 0.0000000000
42503  -36.989  -37.825  56.023 0.0000000000
40794  -33.090  -39.095  53.551 0.0000000000
140312  -32.917  -39.587  54.060 0.0000000000
39860  -32.747  -40.268  54.105 0.0000000000
45345  -37.521  -34.562  46.749 0.0000000000
53276  -51.477  -25.642  47.028 0.0000000000
53277  -52.299  -25.741  47.297 0.0000000000
53293  -52.676  -26.061  46.733 0.0000000000
52412  -52.693  -26.518  46.242 0.0000000000
53308  -52.529  -26.047  45.786 0.0000000000
133564  -52.570  -26.491  45.436 0.0000000000
53307  -52.048  -25.732  45.442 0.0000000000
116507  -48.446  -25.660  42.868 0.0000000000
115897  -47.422  -25.889  42.717 0.0000000000
53361  -46.652  -25.871  42.071 0.0000000000
55944  -44.355  -22.355  46.353 0.0000000000
55955  -43.759  -23.322  44.988 0.0000000000
55990  -43.550  -22.907  40.898 0.0000000000
55103  -43.468  -23.705  41.181 0.0000000000
55110  -43.391  -23.456  40.469 0.0000000000
54224  -43.432  -24.123  40.313 0.0000000000
55117  -43.359  -23.602  39.663 0.0000000000
127984  -46.494  -21.200  37.758 0.0000000000
56927  -47.623  -21.656  36.859 0.0000000000
59561  -51.035  -18.611  42.058 0.0000000000
59573  -51.743  -18.631  41.732 0.0000000000
36842  -18.742  -43.022  62.944 0.0000000000
36915  -20.174  -43.581  57.774 0.0000000000
132462  -19.440  -43.661  57.825 0.0000000000
36959  -19.266  -43.358  55.710 0.0000000000
36938  -19.868  -43.489  56.342 0.0000000000
36920  -24.474  -43.237  57.394 0.0000000000
118755  -23.712  -43.356  57.748 0.0000000000
37994  -22.022  -42.779  49.778 0.0000000000
34909  -35.174  -45.367  60.137 0.0000000000
118841  -35.048  -45.540  59.418 0.0000000000
35956  -34.224  -44.365  54.733 0.0000000000
136392  -33.484  -44.311  55.593 0.0000000000
35955  -32.994  -43.941  54.915 0.0000000000
36972  -32.126  -43.679  55.099 0.0000000000
139754  -44.436  -34.855  49.434 0.0000000000
117820  -45.276  -34.050  49.807 0.0000000000
42545  -43.233  -37.626  54.349 0.0000000000
43450  -43.048  -36.678  52.414 0.0000000000
42580  -42.556  -37.112  52.979 0.0000000000
43466  -41.831  -36.416  51.448 0.0000000000
43480  -41.904  -36.066  50.672 0.0000000000
43481  -42.622  -36.152  50.961 0.0000000000
126371  -43.991  -35.473  50.334 0.0000000000
44408  -43.724  -35.405  49.724 0.0000000000
44420  -43.421  -35.225  48.982 0.0000000000
50718  -47.110  -28.702  37.976 0.0000000000
136407  -44.086  -27.291  37.205 0.0000000000
117309  -28.702  -44.483  62.870 0.0000000000
35823  -29.421  -44.424  63.622 0.0000000000
124590  -31.016  -44.618  62.360 0.0000000000
123105  -30.204  -44.530  62.251 0.0000000000
35865  -30.542  -44.496  61.658 0.0000000000
35886  -30.363  -44.176  60.414 0.0000000000
123480  -30.932  -44.492  60.978 0.0000000000
47169  -41.260  -32.678  42.587 0.0000000000
49756  -45.361  -29.585  46.607 0.0000000000
50661  -45.815  -29.018  46.036 0.0000000000
50662  -46.744  -28.427  45.044 0.0000000000
136226  -46.152  -28.692  45.457 0.0000000000
51550  -49.203  -27.652  44.381 0.0000000000
51549  -48.385  -27.757  44.183 0.0000000000
136064  -49.958  -27.577  43.707 0.0000000000
51565  -50.389  -27.445  42.917 0.0000000000
40667  -36.694  -39.968  61.999 0.0000000000
116288  -36.198  -39.463  60.348 0.0000000000
40702  -35.229  -39.632  59.673 0.0000000000
42558  -36.208  -37.564  53.501 0.0000000000
136058  -35.672  -37.550  52.929 0.0000000000
129271  -34.501  -37.723  52.179 0.0000000000
42556  -34.971  -37.730  52.877 0.0000000000
42590  -33.611  -38.233  52.170 0.0000000000
45357  -38.559  -33.983  45.854 0.0000000000
46258  -39.188  -33.657  45.089 0.0000000000
128617  -49.152  -26.257  46.748 0.0000000000
52408  -46.450  -26.456  45.377 0.0000000000
52409  -47.456  -26.447  45.210 0.0000000000
52432  -46.980  -26.400  44.477 0.0000000000
52431  -45.841  -26.397  44.603 0.0000000000
56829  -47.051  -21.226  45.746 0.0000000000
56817  -46.858  -21.081  46.734 0.0000000000
56828  -46.304  -21.505  46.148 0.0000000000
118149  -45.667  -21.786  44.451 0.0000000000
56861  -46.208  -21.172  42.351 0.0000000000
131921  -45.441  -21.661  42.417 0.0000000000
56884  -44.784  -21.875  40.126 0.0000000000
57735  -47.507  -20.363  41.406 0.0000000000
56876  -46.352  -20.915  40.636 0.0000000000
57746  -46.830  -20.625  40.255 0.0000000000
57761  -46.772  -20.606  39.515 0.0000000000
136584  -47.285  -20.273  39.851 0.0000000000
58663  -54.222  -20.267  41.703 0.0000000000
58662  -53.076  -19.536  41.472 0.0000000000
115798  -19.963  -43.230  62.869 0.0000000000
136131  -20.737  -43.773  62.684 0.0000000000
35877  -21.750  -43.983  60.769 0.0000000000
35855  -21.335  -44.053  61.413 0.0000000000
36888  -20.764  -43.600  59.626 0.0000000000
36889  -21.559  -43.655  59.214 0.0000000000
37956  -25.889  -42.595  52.069 0.0000000000
37019  -25.340  -42.806  52.796 0.0000000000
37955  -25.025  -42.540  51.885 0.0000000000
119641  -24.091  -42.508  51.708 0.0000000000
37971  -24.745  -42.370  50.970 0.0000000000
37984  -24.426  -42.453  50.126 0.0000000000
37985  -25.296  -42.486  50.301 0.0000000000
37999  -26.989  -42.909  49.790 0.0000000000
35923  -37.153  -44.946  58.087 0.0000000000
34915  -36.947  -45.154  58.184 0.0000000000
35924  -37.605  -44.985  57.454 0.0000000000
34939  -36.757  -45.452  56.089 0.0000000000
35949  -36.209  -45.159  55.561 0.0000000000
35958  -36.677  -45.029  54.762 0.0000000000
45377  -42.475  -34.065  44.683 0.0000000000
45361  -42.814  -34.222  45.463 0.0000000000
47128  -44.973  -32.285  48.147 0.0000000000
47989  -44.668  -31.548  47.576 0.0000000000
48890  -44.953  -30.377  47.126 0.0000000000
48882  -45.399  -30.731  47.932 0.0000000000
49741  -46.838  -29.752  48.314 0.0000000000
49750  -47.158  -29.079  47.854 0.0000000000
139191  -47.644  -28.904  48.072 0.0000000000
40727  -39.969  -39.233  59.215 0.0000000000
41669  -40.241  -38.070  56.274 0.0000000000
42505  -39.506  -37.834  56.403 0.0000000000
136354  -38.751  -37.750  56.594 0.0000000000
42543  -41.587  -37.747  54.418 0.0000000000
42522  -41.261  -37.991  55.133 0.0000000000
42562  -40.917  -37.445  53.823 0.0000000000
42561  -39.481  -37.193  53.467 0.0000000000
126344  -40.113  -37.433  54.028 0.0000000000
42540  -38.395  -37.332  54.631 0.0000000000
42560  -38.623  -37.156  53.673 0.0000000000
116659  -38.004  -36.996  53.179 0.0000000000
43462  -38.041  -36.320  51.054 0.0000000000
42605  -37.186  -36.334  50.796 0.0000000000
135838  -36.545  -36.348  50.553 0.0000000000
43475  -36.951  -35.966  50.227 0.0000000000
43489  -36.674  -35.771  49.553 0.0000000000
44402  -38.065  -35.532  49.083 0.0000000000
44415  -38.643  -35.228  48.534 0.0000000000
44405  -40.848  -35.510  49.459 0.0000000000
44430  -40.259  -34.896  48.056 0.0000000000
44429  -39.286  -34.853  48.004 0.0000000000
45337  -39.973  -34.591  47.308 0.0000000000
45348  -40.640  -34.465  46.587 0.0000000000
45349  -42.268  -34.550  46.227 0.0000000000
129602  -41.391  -34.446  45.876 0.0000000000
58627  -51.629  -18.829  45.460 0.0000000000
59537  -52.273  -18.490  44.842 0.0000000000
59551  -54.156  -18.477  44.148 0.0000000000
135276  -55.222  -18.994  43.983 0.0000000000
35837  -24.381  -44.551  62.892 0.0000000000
119314  -25.820  -43.818  61.079 0.0000000000
35860  -25.193  -44.047  61.539 0.0000000000
35897  -25.178  -43.555  60.041 0.0000000000
35863  -28.044  -44.256  61.666 0.0000000000
118441  -27.847  -43.420  58.679 0.0000000000
36894  -27.525  -43.495  59.469 0.0000000000
137180  -27.168  -43.406  58.835 0.0000000000
36908  -26.536  -43.369  58.569 0.0000000000
36921  -26.913  -43.146  57.328 0.0000000000
36944  -26.561  -42.894  56.799 0.0000000000
117304  -28.056  -42.925  56.172 0.0000000000
36969  -28.602  -42.866  55.427 0.0000000000
36986  -28.098  -42.736  54.692 0.0000000000
36987  -29.004  -42.785  54.609 0.0000000000
127901  -42.422  -33.687  44.495 0.0000000000
46289  -41.995  -33.355  43.879 0.0000000000
48906  -42.347  -30.702  44.264 0.0000000000
48912  -42.078  -30.293  43.639 0.0000000000
49779  -44.916  -29.185  45.197 0.0000000000
49768  -43.650  -29.835  45.184 0.0000000000
50680  -43.752  -28.794  42.913 0.0000000000
51592  -48.700  -27.880  41.381 0.0000000000
51600  -50.636  -27.687  39.993 0.0000000000
51603  -50.114  -27.715  39.340 0.0000000000
52481  -48.250  -26.306  39.388 0.0000000000
35828  -34.327  -44.104  63.816 0.0000000000
127113  -34.491  -43.316  62.358 0.0000000000
35846  -34.416  -44.332  62.622 0.0000000000
36864  -34.493  -44.084  62.110 0.0000000000
130439  -34.774  -44.387  61.330 0.0000000000
39797  -34.470  -41.336  61.402 0.0000000000
124251  -34.121  -41.691  61.052 0.0000000000
37911  -33.975  -42.572  59.619 0.0000000000
36897  -35.447  -44.413  59.875 0.0000000000
36912  -35.591  -44.189  58.979 0.0000000000
37926  -36.241  -43.469  56.227 0.0000000000
37935  -35.245  -42.841  55.739 0.0000000000
41609  -38.573  -38.689  58.695 0.0000000000
41608  -37.721  -38.642  58.822 0.0000000000
41625  -35.934  -38.417  57.436 0.0000000000
40747  -35.148  -38.973  58.010 0.0000000000
41645  -34.769  -38.805  57.094 0.0000000000
118123  -35.131  -38.125  54.964 0.0000000000
40773  -33.545  -39.496  55.546 0.0000000000
40774  -34.071  -38.933  55.829 0.0000000000
40745  -33.946  -39.620  57.077 0.0000000000
39847  -33.465  -40.418  56.603 0.0000000000
38888  -34.166  -42.129  54.764 0.0000000000
37941  -35.223  -42.621  54.705 0.0000000000
38892  -34.523  -42.283  53.921 0.0000000000
43502  -36.403  -35.660  48.796 0.0000000000
43501  -35.546  -35.850  48.610 0.0000000000
43510  -36.133  -35.539  48.018 0.0000000000
37869  -20.050  -42.342  64.404 0.0000000000
118961  -23.734  -44.468  66.140 0.0000000000
35791  -28.245  -43.820  65.887 0.0000000000
38813  -35.224  -41.056  64.867 0.0000000000
40628  -36.481  -39.414  64.703 0.0000000000
40619  -35.749  -39.135  65.204 0.0000000000
39755  -36.340  -40.304  64.439 0.0000000000
40642  -36.920  -39.947  64.041 0.0000000000
41546  -38.515  -38.739  62.926 0.0000000000
40656  -38.415  -39.398  62.566 0.0000000000
40670  -40.284  -39.040  61.502 0.0000000000
40686  -40.735  -39.262  60.687 0.0000000000
40687  -41.292  -39.246  60.057 0.0000000000
139624  -41.749  -39.154  59.214 0.0000000000
40708  -42.133  -39.014  58.961 0.0000000000
40730  -42.262  -38.921  58.282 0.0000000000
43433  -44.911  -36.118  53.896 0.0000000000
44364  -46.504  -34.632  53.673 0.0000000000
45303  -46.204  -34.383  52.725 0.0000000000
45304  -46.998  -33.749  52.552 0.0000000000
46220  -47.437  -32.891  51.625 0.0000000000
46231  -47.167  -32.669  50.966 0.0000000000
47070  -47.896  -32.347  51.402 0.0000000000
48847  -49.773  -30.089  51.067 0.0000000000
47963  -49.366  -30.825  51.328 0.0000000000
47962  -48.572  -31.292  51.006 0.0000000000
49743  -49.017  -28.961  49.227 0.0000000000
116125  -49.245  -28.373  48.447 0.0000000000
135320  -50.070  -28.062  48.419 0.0000000000
52369  -52.722  -26.538  48.687 0.0000000000
51475  -52.371  -27.304  49.164 0.0000000000
51488  -52.520  -27.209  48.304 0.0000000000
51501  -51.481  -27.479  47.070 0.0000000000
51500  -50.397  -27.599  46.950 0.0000000000
51517  -51.190  -27.525  46.261 0.0000000000
51533  -51.444  -27.422  45.308 0.0000000000
52434  -52.157  -26.566  43.883 0.0000000000
51583  -51.851  -26.657  42.921 0.0000000000
53325  -50.022  -25.644  44.235 0.0000000000
53326  -51.218  -25.648  44.237 0.0000000000
116339  -49.590  -25.521  42.507 0.0000000000
116780  -50.385  -25.767  41.724 0.0000000000
53364  -51.265  -26.117  42.204 0.0000000000
53376  -50.436  -26.162  40.971 0.0000000000
132406  -49.623  -25.700  41.213 0.0000000000
116566  -48.122  -25.606  40.467 0.0000000000
53398  -46.579  -25.467  39.861 0.0000000000
123763  -43.379  -24.915  44.325 0.0000000000
53322  -43.672  -25.528  44.677 0.0000000000
52429  -44.005  -26.092  43.878 0.0000000000
52446  -43.914  -25.940  43.039 0.0000000000
55967  -44.374  -22.541  43.447 0.0000000000
55966  -43.952  -22.986  44.168 0.0000000000
55978  -43.774  -23.127  43.188 0.0000000000
54217  -43.557  -24.522  41.531 0.0000000000
54212  -43.436  -24.660  42.283 0.0000000000
53360  -44.284  -25.898  42.219 0.0000000000
53372  -44.796  -25.482  41.291 0.0000000000
116211  -44.565  -25.272  39.955 0.0000000000
53402  -44.095  -25.679  38.790 0.0000000000
54235  -43.401  -24.898  38.153 0.0000000000
53408  -43.457  -25.586  37.918 0.0000000000
53413  -43.416  -25.758  37.313 0.0000000000
52494  -43.636  -26.559  37.089 0.0000000000
54244  -43.455  -25.136  36.951 0.0000000000
56903  -44.839  -21.955  39.240 0.0000000000
56010  -44.120  -22.462  38.854 0.0000000000
56019  -44.335  -22.659  38.080 0.0000000000
55134  -45.403  -23.417  36.357 0.0000000000
55133  -44.634  -23.723  36.633 0.0000000000
54245  -44.957  -24.161  36.058 0.0000000000
54248  -44.540  -24.958  35.895 0.0000000000
58634  -49.251  -19.778  43.298 0.0000000000
58646  -49.759  -19.408  42.693 0.0000000000
129222  -49.605  -19.126  40.886 0.0000000000
57762  -48.023  -19.791  39.900 0.0000000000
128413  -48.953  -19.512  39.597 0.0000000000
58674  -51.813  -19.209  40.406 0.0000000000
58689  -51.424  -19.505  39.665 0.0000000000
57783  -49.029  -20.190  38.273 0.0000000000
36862  -19.469  -43.645  61.450 0.0000000000
36872  -19.010  -43.642  60.687 0.0000000000
115882  -18.845  -43.771  58.340 0.0000000000
35917  -18.073  -43.962  57.000 0.0000000000
36977  -18.688  -43.297  54.943 0.0000000000
36958  -17.912  -43.674  55.337 0.0000000000
131223  -17.839  -43.593  53.717 0.0000000000
36995  -18.143  -43.395  53.025 0.0000000000
35858  -23.485  -44.306  61.407 0.0000000000
129355  -22.964  -44.139  60.933 0.0000000000
35895  -23.416  -43.675  60.090 0.0000000000
134947  -22.862  -43.512  58.126 0.0000000000
36918  -22.419  -43.524  57.347 0.0000000000
36917  -21.760  -43.613  57.504 0.0000000000
116372  -21.968  -43.544  56.908 0.0000000000
36982  -24.338  -43.059  54.571 0.0000000000
36964  -23.954  -43.117  55.432 0.0000000000
36981  -23.390  -43.054  54.579 0.0000000000
121722  -21.954  -42.974  53.464 0.0000000000
36999  -21.873  -43.007  54.361 0.0000000000
36962  -21.435  -43.137  55.601 0.0000000000
36979  -21.220  -43.009  54.840 0.0000000000
117531  -20.299  -43.011  54.685 0.0000000000
117952  -20.527  -42.915  53.070 0.0000000000
37056  -24.476  -42.965  49.376 0.0000000000
36008  -23.918  -43.853  49.427 0.0000000000
34882  -33.434  -45.194  62.888 0.0000000000
134644  -32.752  -45.175  62.498 0.0000000000
120342  -33.384  -45.265  62.092 0.0000000000
34900  -33.305  -45.244  59.876 0.0000000000
35901  -31.578  -44.361  59.351 0.0000000000
34920  -35.317  -45.439  57.687 0.0000000000
34919  -34.374  -45.230  57.860 0.0000000000
35935  -31.841  -43.838  56.734 0.0000000000
36948  -30.592  -43.517  56.517 0.0000000000
36949  -31.303  -43.607  56.172 0.0000000000
36989  -31.074  -43.330  54.400 0.0000000000
36988  -30.382  -43.268  54.862 0.0000000000
37007  -30.337  -42.995  53.978 0.0000000000
37006  -29.431  -42.749  53.750 0.0000000000
137777  -30.017  -42.734  53.419 0.0000000000
125021  -36.612  -44.797  53.066 0.0000000000
35965  -35.679  -44.619  54.026 0.0000000000
117432  -35.199  -44.523  53.000 0.0000000000
37027  -33.391  -43.923  52.062 0.0000000000
37010  -33.988  -43.980  53.022 0.0000000000
37026  -32.337  -43.512  52.372 0.0000000000
37047  -30.685  -43.426  50.545 0.0000000000
119234  -31.070  -43.148  51.392 0.0000000000
37035  -30.375  -42.985  51.175 0.0000000000
37046  -29.832  -43.206  50.466 0.0000000000
44396  -44.397  -35.282  50.593 0.0000000000
133520  -44.759  -34.973  50.195 0.0000000000
116420  -45.582  -34.115  50.865 0.0000000000
42566  -44.119  -36.916  53.968 0.0000000000
42565  -43.558  -37.199  53.780 0.0000000000
43431  -43.929  -36.722  53.304 0.0000000000
43451  -43.719  -36.456  52.594 0.0000000000
43468  -43.483  -36.219  51.835 0.0000000000
43482  -43.252  -36.092  51.198 0.0000000000
44384  -43.871  -35.730  51.118 0.0000000000
50719  -48.998  -28.376  38.474 0.0000000000
50723  -45.443  -28.974  37.559 0.0000000000
35824  -30.387  -44.380  64.050 0.0000000000
47156  -41.697  -33.042  43.199 0.0000000000
127484  -47.447  -28.186  45.385 0.0000000000
124175  -49.642  -27.628  44.751 0.0000000000
116415  -37.594  -39.676  61.772 0.0000000000
115823  -37.160  -39.350  60.441 0.0000000000
41592  -36.986  -39.064  59.815 0.0000000000
42593  -36.363  -37.011  51.865 0.0000000000
42591  -34.865  -37.338  51.562 0.0000000000
119598  -33.607  -37.240  49.640 0.0000000000
56840  -47.112  -21.101  44.483 0.0000000000
56849  -46.327  -21.458  44.125 0.0000000000
57715  -46.666  -21.159  43.380 0.0000000000
56869  -46.227  -21.021  41.339 0.0000000000
134576  -47.491  -20.470  42.122 0.0000000000
57736  -48.171  -20.048  42.014 0.0000000000
36844  -21.510  -44.109  63.719 0.0000000000
35814  -21.339  -44.116  63.008 0.0000000000
138063  -21.705  -44.299  61.933 0.0000000000
35856  -22.029  -44.290  61.385 0.0000000000
37003  -26.729  -42.822  53.753 0.0000000000
37957  -26.614  -42.647  52.269 0.0000000000
37973  -26.546  -42.525  51.338 0.0000000000
37986  -26.049  -42.506  50.542 0.0000000000
37044  -27.596  -42.784  50.146 0.0000000000
35939  -37.975  -44.854  56.885 0.0000000000
34923  -38.001  -45.058  56.740 0.0000000000
36951  -38.274  -44.922  56.166 0.0000000000
34946  -38.146  -45.054  55.193 0.0000000000
45350  -43.033  -34.340  46.453 0.0000000000
46253  -43.871  -33.656  47.506 0.0000000000
46246  -45.231  -33.411  49.045 0.0000000000
135974  -44.894  -33.333  48.594 0.0000000000
133229  -45.864  -30.891  48.531 0.0000000000
48873  -47.287  -30.005  48.881 0.0000000000
40748  -41.117  -38.925  58.290 0.0000000000
41629  -40.623  -38.583  57.673 0.0000000000
41650  -40.949  -38.403  56.721 0.0000000000
42578  -40.887  -37.093  52.977 0.0000000000
42577  -39.831  -36.989  52.791 0.0000000000
44418  -41.617  -35.310  48.705 0.0000000000
35838  -25.274  -44.497  62.937 0.0000000000
35861  -26.156  -44.024  61.661 0.0000000000
35898  -28.902  -43.678  60.080 0.0000000000
116374  -28.012  -43.421  57.960 0.0000000000
36922  -27.742  -43.276  57.354 0.0000000000
36923  -28.557  -43.395  57.497 0.0000000000
120933  -42.608  -32.114  45.036 0.0000000000
48008  -42.634  -31.107  44.971 0.0000000000
48907  -42.939  -30.188  44.765 0.0000000000
50672  -45.220  -28.800  44.605 0.0000000000
50671  -44.816  -28.676  43.798 0.0000000000
50681  -44.419  -28.630  43.119 0.0000000000
52475  -49.740  -26.451  40.036 0.0000000000
116519  -34.610  -43.087  63.859 0.0000000000
36845  -34.528  -43.553  63.621 0.0000000000
37882  -34.661  -43.002  63.556 0.0000000000
38849  -33.879  -41.783  60.480 0.0000000000
37917  -33.992  -42.459  58.865 0.0000000000
37918  -34.735  -43.243  58.456 0.0000000000
37920  -34.021  -42.264  58.012 0.0000000000
38870  -34.036  -42.057  57.038 0.0000000000
41648  -38.311  -37.978  57.233 0.0000000000
39851  -33.266  -40.423  55.677 0.0000000000
39861  -33.022  -40.794  54.747 0.0000000000
38811  -33.817  -41.654  65.429 0.0000000000
39737  -34.049  -40.687  65.710 0.0000000000
41536  -37.405  -38.510  63.953 0.0000000000
41579  -41.467  -38.792  60.522 0.0000000000
45297  -48.155  -33.805  54.057 0.0000000000
46188  -47.769  -33.617  53.217 0.0000000000
46205  -48.405  -32.958  52.813 0.0000000000
47056  -48.835  -32.284  52.500 0.0000000000
48848  -50.341  -29.685  51.343 0.0000000000
48862  -49.588  -29.768  50.456 0.0000000000
50614  -50.594  -28.522  49.568 0.0000000000
117850  -51.599  -25.591  47.831 0.0000000000
53263  -52.248  -25.707  48.265 0.0000000000
52381  -52.984  -26.555  47.975 0.0000000000
51503  -52.919  -26.929  47.641 0.0000000000
52395  -52.925  -26.533  47.154 0.0000000000
51519  -52.730  -26.943  46.690 0.0000000000
51534  -52.274  -27.107  45.278 0.0000000000
51554  -52.460  -26.774  44.876 0.0000000000
53327  -52.079  -25.989  43.957 0.0000000000
127148  -48.456  -25.853  43.711 0.0000000000
53374  -47.271  -25.397  41.042 0.0000000000
54194  -43.500  -24.729  45.150 0.0000000000
55079  -43.458  -24.053  44.547 0.0000000000
129655  -43.355  -24.492  43.676 0.0000000000
131190  -43.610  -23.296  42.448 0.0000000000
54218  -43.944  -25.014  41.084 0.0000000000
124972  -43.583  -24.413  40.873 0.0000000000
53396  -43.793  -25.070  39.408 0.0000000000
54232  -43.486  -24.421  38.959 0.0000000000
131091  -43.472  -24.177  38.306 0.0000000000
56904  -45.563  -21.473  38.771 0.0000000000
56020  -45.044  -22.250  37.723 0.0000000000
56914  -45.695  -21.573  37.843 0.0000000000
56021  -45.544  -22.176  37.257 0.0000000000
56030  -45.897  -22.609  36.644 0.0000000000
58647  -50.502  -19.061  42.874 0.0000000000
131735  -50.209  -18.992  42.155 0.0000000000
58660  -50.344  -18.814  41.363 0.0000000000
58673  -50.601  -18.905  40.328 0.0000000000
57786  -51.849  -20.559  38.679 0.0000000000
57764  -51.125  -19.918  39.018 0.0000000000
36860  -17.405  -43.601  61.783 0.0000000000
132353  -19.305  -43.648  59.445 0.0000000000
137967  -19.310  -43.683  58.917 0.0000000000
36914  -18.814  -43.780  57.445 0.0000000000
36936  -17.990  -43.817  56.162 0.0000000000
36937  -18.874  -43.643  56.505 0.0000000000
36978  -19.356  -43.049  54.286 0.0000000000
36891  -23.870  -43.520  59.345 0.0000000000
36919  -23.185  -43.354  57.179 0.0000000000
122554  -23.823  -42.912  53.068 0.0000000000
37000  -23.298  -43.003  53.631 0.0000000000
37954  -22.134  -42.789  52.504 0.0000000000
37017  -21.273  -42.875  52.852 0.0000000000
37043  -20.628  -43.122  50.119 0.0000000000
37052  -21.213  -43.163  49.755 0.0000000000
36006  -22.025  -43.720  49.477 0.0000000000
35991  -22.379  -44.509  49.593 0.0000000000
34895  -34.264  -45.196  61.651 0.0000000000
34901  -34.301  -45.414  60.588 0.0000000000
34907  -33.393  -45.212  58.936 0.0000000000
35938  -34.917  -44.903  56.353 0.0000000000
35937  -33.815  -44.557  56.411 0.0000000000
140343  -33.098  -44.292  56.099 0.0000000000
36971  -31.853  -43.678  55.688 0.0000000000
122068  -31.712  -43.517  54.645 0.0000000000
134998  -31.641  -43.402  54.054 0.0000000000
120114  -32.250  -44.007  50.903 0.0000000000
118978  -31.862  -43.480  51.527 0.0000000000
138485  -43.502  -34.948  48.159 0.0000000000
133358  -43.686  -34.707  48.027 0.0000000000
45331  -43.796  -34.882  48.534 0.0000000000
45324  -44.814  -34.594  49.697 0.0000000000
45325  -45.055  -34.005  49.289 0.0000000000
41672  -42.650  -38.357  55.743 0.0000000000
42544  -42.451  -37.760  54.344 0.0000000000
42579  -41.774  -37.005  52.836 0.0000000000
43448  -41.299  -36.713  52.214 0.0000000000
44393  -42.054  -35.713  50.137 0.0000000000
116375  -27.977  -44.444  64.215 0.0000000000
117310  -27.853  -44.469  63.151 0.0000000000
35822  -28.541  -44.447  63.653 0.0000000000
124148  -28.794  -44.465  62.058 0.0000000000
35864  -29.619  -44.388  61.675 0.0000000000
132292  -28.855  -44.214  61.427 0.0000000000
35885  -29.447  -44.033  60.792 0.0000000000
123781  -45.521  -28.926  45.323 0.0000000000
135678  -46.472  -28.266  43.503 0.0000000000
50683  -46.319  -28.280  42.677 0.0000000000
118606  -51.330  -27.024  42.045 0.0000000000
38829  -36.155  -40.708  63.488 0.0000000000
38836  -35.554  -41.005  62.923 0.0000000000
39798  -35.000  -40.653  61.421 0.0000000000
40681  -35.915  -39.934  61.316 0.0000000000
39826  -34.333  -40.436  59.691 0.0000000000
39835  -34.056  -40.256  58.753 0.0000000000
42539  -37.311  -37.419  54.554 0.0000000000
42518  -36.756  -37.708  55.171 0.0000000000
42538  -36.434  -37.659  54.376 0.0000000000
41707  -35.483  -37.986  54.167 0.0000000000
41706  -34.708  -38.086  53.578 0.0000000000
41705  -33.814  -38.501  53.631 0.0000000000
40800  -32.756  -39.250  52.910 0.0000000000
41731  -32.378  -38.847  51.222 0.0000000000
41740  -32.938  -38.041  50.838 0.0000000000
119832  -38.131  -34.322  46.425 0.0000000000
45356  -37.577  -34.135  45.907 0.0000000000
46268  -37.256  -33.834  45.050 0.0000000000
117511  -50.650  -25.785  46.821 0.0000000000
53291  -51.315  -25.656  46.115 0.0000000000
53306  -51.187  -25.626  45.208 0.0000000000
53304  -49.451  -25.978  45.058 0.0000000000
52394  -47.895  -26.473  45.975 0.0000000000
52410  -48.441  -26.293  45.117 0.0000000000
121967  -44.893  -22.238  45.732 0.0000000000
55957  -44.994  -22.174  44.855 0.0000000000
56859  -44.929  -22.090  42.886 0.0000000000
55985  -44.095  -22.472  41.423 0.0000000000
55991  -44.064  -22.387  40.533 0.0000000000
56885  -45.525  -21.416  39.650 0.0000000000
56886  -46.170  -20.992  39.176 0.0000000000
128902  -46.727  -20.655  38.836 0.0000000000
57781  -47.096  -20.718  38.141 0.0000000000
59574  -52.489  -18.800  41.960 0.0000000000
58675  -52.777  -19.732  40.705 0.0000000000
58690  -52.441  -19.925  39.928 0.0000000000
130109  -19.934  -43.701  60.869 0.0000000000
36863  -20.475  -43.834  61.470 0.0000000000
36916  -21.015  -43.604  57.668 0.0000000000
117307  -25.193  -42.957  56.257 0.0000000000
36942  -24.467  -43.116  56.705 0.0000000000
36965  -24.808  -43.039  55.392 0.0000000000
37001  -24.698  -42.978  53.590 0.0000000000
37002  -25.731  -42.919  53.699 0.0000000000
137750  -23.895  -42.711  52.422 0.0000000000
37998  -26.005  -42.743  49.784 0.0000000000
37058  -26.465  -43.181  49.506 0.0000000000
34914  -36.299  -45.200  59.004 0.0000000000
34913  -35.515  -45.517  58.938 0.0000000000
116505  -36.024  -45.462  58.353 0.0000000000
34932  -35.580  -45.350  56.947 0.0000000000
34922  -37.362  -45.267  57.278 0.0000000000
126386  -36.627  -45.471  56.779 0.0000000000
35948  -35.344  -44.886  55.783 0.0000000000
47142  -42.733  -33.142  45.080 0.0000000000
47143  -43.022  -32.330  45.723 0.0000000000
45341  -43.858  -34.197  47.788 0.0000000000
124174  -44.176  -33.060  47.648 0.0000000000
46249  -44.717  -32.922  48.205 0.0000000000
47136  -44.030  -32.391  47.236 0.0000000000
47999  -43.910  -31.668  46.901 0.0000000000
40726  -39.124  -39.080  59.266 0.0000000000
41627  -38.877  -38.357  57.962 0.0000000000
41628  -39.764  -38.431  57.862 0.0000000000
137434  -40.550  -37.799  55.161 0.0000000000
126245  -39.986  -37.573  54.755 0.0000000000
127662  -39.280  -37.470  54.987 0.0000000000
117273  -37.117  -37.076  53.141 0.0000000000
132125  -36.966  -36.934  52.352 0.0000000000
42604  -36.490  -36.664  51.107 0.0000000000
43503  -37.237  -35.580  48.930 0.0000000000
43493  -40.147  -35.790  50.124 0.0000000000
44417  -40.569  -35.238  48.707 0.0000000000
119597  -40.500  -34.255  45.800 0.0000000000
45375  -41.234  -34.003  44.411 0.0000000000
57717  -48.820  -20.296  44.030 0.0000000000
57707  -49.405  -20.048  45.003 0.0000000000
126835  -50.670  -19.362  44.397 0.0000000000
58626  -50.917  -19.359  45.481 0.0000000000
132039  -50.780  -19.141  43.661 0.0000000000
59538  -53.033  -18.030  45.186 0.0000000000
59550  -53.096  -18.404  43.960 0.0000000000
59563  -52.801  -18.602  42.853 0.0000000000
58649  -54.570  -19.857  42.508 0.0000000000
58638  -55.851  -19.659  43.249 0.0000000000
58650  -55.591  -20.228  42.599 0.0000000000
35817  -23.128  -44.583  63.712 0.0000000000
35836  -23.495  -44.607  62.880 0.0000000000
35859  -23.922  -44.513  62.137 0.0000000000
35880  -23.995  -43.976  61.074 0.0000000000
122269  -24.787  -44.412  62.188 0.0000000000
133864  -24.559  -43.880  61.114 0.0000000000
35896  -24.272  -43.669  60.372 0.0000000000
36892  -24.764  -43.451  59.317 0.0000000000
130455  -25.189  -43.353  58.530 0.0000000000
118754  -25.183  -43.271  57.752 0.0000000000
35840  -27.447  -44.370  62.318 0.0000000000
35862  -27.071  -44.103  61.661 0.0000000000
35882  -26.616  -43.834  60.999 0.0000000000
36878  -27.985  -43.676  60.195 0.0000000000
36877  -27.066  -43.642  60.250 0.0000000000
36907  -25.863  -43.315  58.164 0.0000000000
36943  -25.795  -42.935  56.763 0.0000000000
117306  -26.135  -42.770  56.209 0.0000000000
36967  -26.566  -42.735  55.490 0.0000000000
36945  -27.458  -42.985  56.782 0.0000000000
36985  -27.151  -42.741  54.795 0.0000000000
37004  -27.580  -42.791  53.917 0.0000000000
37023  -28.754  -42.697  52.968 0.0000000000
37943  -37.472  -43.428  53.884 0.0000000000
49785  -41.595  -30.368  42.916 0.0000000000
51609  -49.679  -28.134  38.823 0.0000000000
132577  -33.207  -44.342  64.359 0.0000000000
35826  -32.895  -44.730  63.951 0.0000000000
35827  -33.766  -44.587  63.981 0.0000000000
118919  -34.450  -44.059  63.284 0.0000000000
34884  -34.328  -44.850  62.343 0.0000000000
34903  -35.658  -45.062  60.206 0.0000000000
38835  -34.530  -42.406  62.384 0.0000000000
37896  -34.304  -42.948  61.710 0.0000000000
116986  -34.036  -42.428  61.034 0.0000000000
123222  -34.388  -43.480  61.022 0.0000000000
36879  -35.105  -44.441  60.619 0.0000000000
35903  -35.780  -44.899  60.105 0.0000000000
35904  -36.140  -45.013  59.587 0.0000000000
36928  -36.839  -44.426  57.717 0.0000000000
36927  -35.808  -43.973  58.050 0.0000000000
36950  -37.269  -44.254  56.834 0.0000000000
41593  -37.593  -38.873  59.465 0.0000000000
41626  -36.956  -38.443  58.195 0.0000000000
40724  -35.261  -39.213  58.876 0.0000000000
121382  -34.537  -39.566  58.395 0.0000000000
39843  -33.952  -39.974  57.946 0.0000000000
41668  -36.253  -37.960  55.668 0.0000000000
122048  -34.584  -38.465  55.383 0.0000000000
41666  -34.712  -38.571  56.194 0.0000000000
135325  -33.519  -41.128  57.009 0.0000000000
38874  -34.360  -42.326  56.214 0.0000000000
37942  -36.475  -42.948  54.249 0.0000000000
45344  -36.844  -34.564  46.358 0.0000000000
44362  -44.856  -35.673  53.224 0.0000000000
44374  -45.232  -34.908  52.515 0.0000000000
36816  -20.933  -42.955  64.631 0.0000000000
36831  -21.407  -43.814  64.355 0.0000000000
35799  -22.003  -44.251  64.332 0.0000000000
139438  -22.844  -44.470  64.671 0.0000000000
35801  -25.239  -44.482  64.533 0.0000000000
116376  -25.919  -44.360  64.977 0.0000000000
35802  -26.600  -44.401  64.447 0.0000000000
35803  -27.351  -44.325  64.846 0.0000000000
138745  -27.430  -44.188  65.633 0.0000000000
35804  -28.075  -44.217  65.247 0.0000000000
35792  -29.645  -43.767  65.286 0.0000000000
35806  -30.441  -44.037  64.797 0.0000000000
35807  -31.243  -43.890  64.861 0.0000000000
36832  -31.999  -43.794  64.906 0.0000000000
36822  -32.317  -43.332  65.131 0.0000000000
36833  -32.892  -43.886  64.727 0.0000000000
36823  -33.332  -43.309  64.900 0.0000000000
37870  -34.106  -43.118  64.578 0.0000000000
37861  -34.326  -42.306  64.776 0.0000000000
37871  -34.564  -42.781  64.205 0.0000000000
38821  -35.906  -41.011  64.097 0.0000000000
39754  -35.748  -40.665  64.651 0.0000000000
40643  -37.502  -39.661  63.556 0.0000000000
40655  -37.829  -39.799  62.911 0.0000000000
40684  -39.041  -39.483  61.183 0.0000000000
40669  -39.524  -39.223  61.707 0.0000000000
40705  -39.971  -39.455  60.044 0.0000000000
40728  -40.842  -39.204  58.964 0.0000000000
117346  -41.356  -39.243  59.406 0.0000000000
134364  -41.765  -38.938  58.097 0.0000000000
116011  -42.285  -38.741  57.489 0.0000000000
41631  -42.952  -38.717  57.804 0.0000000000
119526  -43.066  -38.553  57.040 0.0000000000
123415  -43.106  -38.448  56.331 0.0000000000
41673  -43.431  -38.245  55.734 0.0000000000
42523  -43.786  -37.775  55.025 0.0000000000
45310  -45.681  -34.351  51.675 0.0000000000
45311  -46.225  -33.646  51.190 0.0000000000
45312  -46.930  -33.402  51.807 0.0000000000
46230  -46.438  -33.098  50.644 0.0000000000
47085  -46.726  -32.527  50.336 0.0000000000
47057  -49.361  -31.842  52.872 0.0000000000
135076  -49.616  -31.051  51.936 0.0000000000
47071  -48.611  -32.067  51.822 0.0000000000
47087  -48.349  -31.838  51.312 0.0000000000
47971  -47.307  -31.448  50.061 0.0000000000
48861  -47.418  -30.647  49.588 0.0000000000
49731  -48.072  -29.650  49.234 0.0000000000
49732  -48.979  -29.736  49.878 0.0000000000
50615  -51.635  -27.972  49.942 0.0000000000
117230  -51.236  -28.182  49.576 0.0000000000
50625  -50.892  -27.994  48.848 0.0000000000
51487  -51.694  -27.498  48.072 0.0000000000
50639  -49.697  -27.870  47.712 0.0000000000
50651  -49.357  -27.755  46.848 0.0000000000
138416  -49.606  -27.655  45.576 0.0000000000
51552  -51.212  -27.413  44.256 0.0000000000
125319  -50.901  -27.449  43.501 0.0000000000
117383  -51.936  -25.760  44.674 0.0000000000
123413  -51.683  -25.849  43.448 0.0000000000
53347  -51.522  -25.907  42.857 0.0000000000
131817  -51.669  -26.303  42.689 0.0000000000
52460  -51.455  -26.704  42.167 0.0000000000
133932  -50.921  -26.702  40.871 0.0000000000
52474  -48.743  -26.098  39.973 0.0000000000
52448  -45.781  -26.327  43.587 0.0000000000
135275  -45.873  -26.186  42.739 0.0000000000
131380  -43.547  -23.647  43.794 0.0000000000
131439  -43.331  -24.837  42.985 0.0000000000
53388  -46.414  -25.319  40.458 0.0000000000
53386  -44.618  -25.217  40.551 0.0000000000
53387  -45.631  -25.252  40.130 0.0000000000
52479  -46.214  -25.841  39.278 0.0000000000
52486  -45.703  -26.508  38.721 0.0000000000
51613  -44.364  -27.165  37.729 0.0000000000
52484  -43.747  -26.018  38.186 0.0000000000
51612  -43.894  -26.635  37.716 0.0000000000
52495  -43.984  -26.545  36.249 0.0000000000
56009  -43.491  -22.905  39.245 0.0000000000
56018  -43.685  -22.960  38.588 0.0000000000
55131  -44.097  -23.772  37.133 0.0000000000
124837  -43.891  -25.210  36.342 0.0000000000
53416  -44.190  -25.765  35.946 0.0000000000
57726  -48.530  -20.143  42.997 0.0000000000
58658  -48.872  -19.543  41.422 0.0000000000
57748  -48.129  -19.899  40.966 0.0000000000
57782  -48.044  -20.260  38.165 0.0000000000
58704  -50.206  -19.864  38.905 0.0000000000
58687  -49.691  -19.518  39.363 0.0000000000
57798  -47.826  -20.874  37.463 0.0000000000
117911  -17.944  -43.656  60.422 0.0000000000
36886  -18.752  -43.677  59.888 0.0000000000
35943  -16.716  -44.493  55.340 0.0000000000
35944  -17.276  -44.015  54.903 0.0000000000
35857  -22.707  -44.385  61.430 0.0000000000
35878  -22.395  -44.118  60.845 0.0000000000
137344  -22.150  -43.858  60.344 0.0000000000
36890  -22.942  -43.625  59.330 0.0000000000
35893  -22.203  -43.712  59.698 0.0000000000
116504  -21.586  -43.627  58.299 0.0000000000
36941  -23.663  -43.176  56.381 0.0000000000
36980  -22.505  -43.015  54.893 0.0000000000
134103  -22.196  -43.121  55.689 0.0000000000
36940  -21.725  -43.348  56.314 0.0000000000
36939  -20.823  -43.361  56.162 0.0000000000
36960  -20.104  -43.231  55.577 0.0000000000
36996  -19.159  -43.043  53.414 0.0000000000
123769  -19.724  -43.006  52.654 0.0000000000
129295  -18.843  -43.176  52.720 0.0000000000
37055  -23.485  -42.983  49.408 0.0000000000
35845  -32.564  -44.980  63.195 0.0000000000
126156  -31.953  -44.868  62.434 0.0000000000
118423  -31.936  -44.725  60.952 0.0000000000
121282  -31.286  -44.409  60.202 0.0000000000
35909  -30.962  -43.915  58.725 0.0000000000
34912  -34.398  -45.472  58.717 0.0000000000
35921  -33.647  -44.725  57.337 0.0000000000
35920  -32.924  -44.537  57.622 0.0000000000
35911  -32.716  -44.631  58.308 0.0000000000
35918  -31.178  -43.830  57.906 0.0000000000
36925  -30.198  -43.533  57.183 0.0000000000
36947  -29.833  -43.380  56.388 0.0000000000
137928  -29.685  -43.279  55.885 0.0000000000
36970  -29.552  -43.116  55.312 0.0000000000
35960  -38.092  -44.690  54.461 0.0000000000
35959  -37.748  -45.086  54.543 0.0000000000
37008  -31.956  -43.383  53.346 0.0000000000
37025  -30.544  -42.792  53.078 0.0000000000
37960  -28.911  -42.707  51.980 0.0000000000
37976  -28.909  -42.834  50.845 0.0000000000
37045  -28.368  -43.003  50.077 0.0000000000
34941  -38.161  -45.111  55.951 0.0000000000
36902  -19.746  -43.610  58.443 0.0000000000
36976  -17.887  -43.579  54.478 0.0000000000
37053  -21.794  -43.236  49.602 0.0000000000
38854  -33.778  -41.817  59.783 0.0000000000
53264  -52.734  -26.173  48.293 0.0000000000
57734  -46.878  -20.656  40.998 0.0000000000
58703  -49.360  -19.797  38.888 0.0000000000
126137  -52.429  -25.996  48.925 0.0000000000
128858  -43.386  -25.196  37.571 0.0000000000
133115  -22.170  -43.599  57.999 0.0000000000
134032  -18.651  -43.190  53.256 0.0000000000
134589  -26.509  -43.301  57.845 0.0000000000
135586  -27.141  -42.691  55.523 0.0000000000
137910  -20.996  -43.365  64.005 0.0000000000
139511  -37.689  -39.122  63.695 0.0000000000
140095  -30.710  -43.655  57.552 0.0000000000
