#!ascii label  , from subject sub-v1s0x0050649_ses-1 vox2ras=TkReg
1684
50450  -29.400  -28.320  66.847 0.0000000000
64005  -48.196  -12.955  48.052 0.0000000000
55022  -38.105  -23.111  55.061 0.0000000000
41537  -3.033  -38.578  63.611 0.0000000000
45135  -18.754  -33.668  65.555 0.0000000000
49567  -6.097  -29.407  65.201 0.0000000000
46938  -4.502  -32.621  72.802 0.0000000000
131838  -42.859  -17.163  52.008 0.0000000000
52264  -2.815  -25.853  58.564 0.0000000000
37796  -1.680  -42.432  71.078 0.0000000000
48747  -32.835  -29.717  58.790 0.0000000000
46059  -28.009  -33.077  62.969 0.0000000000
43275  -25.996  -34.866  65.832 0.0000000000
139549  -50.107  -10.871  45.396 0.0000000000
57628  -40.944  -20.140  52.795 0.0000000000
44216  -13.451  -35.459  63.058 0.0000000000
118648  -3.556  -21.618  63.287 0.0000000000
138280  -6.200  -34.634  64.246 0.0000000000
136070  -6.502  -33.606  59.505 0.0000000000
42456  -3.199  -36.793  58.753 0.0000000000
119981  -8.981  -40.263  73.021 0.0000000000
40552  -5.869  -39.204  73.218 0.0000000000
54101  -36.993  -24.229  59.075 0.0000000000
43242  -22.809  -35.564  68.749 0.0000000000
44244  -20.837  -33.846  61.783 0.0000000000
48664  -5.723  -30.731  69.276 0.0000000000
118457  -4.566  -35.848  68.401 0.0000000000
116888  -45.949  -14.434  50.427 0.0000000000
40569  -10.065  -39.216  70.544 0.0000000000
42381  -11.316  -36.904  67.382 0.0000000000
50484  -4.971  -27.739  61.875 0.0000000000
47884  -3.670  -30.824  56.490 0.0000000000
121923  -5.265  -33.366  76.431 0.0000000000
119656  -3.878  -37.990  71.085 0.0000000000
120266  -1.648  -40.532  67.108 0.0000000000
51309  -31.730  -26.605  65.755 0.0000000000
50477  -28.489  -28.438  63.401 0.0000000000
50493  -30.784  -28.019  62.501 0.0000000000
132166  -28.559  -30.706  65.529 0.0000000000
48720  -27.888  -30.921  62.702 0.0000000000
46976  -28.437  -31.875  66.733 0.0000000000
64926  -49.442  -11.802  46.976 0.0000000000
63027  -44.716  -13.900  45.907 0.0000000000
64022  -46.465  -12.812  44.558 0.0000000000
134623  -47.488  -11.791  43.509 0.0000000000
55871  -39.836  -21.776  54.026 0.0000000000
55030  -35.881  -22.801  53.965 0.0000000000
55879  -36.768  -22.193  52.625 0.0000000000
56760  -37.654  -21.386  51.699 0.0000000000
45148  -3.299  -36.394  63.873 0.0000000000
120329  -4.537  -35.657  61.660 0.0000000000
120110  -3.463  -37.413  61.257 0.0000000000
39814  -3.574  -39.993  58.551 0.0000000000
38838  -4.479  -40.858  60.895 0.0000000000
37797  -8.901  -41.359  71.132 0.0000000000
36752  -7.515  -41.982  71.950 0.0000000000
54061  -36.173  -25.106  60.618 0.0000000000
49629  -34.933  -28.823  59.350 0.0000000000
139081  -34.584  -28.685  56.054 0.0000000000
51380  -35.107  -27.573  58.200 0.0000000000
53193  -33.719  -24.980  57.432 0.0000000000
45083  -25.166  -33.890  69.613 0.0000000000
42426  -24.722  -35.289  62.462 0.0000000000
43284  -23.239  -35.149  64.049 0.0000000000
67637  -49.926  -9.400  41.421 0.0000000000
68491  -51.359  -8.082  40.957 0.0000000000
47810  -4.833  -31.385  71.297 0.0000000000
46026  -6.404  -33.829  69.324 0.0000000000
45072  -5.408  -34.484  70.800 0.0000000000
62069  -44.510  -15.782  51.977 0.0000000000
138399  -39.715  -18.157  50.365 0.0000000000
61216  -41.148  -16.274  50.073 0.0000000000
63009  -41.756  -14.726  48.315 0.0000000000
41490  -12.063  -36.912  74.542 0.0000000000
42365  -12.301  -36.396  73.203 0.0000000000
136173  -3.900  -26.985  65.588 0.0000000000
52236  -3.770  -26.298  64.284 0.0000000000
50472  -5.264  -28.294  63.319 0.0000000000
45229  -3.226  -34.187  57.039 0.0000000000
47003  -4.259  -32.251  57.262 0.0000000000
118241  -2.812  -33.945  55.601 0.0000000000
44120  -6.883  -34.294  77.283 0.0000000000
38739  -3.692  -41.031  72.079 0.0000000000
139414  -4.899  -38.819  72.632 0.0000000000
40560  -2.633  -40.015  71.385 0.0000000000
40571  -1.927  -39.151  69.590 0.0000000000
137121  -0.817  -41.327  69.570 0.0000000000
49612  -33.465  -29.438  61.372 0.0000000000
45094  -26.264  -33.948  69.143 0.0000000000
46029  -27.767  -32.789  68.530 0.0000000000
44211  -27.005  -34.194  64.029 0.0000000000
66716  -52.009  -9.785  44.651 0.0000000000
65856  -48.517  -10.740  42.320 0.0000000000
59483  -42.523  -18.905  52.332 0.0000000000
58579  -39.173  -19.359  50.794 0.0000000000
116351  -17.139  -33.537  62.325 0.0000000000
45142  -15.555  -33.992  64.451 0.0000000000
54036  -3.555  -24.424  61.397 0.0000000000
46980  -7.770  -32.359  64.733 0.0000000000
48718  -7.510  -30.723  62.743 0.0000000000
46057  -6.636  -34.092  61.760 0.0000000000
45185  -4.473  -35.358  59.763 0.0000000000
42482  -2.705  -36.864  57.029 0.0000000000
40540  -9.768  -38.000  75.884 0.0000000000
41473  -7.369  -37.015  75.549 0.0000000000
38722  -7.395  -40.462  73.593 0.0000000000
37785  -5.609  -41.339  72.181 0.0000000000
54127  -37.776  -23.752  56.787 0.0000000000
54999  -33.916  -23.731  56.460 0.0000000000
43250  -21.177  -34.771  67.464 0.0000000000
43263  -24.361  -35.588  67.156 0.0000000000
43271  -21.848  -34.860  65.610 0.0000000000
138287  -19.947  -33.844  63.873 0.0000000000
50430  -4.476  -28.324  67.449 0.0000000000
49528  -4.206  -28.752  69.362 0.0000000000
48684  -5.835  -30.107  67.784 0.0000000000
46973  -7.364  -32.852  67.039 0.0000000000
118562  -4.500  -35.678  66.194 0.0000000000
43267  -2.942  -36.721  65.518 0.0000000000
63985  -46.993  -13.758  49.376 0.0000000000
137156  -43.789  -14.077  47.607 0.0000000000
40543  -11.373  -37.522  75.319 0.0000000000
39668  -10.059  -39.739  72.238 0.0000000000
37813  -8.913  -41.031  69.392 0.0000000000
45119  -14.574  -34.347  66.586 0.0000000000
131124  -13.310  -34.731  68.366 0.0000000000
43230  -12.764  -35.479  70.898 0.0000000000
42374  -10.682  -37.508  69.748 0.0000000000
39690  -9.379  -40.007  67.770 0.0000000000
54870  -3.677  -23.473  64.716 0.0000000000
53141  -3.784  -25.484  62.884 0.0000000000
130267  -4.142  -27.188  59.864 0.0000000000
49616  -6.510  -29.778  60.533 0.0000000000
49631  -4.464  -29.249  58.153 0.0000000000
50535  -3.325  -28.674  57.021 0.0000000000
129642  -4.537  -33.034  74.805 0.0000000000
42352  -5.777  -36.374  74.440 0.0000000000
44137  -5.150  -35.374  73.824 0.0000000000
45061  -4.738  -34.987  72.470 0.0000000000
43228  -4.066  -36.887  70.249 0.0000000000
43246  -2.496  -37.825  67.166 0.0000000000
40620  -2.350  -39.339  65.037 0.0000000000
117942  -1.359  -44.998  68.398 0.0000000000
36810  -1.562  -43.432  66.482 0.0000000000
38830  -3.123  -41.522  62.938 0.0000000000
51302  -30.605  -26.971  67.006 0.0000000000
51294  -30.523  -27.280  68.423 0.0000000000
50460  -29.203  -28.145  65.970 0.0000000000
51319  -30.038  -27.170  65.372 0.0000000000
49574  -28.797  -29.360  66.217 0.0000000000
49584  -28.386  -29.488  64.668 0.0000000000
50427  -29.451  -28.724  68.518 0.0000000000
133859  -28.883  -29.751  67.485 0.0000000000
64921  -48.833  -12.371  47.498 0.0000000000
64003  -46.115  -13.432  46.831 0.0000000000
64015  -45.296  -13.756  44.693 0.0000000000
64017  -46.689  -12.943  45.410 0.0000000000
64929  -47.298  -12.386  44.873 0.0000000000
55860  -39.223  -22.459  54.538 0.0000000000
55853  -40.499  -22.402  55.160 0.0000000000
55014  -40.309  -23.089  56.015 0.0000000000
55867  -36.180  -22.593  53.545 0.0000000000
55033  -37.814  -22.769  54.229 0.0000000000
55869  -38.238  -22.298  53.559 0.0000000000
43294  -2.966  -36.896  64.027 0.0000000000
43306  -3.200  -36.869  63.278 0.0000000000
41548  -3.308  -38.277  62.701 0.0000000000
40658  -3.926  -39.267  61.444 0.0000000000
40646  -3.657  -39.709  62.309 0.0000000000
36770  -8.146  -41.667  69.083 0.0000000000
36764  -7.870  -41.851  69.761 0.0000000000
50522  -35.105  -28.309  59.846 0.0000000000
132315  -35.226  -28.170  58.450 0.0000000000
51374  -35.375  -27.663  59.827 0.0000000000
53181  -34.969  -26.103  59.165 0.0000000000
67621  -51.853  -9.226  42.855 0.0000000000
67652  -50.970  -8.616  41.330 0.0000000000
68492  -52.290  -7.847  41.375 0.0000000000
46944  -4.897  -32.003  71.806 0.0000000000
46947  -5.299  -32.765  71.387 0.0000000000
46939  -4.844  -32.829  72.106 0.0000000000
61192  -43.982  -16.377  52.184 0.0000000000
62058  -45.474  -15.887  52.880 0.0000000000
60371  -41.517  -17.520  51.241 0.0000000000
60370  -40.892  -17.093  50.585 0.0000000000
61213  -42.232  -16.443  51.020 0.0000000000
62079  -42.622  -15.778  50.554 0.0000000000
43212  -13.111  -36.074  74.556 0.0000000000
43215  -13.076  -35.900  73.715 0.0000000000
45111  -19.053  -34.399  67.422 0.0000000000
118737  -17.866  -33.725  66.225 0.0000000000
53159  -3.024  -25.108  59.009 0.0000000000
50452  -4.781  -28.228  65.440 0.0000000000
120211  -4.695  -28.005  64.645 0.0000000000
49575  -5.634  -28.846  64.672 0.0000000000
44314  -2.611  -35.526  56.329 0.0000000000
46099  -2.868  -34.205  56.269 0.0000000000
45256  -2.477  -35.049  55.505 0.0000000000
45019  -7.551  -33.267  77.901 0.0000000000
43185  -8.482  -34.420  77.651 0.0000000000
38743  -2.751  -41.603  72.125 0.0000000000
133234  -3.316  -40.705  72.130 0.0000000000
38742  -2.123  -41.460  72.062 0.0000000000
39672  -1.298  -40.421  70.662 0.0000000000
37800  -1.203  -42.490  70.340 0.0000000000
50480  -32.248  -28.015  63.308 0.0000000000
49602  -32.190  -28.907  61.918 0.0000000000
50496  -33.589  -28.751  62.683 0.0000000000
50497  -34.708  -28.821  62.047 0.0000000000
46981  -27.790  -32.557  65.241 0.0000000000
46042  -27.572  -33.006  65.752 0.0000000000
44222  -27.453  -33.699  63.689 0.0000000000
43313  -26.660  -34.482  62.736 0.0000000000
66715  -51.253  -10.248  44.972 0.0000000000
65834  -48.799  -11.375  44.104 0.0000000000
126995  -48.017  -11.226  42.897 0.0000000000
119618  -49.394  -10.989  43.947 0.0000000000
66727  -50.558  -10.198  43.475 0.0000000000
58561  -41.618  -19.708  52.712 0.0000000000
58549  -43.693  -19.378  53.698 0.0000000000
57623  -43.194  -20.437  53.983 0.0000000000
56756  -39.554  -20.863  52.697 0.0000000000
57640  -37.939  -20.815  51.067 0.0000000000
57634  -40.287  -19.842  52.337 0.0000000000
58571  -40.495  -19.264  51.841 0.0000000000
132535  -3.695  -21.763  62.607 0.0000000000
119464  -3.808  -22.855  61.717 0.0000000000
138984  -3.671  -23.140  62.284 0.0000000000
46041  -7.467  -33.398  65.158 0.0000000000
137280  -7.143  -33.783  63.350 0.0000000000
46050  -5.926  -34.687  62.951 0.0000000000
44252  -4.035  -36.085  60.536 0.0000000000
45171  -4.472  -35.712  60.919 0.0000000000
44267  -3.726  -35.761  59.267 0.0000000000
44283  -3.207  -35.583  58.062 0.0000000000
42468  -2.933  -36.799  57.954 0.0000000000
41597  -3.190  -38.323  57.878 0.0000000000
122089  -9.669  -39.155  74.493 0.0000000000
39643  -8.681  -38.971  74.917 0.0000000000
38724  -8.566  -40.354  73.841 0.0000000000
35725  -6.422  -42.503  71.670 0.0000000000
36744  -6.491  -41.846  72.346 0.0000000000
137288  -5.366  -42.273  71.850 0.0000000000
36750  -4.632  -42.243  71.622 0.0000000000
119048  -37.717  -24.076  58.013 0.0000000000
54117  -35.122  -23.944  58.293 0.0000000000
54125  -33.579  -24.374  56.871 0.0000000000
54987  -35.582  -23.566  57.240 0.0000000000
55001  -35.816  -23.407  56.142 0.0000000000
127864  -22.501  -35.482  69.456 0.0000000000
44179  -21.144  -34.944  69.037 0.0000000000
43251  -21.865  -35.197  67.582 0.0000000000
44193  -26.066  -34.728  67.320 0.0000000000
44192  -25.803  -34.847  67.969 0.0000000000
132628  -25.009  -35.444  66.760 0.0000000000
43309  -21.882  -34.567  63.167 0.0000000000
43283  -22.458  -34.959  64.364 0.0000000000
44220  -21.456  -34.483  63.518 0.0000000000
44210  -20.719  -34.408  64.692 0.0000000000
44228  -20.262  -33.736  62.856 0.0000000000
45165  -19.635  -33.600  62.429 0.0000000000
48663  -4.700  -30.112  69.933 0.0000000000
48675  -5.266  -30.090  69.213 0.0000000000
49541  -5.242  -29.609  68.402 0.0000000000
48676  -5.725  -30.295  68.533 0.0000000000
47841  -7.160  -31.370  67.361 0.0000000000
46964  -6.855  -32.205  68.570 0.0000000000
139759  -5.200  -35.288  68.474 0.0000000000
45106  -5.647  -34.942  67.993 0.0000000000
45115  -4.276  -36.015  67.018 0.0000000000
125248  -3.578  -36.164  66.256 0.0000000000
44185  -3.275  -36.579  66.721 0.0000000000
63003  -46.467  -14.160  49.964 0.0000000000
117712  -48.792  -14.374  51.399 0.0000000000
62984  -48.172  -14.596  51.909 0.0000000000
63000  -43.605  -14.529  49.285 0.0000000000
116520  -43.230  -14.402  48.489 0.0000000000
63001  -44.552  -14.296  49.427 0.0000000000
63992  -44.723  -13.772  47.677 0.0000000000
42354  -12.275  -36.295  76.212 0.0000000000
40563  -10.741  -38.402  72.914 0.0000000000
40559  -10.841  -38.487  73.379 0.0000000000
39670  -9.960  -39.904  71.640 0.0000000000
38751  -9.513  -40.707  70.632 0.0000000000
39673  -9.664  -40.309  70.304 0.0000000000
45141  -14.594  -34.276  64.108 0.0000000000
45132  -15.545  -34.036  65.421 0.0000000000
44208  -13.930  -34.721  64.624 0.0000000000
43258  -12.037  -36.067  66.234 0.0000000000
44187  -13.173  -35.070  66.840 0.0000000000
43240  -11.821  -35.893  67.846 0.0000000000
44152  -13.342  -34.916  70.303 0.0000000000
43234  -11.715  -35.971  68.961 0.0000000000
42371  -11.176  -36.744  70.218 0.0000000000
42380  -10.869  -37.474  68.006 0.0000000000
40596  -9.805  -39.191  66.330 0.0000000000
54002  -3.684  -24.152  65.390 0.0000000000
131410  -4.503  -27.375  62.850 0.0000000000
52241  -3.911  -26.285  63.377 0.0000000000
51350  -4.290  -26.880  61.763 0.0000000000
52252  -3.861  -26.183  61.061 0.0000000000
51359  -4.530  -27.505  60.348 0.0000000000
46986  -7.805  -32.137  61.142 0.0000000000
48721  -7.141  -30.256  61.253 0.0000000000
47864  -6.953  -31.550  59.549 0.0000000000
125472  -4.107  -31.390  57.080 0.0000000000
48740  -4.617  -30.169  57.905 0.0000000000
48750  -4.135  -29.752  57.467 0.0000000000
49630  -3.993  -29.006  57.686 0.0000000000
48756  -3.582  -29.987  56.523 0.0000000000
120868  -3.318  -29.804  56.079 0.0000000000
45035  -4.904  -33.272  75.852 0.0000000000
41480  -6.330  -37.928  74.428 0.0000000000
41471  -6.309  -36.939  74.889 0.0000000000
41485  -5.843  -38.427  73.531 0.0000000000
41492  -4.604  -38.328  72.107 0.0000000000
137351  -5.422  -36.855  73.272 0.0000000000
42360  -4.871  -37.432  72.202 0.0000000000
127294  -4.918  -35.001  73.488 0.0000000000
43218  -4.649  -36.527  71.854 0.0000000000
126992  -4.533  -36.134  70.944 0.0000000000
43222  -3.789  -37.579  70.409 0.0000000000
40574  -1.455  -39.772  68.569 0.0000000000
41505  -2.208  -38.487  68.440 0.0000000000
40582  -2.000  -39.157  67.284 0.0000000000
41513  -2.240  -38.599  66.575 0.0000000000
39704  -1.967  -40.239  66.320 0.0000000000
119480  -0.829  -45.329  67.275 0.0000000000
36788  -1.396  -43.625  67.821 0.0000000000
51310  -32.592  -26.746  65.466 0.0000000000
50491  -28.616  -28.295  62.417 0.0000000000
50508  -29.382  -28.220  61.615 0.0000000000
51347  -30.034  -27.613  63.294 0.0000000000
51320  -30.873  -27.050  64.562 0.0000000000
46983  -27.876  -32.417  63.789 0.0000000000
47857  -28.298  -30.941  64.268 0.0000000000
49593  -28.081  -29.352  63.755 0.0000000000
124176  -28.534  -31.405  66.575 0.0000000000
65816  -49.987  -11.213  46.515 0.0000000000
63044  -44.897  -14.051  43.053 0.0000000000
64031  -45.576  -12.898  42.318 0.0000000000
64942  -46.302  -12.336  42.608 0.0000000000
64934  -46.999  -12.261  44.057 0.0000000000
64935  -47.952  -11.809  44.305 0.0000000000
56741  -40.653  -21.115  53.584 0.0000000000
56750  -42.022  -20.820  53.814 0.0000000000
56742  -41.414  -21.239  54.095 0.0000000000
135775  -42.952  -22.410  56.249 0.0000000000
55029  -34.241  -22.886  54.002 0.0000000000
55865  -34.826  -22.532  53.289 0.0000000000
55878  -35.243  -22.268  52.689 0.0000000000
55897  -35.244  -21.720  51.579 0.0000000000
119910  -36.689  -21.421  50.861 0.0000000000
115813  -37.148  -21.839  52.150 0.0000000000
55882  -38.748  -21.527  52.968 0.0000000000
46044  -4.820  -35.369  63.918 0.0000000000
46049  -5.188  -35.202  63.070 0.0000000000
128196  -3.843  -36.167  63.016 0.0000000000
44239  -3.939  -36.305  61.634 0.0000000000
42445  -3.567  -36.879  60.474 0.0000000000
41581  -3.499  -38.015  59.005 0.0000000000
135435  -3.663  -38.595  59.626 0.0000000000
39815  -3.977  -40.445  59.416 0.0000000000
37795  -9.227  -41.079  72.110 0.0000000000
37788  -8.698  -40.929  72.694 0.0000000000
119876  -8.113  -41.680  71.690 0.0000000000
54083  -36.514  -24.523  59.972 0.0000000000
48748  -33.715  -29.576  58.800 0.0000000000
119575  -33.762  -29.551  57.065 0.0000000000
49644  -35.051  -28.869  57.669 0.0000000000
51382  -34.805  -28.105  56.744 0.0000000000
51379  -34.729  -27.401  57.210 0.0000000000
52277  -34.681  -26.533  58.140 0.0000000000
53167  -34.978  -25.195  59.263 0.0000000000
43237  -23.550  -35.526  69.239 0.0000000000
132223  -25.457  -35.206  63.950 0.0000000000
42404  -24.783  -35.397  64.917 0.0000000000
122670  -23.926  -35.196  62.742 0.0000000000
43322  -22.574  -34.591  61.878 0.0000000000
67663  -49.131  -9.252  40.023 0.0000000000
68499  -50.107  -8.182  39.846 0.0000000000
69349  -50.437  -7.640  39.508 0.0000000000
69355  -50.859  -7.053  39.182 0.0000000000
47818  -5.423  -31.584  70.540 0.0000000000
46963  -6.454  -32.172  69.333 0.0000000000
46948  -5.724  -32.566  70.725 0.0000000000
45086  -5.846  -34.406  69.938 0.0000000000
136437  -4.759  -35.519  69.496 0.0000000000
138883  -44.900  -14.970  50.950 0.0000000000
136839  -46.066  -15.497  52.699 0.0000000000
60378  -39.041  -17.108  48.612 0.0000000000
62092  -39.971  -15.540  48.444 0.0000000000
62096  -40.525  -14.879  48.006 0.0000000000
132078  -41.201  -15.620  49.469 0.0000000000
62089  -43.111  -15.115  50.015 0.0000000000
41482  -12.587  -36.370  75.863 0.0000000000
42359  -12.829  -36.288  74.951 0.0000000000
41493  -11.586  -37.204  73.368 0.0000000000
41500  -10.957  -37.474  71.829 0.0000000000
42401  -11.826  -37.028  64.243 0.0000000000
41514  -10.689  -38.034  66.172 0.0000000000
52215  -3.760  -26.240  65.960 0.0000000000
128532  -3.668  -25.711  65.369 0.0000000000
51314  -3.844  -26.996  64.732 0.0000000000
50461  -4.754  -27.872  63.778 0.0000000000
50485  -5.359  -28.223  62.400 0.0000000000
121669  -4.462  -33.962  57.942 0.0000000000
46996  -5.775  -32.535  58.357 0.0000000000
46101  -4.052  -33.236  57.238 0.0000000000
47002  -3.644  -32.668  56.646 0.0000000000
138221  -3.377  -32.225  55.958 0.0000000000
46909  -7.086  -32.220  78.285 0.0000000000
45017  -6.573  -32.843  77.720 0.0000000000
45032  -5.979  -33.864  76.765 0.0000000000
39661  -4.891  -40.170  72.426 0.0000000000
40551  -5.542  -39.044  73.060 0.0000000000
39659  -3.972  -39.970  72.214 0.0000000000
40557  -3.897  -39.794  71.961 0.0000000000
41495  -3.529  -38.796  71.064 0.0000000000
42366  -3.154  -38.463  70.161 0.0000000000
40564  -2.335  -39.475  70.759 0.0000000000
39675  -1.068  -40.203  69.216 0.0000000000
39679  -1.221  -40.498  68.464 0.0000000000
48736  -32.214  -29.784  59.135 0.0000000000
49618  -31.147  -28.980  60.879 0.0000000000
49619  -32.029  -29.546  60.526 0.0000000000
48730  -33.203  -29.658  59.933 0.0000000000
49622  -34.339  -29.296  60.533 0.0000000000
49614  -34.797  -28.891  61.135 0.0000000000
123896  -27.187  -33.678  67.219 0.0000000000
46972  -28.115  -32.195  68.103 0.0000000000
45126  -27.424  -33.379  66.582 0.0000000000
139252  -26.527  -34.543  64.843 0.0000000000
43312  -26.269  -34.715  63.082 0.0000000000
65859  -46.861  -11.233  40.834 0.0000000000
118779  -49.357  -9.855  41.465 0.0000000000
134726  -50.512  -9.955  42.746 0.0000000000
133000  -42.509  -18.218  52.158 0.0000000000
59485  -43.907  -18.083  53.354 0.0000000000
137705  -43.559  -18.774  53.307 0.0000000000
56776  -36.859  -20.982  50.121 0.0000000000
59494  -39.502  -18.652  50.491 0.0000000000
59491  -41.511  -18.388  51.684 0.0000000000
45153  -17.708  -33.657  63.814 0.0000000000
45144  -17.278  -33.724  64.628 0.0000000000
45152  -16.074  -33.799  63.591 0.0000000000
129750  -15.299  -33.944  62.936 0.0000000000
54048  -3.499  -24.366  60.393 0.0000000000
53160  -3.207  -25.108  59.844 0.0000000000
48702  -7.270  -30.694  65.269 0.0000000000
48710  -6.882  -29.899  63.951 0.0000000000
47856  -7.722  -31.515  64.090 0.0000000000
46984  -7.822  -32.504  62.062 0.0000000000
46062  -6.529  -34.230  60.955 0.0000000000
46060  -5.242  -35.161  61.725 0.0000000000
46067  -5.528  -34.904  60.855 0.0000000000
117841  -5.509  -34.606  59.775 0.0000000000
45215  -3.964  -34.490  58.079 0.0000000000
131177  -8.542  -35.334  77.195 0.0000000000
131466  -8.411  -37.104  75.854 0.0000000000
40546  -7.350  -38.966  74.594 0.0000000000
39647  -6.597  -39.671  73.592 0.0000000000
37787  -7.569  -41.098  72.837 0.0000000000
37779  -6.528  -40.815  72.618 0.0000000000
38726  -5.464  -40.227  72.513 0.0000000000
37783  -4.261  -41.091  72.020 0.0000000000
36748  -3.562  -41.985  71.676 0.0000000000
36755  -3.090  -42.454  71.413 0.0000000000
55012  -37.953  -23.408  55.554 0.0000000000
55004  -39.613  -23.615  56.487 0.0000000000
54129  -39.172  -23.883  56.880 0.0000000000
48773  -33.451  -29.391  55.379 0.0000000000
55018  -33.258  -23.611  54.669 0.0000000000
55011  -36.776  -23.372  55.560 0.0000000000
45112  -19.979  -34.558  67.738 0.0000000000
45136  -19.569  -34.085  65.824 0.0000000000
45084  -26.029  -33.640  69.711 0.0000000000
44181  -24.869  -35.112  68.705 0.0000000000
130198  -23.674  -35.617  67.781 0.0000000000
42392  -23.790  -35.498  65.784 0.0000000000
42385  -23.523  -35.562  66.698 0.0000000000
118455  -22.616  -35.465  67.575 0.0000000000
43270  -21.314  -34.687  66.048 0.0000000000
44205  -20.166  -34.235  65.221 0.0000000000
45146  -19.495  -33.747  64.916 0.0000000000
45154  -18.708  -33.600  63.610 0.0000000000
70185  -51.373  -6.319  38.794 0.0000000000
71006  -52.923  -5.332  38.352 0.0000000000
71013  -53.737  -4.843  37.753 0.0000000000
50441  -4.218  -27.577  66.126 0.0000000000
49565  -4.907  -28.468  66.235 0.0000000000
136451  -4.434  -28.532  68.292 0.0000000000
49558  -4.910  -28.703  67.090 0.0000000000
49560  -6.039  -29.498  66.134 0.0000000000
48695  -7.208  -30.764  66.133 0.0000000000
46974  -7.670  -32.282  66.385 0.0000000000
129535  -7.008  -34.085  65.702 0.0000000000
46031  -6.966  -33.312  67.890 0.0000000000
45117  -6.039  -34.826  66.488 0.0000000000
45129  -5.001  -35.435  65.336 0.0000000000
45127  -3.506  -35.992  64.767 0.0000000000
138319  -2.953  -36.561  64.757 0.0000000000
43293  -2.757  -37.234  64.482 0.0000000000
63995  -47.566  -13.392  48.700 0.0000000000
63022  -40.731  -14.649  47.211 0.0000000000
63030  -42.007  -14.573  45.874 0.0000000000
63031  -42.893  -14.523  45.571 0.0000000000
63026  -44.252  -14.038  46.308 0.0000000000
135159  -46.063  -13.497  47.626 0.0000000000
40541  -10.396  -37.923  75.807 0.0000000000
39657  -10.004  -39.527  73.534 0.0000000000
40553  -11.309  -38.081  74.158 0.0000000000
39663  -10.658  -38.868  73.666 0.0000000000
38741  -9.540  -39.924  72.574 0.0000000000
37805  -9.163  -41.089  70.102 0.0000000000
45121  -16.275  -33.885  65.896 0.0000000000
45108  -15.449  -34.162  67.321 0.0000000000
45097  -14.932  -34.333  68.166 0.0000000000
44195  -13.346  -35.132  65.958 0.0000000000
44177  -14.061  -34.491  67.943 0.0000000000
44164  -14.240  -34.462  68.954 0.0000000000
44153  -14.216  -34.556  70.615 0.0000000000
44147  -13.661  -34.895  71.228 0.0000000000
43226  -13.734  -35.214  72.631 0.0000000000
43224  -12.183  -36.077  71.488 0.0000000000
123777  -11.353  -36.709  71.150 0.0000000000
41502  -10.344  -38.363  70.180 0.0000000000
140199  -10.608  -37.985  67.693 0.0000000000
40576  -10.150  -38.888  68.756 0.0000000000
40572  -9.817  -39.590  69.209 0.0000000000
38769  -9.016  -40.549  68.283 0.0000000000
120760  -3.601  -22.608  64.018 0.0000000000
136987  -3.656  -24.930  64.668 0.0000000000
137346  -3.643  -24.190  64.071 0.0000000000
54902  -3.733  -23.219  62.981 0.0000000000
54025  -3.630  -24.590  62.378 0.0000000000
53152  -3.440  -25.809  60.167 0.0000000000
52265  -3.268  -26.708  58.823 0.0000000000
48714  -7.095  -29.829  63.078 0.0000000000
49605  -5.966  -28.705  61.938 0.0000000000
129522  -5.880  -28.815  60.799 0.0000000000
48732  -6.128  -31.078  58.908 0.0000000000
49615  -5.716  -29.396  59.687 0.0000000000
50512  -4.908  -28.005  60.018 0.0000000000
51368  -4.272  -27.744  59.216 0.0000000000
119586  -3.717  -27.893  58.096 0.0000000000
51377  -3.061  -27.301  57.590 0.0000000000
50542  -3.145  -28.568  56.619 0.0000000000
43191  -7.065  -34.911  76.995 0.0000000000
43198  -6.128  -35.021  76.022 0.0000000000
43197  -5.807  -34.814  75.737 0.0000000000
42356  -5.655  -37.213  73.752 0.0000000000
43208  -5.511  -35.977  74.196 0.0000000000
45039  -5.345  -34.447  75.047 0.0000000000
45043  -4.909  -34.511  74.114 0.0000000000
45047  -4.635  -34.049  73.942 0.0000000000
45054  -4.729  -34.001  72.624 0.0000000000
45062  -4.838  -34.497  72.105 0.0000000000
44151  -4.817  -35.369  70.715 0.0000000000
44160  -3.916  -36.685  68.809 0.0000000000
42369  -3.378  -37.984  69.876 0.0000000000
43231  -3.005  -37.630  68.588 0.0000000000
44173  -3.451  -36.805  68.110 0.0000000000
43256  -2.636  -37.465  66.403 0.0000000000
125983  -2.346  -38.152  65.372 0.0000000000
40630  -2.644  -39.110  64.347 0.0000000000
35734  -2.098  -43.559  69.647 0.0000000000
130880  -1.535  -44.866  68.767 0.0000000000
135861  -1.469  -43.415  69.223 0.0000000000
37803  -1.211  -42.636  68.781 0.0000000000
37811  -1.343  -42.815  67.997 0.0000000000
38784  -1.540  -41.715  67.004 0.0000000000
36811  -1.905  -43.289  65.765 0.0000000000
38802  -2.002  -41.851  65.757 0.0000000000
116232  -2.254  -41.247  65.309 0.0000000000
39756  -2.628  -40.630  64.291 0.0000000000
39771  -3.249  -40.036  63.119 0.0000000000
39772  -3.607  -40.771  62.426 0.0000000000
37897  -4.276  -42.201  60.726 0.0000000000
134523  -29.968  -27.789  67.344 0.0000000000
121936  -30.455  -27.317  67.730 0.0000000000
50440  -30.080  -28.046  68.121 0.0000000000
51307  -29.964  -27.442  66.462 0.0000000000
138715  -29.052  -28.729  66.529 0.0000000000
50439  -29.319  -28.763  67.660 0.0000000000
64912  -50.079  -12.251  48.982 0.0000000000
64911  -49.195  -12.579  48.547 0.0000000000
64004  -47.048  -13.323  47.549 0.0000000000
64011  -46.919  -13.157  46.397 0.0000000000
64920  -47.867  -12.817  46.942 0.0000000000
55859  -38.478  -22.651  54.406 0.0000000000
55852  -39.574  -22.811  55.235 0.0000000000
55023  -38.727  -23.038  55.179 0.0000000000
55021  -37.585  -23.080  54.797 0.0000000000
55032  -37.173  -22.827  54.028 0.0000000000
42414  -2.989  -37.221  63.699 0.0000000000
41547  -3.104  -37.704  63.266 0.0000000000
40645  -3.322  -39.132  63.004 0.0000000000
36769  -7.799  -41.931  69.131 0.0000000000
46943  -4.557  -31.957  72.456 0.0000000000
60360  -43.440  -17.038  52.306 0.0000000000
129641  -44.276  -16.775  52.756 0.0000000000
60367  -42.444  -17.540  51.907 0.0000000000
60372  -42.045  -17.170  51.419 0.0000000000
61206  -42.543  -16.838  51.607 0.0000000000
61207  -43.186  -16.593  51.827 0.0000000000
44138  -14.514  -35.273  74.377 0.0000000000
43216  -13.833  -35.553  74.101 0.0000000000
43221  -13.783  -35.362  73.305 0.0000000000
45123  -18.868  -34.026  66.495 0.0000000000
118738  -18.106  -34.175  67.189 0.0000000000
53169  -2.966  -25.157  58.285 0.0000000000
49566  -5.438  -28.813  65.613 0.0000000000
50453  -5.145  -28.428  64.917 0.0000000000
45242  -2.541  -34.956  56.031 0.0000000000
132457  -2.197  -42.263  71.829 0.0000000000
133145  -1.694  -41.892  71.592 0.0000000000
38750  -1.220  -41.851  70.919 0.0000000000
51337  -32.648  -27.712  64.073 0.0000000000
50481  -33.182  -28.317  63.410 0.0000000000
50469  -33.573  -27.857  64.060 0.0000000000
50482  -34.117  -28.393  63.365 0.0000000000
46053  -27.836  -33.120  63.689 0.0000000000
46047  -27.668  -33.046  64.613 0.0000000000
45156  -27.798  -33.280  63.316 0.0000000000
65836  -50.528  -10.620  45.209 0.0000000000
65835  -49.669  -11.041  44.745 0.0000000000
65843  -50.284  -10.565  44.272 0.0000000000
58548  -42.467  -19.943  53.280 0.0000000000
57629  -41.698  -20.247  53.233 0.0000000000
57627  -40.152  -20.367  52.622 0.0000000000
57633  -39.342  -20.341  52.139 0.0000000000
57635  -41.118  -19.530  52.324 0.0000000000
56607  -3.414  -20.814  63.679 0.0000000000
120497  -3.749  -22.377  62.306 0.0000000000
120637  -3.713  -22.497  63.143 0.0000000000
46040  -6.789  -34.290  64.712 0.0000000000
135571  -6.560  -34.286  63.687 0.0000000000
46045  -5.649  -34.933  63.854 0.0000000000
43343  -3.714  -36.279  59.946 0.0000000000
126997  -3.441  -36.598  59.444 0.0000000000
43355  -3.259  -36.221  58.694 0.0000000000
130237  -2.884  -37.479  57.487 0.0000000000
124868  -3.141  -37.411  58.374 0.0000000000
38732  -9.368  -39.947  73.395 0.0000000000
38725  -9.377  -40.001  74.016 0.0000000000
38731  -8.935  -40.298  73.307 0.0000000000
35720  -5.723  -42.552  71.732 0.0000000000
135221  -36.538  -23.787  57.912 0.0000000000
48746  -32.187  -29.719  58.283 0.0000000000
43236  -23.010  -35.590  69.140 0.0000000000
44191  -22.287  -35.451  68.873 0.0000000000
43252  -22.431  -35.471  68.273 0.0000000000
44199  -26.248  -34.642  66.545 0.0000000000
43265  -25.582  -35.105  66.784 0.0000000000
43274  -25.352  -35.234  66.067 0.0000000000
44230  -21.435  -34.370  62.945 0.0000000000
44219  -21.071  -34.356  63.479 0.0000000000
44229  -20.872  -34.029  62.711 0.0000000000
44243  -20.289  -33.705  62.111 0.0000000000
47825  -5.336  -30.750  69.930 0.0000000000
131293  -6.291  -31.215  68.858 0.0000000000
45105  -4.826  -35.667  67.788 0.0000000000
45104  -4.128  -36.261  67.692 0.0000000000
44186  -3.692  -36.386  67.064 0.0000000000
126473  -3.567  -36.569  67.523 0.0000000000
133334  -46.803  -14.522  50.968 0.0000000000
116163  -45.116  -14.527  50.348 0.0000000000
63002  -45.525  -14.194  49.643 0.0000000000
41496  -10.542  -38.474  72.113 0.0000000000
40562  -10.343  -39.222  72.220 0.0000000000
40566  -10.155  -39.280  71.444 0.0000000000
39674  -9.797  -39.934  70.846 0.0000000000
39677  -9.882  -39.781  70.034 0.0000000000
44217  -13.924  -34.820  63.666 0.0000000000
42384  -11.504  -36.752  66.408 0.0000000000
43248  -11.725  -36.205  66.953 0.0000000000
42378  -11.301  -36.778  68.393 0.0000000000
53993  -3.914  -23.938  66.152 0.0000000000
51342  -4.586  -27.350  62.259 0.0000000000
51341  -4.223  -26.965  62.851 0.0000000000
51351  -4.603  -27.388  61.330 0.0000000000
46991  -7.005  -32.714  59.475 0.0000000000
46992  -7.412  -32.160  59.861 0.0000000000
47873  -3.861  -31.083  56.762 0.0000000000
47874  -4.198  -30.597  57.219 0.0000000000
48749  -3.843  -30.135  56.880 0.0000000000
48755  -3.430  -30.590  56.090 0.0000000000
45983  -5.100  -32.795  76.951 0.0000000000
40544  -6.189  -38.743  73.778 0.0000000000
42362  -4.230  -38.150  71.581 0.0000000000
42363  -4.537  -37.348  71.621 0.0000000000
43214  -4.974  -36.561  72.382 0.0000000000
43217  -4.232  -37.440  71.064 0.0000000000
138145  -3.699  -37.928  70.696 0.0000000000
40581  -1.594  -39.996  67.745 0.0000000000
41507  -1.779  -39.321  68.051 0.0000000000
40594  -1.836  -39.848  66.976 0.0000000000
40595  -2.087  -39.327  66.454 0.0000000000
33920  -0.014  -46.850  66.837 0.0000000000
34852  -0.103  -46.317  67.112 0.0000000000
135970  -0.182  -46.266  66.609 0.0000000000
126459  -29.142  -27.952  63.081 0.0000000000
50478  -29.124  -27.858  63.881 0.0000000000
131285  -31.088  -26.805  65.319 0.0000000000
51321  -31.983  -26.985  64.799 0.0000000000
119675  -28.212  -31.692  65.187 0.0000000000
47860  -28.051  -31.723  64.286 0.0000000000
48713  -28.422  -30.422  64.896 0.0000000000
50467  -28.584  -28.559  64.308 0.0000000000
49601  -27.887  -28.893  62.842 0.0000000000
48700  -28.722  -30.252  66.892 0.0000000000
47853  -28.676  -30.987  67.049 0.0000000000
47855  -28.473  -31.237  65.901 0.0000000000
64931  -49.138  -11.656  45.936 0.0000000000
65805  -50.273  -11.333  47.506 0.0000000000
63033  -44.199  -14.172  45.613 0.0000000000
132250  -44.200  -14.295  44.838 0.0000000000
63034  -44.716  -13.963  45.151 0.0000000000
64021  -45.833  -13.353  44.270 0.0000000000
63040  -45.287  -13.846  43.857 0.0000000000
64025  -45.386  -13.486  42.964 0.0000000000
128012  -45.761  -13.295  43.636 0.0000000000
64026  -45.994  -12.857  43.140 0.0000000000
64027  -46.290  -12.810  43.838 0.0000000000
64925  -48.523  -12.219  46.404 0.0000000000
64930  -48.239  -12.050  45.340 0.0000000000
65826  -48.935  -11.578  44.935 0.0000000000
55861  -40.610  -21.748  54.378 0.0000000000
55854  -41.376  -22.563  55.814 0.0000000000
127456  -42.285  -22.168  55.619 0.0000000000
55843  -42.357  -22.737  56.460 0.0000000000
124628  -35.113  -22.882  54.183 0.0000000000
127635  -35.267  -22.698  53.728 0.0000000000
120103  -36.117  -22.333  52.814 0.0000000000
55889  -35.646  -21.975  52.085 0.0000000000
55890  -36.465  -21.945  52.088 0.0000000000
55870  -39.019  -22.015  53.770 0.0000000000
56748  -39.713  -21.313  53.299 0.0000000000
45139  -4.062  -35.705  64.046 0.0000000000
45149  -3.977  -35.903  63.375 0.0000000000
128273  -3.472  -36.914  61.768 0.0000000000
43318  -3.554  -36.683  62.325 0.0000000000
43330  -3.820  -36.491  61.156 0.0000000000
41569  -3.552  -37.840  60.249 0.0000000000
39799  -4.205  -39.937  60.526 0.0000000000
38850  -3.931  -41.398  59.512 0.0000000000
38845  -4.291  -41.524  60.363 0.0000000000
37794  -8.844  -41.364  71.745 0.0000000000
36758  -8.357  -41.629  71.231 0.0000000000
54082  -35.611  -24.817  59.774 0.0000000000
49637  -34.526  -29.260  59.038 0.0000000000
49643  -34.550  -29.270  58.244 0.0000000000
49638  -35.030  -28.843  58.526 0.0000000000
125111  -35.138  -28.152  57.617 0.0000000000
52293  -34.197  -26.361  57.180 0.0000000000
53168  -35.499  -25.785  60.102 0.0000000000
44171  -24.046  -35.230  69.664 0.0000000000
45092  -24.515  -34.542  69.656 0.0000000000
126517  -25.181  -35.276  63.293 0.0000000000
126579  -24.535  -35.321  63.224 0.0000000000
67650  -49.542  -9.297  40.822 0.0000000000
68490  -50.526  -8.363  40.578 0.0000000000
68505  -49.727  -7.994  39.244 0.0000000000
69350  -51.253  -7.281  39.885 0.0000000000
69340  -51.739  -7.532  40.633 0.0000000000
46012  -5.793  -33.599  70.815 0.0000000000
45085  -5.039  -35.078  69.994 0.0000000000
62082  -45.162  -15.332  51.623 0.0000000000
62070  -45.979  -15.242  52.008 0.0000000000
62057  -45.348  -15.637  52.356 0.0000000000
59499  -39.245  -18.165  49.817 0.0000000000
60375  -40.281  -16.773  49.801 0.0000000000
61220  -39.701  -16.485  49.014 0.0000000000
61215  -40.479  -15.940  49.316 0.0000000000
62068  -43.644  -15.959  51.570 0.0000000000
62080  -43.398  -15.545  50.802 0.0000000000
62081  -44.271  -15.401  51.215 0.0000000000
62990  -44.107  -14.844  50.311 0.0000000000
43209  -13.416  -35.993  75.370 0.0000000000
42361  -12.376  -36.575  73.925 0.0000000000
41497  -11.025  -37.710  72.740 0.0000000000
42364  -11.558  -36.910  72.634 0.0000000000
42400  -11.270  -37.463  64.683 0.0000000000
41529  -10.835  -38.028  64.338 0.0000000000
50462  -5.202  -28.358  64.188 0.0000000000
51315  -4.306  -27.463  64.289 0.0000000000
50471  -4.809  -27.754  62.845 0.0000000000
46087  -3.749  -34.004  57.425 0.0000000000
46117  -3.332  -33.476  56.557 0.0000000000
46116  -3.100  -33.516  56.081 0.0000000000
125063  -3.431  -32.810  56.261 0.0000000000
46136  -2.862  -33.679  54.868 0.0000000000
44112  -7.266  -33.819  77.625 0.0000000000
45970  -6.950  -32.836  77.869 0.0000000000
45018  -6.894  -33.305  77.677 0.0000000000
45025  -6.240  -33.347  77.304 0.0000000000
44119  -6.376  -34.079  77.025 0.0000000000
38734  -4.247  -40.607  72.172 0.0000000000
39660  -4.416  -40.134  72.344 0.0000000000
38733  -3.752  -40.568  72.244 0.0000000000
39667  -3.124  -40.372  71.989 0.0000000000
40561  -3.399  -39.667  71.424 0.0000000000
40565  -2.978  -39.463  70.919 0.0000000000
39669  -1.897  -40.165  71.212 0.0000000000
39671  -0.894  -40.788  69.911 0.0000000000
119440  -0.941  -40.966  69.103 0.0000000000
38758  -1.152  -41.258  68.372 0.0000000000
49636  -31.498  -29.870  58.879 0.0000000000
137153  -31.029  -29.789  59.396 0.0000000000
50509  -30.598  -28.389  61.692 0.0000000000
50510  -31.391  -28.529  62.036 0.0000000000
49611  -32.656  -29.355  61.311 0.0000000000
130836  -31.947  -29.136  61.244 0.0000000000
49620  -32.958  -29.589  60.604 0.0000000000
48729  -32.532  -29.717  59.833 0.0000000000
48731  -33.821  -29.553  59.956 0.0000000000
49621  -33.690  -29.542  60.630 0.0000000000
47863  -27.795  -31.622  61.998 0.0000000000
46032  -27.531  -33.260  68.107 0.0000000000
45113  -26.967  -33.892  67.826 0.0000000000
138719  -27.306  -33.568  67.792 0.0000000000
136237  -28.388  -31.549  68.081 0.0000000000
46975  -28.194  -32.377  67.177 0.0000000000
44212  -27.288  -33.787  64.684 0.0000000000
45137  -27.312  -33.539  65.661 0.0000000000
44207  -26.987  -34.055  65.536 0.0000000000
119484  -26.825  -34.291  64.807 0.0000000000
43301  -26.261  -34.792  63.919 0.0000000000
43302  -26.641  -34.492  63.536 0.0000000000
42437  -25.883  -35.159  61.645 0.0000000000
126706  -51.429  -9.834  43.883 0.0000000000
64951  -46.634  -11.819  42.113 0.0000000000
64943  -47.107  -11.812  42.842 0.0000000000
65855  -47.902  -10.996  42.024 0.0000000000
66749  -48.550  -10.410  41.523 0.0000000000
66750  -49.210  -10.360  42.156 0.0000000000
66740  -51.241  -9.685  43.188 0.0000000000
59484  -43.097  -18.380  52.683 0.0000000000
57624  -43.854  -20.027  54.178 0.0000000000
58550  -44.396  -19.480  54.285 0.0000000000
56732  -43.245  -21.362  54.891 0.0000000000
56751  -42.819  -20.936  54.192 0.0000000000
55899  -36.920  -21.590  51.502 0.0000000000
56767  -37.299  -21.211  50.910 0.0000000000
57641  -38.700  -20.157  51.189 0.0000000000
58578  -38.479  -19.755  50.288 0.0000000000
58572  -41.854  -19.138  52.170 0.0000000000
130666  -41.203  -19.022  51.893 0.0000000000
59492  -42.162  -18.560  52.017 0.0000000000
116353  -16.885  -33.736  63.911 0.0000000000
116352  -16.979  -33.605  63.205 0.0000000000
45161  -15.456  -33.903  62.099 0.0000000000
55765  -3.979  -22.146  61.858 0.0000000000
54930  -3.809  -23.534  61.013 0.0000000000
126148  -7.618  -31.378  64.840 0.0000000000
48711  -7.305  -30.663  64.427 0.0000000000
46051  -6.782  -34.052  62.695 0.0000000000
46052  -7.553  -33.183  62.957 0.0000000000
46058  -7.339  -33.432  61.996 0.0000000000
46063  -7.210  -33.591  61.123 0.0000000000
46055  -4.679  -35.533  62.762 0.0000000000
139126  -5.093  -35.259  62.364 0.0000000000
45159  -4.910  -35.384  62.135 0.0000000000
45172  -4.896  -35.370  60.993 0.0000000000
45186  -5.006  -35.020  59.830 0.0000000000
45199  -4.488  -34.774  58.785 0.0000000000
45198  -3.974  -35.019  58.615 0.0000000000
117233  -2.907  -36.170  57.547 0.0000000000
40688  -3.512  -38.960  58.702 0.0000000000
40709  -3.352  -39.422  57.770 0.0000000000
41467  -9.184  -35.849  76.806 0.0000000000
41474  -9.483  -36.894  76.253 0.0000000000
39649  -8.031  -39.570  74.560 0.0000000000
40547  -8.142  -38.531  75.216 0.0000000000
39648  -7.204  -39.951  73.989 0.0000000000
127335  -6.747  -39.227  74.117 0.0000000000
38721  -6.890  -40.203  73.390 0.0000000000
122132  -8.003  -41.149  72.724 0.0000000000
135977  -7.547  -41.566  72.495 0.0000000000
37786  -6.263  -41.373  72.366 0.0000000000
36740  -6.902  -41.209  72.664 0.0000000000
132584  -6.045  -40.923  72.352 0.0000000000
38727  -6.123  -40.374  72.622 0.0000000000
37778  -5.512  -40.780  72.278 0.0000000000
37784  -4.922  -41.199  72.028 0.0000000000
36749  -3.846  -42.307  71.385 0.0000000000
36741  -4.315  -41.689  71.779 0.0000000000
36756  -3.578  -42.531  71.304 0.0000000000
55002  -38.202  -23.649  56.036 0.0000000000
54128  -38.485  -23.818  56.643 0.0000000000
48762  -34.443  -29.299  56.624 0.0000000000
125713  -33.765  -29.438  56.133 0.0000000000
48763  -34.525  -29.054  56.020 0.0000000000
138446  -33.404  -24.141  56.285 0.0000000000
55008  -33.461  -23.778  55.636 0.0000000000
54988  -36.791  -23.574  56.532 0.0000000000
133828  -37.674  -23.542  55.871 0.0000000000
120873  -37.346  -23.261  55.154 0.0000000000
125020  -20.815  -34.756  68.106 0.0000000000
44189  -20.500  -34.552  67.114 0.0000000000
45124  -19.724  -34.377  66.760 0.0000000000
43264  -24.944  -35.447  67.381 0.0000000000
44182  -25.494  -34.881  68.428 0.0000000000
43254  -24.243  -35.569  67.921 0.0000000000
43244  -24.191  -35.507  68.572 0.0000000000
42403  -24.071  -35.413  64.724 0.0000000000
42393  -24.466  -35.479  65.641 0.0000000000
43272  -22.460  -35.129  65.248 0.0000000000
42391  -23.078  -35.378  65.949 0.0000000000
118929  -22.447  -35.185  66.067 0.0000000000
43261  -22.855  -35.452  66.790 0.0000000000
43260  -22.025  -35.104  66.681 0.0000000000
44209  -20.153  -34.075  64.327 0.0000000000
119961  -19.438  -33.726  64.129 0.0000000000
122544  -18.947  -33.550  62.003 0.0000000000
70180  -51.736  -6.638  39.535 0.0000000000
71007  -53.851  -4.927  38.787 0.0000000000
51289  -4.110  -27.118  67.326 0.0000000000
50429  -4.240  -27.684  66.951 0.0000000000
50442  -4.477  -28.145  66.629 0.0000000000
50410  -4.107  -28.135  68.719 0.0000000000
137542  -5.530  -29.842  68.059 0.0000000000
49552  -4.844  -28.951  67.970 0.0000000000
49553  -5.380  -29.419  67.571 0.0000000000
49559  -5.425  -29.083  66.625 0.0000000000
48693  -5.959  -29.782  67.037 0.0000000000
48694  -6.558  -30.218  66.558 0.0000000000
47849  -7.026  -30.842  66.853 0.0000000000
46970  -7.244  -32.155  67.770 0.0000000000
46971  -7.551  -31.990  67.112 0.0000000000
46036  -7.436  -33.244  66.112 0.0000000000
46035  -6.839  -33.934  66.698 0.0000000000
133766  -6.473  -32.924  69.576 0.0000000000
46027  -6.736  -33.124  68.890 0.0000000000
45116  -5.315  -35.407  66.999 0.0000000000
46034  -6.267  -34.459  67.423 0.0000000000
45130  -5.886  -35.038  65.683 0.0000000000
135035  -5.354  -35.347  66.121 0.0000000000
45128  -3.931  -35.833  65.446 0.0000000000
44194  -3.103  -36.560  65.858 0.0000000000
44202  -3.229  -36.268  65.400 0.0000000000
44200  -2.857  -36.741  64.931 0.0000000000
43278  -2.811  -36.978  64.424 0.0000000000
132891  -2.636  -37.186  64.906 0.0000000000
63987  -49.118  -13.518  50.018 0.0000000000
63986  -48.077  -13.663  49.718 0.0000000000
63015  -41.284  -14.659  47.765 0.0000000000
63017  -43.263  -14.225  47.436 0.0000000000
63024  -42.710  -14.393  46.608 0.0000000000
63025  -43.561  -14.258  46.322 0.0000000000
63018  -44.027  -13.962  47.158 0.0000000000
63984  -46.000  -13.900  49.011 0.0000000000
63993  -45.540  -13.635  48.100 0.0000000000
63994  -46.494  -13.556  48.399 0.0000000000
117758  -10.919  -37.011  76.227 0.0000000000
40549  -10.907  -37.854  75.562 0.0000000000
40548  -10.317  -38.570  74.954 0.0000000000
39652  -10.731  -38.454  74.731 0.0000000000
41487  -12.376  -36.593  75.174 0.0000000000
133298  -12.038  -36.840  75.223 0.0000000000
41486  -11.781  -37.234  74.630 0.0000000000
40558  -10.492  -39.088  72.742 0.0000000000
39665  -10.544  -39.053  73.202 0.0000000000
130640  -10.129  -39.558  72.648 0.0000000000
39662  -10.087  -39.528  73.071 0.0000000000
38745  -9.872  -39.960  72.122 0.0000000000
38744  -9.566  -40.746  71.776 0.0000000000
38748  -9.775  -40.380  71.771 0.0000000000
38754  -9.387  -40.723  69.863 0.0000000000
37812  -8.452  -41.335  68.924 0.0000000000
45133  -16.353  -33.867  65.035 0.0000000000
45134  -17.099  -33.727  65.560 0.0000000000
119016  -14.887  -34.278  65.802 0.0000000000
45120  -15.500  -34.102  66.301 0.0000000000
45107  -14.582  -34.353  67.441 0.0000000000
44203  -13.377  -35.199  65.141 0.0000000000
43269  -12.932  -35.509  65.523 0.0000000000
44176  -12.732  -35.197  67.702 0.0000000000
136868  -13.424  -34.772  67.588 0.0000000000
44165  -14.896  -34.379  69.958 0.0000000000
127632  -13.971  -34.569  69.841 0.0000000000
43235  -12.392  -35.478  69.792 0.0000000000
44148  -14.216  -34.819  72.066 0.0000000000
43225  -13.126  -35.436  71.962 0.0000000000
42370  -10.677  -37.489  70.736 0.0000000000
41504  -10.370  -38.258  69.246 0.0000000000
40609  -10.265  -38.599  65.795 0.0000000000
41509  -10.613  -38.076  67.034 0.0000000000
40597  -10.245  -38.656  66.699 0.0000000000
39705  -9.386  -39.846  66.811 0.0000000000
40583  -9.760  -39.285  67.256 0.0000000000
40575  -9.778  -39.426  68.254 0.0000000000
39680  -9.448  -40.117  68.718 0.0000000000
131983  -3.839  -22.707  65.598 0.0000000000
122928  -3.716  -22.680  64.889 0.0000000000
127797  -3.724  -21.986  65.214 0.0000000000
53129  -3.669  -25.527  64.666 0.0000000000
53121  -3.687  -24.981  65.235 0.0000000000
53135  -3.734  -25.536  63.816 0.0000000000
54015  -3.687  -24.728  63.294 0.0000000000
134455  -3.645  -24.058  63.548 0.0000000000
126750  -3.636  -23.881  62.751 0.0000000000
51358  -4.232  -26.974  60.707 0.0000000000
52257  -3.696  -26.582  59.885 0.0000000000
51367  -3.806  -27.153  59.267 0.0000000000
48715  -7.413  -30.673  63.595 0.0000000000
48725  -7.076  -30.773  60.379 0.0000000000
49606  -6.562  -29.409  61.522 0.0000000000
46995  -5.049  -32.338  57.887 0.0000000000
47870  -5.562  -31.641  58.340 0.0000000000
136286  -5.123  -29.694  58.693 0.0000000000
50513  -5.369  -28.550  60.029 0.0000000000
49624  -4.849  -28.675  59.128 0.0000000000
50536  -3.630  -28.839  57.357 0.0000000000
50528  -3.788  -28.422  57.771 0.0000000000
51375  -3.296  -27.340  58.111 0.0000000000
51378  -3.426  -28.040  57.545 0.0000000000
123216  -3.132  -27.975  57.087 0.0000000000
122226  -4.489  -33.232  74.182 0.0000000000
42349  -8.088  -35.917  76.233 0.0000000000
42341  -7.575  -35.371  76.747 0.0000000000
42348  -7.117  -36.027  75.851 0.0000000000
42353  -5.991  -36.613  74.624 0.0000000000
42346  -6.278  -35.751  75.483 0.0000000000
43204  -5.952  -35.598  75.187 0.0000000000
40550  -5.166  -38.839  72.826 0.0000000000
41484  -5.617  -38.245  73.354 0.0000000000
41483  -5.330  -37.931  73.085 0.0000000000
43207  -5.380  -36.168  73.754 0.0000000000
42355  -5.512  -37.004  73.491 0.0000000000
44134  -5.531  -35.104  74.823 0.0000000000
44133  -5.369  -35.243  74.387 0.0000000000
129906  -5.128  -34.476  74.542 0.0000000000
124514  -4.824  -35.183  72.952 0.0000000000
45053  -4.689  -34.283  73.246 0.0000000000
44150  -4.366  -36.259  70.092 0.0000000000
44161  -4.257  -36.372  69.417 0.0000000000
43233  -3.892  -36.853  69.480 0.0000000000
41501  -2.583  -38.907  70.018 0.0000000000
42372  -2.999  -38.300  69.579 0.0000000000
131183  -2.301  -38.154  67.869 0.0000000000
43238  -2.681  -37.651  67.895 0.0000000000
43239  -3.029  -37.162  68.011 0.0000000000
122864  -3.131  -36.835  67.319 0.0000000000
43247  -2.782  -37.255  67.190 0.0000000000
120081  -2.279  -38.733  65.885 0.0000000000
136268  -2.349  -38.202  66.022 0.0000000000
41519  -2.293  -38.821  65.321 0.0000000000
127735  -2.434  -38.532  64.845 0.0000000000
34829  -1.784  -44.127  69.227 0.0000000000
34836  -1.300  -45.601  68.576 0.0000000000
36762  -1.618  -43.469  69.345 0.0000000000
35741  -1.530  -44.063  68.923 0.0000000000
36768  -1.244  -43.205  68.972 0.0000000000
35748  -1.450  -43.982  68.484 0.0000000000
36799  -1.314  -43.974  67.102 0.0000000000
130194  -1.425  -43.103  67.251 0.0000000000
37823  -1.414  -42.277  67.471 0.0000000000
37836  -1.589  -42.487  66.770 0.0000000000
37847  -1.840  -42.568  66.125 0.0000000000
138550  -2.252  -41.912  65.243 0.0000000000
38823  -2.798  -41.157  63.725 0.0000000000
39757  -2.861  -40.347  63.744 0.0000000000
137169  -3.034  -40.776  63.183 0.0000000000
51308  -30.801  -26.796  66.103 0.0000000000
52219  -31.527  -26.542  66.694 0.0000000000
52212  -31.094  -26.741  67.735 0.0000000000
50468  -29.114  -27.825  64.851 0.0000000000
48709  -28.663  -30.471  66.151 0.0000000000
48708  -28.577  -29.881  65.478 0.0000000000
50459  -28.709  -28.806  65.263 0.0000000000
49557  -29.020  -29.728  68.174 0.0000000000
50428  -30.112  -28.022  68.902 0.0000000000
64922  -49.718  -11.917  48.041 0.0000000000
64009  -45.315  -13.637  46.323 0.0000000000
119696  -45.299  -13.684  45.476 0.0000000000
64010  -46.065  -13.434  45.900 0.0000000000
64016  -45.916  -13.355  45.028 0.0000000000
64924  -47.588  -12.598  45.859 0.0000000000
128191  -39.934  -22.280  54.635 0.0000000000
55031  -36.556  -22.824  53.978 0.0000000000
55038  -36.779  -22.496  53.325 0.0000000000
55880  -37.301  -22.171  52.752 0.0000000000
55868  -37.512  -22.468  53.436 0.0000000000
44215  -3.203  -36.723  63.595 0.0000000000
124117  -3.211  -37.253  62.860 0.0000000000
119523  -3.323  -37.529  62.265 0.0000000000
41557  -3.538  -38.241  61.503 0.0000000000
40657  -3.538  -38.886  62.195 0.0000000000
39786  -4.154  -40.270  61.549 0.0000000000
36765  -8.324  -41.569  69.690 0.0000000000
36761  -8.437  -41.559  70.448 0.0000000000
35743  -7.358  -42.295  69.235 0.0000000000
134893  -35.116  -28.479  58.849 0.0000000000
50527  -35.182  -28.126  59.153 0.0000000000
51376  -35.251  -27.661  58.998 0.0000000000
52278  -35.167  -27.007  58.820 0.0000000000
52271  -35.444  -26.928  59.591 0.0000000000
42425  -23.923  -35.022  61.893 0.0000000000
67638  -50.580  -9.208  41.698 0.0000000000
67651  -50.187  -8.878  41.030 0.0000000000
126693  -51.430  -8.945  42.060 0.0000000000
68475  -52.836  -8.179  42.103 0.0000000000
129298  -5.248  -32.030  71.193 0.0000000000
46011  -5.307  -33.690  71.505 0.0000000000
121583  -44.811  -16.128  52.590 0.0000000000
61179  -45.118  -16.406  53.135 0.0000000000
59496  -40.780  -17.862  51.089 0.0000000000
59500  -40.051  -17.616  50.302 0.0000000000
61212  -41.637  -16.757  50.787 0.0000000000
61217  -41.929  -16.041  50.406 0.0000000000
61214  -42.870  -16.165  51.252 0.0000000000
43213  -13.937  -35.739  74.914 0.0000000000
130966  -19.380  -34.546  68.401 0.0000000000
54067  -3.387  -24.437  59.477 0.0000000000
54068  -3.704  -23.986  59.280 0.0000000000
54089  -3.310  -24.532  58.753 0.0000000000
123226  -4.463  -28.023  65.938 0.0000000000
50451  -4.268  -27.618  65.253 0.0000000000
49585  -5.757  -28.794  63.801 0.0000000000
45228  -2.853  -34.853  56.710 0.0000000000
135965  -2.611  -34.551  55.702 0.0000000000
44113  -8.034  -33.847  77.767 0.0000000000
44121  -7.627  -34.357  77.477 0.0000000000
37789  -3.309  -41.539  72.037 0.0000000000
38738  -3.239  -41.056  72.143 0.0000000000
125657  -2.791  -40.992  72.132 0.0000000000
39666  -2.285  -40.663  71.877 0.0000000000
38746  -1.565  -41.077  71.374 0.0000000000
126293  -0.995  -41.162  70.634 0.0000000000
38749  -0.856  -41.736  70.059 0.0000000000
50494  -31.788  -28.274  62.559 0.0000000000
50495  -32.713  -28.614  62.652 0.0000000000
49603  -33.134  -29.185  62.041 0.0000000000
49604  -33.940  -29.189  62.063 0.0000000000
48719  -27.488  -30.159  62.161 0.0000000000
46978  -27.997  -32.439  66.290 0.0000000000
128452  -27.491  -33.324  64.945 0.0000000000
44221  -27.125  -34.108  63.071 0.0000000000
134469  -51.104  -10.108  44.259 0.0000000000
64939  -48.187  -11.471  43.617 0.0000000000
65841  -48.775  -11.082  43.442 0.0000000000
65848  -48.937  -10.715  42.842 0.0000000000
66739  -49.805  -10.358  42.743 0.0000000000
65842  -49.590  -10.682  43.415 0.0000000000
58562  -42.214  -19.463  52.706 0.0000000000
58563  -42.957  -19.277  53.018 0.0000000000
138851  -43.227  -19.856  53.604 0.0000000000
57632  -38.431  -20.872  51.779 0.0000000000
58570  -39.628  -19.619  51.639 0.0000000000
126732  -3.645  -23.674  61.896 0.0000000000
46046  -7.366  -33.417  64.043 0.0000000000
44240  -4.177  -36.087  60.884 0.0000000000
44253  -4.205  -35.723  60.121 0.0000000000
44268  -4.012  -35.451  59.193 0.0000000000
132630  -2.743  -37.427  56.972 0.0000000000
41615  -2.914  -38.066  56.988 0.0000000000
39645  -9.916  -38.515  75.240 0.0000000000
40539  -8.991  -38.166  75.681 0.0000000000
39650  -8.870  -39.791  74.400 0.0000000000
38723  -7.984  -40.396  74.039 0.0000000000
35721  -6.874  -42.267  72.097 0.0000000000
36751  -7.106  -41.938  72.418 0.0000000000
35717  -6.331  -42.321  72.076 0.0000000000
35716  -5.831  -42.221  72.026 0.0000000000
36743  -5.858  -42.011  72.174 0.0000000000
36742  -5.034  -41.686  71.945 0.0000000000
35719  -5.134  -42.152  71.819 0.0000000000
54118  -38.278  -23.988  57.319 0.0000000000
50552  -34.341  -28.422  55.668 0.0000000000
135188  -34.058  -24.978  58.107 0.0000000000
54116  -34.146  -24.287  57.781 0.0000000000
54986  -34.663  -23.723  57.508 0.0000000000
55000  -34.755  -23.516  56.750 0.0000000000
44180  -21.834  -35.313  69.315 0.0000000000
44190  -21.642  -35.194  68.400 0.0000000000
45103  -26.713  -33.965  68.474 0.0000000000
44183  -26.111  -34.455  68.506 0.0000000000
43255  -25.478  -35.136  67.513 0.0000000000
43299  -22.472  -34.791  63.535 0.0000000000
43298  -21.834  -34.641  63.873 0.0000000000
43282  -21.809  -34.759  64.675 0.0000000000
43281  -21.263  -34.593  65.083 0.0000000000
43297  -21.261  -34.531  64.142 0.0000000000
126560  -20.736  -34.359  64.004 0.0000000000
44218  -20.430  -34.018  63.533 0.0000000000
45155  -19.656  -33.663  63.343 0.0000000000
45178  -19.524  -33.574  61.525 0.0000000000
68511  -48.902  -8.056  38.569 0.0000000000
49529  -4.683  -29.244  69.027 0.0000000000
137097  -4.351  -28.676  68.833 0.0000000000
48685  -6.504  -30.595  67.429 0.0000000000
48677  -6.206  -30.680  68.147 0.0000000000
47833  -6.720  -31.333  68.057 0.0000000000
45096  -5.807  -34.663  68.892 0.0000000000
46030  -6.421  -34.119  68.405 0.0000000000
63004  -47.494  -14.148  50.315 0.0000000000
62992  -47.898  -14.471  51.186 0.0000000000
62999  -42.799  -14.850  49.177 0.0000000000
63010  -42.538  -14.567  48.352 0.0000000000
136829  -44.001  -14.082  48.230 0.0000000000
63011  -45.015  -13.882  48.688 0.0000000000
41477  -11.803  -36.679  76.107 0.0000000000
132120  -11.247  -37.846  73.515 0.0000000000
41489  -11.470  -37.782  73.948 0.0000000000
38752  -9.691  -40.391  71.181 0.0000000000
45131  -14.729  -34.252  65.021 0.0000000000
44204  -14.054  -34.624  65.654 0.0000000000
43268  -12.405  -35.940  65.488 0.0000000000
43259  -12.706  -35.545  66.155 0.0000000000
43249  -12.324  -35.624  66.947 0.0000000000
44163  -13.220  -34.785  69.333 0.0000000000
43241  -12.462  -35.270  68.672 0.0000000000
43229  -11.885  -36.066  70.565 0.0000000000
131276  -11.655  -36.176  69.771 0.0000000000
42375  -11.214  -36.785  69.310 0.0000000000
42377  -10.791  -37.496  68.842 0.0000000000
38805  -9.141  -40.310  66.264 0.0000000000
136863  -8.956  -40.500  67.353 0.0000000000
54852  -3.787  -23.377  65.513 0.0000000000
51327  -4.032  -26.932  63.852 0.0000000000
52247  -3.955  -26.253  62.324 0.0000000000
134760  -7.811  -31.673  61.719 0.0000000000
48722  -7.559  -30.880  61.902 0.0000000000
48726  -7.563  -31.214  61.110 0.0000000000
47869  -4.715  -31.254  57.664 0.0000000000
139814  -3.811  -29.439  57.239 0.0000000000
49639  -3.560  -29.397  56.918 0.0000000000
49645  -3.349  -29.243  56.574 0.0000000000
41472  -6.615  -37.048  75.169 0.0000000000
41479  -6.029  -37.692  74.116 0.0000000000
41478  -5.823  -37.459  73.931 0.0000000000
139971  -4.755  -38.489  72.360 0.0000000000
42358  -5.157  -37.699  72.779 0.0000000000
43211  -5.273  -36.544  73.017 0.0000000000
137098  -5.100  -35.820  73.123 0.0000000000
44140  -4.894  -35.804  72.758 0.0000000000
44143  -4.708  -35.714  72.421 0.0000000000
121821  -4.565  -35.925  71.795 0.0000000000
43223  -4.424  -36.843  71.031 0.0000000000
41503  -1.851  -39.032  68.727 0.0000000000
123016  -2.419  -38.543  69.149 0.0000000000
41508  -2.028  -38.722  67.934 0.0000000000
42379  -2.258  -38.396  67.223 0.0000000000
40607  -2.223  -39.447  65.709 0.0000000000
34847  -0.435  -46.019  67.559 0.0000000000
139696  -0.991  -45.441  67.809 0.0000000000
130050  -1.275  -44.616  67.691 0.0000000000
132416  -1.116  -44.708  67.029 0.0000000000
127540  -1.276  -44.400  66.495 0.0000000000
37873  -2.623  -42.730  64.346 0.0000000000
50507  -28.430  -28.464  61.433 0.0000000000
50492  -29.724  -28.004  62.425 0.0000000000
51334  -29.909  -27.344  64.289 0.0000000000
51335  -30.701  -27.356  63.861 0.0000000000
50479  -31.199  -27.714  63.230 0.0000000000
51336  -31.636  -27.472  63.979 0.0000000000
46054  -27.977  -32.919  63.312 0.0000000000
128981  -28.064  -31.394  63.522 0.0000000000
48716  -27.988  -30.459  63.616 0.0000000000
132453  -28.186  -30.129  64.265 0.0000000000
134019  -27.708  -29.869  62.949 0.0000000000
50490  -27.892  -28.851  61.977 0.0000000000
47848  -28.597  -31.116  67.657 0.0000000000
48692  -28.746  -30.472  67.560 0.0000000000
135501  -28.596  -31.415  67.060 0.0000000000
46979  -28.216  -31.918  65.843 0.0000000000
130737  -27.918  -32.189  64.751 0.0000000000
134971  -49.721  -11.165  45.585 0.0000000000
65827  -50.520  -10.713  46.042 0.0000000000
65817  -50.732  -10.702  47.002 0.0000000000
63039  -44.765  -14.119  44.431 0.0000000000
129614  -44.738  -14.227  43.810 0.0000000000
63050  -44.355  -14.235  42.544 0.0000000000
63051  -44.768  -13.815  42.218 0.0000000000
64938  -46.696  -12.286  43.353 0.0000000000
56758  -41.047  -20.551  53.184 0.0000000000
56749  -41.388  -20.748  53.509 0.0000000000
56743  -42.371  -21.465  54.680 0.0000000000
55862  -41.401  -21.872  54.952 0.0000000000
55866  -35.661  -22.540  53.368 0.0000000000
55877  -34.308  -22.276  52.663 0.0000000000
55896  -34.601  -21.653  51.363 0.0000000000
55898  -36.057  -21.658  51.374 0.0000000000
55881  -37.935  -22.004  52.826 0.0000000000
124922  -38.195  -21.442  52.294 0.0000000000
56755  -38.822  -20.968  52.380 0.0000000000
56757  -40.405  -20.718  52.984 0.0000000000
55733  -3.511  -21.783  64.286 0.0000000000
46038  -5.150  -35.305  64.503 0.0000000000
46043  -4.553  -35.537  63.421 0.0000000000
117893  -4.306  -35.800  62.439 0.0000000000
44225  -3.595  -36.543  62.672 0.0000000000
45158  -4.102  -36.028  61.909 0.0000000000
126389  -3.387  -37.199  59.380 0.0000000000
40689  -3.828  -39.434  59.565 0.0000000000
41570  -3.835  -38.845  60.500 0.0000000000
37792  -9.112  -40.969  72.396 0.0000000000
135190  -9.031  -40.789  72.836 0.0000000000
37791  -8.763  -41.218  72.318 0.0000000000
36753  -8.059  -41.675  71.886 0.0000000000
36760  -7.836  -41.903  70.609 0.0000000000
36757  -7.693  -41.972  71.422 0.0000000000
35726  -7.032  -42.349  71.656 0.0000000000
54100  -35.926  -24.247  59.086 0.0000000000
48753  -33.108  -29.649  58.315 0.0000000000
48754  -33.778  -29.547  57.947 0.0000000000
49650  -34.566  -29.301  57.361 0.0000000000
49651  -34.951  -28.929  56.694 0.0000000000
50534  -35.169  -28.498  58.038 0.0000000000
50541  -35.075  -28.511  57.182 0.0000000000
50546  -34.704  -28.453  56.383 0.0000000000
51387  -34.418  -27.605  56.188 0.0000000000
52303  -34.020  -26.992  55.678 0.0000000000
122734  -34.264  -26.930  56.507 0.0000000000
53194  -34.110  -25.634  57.761 0.0000000000
53180  -34.515  -25.497  58.533 0.0000000000
116980  -34.583  -24.689  58.580 0.0000000000
44170  -23.364  -35.358  69.881 0.0000000000
43285  -25.666  -35.115  65.196 0.0000000000
42405  -25.321  -35.268  64.659 0.0000000000
42418  -24.790  -35.317  64.056 0.0000000000
42417  -23.978  -35.290  63.637 0.0000000000
43311  -23.225  -34.843  62.280 0.0000000000
43300  -23.215  -35.000  63.138 0.0000000000
43310  -22.509  -34.692  62.728 0.0000000000
43321  -21.928  -34.493  62.415 0.0000000000
44245  -21.410  -34.214  62.123 0.0000000000
67670  -48.934  -8.946  39.411 0.0000000000
67664  -49.816  -8.744  40.266 0.0000000000
68498  -49.459  -8.588  39.584 0.0000000000
68504  -49.061  -8.428  39.023 0.0000000000
69353  -49.440  -7.783  38.684 0.0000000000
69354  -50.122  -7.448  38.877 0.0000000000
48650  -4.833  -30.771  70.670 0.0000000000
47826  -5.891  -31.438  69.693 0.0000000000
46956  -6.059  -32.298  70.032 0.0000000000
46020  -6.234  -33.306  70.139 0.0000000000
122434  -5.069  -35.228  69.207 0.0000000000
62991  -45.802  -14.832  51.178 0.0000000000
62983  -46.564  -14.911  51.684 0.0000000000
60374  -39.499  -17.318  49.408 0.0000000000
62093  -40.945  -15.132  48.714 0.0000000000
134303  -41.875  -15.108  49.163 0.0000000000
62088  -41.685  -15.677  49.851 0.0000000000
135020  -42.336  -15.412  49.885 0.0000000000
136076  -13.142  -35.803  76.365 0.0000000000
42357  -13.055  -36.200  75.679 0.0000000000
123617  -12.398  -36.592  74.444 0.0000000000
41494  -11.848  -37.146  73.883 0.0000000000
137088  -11.146  -37.697  73.119 0.0000000000
41499  -10.348  -38.407  71.170 0.0000000000
43308  -12.933  -36.043  62.689 0.0000000000
43296  -12.822  -35.990  63.494 0.0000000000
43280  -12.643  -35.994  64.208 0.0000000000
43279  -12.190  -36.378  64.709 0.0000000000
42390  -11.788  -36.531  65.548 0.0000000000
42383  -11.028  -37.453  66.667 0.0000000000
42389  -11.209  -37.301  65.653 0.0000000000
41520  -10.688  -37.947  65.237 0.0000000000
127830  -3.741  -25.416  65.962 0.0000000000
122754  -3.813  -24.676  66.044 0.0000000000
52225  -3.706  -26.319  65.096 0.0000000000
51328  -4.419  -27.395  63.416 0.0000000000
46088  -5.378  -33.416  58.247 0.0000000000
46990  -6.267  -33.105  58.790 0.0000000000
128024  -4.655  -33.072  57.571 0.0000000000
46100  -3.617  -33.382  56.909 0.0000000000
132169  -3.842  -32.689  56.975 0.0000000000
137131  -3.816  -31.944  56.829 0.0000000000
47010  -3.643  -31.839  56.472 0.0000000000
47883  -3.457  -31.455  56.063 0.0000000000
46908  -6.523  -32.316  77.997 0.0000000000
45979  -6.071  -32.583  77.642 0.0000000000
45031  -5.622  -33.378  76.819 0.0000000000
39654  -5.481  -39.668  72.749 0.0000000000
39653  -5.072  -39.610  72.631 0.0000000000
40555  -4.734  -39.614  72.472 0.0000000000
39664  -3.723  -40.299  72.286 0.0000000000
40554  -4.336  -39.719  72.360 0.0000000000
41488  -4.528  -39.096  72.112 0.0000000000
41491  -4.101  -39.042  71.593 0.0000000000
42367  -3.411  -38.373  70.612 0.0000000000
41498  -2.991  -38.938  70.541 0.0000000000
40568  -1.958  -39.360  70.249 0.0000000000
137925  -1.716  -39.778  70.626 0.0000000000
40567  -1.365  -39.836  69.964 0.0000000000
40570  -1.500  -39.563  69.225 0.0000000000
39689  -1.392  -40.824  67.752 0.0000000000
48745  -31.908  -29.817  58.466 0.0000000000
129754  -32.411  -29.726  58.834 0.0000000000
50521  -30.069  -28.600  60.916 0.0000000000
115917  -31.108  -29.535  60.074 0.0000000000
49610  -31.495  -28.793  61.566 0.0000000000
49627  -31.765  -29.748  59.632 0.0000000000
48737  -32.781  -29.733  59.317 0.0000000000
48738  -33.346  -29.650  59.396 0.0000000000
48739  -33.961  -29.517  59.419 0.0000000000
49628  -34.443  -29.240  59.765 0.0000000000
49613  -34.205  -29.311  61.340 0.0000000000
49623  -34.833  -28.830  60.246 0.0000000000
123966  -35.206  -28.426  60.866 0.0000000000
45095  -26.964  -33.498  69.007 0.0000000000
139967  -26.692  -34.182  67.087 0.0000000000
138502  -26.368  -34.592  65.997 0.0000000000
46033  -27.847  -32.866  67.700 0.0000000000
46037  -27.792  -32.938  66.839 0.0000000000
45114  -27.540  -33.323  67.394 0.0000000000
45125  -27.059  -33.824  66.408 0.0000000000
118214  -26.669  -34.302  66.180 0.0000000000
43276  -26.517  -34.505  65.428 0.0000000000
43286  -26.211  -34.788  64.832 0.0000000000
42419  -25.818  -35.016  63.392 0.0000000000
42427  -25.448  -35.223  62.708 0.0000000000
42428  -25.803  -35.082  62.469 0.0000000000
65847  -47.375  -11.434  42.352 0.0000000000
65854  -47.136  -11.343  41.652 0.0000000000
66751  -50.058  -9.863  42.062 0.0000000000
67620  -50.936  -9.493  42.413 0.0000000000
60368  -42.942  -17.672  52.308 0.0000000000
60361  -43.675  -17.530  52.781 0.0000000000
138937  -42.411  -20.477  53.647 0.0000000000
59495  -40.111  -18.293  50.831 0.0000000000
58580  -39.904  -18.925  51.227 0.0000000000
59490  -40.689  -18.621  51.451 0.0000000000
60366  -42.051  -17.924  51.775 0.0000000000
45145  -18.514  -33.626  64.562 0.0000000000
118132  -17.949  -33.621  65.303 0.0000000000
45143  -16.424  -33.850  64.318 0.0000000000
45162  -16.206  -33.679  62.643 0.0000000000
45151  -15.200  -34.035  63.670 0.0000000000
45150  -14.577  -34.391  63.270 0.0000000000
124979  -14.034  -34.850  62.935 0.0000000000
44226  -13.328  -35.654  62.342 0.0000000000
55783  -4.120  -22.805  61.351 0.0000000000
119729  -6.663  -30.041  65.687 0.0000000000
48701  -6.759  -29.954  64.813 0.0000000000
47859  -7.769  -31.558  63.238 0.0000000000
118654  -7.785  -32.414  63.665 0.0000000000
46982  -7.854  -32.288  62.874 0.0000000000
47861  -7.813  -31.614  62.427 0.0000000000
136961  -7.644  -32.922  61.349 0.0000000000
46988  -7.545  -32.736  60.437 0.0000000000
46069  -6.923  -33.629  60.241 0.0000000000
46056  -5.490  -34.956  62.324 0.0000000000
132720  -6.023  -34.562  62.170 0.0000000000
139109  -5.606  -34.870  61.736 0.0000000000
46061  -6.029  -34.608  61.444 0.0000000000
139520  -6.044  -34.602  60.888 0.0000000000
46068  -6.134  -34.309  60.194 0.0000000000
46077  -5.890  -34.013  59.135 0.0000000000
46076  -5.149  -34.417  58.863 0.0000000000
45214  -3.530  -34.642  57.789 0.0000000000
44284  -3.581  -35.243  58.358 0.0000000000
45213  -3.183  -34.946  57.492 0.0000000000
40538  -7.513  -38.054  75.318 0.0000000000
40537  -6.754  -38.231  74.750 0.0000000000
40545  -6.389  -38.916  73.926 0.0000000000
39646  -6.322  -39.493  73.443 0.0000000000
37782  -8.748  -40.637  72.846 0.0000000000
125186  -7.929  -40.629  73.412 0.0000000000
38729  -7.182  -40.551  73.289 0.0000000000
36745  -7.106  -41.654  72.519 0.0000000000
116889  -6.958  -40.750  72.905 0.0000000000
38728  -6.720  -40.397  72.945 0.0000000000
39656  -6.455  -39.953  73.094 0.0000000000
39655  -5.967  -39.776  72.883 0.0000000000
38735  -5.034  -40.795  72.179 0.0000000000
37790  -3.778  -41.437  71.921 0.0000000000
37793  -2.927  -42.123  71.870 0.0000000000
36759  -2.164  -42.722  71.039 0.0000000000
55013  -38.342  -23.473  55.735 0.0000000000
130586  -39.107  -23.405  55.796 0.0000000000
55003  -38.691  -23.671  56.190 0.0000000000
54119  -38.848  -24.119  57.456 0.0000000000
47891  -32.870  -29.662  56.691 0.0000000000
47901  -32.780  -29.576  55.818 0.0000000000
48774  -34.104  -29.127  55.358 0.0000000000
55019  -34.360  -23.184  54.803 0.0000000000
55020  -35.474  -23.067  54.686 0.0000000000
55010  -35.920  -23.263  55.286 0.0000000000
117148  -36.484  -23.115  54.651 0.0000000000
44178  -20.313  -34.693  68.724 0.0000000000
45093  -25.413  -34.207  69.424 0.0000000000
44172  -25.516  -34.544  68.917 0.0000000000
120304  -24.756  -34.817  69.252 0.0000000000
137896  -24.279  -35.362  69.112 0.0000000000
43243  -23.461  -35.600  68.510 0.0000000000
42394  -25.085  -35.346  65.472 0.0000000000
43273  -24.750  -35.467  66.293 0.0000000000
42386  -24.135  -35.585  66.505 0.0000000000
42402  -23.199  -35.335  64.998 0.0000000000
138979  -23.795  -35.624  67.189 0.0000000000
43262  -23.274  -35.589  67.469 0.0000000000
43253  -23.055  -35.607  68.120 0.0000000000
135684  -21.404  -34.791  66.883 0.0000000000
44198  -20.877  -34.579  66.536 0.0000000000
44206  -20.753  -34.497  65.597 0.0000000000
44197  -20.270  -34.444  66.146 0.0000000000
45163  -17.930  -33.516  62.971 0.0000000000
45164  -18.869  -33.528  62.755 0.0000000000
45176  -18.117  -33.544  62.099 0.0000000000
70184  -50.543  -6.734  38.500 0.0000000000
71005  -51.964  -5.667  38.277 0.0000000000
51295  -4.062  -27.002  66.439 0.0000000000
50417  -4.189  -27.869  67.810 0.0000000000
47854  -7.690  -31.618  65.676 0.0000000000
47850  -7.472  -31.455  66.615 0.0000000000
46977  -7.695  -32.589  65.610 0.0000000000
132597  -6.419  -34.619  65.385 0.0000000000
45118  -6.448  -34.528  66.008 0.0000000000
46039  -5.900  -34.988  64.799 0.0000000000
45140  -4.377  -35.600  64.670 0.0000000000
139902  -3.166  -36.271  65.022 0.0000000000
45138  -3.192  -36.303  64.558 0.0000000000
120499  -2.982  -36.674  64.357 0.0000000000
42413  -2.786  -37.995  64.177 0.0000000000
63997  -49.586  -12.872  49.503 0.0000000000
63996  -48.658  -13.202  49.086 0.0000000000
60347  -44.605  -17.247  53.380 0.0000000000
62099  -39.990  -14.677  46.816 0.0000000000
62100  -41.057  -14.597  46.263 0.0000000000
63016  -42.226  -14.502  47.520 0.0000000000
63023  -41.661  -14.564  46.834 0.0000000000
62105  -42.290  -14.701  44.965 0.0000000000
63032  -43.609  -14.430  45.221 0.0000000000
64001  -44.674  -13.797  46.719 0.0000000000
39651  -10.041  -39.299  74.105 0.0000000000
41481  -11.864  -36.865  75.662 0.0000000000
123273  -11.553  -37.451  74.984 0.0000000000
40556  -10.865  -38.588  73.714 0.0000000000
39658  -11.126  -38.266  74.423 0.0000000000
135056  -10.548  -38.882  74.072 0.0000000000
38736  -9.217  -40.469  72.520 0.0000000000
38740  -9.387  -40.583  72.286 0.0000000000
37798  -9.282  -41.132  71.605 0.0000000000
131358  -9.209  -41.149  71.084 0.0000000000
38747  -9.516  -40.847  71.322 0.0000000000
37802  -9.284  -41.049  70.734 0.0000000000
37801  -8.897  -41.312  70.402 0.0000000000
37804  -8.651  -41.338  69.595 0.0000000000
136796  -16.940  -33.813  66.301 0.0000000000
45122  -17.184  -33.966  67.014 0.0000000000
117892  -16.292  -33.969  66.758 0.0000000000
45109  -16.488  -34.141  67.618 0.0000000000
45087  -15.333  -34.271  69.047 0.0000000000
131412  -13.247  -35.406  64.144 0.0000000000
44196  -13.795  -34.729  66.435 0.0000000000
44188  -13.921  -34.593  67.140 0.0000000000
44154  -15.026  -34.354  70.904 0.0000000000
134688  -14.456  -34.567  71.342 0.0000000000
43220  -13.028  -35.658  72.902 0.0000000000
43219  -12.325  -36.199  72.369 0.0000000000
42368  -11.655  -36.670  71.919 0.0000000000
136582  -10.885  -37.583  67.355 0.0000000000
41506  -10.478  -38.128  68.375 0.0000000000
40584  -10.251  -38.656  67.721 0.0000000000
40573  -10.117  -39.075  69.659 0.0000000000
39676  -9.584  -40.222  69.576 0.0000000000
38759  -9.152  -40.635  69.111 0.0000000000
125727  -8.676  -40.830  68.024 0.0000000000
37826  -8.713  -40.945  68.682 0.0000000000
54009  -3.630  -24.318  64.600 0.0000000000
128426  -3.664  -24.780  64.129 0.0000000000
54886  -3.670  -23.498  63.879 0.0000000000
53147  -3.658  -25.397  61.839 0.0000000000
128588  -3.440  -25.219  60.805 0.0000000000
127043  -3.118  -25.866  59.366 0.0000000000
49576  -6.220  -29.356  64.312 0.0000000000
49586  -6.386  -29.275  63.436 0.0000000000
49594  -5.874  -28.731  62.915 0.0000000000
48717  -7.165  -29.950  62.167 0.0000000000
49595  -6.531  -29.256  62.519 0.0000000000
50500  -5.378  -28.227  61.432 0.0000000000
46997  -6.383  -32.107  58.802 0.0000000000
48733  -6.369  -30.438  59.676 0.0000000000
48741  -5.317  -30.656  58.409 0.0000000000
132546  -5.722  -30.254  59.087 0.0000000000
138026  -5.264  -28.265  60.646 0.0000000000
50499  -4.900  -27.842  60.960 0.0000000000
50529  -4.176  -28.363  58.291 0.0000000000
137979  -3.963  -27.843  58.499 0.0000000000
120408  -3.689  -27.455  58.639 0.0000000000
52272  -2.882  -26.590  58.088 0.0000000000
51381  -2.984  -27.964  56.517 0.0000000000
49655  -3.151  -29.083  56.074 0.0000000000
50548  -3.036  -28.517  56.129 0.0000000000
43192  -8.044  -34.878  77.346 0.0000000000
42347  -6.783  -35.481  76.193 0.0000000000
43199  -6.487  -35.123  76.344 0.0000000000
43190  -6.455  -34.651  76.751 0.0000000000
44127  -6.030  -34.424  76.454 0.0000000000
44126  -5.621  -34.018  76.209 0.0000000000
43203  -5.721  -35.372  74.968 0.0000000000
44130  -5.541  -34.563  75.449 0.0000000000
129562  -5.223  -33.743  75.808 0.0000000000
45038  -5.040  -33.768  75.216 0.0000000000
45995  -4.773  -33.736  74.609 0.0000000000
45999  -4.493  -33.496  73.654 0.0000000000
46004  -4.507  -33.353  73.093 0.0000000000
46005  -4.661  -33.269  72.551 0.0000000000
46009  -4.950  -33.783  72.102 0.0000000000
45071  -5.048  -34.510  71.538 0.0000000000
44146  -4.731  -35.261  71.650 0.0000000000
44162  -4.608  -35.774  69.774 0.0000000000
44175  -4.478  -36.045  69.016 0.0000000000
44174  -4.015  -36.443  68.234 0.0000000000
139791  -3.442  -38.105  70.352 0.0000000000
43227  -3.583  -37.410  69.651 0.0000000000
130494  -2.903  -38.056  69.018 0.0000000000
42373  -3.243  -37.759  69.248 0.0000000000
43232  -3.444  -37.226  68.812 0.0000000000
43257  -2.944  -36.918  66.335 0.0000000000
42382  -2.400  -38.010  66.528 0.0000000000
42388  -2.475  -37.716  65.800 0.0000000000
43266  -2.715  -37.126  65.532 0.0000000000
43277  -2.530  -37.472  65.128 0.0000000000
42399  -2.520  -37.840  64.814 0.0000000000
36754  -2.712  -42.945  70.777 0.0000000000
138038  -2.195  -43.088  70.283 0.0000000000
34828  -1.554  -45.079  68.801 0.0000000000
35733  -1.667  -44.243  69.014 0.0000000000
36763  -1.719  -42.922  70.205 0.0000000000
37799  -1.071  -42.539  69.574 0.0000000000
36775  -1.353  -43.270  68.512 0.0000000000
126520  -1.217  -42.038  68.226 0.0000000000
38767  -1.360  -41.525  67.656 0.0000000000
137671  -1.514  -41.136  67.227 0.0000000000
36824  -1.596  -44.133  65.894 0.0000000000
38801  -1.760  -41.800  66.361 0.0000000000
39703  -1.716  -41.092  66.653 0.0000000000
39721  -1.962  -41.092  65.955 0.0000000000
39722  -2.256  -40.292  65.407 0.0000000000
38822  -2.548  -41.599  64.558 0.0000000000
39741  -2.452  -40.749  64.848 0.0000000000
135895  -2.511  -39.994  64.691 0.0000000000
138194  -2.697  -39.917  64.182 0.0000000000
40631  -2.960  -39.508  63.743 0.0000000000
37905  -3.794  -42.320  59.831 0.0000000000
36747  -8.301  -41.313  72.430 0.0000000000
37780  -7.457  -40.878  72.983 0.0000000000
37781  -8.137  -40.779  73.018 0.0000000000
37848  -2.107  -42.514  65.525 0.0000000000
38730  -8.533  -40.573  73.208 0.0000000000
38737  -9.400  -39.849  72.919 0.0000000000
38753  -0.955  -41.780  69.107 0.0000000000
39644  -9.331  -38.775  75.046 0.0000000000
42376  -2.591  -38.075  68.498 0.0000000000
42406  -25.841  -35.050  64.325 0.0000000000
42438  -26.309  -34.900  61.906 0.0000000000
43245  -25.013  -35.330  68.065 0.0000000000
43287  -26.581  -34.545  64.329 0.0000000000
43324  -26.377  -34.743  62.432 0.0000000000
44184  -26.462  -34.376  67.897 0.0000000000
44201  -2.978  -36.512  65.128 0.0000000000
45026  -6.723  -33.784  77.415 0.0000000000
45147  -27.627  -33.357  64.125 0.0000000000
46048  -27.810  -32.764  64.183 0.0000000000
47733  -7.117  -31.780  78.260 0.0000000000
47847  -28.434  -31.734  67.424 0.0000000000
47858  -28.393  -31.192  65.031 0.0000000000
47865  -7.531  -31.744  60.350 0.0000000000
47880  -32.975  -29.656  57.596 0.0000000000
49673  -34.128  -28.886  54.720 0.0000000000
54126  -34.116  -23.807  57.152 0.0000000000
62095  -40.051  -14.945  47.663 0.0000000000
64002  -45.345  -13.601  47.209 0.0000000000
64950  -45.922  -12.412  41.738 0.0000000000
118484  -4.291  -40.810  60.140 0.0000000000
122507  -28.649  -30.947  66.572 0.0000000000
122989  -1.375  -43.011  69.665 0.0000000000
123281  -28.938  -29.190  66.982 0.0000000000
124751  -11.629  -36.919  64.930 0.0000000000
124944  -2.624  -42.536  71.432 0.0000000000
130480  -6.537  -36.143  75.461 0.0000000000
133897  -27.902  -33.205  62.690 0.0000000000
134796  -0.396  -45.822  66.899 0.0000000000
136135  -3.472  -36.073  64.140 0.0000000000
137509  -9.668  -40.350  70.763 0.0000000000
138272  -43.201  -14.252  46.785 0.0000000000
138401  -27.913  -32.043  63.449 0.0000000000
138627  -41.905  -19.788  53.015 0.0000000000
139176  -45.034  -13.721  42.581 0.0000000000
