#!ascii label  , from subject sub-v1s0x0050649_ses-1 vox2ras=TkReg
1408
126483  -38.923  -27.604  42.501 0.0000000000
63078  -51.816  -14.512  39.830 0.0000000000
124685  -43.501  -20.297  39.880 0.0000000000
33069  -12.220  -47.535  66.375 0.0000000000
122966  -37.293  -28.727  48.645 0.0000000000
116358  -24.851  -42.112  63.138 0.0000000000
42453  -33.491  -37.417  60.653 0.0000000000
46161  -37.548  -33.739  54.676 0.0000000000
47053  -41.791  -32.732  52.094 0.0000000000
39819  -16.456  -40.563  59.311 0.0000000000
40638  -20.289  -40.125  63.736 0.0000000000
41602  -19.956  -39.666  58.632 0.0000000000
41665  -29.221  -38.898  55.974 0.0000000000
45265  -32.274  -35.087  54.593 0.0000000000
50611  -42.670  -29.305  49.537 0.0000000000
53285  -42.234  -25.962  46.100 0.0000000000
60435  -47.096  -17.890  40.002 0.0000000000
55988  -39.884  -23.212  40.909 0.0000000000
64113  -50.702  -14.272  34.242 0.0000000000
32177  -9.042  -49.255  67.758 0.0000000000
50572  -41.055  -28.828  52.737 0.0000000000
52387  -37.335  -27.134  46.246 0.0000000000
40717  -25.114  -40.854  57.821 0.0000000000
121010  -29.538  -41.226  61.828 0.0000000000
56825  -42.101  -21.914  46.330 0.0000000000
66823  -58.148  -10.686  31.988 0.0000000000
46197  -34.191  -33.079  52.753 0.0000000000
47065  -36.605  -32.919  51.098 0.0000000000
41599  -18.263  -39.506  58.616 0.0000000000
44371  -30.015  -35.457  52.222 0.0000000000
46176  -31.627  -33.924  53.021 0.0000000000
46141  -34.844  -34.152  55.051 0.0000000000
51528  -40.549  -28.176  45.546 0.0000000000
50635  -43.358  -28.317  47.609 0.0000000000
52427  -41.065  -26.742  44.032 0.0000000000
61290  -49.051  -15.950  39.519 0.0000000000
61256  -49.659  -17.232  42.456 0.0000000000
64064  -53.602  -13.486  39.226 0.0000000000
33099  -9.170  -47.547  63.791 0.0000000000
33057  -10.777  -48.454  67.768 0.0000000000
47960  -39.011  -31.044  49.690 0.0000000000
48814  -41.708  -30.586  52.524 0.0000000000
50598  -38.851  -28.516  50.559 0.0000000000
51472  -39.301  -27.457  49.571 0.0000000000
52375  -36.941  -27.345  47.497 0.0000000000
39762  -22.488  -41.168  63.388 0.0000000000
39709  -22.288  -41.143  67.033 0.0000000000
139663  -24.744  -42.292  66.196 0.0000000000
39732  -26.777  -42.046  65.739 0.0000000000
40755  -22.791  -39.779  55.661 0.0000000000
139656  -24.382  -39.883  54.330 0.0000000000
41605  -31.300  -38.503  58.617 0.0000000000
40700  -29.680  -40.243  59.099 0.0000000000
41564  -31.733  -39.575  61.263 0.0000000000
40627  -31.574  -39.470  64.704 0.0000000000
37888  -13.920  -43.540  62.012 0.0000000000
120875  -15.073  -41.957  64.494 0.0000000000
38770  -15.204  -42.235  67.644 0.0000000000
56873  -41.478  -21.662  40.333 0.0000000000
55965  -41.226  -22.093  43.479 0.0000000000
117670  -42.310  -20.988  42.833 0.0000000000
67722  -59.474  -8.589  31.047 0.0000000000
33028  -13.051  -47.381  70.688 0.0000000000
46128  -39.788  -33.919  56.538 0.0000000000
46148  -42.258  -33.912  55.566 0.0000000000
46183  -39.705  -33.742  53.267 0.0000000000
47082  -38.717  -32.680  50.193 0.0000000000
39790  -16.612  -40.659  61.543 0.0000000000
41530  -18.008  -39.509  63.764 0.0000000000
41560  -18.159  -40.085  61.004 0.0000000000
40663  -20.328  -40.408  61.902 0.0000000000
39791  -22.703  -41.250  61.815 0.0000000000
118491  -27.260  -39.186  53.795 0.0000000000
42572  -28.951  -37.664  52.453 0.0000000000
43400  -30.942  -36.991  55.149 0.0000000000
43376  -32.738  -36.677  57.558 0.0000000000
45237  -34.925  -34.808  56.995 0.0000000000
46105  -37.196  -34.324  57.008 0.0000000000
38853  -14.922  -41.905  59.423 0.0000000000
51450  -44.708  -28.063  51.933 0.0000000000
52331  -48.185  -26.413  52.816 0.0000000000
50602  -45.675  -28.048  50.406 0.0000000000
52357  -44.453  -26.156  49.449 0.0000000000
121634  -45.551  -18.769  40.307 0.0000000000
58643  -44.500  -19.534  42.475 0.0000000000
59559  -46.707  -18.678  42.743 0.0000000000
27406  -5.950  -52.574  70.053 0.0000000000
138621  -39.161  -25.130  41.134 0.0000000000
56900  -39.827  -21.697  38.575 0.0000000000
58732  -43.788  -19.467  36.818 0.0000000000
60467  -45.588  -17.853  37.368 0.0000000000
61314  -47.361  -16.109  37.672 0.0000000000
135212  -49.342  -15.289  36.918 0.0000000000
133428  -51.331  -14.420  37.415 0.0000000000
63149  -49.306  -14.688  34.638 0.0000000000
33025  -10.557  -48.770  70.416 0.0000000000
32148  -8.516  -49.277  71.672 0.0000000000
30256  -6.530  -51.025  71.506 0.0000000000
49662  -46.870  -29.217  55.554 0.0000000000
47025  -44.219  -32.811  53.982 0.0000000000
48787  -43.778  -29.957  54.315 0.0000000000
51401  -43.444  -28.701  53.805 0.0000000000
51462  -40.961  -27.910  51.109 0.0000000000
51483  -39.284  -27.322  48.027 0.0000000000
51544  -37.843  -27.784  43.983 0.0000000000
40600  -20.153  -39.739  66.734 0.0000000000
40715  -22.256  -40.322  58.544 0.0000000000
39806  -24.635  -41.209  60.562 0.0000000000
40743  -27.067  -40.312  56.730 0.0000000000
39808  -27.153  -41.114  59.933 0.0000000000
116355  -27.776  -41.590  62.771 0.0000000000
39752  -29.064  -40.836  64.785 0.0000000000
33948  -11.306  -46.881  63.485 0.0000000000
121973  -12.939  -45.399  62.966 0.0000000000
33931  -13.341  -46.206  65.867 0.0000000000
54207  -40.285  -24.538  43.349 0.0000000000
55059  -41.676  -23.757  46.358 0.0000000000
55055  -42.523  -23.386  46.749 0.0000000000
139281  -43.788  -19.792  45.495 0.0000000000
64094  -53.545  -13.861  36.934 0.0000000000
64095  -55.051  -13.005  35.778 0.0000000000
65903  -56.897  -11.472  35.273 0.0000000000
65931  -56.592  -11.604  32.515 0.0000000000
66799  -58.843  -10.794  34.582 0.0000000000
46214  -33.254  -32.739  51.659 0.0000000000
47063  -33.893  -32.713  51.067 0.0000000000
47077  -32.748  -32.587  50.124 0.0000000000
134142  -30.789  -33.701  51.926 0.0000000000
46213  -31.972  -32.897  51.590 0.0000000000
46196  -33.344  -33.043  52.465 0.0000000000
131112  -39.743  -27.761  43.666 0.0000000000
139635  -41.035  -27.922  44.974 0.0000000000
51562  -40.031  -27.418  43.157 0.0000000000
62186  -50.290  -15.079  39.271 0.0000000000
62155  -50.591  -15.938  40.626 0.0000000000
127029  -51.845  -15.506  41.123 0.0000000000
63066  -53.021  -14.701  40.980 0.0000000000
63092  -52.303  -13.942  39.350 0.0000000000
33090  -10.915  -47.604  64.601 0.0000000000
140353  -10.283  -48.243  65.470 0.0000000000
132106  -11.701  -47.994  66.666 0.0000000000
49727  -37.943  -29.457  49.417 0.0000000000
48829  -39.170  -29.743  50.895 0.0000000000
50608  -37.764  -28.652  49.248 0.0000000000
51470  -37.851  -27.956  49.113 0.0000000000
51481  -36.917  -27.682  48.163 0.0000000000
39726  -16.110  -40.360  65.931 0.0000000000
39763  -23.307  -41.505  63.374 0.0000000000
39747  -23.648  -41.843  64.806 0.0000000000
39748  -24.627  -42.218  64.843 0.0000000000
39731  -26.051  -42.272  65.924 0.0000000000
39749  -25.784  -42.277  64.992 0.0000000000
138012  -32.430  -37.757  59.289 0.0000000000
41590  -31.525  -38.744  59.427 0.0000000000
41578  -32.452  -38.326  60.483 0.0000000000
41555  -32.626  -38.693  62.487 0.0000000000
38827  -15.655  -41.468  62.747 0.0000000000
131945  -15.598  -41.263  64.512 0.0000000000
39725  -15.649  -40.989  66.044 0.0000000000
50556  -48.333  -28.444  55.235 0.0000000000
57743  -42.563  -20.931  40.350 0.0000000000
122402  -42.006  -21.322  41.566 0.0000000000
57733  -43.031  -20.302  41.668 0.0000000000
115840  -38.131  -33.809  55.037 0.0000000000
116854  -39.805  -33.809  54.870 0.0000000000
47039  -38.161  -33.389  53.478 0.0000000000
118471  -38.226  -32.948  50.883 0.0000000000
47099  -36.985  -32.669  49.576 0.0000000000
47100  -37.732  -32.334  49.323 0.0000000000
39803  -16.536  -40.672  60.742 0.0000000000
40662  -17.666  -40.275  61.592 0.0000000000
40674  -17.687  -40.062  60.549 0.0000000000
41586  -19.384  -39.688  59.278 0.0000000000
118952  -19.174  -39.923  60.060 0.0000000000
41587  -20.099  -40.020  59.367 0.0000000000
40664  -21.143  -40.598  61.542 0.0000000000
118179  -21.458  -40.506  59.950 0.0000000000
120022  -27.760  -38.276  51.821 0.0000000000
44346  -31.271  -35.639  53.952 0.0000000000
131991  -30.807  -36.313  54.006 0.0000000000
43401  -31.620  -36.379  55.447 0.0000000000
43387  -31.827  -36.782  56.320 0.0000000000
44322  -32.747  -35.690  56.201 0.0000000000
44294  -34.113  -35.882  57.714 0.0000000000
44323  -33.493  -35.338  56.424 0.0000000000
117640  -36.236  -33.942  54.688 0.0000000000
46124  -35.936  -34.312  56.032 0.0000000000
46144  -37.661  -34.021  55.505 0.0000000000
119737  -38.656  -34.036  56.893 0.0000000000
121880  -15.735  -41.207  59.562 0.0000000000
50589  -44.455  -28.577  51.127 0.0000000000
50590  -45.396  -28.221  51.051 0.0000000000
49720  -44.529  -28.757  49.753 0.0000000000
134212  -42.670  -27.500  46.467 0.0000000000
51485  -43.773  -27.613  48.279 0.0000000000
125126  -43.482  -26.493  48.411 0.0000000000
52356  -43.758  -25.834  48.901 0.0000000000
53269  -42.794  -25.542  47.324 0.0000000000
59597  -46.334  -18.356  40.075 0.0000000000
123895  -45.918  -18.791  41.118 0.0000000000
59583  -47.689  -18.123  41.314 0.0000000000
61236  -50.193  -17.098  44.272 0.0000000000
59618  -44.928  -18.663  37.305 0.0000000000
60477  -44.666  -17.787  36.030 0.0000000000
62223  -46.215  -16.051  35.937 0.0000000000
131095  -47.547  -15.625  36.248 0.0000000000
62214  -48.483  -15.429  37.739 0.0000000000
62242  -48.199  -15.482  35.967 0.0000000000
62243  -49.100  -15.377  36.110 0.0000000000
131975  -8.798  -48.796  66.408 0.0000000000
32168  -7.488  -49.471  68.072 0.0000000000
33019  -12.305  -47.473  72.633 0.0000000000
138844  -11.718  -48.044  71.068 0.0000000000
33013  -11.525  -47.930  73.051 0.0000000000
32138  -9.861  -49.321  73.201 0.0000000000
30249  -8.566  -50.102  72.846 0.0000000000
31215  -7.422  -49.948  71.930 0.0000000000
29292  -8.064  -50.664  72.500 0.0000000000
28364  -7.125  -51.778  71.425 0.0000000000
46186  -42.329  -33.583  53.272 0.0000000000
46166  -43.917  -33.527  54.782 0.0000000000
47040  -42.990  -32.936  52.971 0.0000000000
49686  -41.288  -29.369  53.027 0.0000000000
48800  -42.914  -30.382  53.577 0.0000000000
135599  -42.327  -29.412  53.878 0.0000000000
126988  -44.156  -29.194  54.593 0.0000000000
50574  -42.332  -28.776  53.490 0.0000000000
51432  -42.389  -28.283  52.828 0.0000000000
51430  -41.138  -28.126  52.124 0.0000000000
127033  -38.268  -27.047  47.746 0.0000000000
121212  -39.131  -27.232  48.713 0.0000000000
52378  -38.721  -27.096  47.574 0.0000000000
51510  -38.688  -27.705  45.931 0.0000000000
52405  -37.863  -27.374  45.587 0.0000000000
41542  -19.043  -39.643  63.784 0.0000000000
41523  -19.157  -39.048  65.662 0.0000000000
130782  -20.362  -39.843  65.367 0.0000000000
40756  -23.490  -40.103  56.046 0.0000000000
40739  -22.463  -39.994  56.957 0.0000000000
129055  -23.687  -40.496  57.701 0.0000000000
39820  -23.887  -40.976  59.841 0.0000000000
39821  -24.660  -40.892  59.151 0.0000000000
41664  -27.846  -39.313  54.988 0.0000000000
40771  -27.286  -39.803  55.408 0.0000000000
40761  -28.379  -39.500  56.166 0.0000000000
39795  -29.664  -41.100  60.853 0.0000000000
134571  -28.475  -40.975  59.427 0.0000000000
39794  -28.575  -41.355  60.674 0.0000000000
39793  -26.974  -41.465  61.305 0.0000000000
39779  -28.479  -41.474  62.125 0.0000000000
117200  -28.541  -41.248  63.981 0.0000000000
39766  -29.215  -41.026  63.702 0.0000000000
44278  -36.729  -35.334  59.731 0.0000000000
35832  -13.322  -44.696  62.446 0.0000000000
35797  -13.617  -44.764  64.194 0.0000000000
34865  -13.310  -45.513  64.397 0.0000000000
37814  -15.813  -42.530  68.240 0.0000000000
120520  -39.644  -23.875  41.437 0.0000000000
54206  -39.985  -24.650  42.612 0.0000000000
55093  -39.882  -23.960  42.249 0.0000000000
122825  -41.461  -22.048  44.347 0.0000000000
136926  -40.914  -23.022  44.924 0.0000000000
55942  -41.645  -22.534  45.977 0.0000000000
55054  -42.040  -23.302  46.788 0.0000000000
55928  -42.016  -22.530  46.647 0.0000000000
59534  -45.557  -18.801  44.398 0.0000000000
58623  -44.161  -19.641  43.905 0.0000000000
58617  -44.996  -19.102  46.302 0.0000000000
63151  -51.033  -14.865  34.957 0.0000000000
63124  -51.985  -14.535  36.655 0.0000000000
63152  -51.954  -14.442  34.928 0.0000000000
64102  -54.177  -13.448  35.455 0.0000000000
65015  -54.899  -12.788  34.389 0.0000000000
65008  -56.238  -11.963  35.565 0.0000000000
65016  -55.606  -12.342  34.184 0.0000000000
66836  -56.168  -10.906  30.254 0.0000000000
130927  -55.449  -11.120  30.572 0.0000000000
65941  -56.976  -11.316  31.679 0.0000000000
65923  -57.865  -11.144  33.469 0.0000000000
66816  -58.528  -10.595  32.919 0.0000000000
66817  -59.480  -10.106  33.149 0.0000000000
67711  -60.939  -9.237  31.748 0.0000000000
122896  -35.648  -33.242  53.223 0.0000000000
120611  -36.927  -33.074  52.858 0.0000000000
47049  -35.668  -32.974  52.531 0.0000000000
120655  -35.476  -32.828  50.744 0.0000000000
40712  -17.216  -40.004  58.996 0.0000000000
45301  -29.964  -34.634  51.792 0.0000000000
45302  -30.946  -34.483  52.798 0.0000000000
115951  -32.143  -34.672  54.070 0.0000000000
45267  -33.692  -34.433  55.220 0.0000000000
46156  -32.986  -33.905  53.848 0.0000000000
46179  -34.391  -33.560  53.471 0.0000000000
50646  -40.949  -28.608  47.013 0.0000000000
49740  -42.954  -29.004  48.047 0.0000000000
50647  -41.771  -28.580  46.690 0.0000000000
51514  -42.202  -27.612  45.994 0.0000000000
52406  -42.128  -26.905  45.564 0.0000000000
61289  -48.516  -16.554  39.815 0.0000000000
61265  -48.755  -17.437  41.205 0.0000000000
121963  -49.149  -16.948  40.874 0.0000000000
61257  -50.447  -16.761  42.334 0.0000000000
64065  -54.640  -13.272  39.534 0.0000000000
33066  -9.514  -48.552  66.319 0.0000000000
33056  -9.929  -48.870  67.942 0.0000000000
47084  -40.354  -32.057  50.515 0.0000000000
47941  -41.947  -31.683  52.048 0.0000000000
133134  -40.725  -30.886  51.472 0.0000000000
119843  -39.587  -29.400  51.576 0.0000000000
124005  -39.806  -28.919  51.871 0.0000000000
51445  -40.056  -27.932  51.181 0.0000000000
51459  -38.922  -27.811  50.206 0.0000000000
52354  -37.987  -27.547  48.697 0.0000000000
121753  -36.966  -27.173  46.736 0.0000000000
40639  -21.046  -40.392  63.311 0.0000000000
39727  -21.494  -40.428  65.666 0.0000000000
39728  -22.276  -41.034  65.382 0.0000000000
117395  -23.916  -42.096  66.362 0.0000000000
38795  -27.308  -41.825  67.246 0.0000000000
134480  -23.552  -39.956  55.247 0.0000000000
122847  -25.180  -40.683  56.408 0.0000000000
41644  -30.440  -38.481  56.920 0.0000000000
41623  -29.524  -39.473  57.495 0.0000000000
41589  -30.885  -39.214  59.001 0.0000000000
40679  -30.663  -40.117  60.073 0.0000000000
39782  -31.084  -40.524  62.194 0.0000000000
39768  -30.950  -40.435  63.247 0.0000000000
40654  -31.621  -39.969  62.699 0.0000000000
37895  -14.552  -42.753  61.118 0.0000000000
37889  -14.377  -42.913  61.873 0.0000000000
37852  -14.683  -42.738  64.910 0.0000000000
36803  -14.647  -43.119  66.420 0.0000000000
37839  -14.943  -42.371  66.270 0.0000000000
56865  -40.919  -22.224  41.246 0.0000000000
119592  -40.426  -22.866  42.233 0.0000000000
56858  -41.438  -21.752  41.978 0.0000000000
56848  -41.716  -21.556  42.930 0.0000000000
57703  -42.426  -20.937  44.416 0.0000000000
65027  -50.074  -12.644  33.561 0.0000000000
130319  -52.099  -13.893  34.209 0.0000000000
65028  -51.457  -12.828  33.243 0.0000000000
66837  -57.803  -10.419  30.294 0.0000000000
66838  -58.673  -9.841  31.279 0.0000000000
67734  -58.213  -9.339  29.408 0.0000000000
67735  -58.916  -8.466  30.166 0.0000000000
33917  -13.236  -47.069  67.166 0.0000000000
120750  -12.277  -47.893  67.982 0.0000000000
46131  -42.534  -33.772  56.874 0.0000000000
116345  -41.181  -33.900  55.686 0.0000000000
128635  -40.950  -33.859  53.816 0.0000000000
122755  -41.090  -33.645  52.661 0.0000000000
47052  -38.177  -33.284  52.614 0.0000000000
46215  -38.973  -33.429  51.990 0.0000000000
47068  -40.114  -32.761  50.919 0.0000000000
47102  -39.061  -32.074  49.729 0.0000000000
129399  -38.488  -30.903  49.142 0.0000000000
39760  -16.668  -40.429  63.297 0.0000000000
124902  -16.966  -39.951  63.939 0.0000000000
40635  -17.192  -40.163  62.999 0.0000000000
41540  -18.122  -39.879  62.930 0.0000000000
117761  -19.021  -40.063  62.847 0.0000000000
41573  -18.151  -39.777  60.137 0.0000000000
41562  -19.055  -40.305  61.877 0.0000000000
40651  -20.287  -40.305  62.826 0.0000000000
40652  -21.069  -40.521  62.435 0.0000000000
39776  -22.329  -41.148  62.575 0.0000000000
118882  -23.645  -41.506  62.079 0.0000000000
41703  -27.885  -38.795  53.288 0.0000000000
132347  -28.943  -38.455  54.438 0.0000000000
42573  -29.582  -37.033  52.564 0.0000000000
43412  -29.861  -37.440  53.965 0.0000000000
42516  -29.761  -38.213  55.354 0.0000000000
42489  -31.066  -38.094  57.149 0.0000000000
42491  -32.126  -37.241  57.929 0.0000000000
43350  -33.474  -37.166  59.801 0.0000000000
43339  -34.597  -36.810  60.563 0.0000000000
43363  -34.503  -36.414  58.950 0.0000000000
44296  -35.595  -35.475  58.418 0.0000000000
45223  -36.015  -34.839  57.842 0.0000000000
45252  -34.705  -34.610  56.258 0.0000000000
45238  -35.946  -34.513  57.221 0.0000000000
46090  -37.482  -34.366  57.882 0.0000000000
46107  -39.043  -33.793  57.921 0.0000000000
38841  -15.136  -42.154  61.107 0.0000000000
51419  -45.975  -27.557  53.852 0.0000000000
51436  -46.901  -27.177  53.160 0.0000000000
125860  -46.999  -26.595  51.619 0.0000000000
52348  -46.675  -26.186  50.963 0.0000000000
135167  -44.668  -28.332  49.396 0.0000000000
52358  -45.285  -26.492  49.963 0.0000000000
58686  -44.538  -19.425  39.536 0.0000000000
58655  -43.733  -19.921  41.242 0.0000000000
59581  -45.047  -19.151  41.161 0.0000000000
59558  -45.869  -18.868  42.672 0.0000000000
59535  -46.426  -18.460  44.548 0.0000000000
60417  -48.279  -17.911  43.051 0.0000000000
59547  -47.639  -18.087  43.647 0.0000000000
52472  -37.859  -26.801  40.196 0.0000000000
51591  -39.110  -26.668  41.418 0.0000000000
53385  -38.377  -26.016  40.179 0.0000000000
54223  -38.950  -24.263  40.190 0.0000000000
55108  -39.154  -23.624  39.952 0.0000000000
55996  -40.155  -22.333  39.859 0.0000000000
56882  -40.386  -21.962  39.325 0.0000000000
57759  -41.943  -21.310  39.128 0.0000000000
57779  -42.602  -20.836  38.838 0.0000000000
58701  -43.863  -20.249  38.607 0.0000000000
132986  -44.901  -19.123  38.951 0.0000000000
117452  -45.359  -18.642  38.776 0.0000000000
60454  -46.702  -17.159  38.594 0.0000000000
61323  -45.709  -16.708  36.219 0.0000000000
61312  -45.988  -17.031  36.934 0.0000000000
61300  -47.451  -16.410  38.572 0.0000000000
61301  -48.222  -15.896  38.754 0.0000000000
62202  -49.343  -15.114  38.445 0.0000000000
63106  -49.855  -14.719  38.076 0.0000000000
63108  -51.184  -14.225  38.098 0.0000000000
63115  -49.876  -14.939  37.397 0.0000000000
136231  -50.330  -15.121  35.396 0.0000000000
64112  -49.855  -14.127  34.206 0.0000000000
64122  -49.554  -13.290  33.856 0.0000000000
33047  -11.537  -48.222  68.514 0.0000000000
33046  -10.614  -48.651  68.645 0.0000000000
32162  -9.541  -49.165  69.490 0.0000000000
32144  -10.332  -48.809  72.906 0.0000000000
32149  -9.405  -49.041  71.818 0.0000000000
32161  -8.546  -49.295  69.608 0.0000000000
32152  -7.591  -49.447  70.354 0.0000000000
31221  -6.598  -50.255  70.636 0.0000000000
30262  -6.171  -50.851  70.975 0.0000000000
139608  -6.022  -51.801  70.840 0.0000000000
50554  -46.932  -28.528  55.445 0.0000000000
47026  -45.624  -32.248  54.989 0.0000000000
47942  -43.054  -31.356  53.004 0.0000000000
47914  -44.702  -31.362  53.925 0.0000000000
125745  -45.846  -29.731  55.258 0.0000000000
50553  -45.619  -28.726  55.271 0.0000000000
127012  -45.230  -28.018  54.329 0.0000000000
138165  -44.355  -28.030  53.363 0.0000000000
51449  -43.645  -28.194  52.081 0.0000000000
116885  -42.121  -28.998  50.225 0.0000000000
51461  -40.260  -27.763  50.806 0.0000000000
50609  -40.557  -27.978  50.220 0.0000000000
50619  -40.663  -28.395  49.088 0.0000000000
51512  -40.266  -28.222  46.572 0.0000000000
51526  -38.785  -27.859  44.989 0.0000000000
51560  -38.300  -27.822  43.106 0.0000000000
50631  -36.189  -28.086  47.210 0.0000000000
52374  -36.293  -27.337  46.734 0.0000000000
52386  -36.299  -27.152  46.171 0.0000000000
52403  -35.970  -26.933  45.267 0.0000000000
52424  -36.450  -27.196  44.454 0.0000000000
52443  -36.532  -27.482  43.665 0.0000000000
121981  -36.883  -28.043  41.938 0.0000000000
117598  -37.773  -27.773  41.732 0.0000000000
131376  -21.325  -40.292  66.482 0.0000000000
41603  -20.461  -39.685  57.922 0.0000000000
41621  -21.169  -39.722  57.381 0.0000000000
40714  -21.232  -40.012  58.197 0.0000000000
40678  -22.915  -40.820  60.007 0.0000000000
39805  -23.769  -41.168  60.724 0.0000000000
131848  -25.187  -41.791  61.947 0.0000000000
40783  -26.066  -39.845  54.420 0.0000000000
40758  -25.833  -40.340  55.800 0.0000000000
131165  -26.478  -40.737  57.277 0.0000000000
40720  -28.668  -40.384  58.214 0.0000000000
139595  -27.490  -40.778  58.093 0.0000000000
39831  -26.255  -40.980  58.649 0.0000000000
127364  -26.403  -41.129  60.106 0.0000000000
131750  -26.244  -41.740  61.820 0.0000000000
116357  -25.696  -42.099  62.650 0.0000000000
39751  -27.463  -41.660  64.472 0.0000000000
39734  -28.538  -41.061  65.723 0.0000000000
33947  -10.440  -47.068  63.373 0.0000000000
33938  -11.555  -47.084  64.294 0.0000000000
35852  -12.368  -44.955  61.218 0.0000000000
34892  -11.857  -45.549  61.663 0.0000000000
135661  -12.397  -46.002  63.184 0.0000000000
34864  -12.872  -46.250  64.507 0.0000000000
120395  -13.005  -46.779  65.951 0.0000000000
33918  -13.544  -46.413  67.113 0.0000000000
36791  -14.824  -43.535  67.936 0.0000000000
53358  -40.224  -26.294  42.729 0.0000000000
53320  -40.958  -25.616  44.096 0.0000000000
125059  -41.588  -25.337  45.277 0.0000000000
55087  -40.428  -23.598  43.599 0.0000000000
54193  -40.909  -24.167  45.063 0.0000000000
122947  -41.849  -25.183  45.974 0.0000000000
54171  -42.558  -24.713  46.828 0.0000000000
57724  -43.681  -19.918  42.319 0.0000000000
57704  -42.977  -20.378  44.523 0.0000000000
57691  -42.694  -20.808  45.375 0.0000000000
64078  -52.418  -13.740  38.576 0.0000000000
64087  -53.334  -13.653  37.847 0.0000000000
64088  -54.123  -13.400  38.156 0.0000000000
64101  -53.367  -13.947  35.501 0.0000000000
119324  -54.448  -13.393  36.560 0.0000000000
64995  -55.742  -12.488  37.748 0.0000000000
140037  -56.193  -12.076  37.125 0.0000000000
65888  -57.612  -11.258  37.484 0.0000000000
121102  -54.902  -12.337  32.805 0.0000000000
126660  -56.315  -11.820  33.981 0.0000000000
66789  -58.295  -10.956  35.198 0.0000000000
67698  -59.986  -9.436  32.537 0.0000000000
46229  -32.281  -32.638  50.865 0.0000000000
47062  -33.071  -32.611  50.905 0.0000000000
117415  -30.751  -33.129  51.074 0.0000000000
46228  -31.448  -32.841  50.954 0.0000000000
51561  -39.263  -27.712  43.167 0.0000000000
129661  -39.561  -27.395  42.699 0.0000000000
62187  -51.047  -14.789  39.522 0.0000000000
62173  -51.338  -15.296  40.406 0.0000000000
62174  -52.190  -14.942  40.650 0.0000000000
63079  -52.645  -14.300  40.125 0.0000000000
63091  -51.558  -14.161  39.006 0.0000000000
33068  -11.700  -47.752  65.906 0.0000000000
137517  -11.141  -48.178  66.202 0.0000000000
49738  -37.615  -29.452  48.771 0.0000000000
124437  -37.285  -28.151  48.739 0.0000000000
50618  -36.884  -28.361  48.234 0.0000000000
137795  -16.485  -39.997  65.840 0.0000000000
40610  -16.562  -40.161  65.059 0.0000000000
39764  -24.037  -41.886  63.877 0.0000000000
116362  -25.048  -42.221  64.121 0.0000000000
42452  -32.878  -37.741  59.983 0.0000000000
42440  -33.046  -38.001  60.988 0.0000000000
42441  -33.629  -37.494  61.676 0.0000000000
125975  -15.897  -40.807  65.132 0.0000000000
57744  -43.168  -20.363  40.651 0.0000000000
57732  -42.585  -20.848  41.180 0.0000000000
46145  -38.861  -33.783  54.844 0.0000000000
47024  -37.504  -33.440  53.907 0.0000000000
116051  -36.242  -32.719  49.378 0.0000000000
40692  -17.031  -40.274  60.058 0.0000000000
139515  -19.567  -39.965  59.723 0.0000000000
40694  -20.659  -40.391  60.054 0.0000000000
40695  -21.175  -40.264  59.169 0.0000000000
118637  -31.819  -35.171  54.161 0.0000000000
44347  -31.753  -35.702  54.684 0.0000000000
44333  -32.342  -35.546  55.372 0.0000000000
44321  -32.132  -36.098  56.050 0.0000000000
45251  -33.164  -35.004  55.587 0.0000000000
46160  -36.864  -33.640  54.271 0.0000000000
46143  -36.946  -33.973  55.083 0.0000000000
130860  -16.326  -40.708  60.062 0.0000000000
50599  -42.978  -29.154  50.389 0.0000000000
50600  -44.058  -28.975  50.384 0.0000000000
49719  -43.609  -29.140  49.656 0.0000000000
52390  -42.551  -26.803  46.229 0.0000000000
51499  -43.357  -27.220  47.620 0.0000000000
127863  -42.925  -26.698  47.001 0.0000000000
52379  -42.900  -26.079  47.987 0.0000000000
53286  -42.611  -25.965  46.684 0.0000000000
59582  -46.824  -18.443  40.924 0.0000000000
60436  -47.570  -17.945  40.592 0.0000000000
60402  -50.143  -17.292  45.382 0.0000000000
60476  -43.826  -18.034  35.763 0.0000000000
62241  -47.399  -15.474  35.603 0.0000000000
63134  -47.922  -15.122  35.043 0.0000000000
138881  -8.748  -49.136  67.048 0.0000000000
32176  -8.177  -49.303  67.514 0.0000000000
32175  -7.300  -49.319  67.087 0.0000000000
32169  -8.363  -49.388  68.463 0.0000000000
33014  -12.145  -47.567  73.428 0.0000000000
29300  -8.439  -51.355  72.225 0.0000000000
46202  -41.717  -33.447  52.630 0.0000000000
46203  -42.359  -33.108  52.597 0.0000000000
49687  -41.988  -29.402  53.638 0.0000000000
50573  -41.798  -28.915  53.285 0.0000000000
49674  -42.414  -29.129  53.766 0.0000000000
51415  -42.067  -28.526  53.091 0.0000000000
51414  -41.451  -28.495  52.712 0.0000000000
117783  -37.618  -27.118  46.874 0.0000000000
52377  -38.148  -27.076  47.206 0.0000000000
52388  -38.029  -27.193  46.498 0.0000000000
52404  -37.063  -27.170  45.603 0.0000000000
40637  -19.653  -39.688  64.224 0.0000000000
40623  -19.762  -39.397  65.256 0.0000000000
40624  -20.314  -39.930  64.626 0.0000000000
40741  -24.480  -40.702  57.216 0.0000000000
40740  -23.434  -40.259  56.916 0.0000000000
39829  -24.351  -40.722  58.263 0.0000000000
39830  -25.321  -40.909  58.538 0.0000000000
40772  -28.489  -39.117  55.424 0.0000000000
139476  -27.926  -39.542  55.627 0.0000000000
137017  -29.048  -41.301  60.709 0.0000000000
39780  -29.356  -41.192  62.783 0.0000000000
45192  -37.427  -34.851  60.270 0.0000000000
36813  -14.157  -43.930  66.232 0.0000000000
55102  -40.053  -23.305  41.849 0.0000000000
56836  -41.830  -21.845  45.295 0.0000000000
124469  -41.280  -22.580  45.074 0.0000000000
59522  -44.875  -18.981  45.237 0.0000000000
63138  -51.634  -14.782  35.771 0.0000000000
135796  -51.441  -14.266  34.365 0.0000000000
64127  -54.336  -12.908  33.904 0.0000000000
116106  -54.918  -12.583  33.614 0.0000000000
65949  -57.614  -10.805  31.044 0.0000000000
65948  -56.779  -11.147  30.857 0.0000000000
65932  -57.570  -11.225  32.624 0.0000000000
66824  -59.104  -9.806  32.367 0.0000000000
46198  -34.988  -33.213  52.977 0.0000000000
47048  -34.888  -32.910  52.177 0.0000000000
47078  -33.625  -32.642  50.266 0.0000000000
47064  -34.764  -32.811  51.306 0.0000000000
47079  -34.605  -32.749  50.376 0.0000000000
46210  -29.914  -33.850  51.414 0.0000000000
46194  -31.085  -33.793  52.344 0.0000000000
45309  -30.440  -34.031  52.090 0.0000000000
45294  -31.588  -34.737  53.559 0.0000000000
45295  -32.226  -34.099  53.688 0.0000000000
46178  -33.542  -33.539  53.237 0.0000000000
46180  -35.202  -33.581  53.687 0.0000000000
50633  -41.612  -28.883  47.508 0.0000000000
50660  -41.188  -28.367  46.149 0.0000000000
51548  -41.177  -27.511  44.550 0.0000000000
51529  -41.555  -27.782  45.380 0.0000000000
52428  -41.652  -26.908  44.834 0.0000000000
61279  -49.171  -16.492  40.245 0.0000000000
61267  -51.164  -16.328  42.125 0.0000000000
116593  -51.018  -16.614  43.071 0.0000000000
61258  -51.824  -16.233  42.875 0.0000000000
64051  -53.992  -13.521  39.978 0.0000000000
33067  -10.344  -48.353  66.137 0.0000000000
33077  -9.620  -48.301  65.433 0.0000000000
117522  -10.122  -48.519  67.041 0.0000000000
33055  -9.413  -48.846  67.062 0.0000000000
47961  -39.691  -31.608  50.121 0.0000000000
47950  -40.191  -31.042  50.837 0.0000000000
48845  -39.495  -30.645  50.395 0.0000000000
49718  -38.717  -29.368  50.490 0.0000000000
49709  -39.140  -29.034  51.101 0.0000000000
49697  -40.110  -29.310  52.205 0.0000000000
127712  -39.499  -28.849  51.489 0.0000000000
50586  -39.375  -28.582  51.112 0.0000000000
51482  -37.473  -27.729  48.585 0.0000000000
52366  -37.491  -27.404  48.117 0.0000000000
52376  -37.651  -27.166  47.497 0.0000000000
39761  -21.703  -40.692  63.802 0.0000000000
39745  -21.643  -40.553  64.724 0.0000000000
39746  -22.335  -41.068  64.349 0.0000000000
39730  -24.196  -42.153  65.597 0.0000000000
39729  -23.192  -41.663  65.698 0.0000000000
39713  -26.683  -42.085  66.551 0.0000000000
39714  -27.463  -41.664  66.525 0.0000000000
40768  -24.465  -40.026  54.975 0.0000000000
135504  -24.125  -40.184  55.669 0.0000000000
118752  -24.881  -40.349  55.689 0.0000000000
139421  -30.677  -38.525  57.538 0.0000000000
41604  -30.635  -38.927  58.164 0.0000000000
41577  -31.802  -38.975  60.371 0.0000000000
40701  -31.081  -39.462  59.809 0.0000000000
40680  -31.203  -39.875  60.578 0.0000000000
40666  -31.163  -40.319  61.347 0.0000000000
128573  -31.591  -40.031  61.910 0.0000000000
41554  -32.029  -39.374  62.127 0.0000000000
41544  -32.765  -38.598  63.515 0.0000000000
38834  -14.826  -42.419  61.720 0.0000000000
135260  -14.779  -42.471  62.417 0.0000000000
38817  -14.994  -42.117  63.675 0.0000000000
131342  -14.744  -42.793  65.677 0.0000000000
38806  -14.995  -42.167  65.447 0.0000000000
39706  -15.968  -40.568  66.888 0.0000000000
38787  -15.575  -41.283  66.930 0.0000000000
56872  -40.845  -22.058  40.273 0.0000000000
56866  -41.458  -21.756  41.042 0.0000000000
128765  -42.487  -20.864  42.024 0.0000000000
57722  -41.964  -21.263  42.266 0.0000000000
57712  -42.075  -21.142  43.643 0.0000000000
57713  -42.722  -20.700  43.577 0.0000000000
138698  -50.780  -12.873  33.532 0.0000000000
66852  -56.971  -10.611  29.720 0.0000000000
66867  -56.900  -10.085  28.997 0.0000000000
66853  -57.697  -10.068  29.524 0.0000000000
66868  -57.577  -9.680  28.918 0.0000000000
33911  -13.538  -47.064  68.491 0.0000000000
33881  -13.561  -46.547  73.357 0.0000000000
116348  -40.994  -33.598  57.589 0.0000000000
46130  -41.551  -33.832  56.707 0.0000000000
46129  -40.629  -33.870  56.626 0.0000000000
137892  -39.472  -33.765  54.180 0.0000000000
46147  -40.803  -33.878  54.706 0.0000000000
46163  -40.222  -33.854  54.007 0.0000000000
46184  -40.640  -33.789  53.203 0.0000000000
47050  -36.582  -32.970  52.134 0.0000000000
47051  -37.460  -33.099  52.334 0.0000000000
47067  -39.128  -32.991  51.023 0.0000000000
46216  -39.813  -33.305  51.662 0.0000000000
47083  -39.603  -32.413  50.276 0.0000000000
47968  -37.950  -31.467  48.743 0.0000000000
39774  -16.727  -40.528  62.430 0.0000000000
40649  -17.736  -40.129  62.556 0.0000000000
41551  -18.182  -40.245  61.997 0.0000000000
41552  -18.579  -40.166  62.419 0.0000000000
40693  -17.700  -39.802  59.705 0.0000000000
41584  -18.213  -39.598  59.389 0.0000000000
41576  -19.749  -40.240  60.310 0.0000000000
41575  -19.118  -40.186  60.905 0.0000000000
41563  -19.647  -40.341  61.365 0.0000000000
41553  -19.586  -40.288  62.343 0.0000000000
40665  -21.956  -40.893  61.193 0.0000000000
40653  -21.785  -40.915  62.077 0.0000000000
39777  -23.054  -41.385  62.687 0.0000000000
42571  -28.221  -38.262  52.449 0.0000000000
42554  -28.717  -38.203  53.193 0.0000000000
41704  -28.515  -38.600  53.949 0.0000000000
42535  -29.120  -38.018  53.911 0.0000000000
43444  -29.596  -36.267  52.080 0.0000000000
43429  -30.093  -36.247  52.853 0.0000000000
43413  -30.535  -36.956  54.450 0.0000000000
137406  -30.554  -37.340  54.968 0.0000000000
42537  -30.138  -37.634  54.799 0.0000000000
42517  -30.513  -37.676  55.531 0.0000000000
42501  -30.830  -37.919  56.389 0.0000000000
43386  -31.170  -37.177  55.941 0.0000000000
43375  -32.031  -37.032  57.125 0.0000000000
136092  -32.640  -37.062  58.300 0.0000000000
43361  -32.913  -37.199  59.058 0.0000000000
135808  -33.241  -36.721  58.308 0.0000000000
120724  -33.712  -36.788  59.017 0.0000000000
43362  -33.975  -36.330  58.291 0.0000000000
44310  -34.514  -35.380  57.375 0.0000000000
44295  -34.758  -35.851  58.144 0.0000000000
45222  -35.235  -35.162  57.636 0.0000000000
45206  -36.368  -35.108  58.800 0.0000000000
46140  -34.061  -34.083  54.840 0.0000000000
45268  -34.373  -34.336  55.534 0.0000000000
46125  -36.897  -34.238  56.041 0.0000000000
46104  -36.294  -34.363  56.790 0.0000000000
45239  -36.592  -34.481  57.514 0.0000000000
46091  -38.390  -34.107  58.354 0.0000000000
46106  -38.134  -34.165  57.392 0.0000000000
46127  -39.096  -33.972  56.455 0.0000000000
116792  -39.421  -33.888  57.244 0.0000000000
116349  -40.195  -33.731  57.426 0.0000000000
38848  -15.330  -41.676  60.351 0.0000000000
39789  -16.025  -41.075  62.034 0.0000000000
51434  -44.943  -27.872  52.765 0.0000000000
51435  -45.829  -27.533  52.909 0.0000000000
51451  -46.071  -27.671  51.182 0.0000000000
51464  -46.532  -27.008  51.300 0.0000000000
51463  -46.076  -27.064  50.590 0.0000000000
49730  -44.028  -28.763  49.122 0.0000000000
50621  -43.674  -28.595  48.392 0.0000000000
51486  -43.975  -26.836  49.078 0.0000000000
51474  -44.913  -27.547  49.535 0.0000000000
133698  -45.088  -25.702  49.618 0.0000000000
53256  -44.124  -25.467  48.635 0.0000000000
58670  -44.730  -19.224  40.291 0.0000000000
59571  -46.355  -18.744  41.877 0.0000000000
59545  -46.163  -18.731  43.547 0.0000000000
59546  -46.968  -18.424  43.630 0.0000000000
121606  -48.799  -17.673  42.090 0.0000000000
138624  -48.279  -17.817  41.506 0.0000000000
60409  -48.152  -17.905  44.105 0.0000000000
28369  -5.722  -52.318  70.143 0.0000000000
28368  -5.252  -52.173  69.782 0.0000000000
28376  -5.398  -52.633  69.594 0.0000000000
55116  -38.452  -24.049  39.363 0.0000000000
55994  -38.774  -23.316  39.216 0.0000000000
55995  -39.627  -22.939  39.843 0.0000000000
56881  -39.686  -22.279  39.133 0.0000000000
56902  -41.329  -21.347  38.703 0.0000000000
57778  -41.799  -21.005  38.299 0.0000000000
57780  -43.197  -20.463  38.197 0.0000000000
58716  -43.901  -20.056  37.739 0.0000000000
58702  -44.467  -19.647  38.590 0.0000000000
58717  -44.476  -19.356  37.578 0.0000000000
60466  -45.014  -18.103  36.701 0.0000000000
59607  -45.396  -18.448  38.024 0.0000000000
60445  -45.953  -17.934  38.458 0.0000000000
61324  -46.717  -16.159  36.523 0.0000000000
117439  -46.291  -16.504  36.557 0.0000000000
61313  -46.696  -16.496  37.174 0.0000000000
61299  -46.858  -16.621  37.982 0.0000000000
62200  -48.007  -15.746  38.107 0.0000000000
62226  -48.592  -15.442  36.944 0.0000000000
62215  -49.176  -15.154  37.761 0.0000000000
63089  -50.021  -14.821  38.619 0.0000000000
63116  -50.511  -14.536  37.774 0.0000000000
63135  -48.765  -15.124  35.236 0.0000000000
63136  -49.612  -15.154  35.337 0.0000000000
63150  -50.151  -14.813  34.705 0.0000000000
32167  -6.646  -49.617  67.556 0.0000000000
33038  -12.822  -47.706  69.669 0.0000000000
33048  -12.527  -47.840  68.765 0.0000000000
33037  -11.966  -48.105  69.512 0.0000000000
33026  -11.014  -48.402  71.235 0.0000000000
118446  -11.438  -48.307  70.338 0.0000000000
33035  -10.320  -48.935  69.473 0.0000000000
135531  -9.886  -49.068  70.105 0.0000000000
32139  -11.209  -48.639  73.483 0.0000000000
32142  -8.796  -49.406  72.395 0.0000000000
32143  -9.577  -49.153  72.643 0.0000000000
125431  -9.025  -49.122  71.083 0.0000000000
125724  -9.181  -49.152  70.311 0.0000000000
32153  -8.400  -49.210  70.748 0.0000000000
32147  -7.789  -49.453  71.403 0.0000000000
30257  -7.257  -50.659  72.068 0.0000000000
31222  -7.174  -49.803  71.105 0.0000000000
31214  -6.808  -50.413  71.488 0.0000000000
29297  -5.985  -51.395  70.860 0.0000000000
29298  -6.472  -51.683  71.177 0.0000000000
28372  -8.207  -51.983  70.843 0.0000000000
49652  -47.634  -29.519  55.590 0.0000000000
49663  -47.358  -28.876  55.517 0.0000000000
125841  -46.324  -28.751  55.438 0.0000000000
46132  -43.663  -33.609  57.174 0.0000000000
46149  -43.326  -33.795  55.819 0.0000000000
122756  -44.803  -32.934  54.860 0.0000000000
124895  -44.986  -32.143  54.134 0.0000000000
121267  -42.402  -31.273  52.548 0.0000000000
48786  -43.077  -29.907  54.115 0.0000000000
48801  -43.862  -30.838  53.597 0.0000000000
48788  -44.612  -30.470  54.267 0.0000000000
47915  -45.468  -31.228  54.493 0.0000000000
48775  -45.264  -30.062  54.839 0.0000000000
49677  -44.325  -29.584  54.674 0.0000000000
127317  -44.117  -28.802  54.327 0.0000000000
50564  -45.446  -28.328  54.872 0.0000000000
135300  -44.756  -28.464  54.528 0.0000000000
51402  -44.331  -28.308  53.977 0.0000000000
51448  -42.450  -28.133  52.178 0.0000000000
51433  -43.090  -28.203  52.807 0.0000000000
135170  -42.022  -28.560  51.200 0.0000000000
51460  -39.655  -27.727  50.476 0.0000000000
51473  -39.910  -27.556  50.199 0.0000000000
134894  -40.034  -27.598  49.615 0.0000000000
51484  -39.864  -27.718  48.688 0.0000000000
50632  -40.756  -28.591  48.014 0.0000000000
51497  -40.079  -28.068  47.555 0.0000000000
52426  -38.107  -27.733  44.690 0.0000000000
51545  -38.853  -27.888  43.971 0.0000000000
51494  -36.017  -27.654  46.851 0.0000000000
51509  -35.619  -27.492  46.153 0.0000000000
53300  -35.209  -26.714  44.886 0.0000000000
53318  -35.158  -26.671  44.400 0.0000000000
52423  -35.671  -27.077  43.967 0.0000000000
134814  -35.966  -27.554  43.197 0.0000000000
40622  -17.542  -39.572  64.099 0.0000000000
40611  -17.240  -39.599  64.832 0.0000000000
41521  -17.851  -39.299  64.639 0.0000000000
40612  -19.555  -39.255  66.373 0.0000000000
131115  -21.904  -40.791  66.330 0.0000000000
117862  -22.852  -40.277  57.691 0.0000000000
41622  -21.737  -39.710  56.943 0.0000000000
40738  -21.938  -40.035  57.610 0.0000000000
40696  -22.167  -40.533  59.535 0.0000000000
40697  -23.079  -40.630  59.212 0.0000000000
131722  -24.362  -41.463  61.437 0.0000000000
131834  -25.371  -41.448  61.158 0.0000000000
41684  -26.535  -39.477  53.761 0.0000000000
40760  -27.584  -39.894  56.157 0.0000000000
40770  -26.420  -39.964  55.219 0.0000000000
40759  -26.738  -40.127  55.993 0.0000000000
123790  -26.160  -40.575  56.539 0.0000000000
117760  -29.406  -39.967  58.269 0.0000000000
119033  -28.795  -39.969  57.593 0.0000000000
39824  -27.594  -41.036  59.361 0.0000000000
39833  -28.070  -40.815  58.607 0.0000000000
39832  -27.156  -40.947  58.669 0.0000000000
39823  -26.703  -41.025  59.367 0.0000000000
117302  -27.365  -41.623  62.014 0.0000000000
116356  -26.835  -41.881  62.931 0.0000000000
116360  -26.979  -41.888  63.905 0.0000000000
116312  -28.169  -41.342  64.665 0.0000000000
40640  -31.118  -40.018  64.135 0.0000000000
39767  -30.467  -40.372  64.174 0.0000000000
40626  -30.843  -39.844  64.997 0.0000000000
44261  -35.359  -36.424  60.811 0.0000000000
118538  -10.879  -47.250  63.956 0.0000000000
36859  -13.500  -43.942  61.362 0.0000000000
118717  -13.535  -44.120  62.055 0.0000000000
35853  -13.083  -44.576  61.631 0.0000000000
35831  -12.681  -45.219  62.028 0.0000000000
34881  -12.186  -45.806  62.471 0.0000000000
34859  -13.330  -45.866  65.151 0.0000000000
33930  -12.923  -46.564  65.303 0.0000000000
33924  -13.294  -46.600  66.512 0.0000000000
34855  -13.665  -45.784  66.566 0.0000000000
139601  -14.922  -42.496  66.974 0.0000000000
37827  -14.889  -42.955  67.403 0.0000000000
52332  -48.901  -26.251  52.755 0.0000000000
53370  -39.498  -25.749  41.522 0.0000000000
124457  -39.733  -26.436  42.082 0.0000000000
53343  -40.267  -25.385  42.994 0.0000000000
138293  -40.599  -25.239  43.586 0.0000000000
53321  -41.491  -25.980  44.659 0.0000000000
124364  -41.087  -25.004  44.870 0.0000000000
55976  -40.689  -22.688  43.005 0.0000000000
55094  -40.207  -23.387  42.674 0.0000000000
55067  -41.153  -23.354  45.617 0.0000000000
55078  -40.772  -23.545  44.623 0.0000000000
54183  -41.397  -24.450  45.690 0.0000000000
54177  -41.845  -24.463  46.368 0.0000000000
53268  -42.259  -25.065  46.656 0.0000000000
117053  -42.304  -23.958  46.732 0.0000000000
54172  -42.781  -24.364  46.758 0.0000000000
58631  -44.090  -19.715  43.086 0.0000000000
128308  -44.233  -19.446  44.873 0.0000000000
136537  -43.626  -19.916  44.630 0.0000000000
57692  -43.195  -20.173  45.534 0.0000000000
64077  -51.820  -13.943  38.425 0.0000000000
131851  -51.761  -14.013  38.001 0.0000000000
63125  -52.786  -14.274  36.786 0.0000000000
64093  -52.876  -13.959  37.532 0.0000000000
115984  -54.060  -13.514  37.428 0.0000000000
64100  -52.755  -14.012  34.824 0.0000000000
64125  -52.865  -13.519  34.035 0.0000000000
65000  -54.847  -13.136  37.524 0.0000000000
65001  -55.477  -12.702  36.709 0.0000000000
132052  -56.879  -11.536  36.920 0.0000000000
65895  -56.902  -11.432  36.070 0.0000000000
65896  -57.821  -11.053  36.585 0.0000000000
65904  -57.657  -11.105  35.698 0.0000000000
65930  -55.905  -11.700  31.762 0.0000000000
65049  -54.883  -12.038  31.868 0.0000000000
65043  -55.737  -12.007  32.567 0.0000000000
65032  -55.662  -12.185  33.379 0.0000000000
65033  -56.396  -11.757  33.244 0.0000000000
65913  -57.920  -11.088  34.365 0.0000000000
66790  -58.996  -10.780  35.390 0.0000000000
67709  -59.742  -9.079  31.873 0.0000000000
67710  -60.418  -9.111  32.020 0.0000000000
47047  -34.051  -32.824  51.906 0.0000000000
46211  -30.512  -33.587  51.487 0.0000000000
46212  -31.180  -33.329  51.688 0.0000000000
46195  -31.819  -33.426  52.293 0.0000000000
46177  -32.577  -33.606  52.943 0.0000000000
122196  -32.580  -32.985  52.099 0.0000000000
51546  -39.711  -27.924  44.391 0.0000000000
134353  -40.521  -27.914  44.701 0.0000000000
51547  -40.538  -27.544  43.857 0.0000000000
52445  -40.526  -26.953  43.208 0.0000000000
62172  -49.887  -15.854  39.892 0.0000000000
62156  -51.257  -15.953  41.245 0.0000000000
62157  -52.506  -15.312  41.506 0.0000000000
63067  -53.904  -14.415  41.368 0.0000000000
63080  -53.510  -14.061  40.455 0.0000000000
64050  -53.115  -13.790  39.622 0.0000000000
33937  -10.103  -47.510  64.078 0.0000000000
117084  -10.229  -48.058  64.875 0.0000000000
33078  -10.930  -48.039  65.442 0.0000000000
117797  -10.963  -48.366  66.885 0.0000000000
48860  -38.370  -30.004  49.784 0.0000000000
48844  -38.915  -30.144  50.255 0.0000000000
49717  -38.241  -28.979  49.975 0.0000000000
50597  -38.334  -28.205  49.785 0.0000000000
120129  -23.102  -41.482  64.079 0.0000000000
132507  -22.893  -41.420  64.842 0.0000000000
119645  -25.183  -42.315  65.689 0.0000000000
39712  -25.674  -42.351  66.510 0.0000000000
42464  -31.906  -38.106  59.001 0.0000000000
41591  -32.119  -38.222  59.777 0.0000000000
41565  -32.410  -38.714  61.364 0.0000000000
42429  -33.200  -38.120  62.916 0.0000000000
38807  -15.435  -41.502  65.280 0.0000000000
57731  -42.059  -21.386  40.761 0.0000000000
57723  -42.934  -20.449  42.633 0.0000000000
46146  -39.350  -33.888  55.712 0.0000000000
116346  -40.238  -33.858  55.690 0.0000000000
46182  -38.842  -33.615  53.852 0.0000000000
137479  -36.016  -32.868  50.930 0.0000000000
47066  -37.438  -32.980  51.410 0.0000000000
118039  -36.343  -32.813  50.277 0.0000000000
47081  -37.569  -32.823  50.249 0.0000000000
47101  -38.348  -32.410  49.682 0.0000000000
40661  -17.093  -40.418  61.781 0.0000000000
40673  -17.137  -40.405  61.032 0.0000000000
122424  -18.804  -39.500  58.966 0.0000000000
41585  -18.703  -39.682  59.722 0.0000000000
40675  -20.428  -40.435  60.964 0.0000000000
40676  -21.291  -40.579  60.683 0.0000000000
40677  -22.115  -40.711  60.361 0.0000000000
44361  -30.680  -35.913  53.420 0.0000000000
43414  -31.165  -36.341  54.607 0.0000000000
43388  -32.435  -36.382  56.699 0.0000000000
44308  -33.112  -35.973  56.950 0.0000000000
43377  -33.505  -36.214  57.655 0.0000000000
44309  -33.812  -35.613  57.145 0.0000000000
45236  -34.240  -35.063  56.688 0.0000000000
46159  -35.448  -33.920  54.445 0.0000000000
46142  -35.645  -34.169  55.252 0.0000000000
136397  -36.341  -34.159  55.418 0.0000000000
46126  -37.853  -34.153  56.439 0.0000000000
116611  -38.500  -33.978  55.840 0.0000000000
39802  -15.951  -41.080  60.538 0.0000000000
116880  -45.645  -27.790  51.933 0.0000000000
50601  -45.026  -28.580  50.328 0.0000000000
51498  -42.996  -27.880  46.942 0.0000000000
136045  -43.198  -25.808  48.416 0.0000000000
53254  -42.963  -25.616  48.083 0.0000000000
59596  -45.790  -18.406  39.404 0.0000000000
134417  -46.153  -18.586  40.607 0.0000000000
59572  -47.204  -18.492  41.961 0.0000000000
60411  -49.586  -17.350  43.505 0.0000000000
60418  -49.044  -17.586  42.946 0.0000000000
116982  -49.465  -17.456  44.536 0.0000000000
64987  -57.128  -11.724  38.767 0.0000000000
137206  -44.406  -19.045  37.002 0.0000000000
59632  -44.328  -18.610  36.451 0.0000000000
62224  -46.980  -15.784  36.107 0.0000000000
61325  -47.307  -15.890  36.844 0.0000000000
62213  -47.920  -15.637  37.360 0.0000000000
62225  -47.902  -15.587  36.684 0.0000000000
32160  -7.616  -49.544  69.158 0.0000000000
33896  -12.874  -47.168  71.787 0.0000000000
115973  -12.313  -47.710  71.413 0.0000000000
33018  -11.429  -47.995  72.049 0.0000000000
33017  -10.716  -48.485  71.995 0.0000000000
31210  -9.030  -49.601  72.914 0.0000000000
31209  -8.445  -49.744  72.644 0.0000000000
31216  -8.075  -49.596  72.195 0.0000000000
31208  -7.938  -50.090  72.455 0.0000000000
117130  -6.927  -51.264  71.737 0.0000000000
29299  -7.537  -51.256  72.047 0.0000000000
28365  -7.945  -51.771  71.466 0.0000000000
46165  -42.421  -33.855  54.332 0.0000000000
116458  -43.100  -33.846  54.801 0.0000000000
46187  -43.278  -33.384  53.852 0.0000000000
47041  -43.694  -32.589  53.293 0.0000000000
48798  -41.174  -29.875  52.838 0.0000000000
48815  -42.345  -30.451  53.169 0.0000000000
48799  -41.733  -29.824  53.327 0.0000000000
49688  -42.317  -29.762  53.875 0.0000000000
49675  -42.746  -29.450  54.027 0.0000000000
49676  -43.504  -29.484  54.335 0.0000000000
50562  -43.277  -29.122  54.059 0.0000000000
51416  -42.754  -28.508  53.370 0.0000000000
51431  -41.806  -28.218  52.477 0.0000000000
51447  -41.433  -28.015  51.857 0.0000000000
52355  -38.612  -27.360  48.795 0.0000000000
52368  -38.686  -27.044  48.200 0.0000000000
51496  -39.370  -27.703  47.143 0.0000000000
52389  -38.689  -27.380  46.816 0.0000000000
41531  -18.481  -39.348  64.263 0.0000000000
41532  -19.103  -39.233  64.746 0.0000000000
40613  -20.135  -39.604  65.942 0.0000000000
39696  -22.800  -41.631  67.700 0.0000000000
132837  -22.830  -39.977  56.361 0.0000000000
40716  -23.354  -40.506  58.402 0.0000000000
40698  -23.871  -40.708  58.975 0.0000000000
127231  -24.873  -41.046  59.868 0.0000000000
41685  -27.827  -39.023  54.227 0.0000000000
40784  -27.062  -39.583  54.531 0.0000000000
39810  -29.917  -40.613  59.946 0.0000000000
40699  -28.931  -40.565  58.839 0.0000000000
137032  -29.217  -40.770  59.480 0.0000000000
39809  -29.013  -41.153  60.151 0.0000000000
130746  -27.985  -41.267  60.169 0.0000000000
123103  -27.107  -41.274  60.601 0.0000000000
117301  -27.910  -41.471  61.151 0.0000000000
116359  -27.747  -41.582  63.685 0.0000000000
39765  -28.514  -41.369  63.161 0.0000000000
132504  -29.769  -40.676  64.226 0.0000000000
36849  -13.806  -43.894  62.840 0.0000000000
128018  -13.522  -44.699  63.318 0.0000000000
34871  -13.253  -45.245  63.724 0.0000000000
34870  -12.857  -45.854  63.750 0.0000000000
121119  -13.620  -45.549  65.769 0.0000000000
38760  -15.658  -42.127  68.036 0.0000000000
127214  -15.417  -42.786  68.161 0.0000000000
54211  -39.596  -24.718  41.758 0.0000000000
53357  -39.938  -25.549  42.241 0.0000000000
55086  -40.050  -23.986  42.950 0.0000000000
55954  -40.892  -22.751  44.168 0.0000000000
136234  -41.695  -23.070  46.388 0.0000000000
58633  -45.339  -18.956  43.422 0.0000000000
58632  -44.677  -19.361  43.261 0.0000000000
58624  -44.772  -19.110  44.163 0.0000000000
58616  -44.270  -19.413  45.942 0.0000000000
117605  -51.271  -14.786  36.556 0.0000000000
63139  -52.579  -14.409  35.783 0.0000000000
64115  -54.211  -13.153  34.559 0.0000000000
65006  -54.772  -13.014  35.046 0.0000000000
116855  -55.714  -12.494  35.892 0.0000000000
65007  -55.512  -12.537  35.078 0.0000000000
65017  -56.245  -11.905  34.760 0.0000000000
66835  -55.192  -10.674  29.996 0.0000000000
65947  -56.059  -11.329  31.016 0.0000000000
139487  -57.086  -11.460  33.151 0.0000000000
66807  -58.724  -10.663  33.770 0.0000000000
66808  -59.400  -10.520  33.909 0.0000000000
67723  -60.388  -8.602  31.519 0.0000000000
47023  -36.849  -33.282  53.523 0.0000000000
47037  -36.281  -33.081  53.046 0.0000000000
129540  -35.703  -32.884  51.564 0.0000000000
41601  -19.388  -39.499  58.474 0.0000000000
119778  -19.841  -39.533  58.029 0.0000000000
44391  -29.072  -35.176  50.956 0.0000000000
44383  -29.499  -35.489  51.499 0.0000000000
137057  -30.432  -34.804  52.292 0.0000000000
44372  -30.545  -35.358  52.795 0.0000000000
45293  -30.997  -35.214  53.313 0.0000000000
45266  -32.767  -34.932  54.956 0.0000000000
45279  -32.733  -34.441  54.373 0.0000000000
45280  -33.375  -34.133  54.590 0.0000000000
46157  -33.813  -33.883  54.054 0.0000000000
46158  -34.624  -33.902  54.258 0.0000000000
46181  -36.081  -33.472  53.837 0.0000000000
50620  -41.492  -29.005  48.445 0.0000000000
49728  -42.377  -29.311  48.683 0.0000000000
49739  -42.217  -29.101  47.929 0.0000000000
50634  -42.513  -28.681  47.239 0.0000000000
51513  -41.791  -28.183  46.137 0.0000000000
50648  -42.369  -28.237  46.481 0.0000000000
60447  -47.880  -17.266  40.045 0.0000000000
115726  -48.161  -17.666  40.839 0.0000000000
61278  -48.622  -17.091  40.490 0.0000000000
60425  -49.389  -17.169  41.527 0.0000000000
61280  -49.811  -16.521  40.908 0.0000000000
137086  -49.982  -16.847  41.737 0.0000000000
121215  -50.283  -16.990  43.226 0.0000000000
121101  -50.831  -16.873  43.912 0.0000000000
63068  -54.880  -14.152  41.766 0.0000000000
64958  -55.705  -12.952  39.955 0.0000000000
64985  -55.302  -12.894  39.180 0.0000000000
33089  -9.392  -47.962  64.542 0.0000000000
116379  -8.801  -48.471  65.692 0.0000000000
47069  -40.797  -32.418  51.128 0.0000000000
47952  -41.398  -32.115  51.500 0.0000000000
47951  -40.854  -31.678  51.100 0.0000000000
47940  -41.305  -31.242  51.736 0.0000000000
48813  -40.927  -30.333  52.180 0.0000000000
48830  -39.692  -30.141  51.117 0.0000000000
132501  -40.132  -30.071  51.839 0.0000000000
49698  -40.629  -29.618  52.549 0.0000000000
132596  -40.612  -29.151  52.638 0.0000000000
49685  -40.348  -28.710  52.234 0.0000000000
51429  -40.508  -28.243  51.815 0.0000000000
50587  -39.839  -28.436  51.531 0.0000000000
51444  -39.432  -28.104  50.877 0.0000000000
51471  -38.468  -27.693  49.397 0.0000000000
52367  -38.138  -27.161  48.158 0.0000000000
40625  -21.025  -40.248  64.194 0.0000000000
40614  -20.946  -40.141  65.084 0.0000000000
122982  -22.536  -41.234  66.220 0.0000000000
39710  -23.034  -41.679  66.714 0.0000000000
39697  -23.722  -42.161  67.224 0.0000000000
40757  -24.236  -40.424  56.320 0.0000000000
41643  -29.732  -38.938  56.815 0.0000000000
41642  -28.958  -39.464  56.837 0.0000000000
41624  -30.157  -38.950  57.498 0.0000000000
40721  -29.977  -39.381  58.020 0.0000000000
40722  -30.185  -39.627  58.648 0.0000000000
130104  -30.420  -39.900  59.412 0.0000000000
39811  -30.579  -40.578  60.694 0.0000000000
39796  -30.438  -40.857  61.549 0.0000000000
39781  -30.272  -40.913  62.495 0.0000000000
40641  -31.639  -39.756  63.667 0.0000000000
41543  -32.159  -39.255  63.105 0.0000000000
41533  -32.231  -39.071  64.154 0.0000000000
37901  -14.169  -43.112  60.548 0.0000000000
37894  -14.035  -43.351  61.227 0.0000000000
36850  -14.295  -43.097  62.655 0.0000000000
36814  -14.351  -43.482  65.414 0.0000000000
131172  -15.287  -41.713  66.142 0.0000000000
38786  -15.137  -41.905  67.003 0.0000000000
38771  -15.610  -41.672  67.653 0.0000000000
55989  -40.316  -22.569  40.608 0.0000000000
55983  -40.401  -22.724  41.496 0.0000000000
56857  -40.846  -22.361  42.106 0.0000000000
55977  -41.185  -22.065  42.691 0.0000000000
132656  -41.704  -21.656  43.739 0.0000000000
57702  -41.939  -21.443  44.400 0.0000000000
56837  -42.198  -21.223  45.070 0.0000000000
64123  -50.384  -13.436  33.857 0.0000000000
64124  -51.288  -13.566  33.814 0.0000000000
65029  -52.153  -13.326  33.547 0.0000000000
66851  -55.938  -10.399  29.388 0.0000000000
132585  -57.087  -10.875  30.390 0.0000000000
66854  -58.469  -9.525  30.253 0.0000000000
67744  -57.960  -9.101  28.688 0.0000000000
33923  -12.811  -47.149  66.467 0.0000000000
33059  -12.443  -47.627  67.161 0.0000000000
33910  -13.080  -47.457  68.035 0.0000000000
33049  -13.229  -47.412  68.959 0.0000000000
33889  -13.178  -46.773  72.665 0.0000000000
135337  -41.658  -33.907  54.853 0.0000000000
46164  -41.617  -33.872  54.003 0.0000000000
46185  -41.430  -33.759  53.213 0.0000000000
125208  -41.141  -33.303  52.119 0.0000000000
47038  -37.506  -33.207  53.139 0.0000000000
46199  -38.893  -33.532  52.925 0.0000000000
115831  -38.209  -33.162  51.706 0.0000000000
46200  -39.566  -33.600  52.394 0.0000000000
46201  -40.384  -33.601  52.357 0.0000000000
46217  -40.585  -33.048  51.605 0.0000000000
46218  -41.160  -32.714  51.662 0.0000000000
47969  -38.473  -31.754  49.286 0.0000000000
48859  -38.038  -30.315  48.929 0.0000000000
40636  -17.618  -39.812  63.392 0.0000000000
40648  -17.322  -40.314  62.288 0.0000000000
41541  -18.521  -39.752  63.340 0.0000000000
40650  -19.581  -40.060  63.295 0.0000000000
41574  -18.629  -39.966  60.516 0.0000000000
41561  -18.618  -40.230  61.434 0.0000000000
39775  -21.719  -40.785  62.934 0.0000000000
39778  -23.874  -41.676  62.902 0.0000000000
41730  -27.036  -38.530  51.617 0.0000000000
41718  -27.440  -38.724  52.408 0.0000000000
41686  -28.469  -38.875  54.679 0.0000000000
41687  -29.080  -38.626  55.070 0.0000000000
43443  -29.094  -36.983  51.885 0.0000000000
42555  -29.408  -37.604  53.185 0.0000000000
43430  -30.345  -36.676  53.636 0.0000000000
130425  -29.906  -37.044  53.214 0.0000000000
42536  -29.487  -38.069  54.587 0.0000000000
42500  -30.065  -38.332  56.173 0.0000000000
42475  -31.077  -38.167  57.922 0.0000000000
42502  -31.453  -37.479  56.725 0.0000000000
42490  -31.595  -37.657  57.524 0.0000000000
42476  -31.721  -37.866  58.272 0.0000000000
42477  -32.294  -37.526  58.639 0.0000000000
118563  -33.951  -37.097  60.368 0.0000000000
43351  -34.231  -36.842  59.720 0.0000000000
44276  -35.093  -36.410  59.767 0.0000000000
134059  -35.180  -36.013  58.906 0.0000000000
44277  -35.888  -35.793  59.400 0.0000000000
45207  -37.173  -34.803  59.279 0.0000000000
124933  -33.973  -34.803  55.924 0.0000000000
46123  -35.114  -34.328  55.838 0.0000000000
45253  -35.467  -34.472  56.659 0.0000000000
124016  -35.518  -34.717  57.252 0.0000000000
45224  -36.865  -34.653  58.337 0.0000000000
46108  -39.875  -33.574  58.055 0.0000000000
37902  -14.648  -42.483  60.215 0.0000000000
38842  -15.667  -41.441  61.218 0.0000000000
39759  -16.172  -40.957  63.041 0.0000000000
51420  -46.925  -27.452  54.094 0.0000000000
51452  -46.544  -27.232  52.054 0.0000000000
130819  -47.442  -26.573  52.339 0.0000000000
53225  -47.455  -25.855  51.458 0.0000000000
49729  -43.264  -29.205  48.857 0.0000000000
50612  -45.249  -28.309  49.825 0.0000000000
50622  -44.306  -28.022  48.866 0.0000000000
50613  -45.585  -27.665  50.026 0.0000000000
53235  -46.024  -25.893  50.193 0.0000000000
53245  -44.485  -25.556  49.155 0.0000000000
58669  -44.019  -19.845  40.288 0.0000000000
136382  -44.368  -19.531  40.929 0.0000000000
58656  -44.383  -19.580  41.674 0.0000000000
58657  -44.938  -19.300  41.956 0.0000000000
59570  -45.533  -18.957  41.895 0.0000000000
58644  -45.140  -19.136  42.605 0.0000000000
60424  -47.946  -18.049  42.115 0.0000000000
59560  -47.472  -18.326  42.839 0.0000000000
59536  -47.350  -18.026  44.610 0.0000000000
30261  -5.635  -51.257  70.308 0.0000000000
51590  -38.623  -27.390  41.714 0.0000000000
51577  -39.377  -27.133  42.137 0.0000000000
139030  -38.603  -27.054  41.197 0.0000000000
53369  -38.953  -25.892  40.864 0.0000000000
54215  -38.777  -25.098  40.380 0.0000000000
54216  -39.209  -24.437  40.981 0.0000000000
55109  -39.401  -23.783  40.673 0.0000000000
139894  -39.548  -23.391  40.367 0.0000000000
56901  -40.649  -21.535  38.636 0.0000000000
56883  -41.221  -21.657  39.479 0.0000000000
57742  -41.977  -21.389  39.952 0.0000000000
136592  -42.451  -21.051  39.619 0.0000000000
126536  -42.928  -20.627  39.779 0.0000000000
57760  -43.377  -20.479  39.131 0.0000000000
58685  -44.050  -20.095  39.372 0.0000000000
59595  -45.112  -18.908  39.549 0.0000000000
59606  -44.969  -19.010  38.207 0.0000000000
60446  -46.545  -17.857  39.287 0.0000000000
61322  -44.960  -16.960  35.844 0.0000000000
60478  -45.378  -17.451  36.474 0.0000000000
60468  -46.295  -17.183  37.755 0.0000000000
60455  -47.233  -17.134  39.326 0.0000000000
61288  -47.934  -16.513  39.318 0.0000000000
135534  -48.495  -16.064  39.253 0.0000000000
62201  -48.673  -15.407  38.308 0.0000000000
62185  -49.542  -15.352  39.070 0.0000000000
63090  -50.750  -14.544  38.816 0.0000000000
137998  -51.192  -14.271  38.482 0.0000000000
63107  -50.566  -14.497  38.305 0.0000000000
63123  -50.594  -14.845  36.937 0.0000000000
62227  -49.969  -15.231  36.278 0.0000000000
63137  -50.838  -15.134  35.957 0.0000000000
33058  -11.622  -48.142  67.497 0.0000000000
33036  -11.077  -48.508  69.463 0.0000000000
33045  -9.984  -49.041  68.820 0.0000000000
32170  -9.261  -49.240  68.670 0.0000000000
33007  -11.776  -47.974  73.658 0.0000000000
33012  -10.838  -48.415  72.646 0.0000000000
33011  -10.167  -48.758  72.303 0.0000000000
33016  -10.248  -48.741  71.469 0.0000000000
125719  -9.721  -49.007  70.864 0.0000000000
137246  -7.072  -49.779  70.480 0.0000000000
140240  -5.664  -51.521  70.467 0.0000000000
29308  -5.702  -51.860  70.480 0.0000000000
28362  -6.153  -52.206  70.664 0.0000000000
28363  -6.737  -52.165  70.955 0.0000000000
50547  -47.927  -28.989  55.485 0.0000000000
50555  -47.620  -28.396  55.358 0.0000000000
46150  -44.357  -33.465  55.904 0.0000000000
47054  -42.650  -32.263  52.447 0.0000000000
47055  -43.305  -32.244  52.848 0.0000000000
47926  -43.720  -31.799  53.132 0.0000000000
47927  -44.329  -31.940  53.488 0.0000000000
48777  -46.672  -29.999  55.506 0.0000000000
49661  -46.018  -29.190  55.446 0.0000000000
49660  -45.067  -29.214  55.157 0.0000000000
51389  -46.360  -28.223  55.179 0.0000000000
51418  -45.066  -27.844  53.585 0.0000000000
125356  -44.021  -28.022  52.763 0.0000000000
51417  -43.619  -28.309  53.408 0.0000000000
50588  -43.285  -28.710  51.279 0.0000000000
51446  -40.725  -28.004  51.454 0.0000000000
124880  -41.371  -28.532  50.509 0.0000000000
50610  -41.561  -28.974  49.536 0.0000000000
51511  -39.475  -27.977  46.226 0.0000000000
51527  -39.612  -28.006  45.300 0.0000000000
51576  -38.241  -27.724  42.314 0.0000000000
125845  -36.596  -28.692  47.561 0.0000000000
137006  -36.543  -27.980  47.808 0.0000000000
51495  -36.458  -27.605  47.437 0.0000000000
53284  -36.559  -27.099  45.855 0.0000000000
134710  -36.470  -27.069  45.196 0.0000000000
53319  -35.803  -26.854  44.761 0.0000000000
52425  -37.241  -27.378  44.838 0.0000000000
52444  -37.078  -27.512  44.069 0.0000000000
51559  -37.351  -27.809  43.345 0.0000000000
121901  -35.836  -27.944  42.302 0.0000000000
132385  -36.694  -27.887  42.831 0.0000000000
51575  -37.543  -27.867  42.534 0.0000000000
120097  -17.557  -39.251  65.629 0.0000000000
41522  -18.399  -39.034  65.420 0.0000000000
118885  -20.778  -39.961  66.036 0.0000000000
41588  -20.550  -39.902  58.645 0.0000000000
39804  -22.884  -41.058  60.817 0.0000000000
132076  -23.366  -41.000  60.343 0.0000000000
39792  -23.471  -41.300  61.368 0.0000000000
132023  -24.464  -41.778  62.309 0.0000000000
40782  -25.071  -39.909  54.214 0.0000000000
40769  -25.465  -40.053  55.079 0.0000000000
40742  -25.552  -40.844  57.176 0.0000000000
40744  -28.007  -39.943  56.996 0.0000000000
118071  -28.070  -40.434  57.814 0.0000000000
131220  -27.329  -40.553  57.454 0.0000000000
40719  -26.782  -40.916  57.980 0.0000000000
40718  -25.913  -40.916  57.903 0.0000000000
39822  -25.674  -41.017  59.435 0.0000000000
39807  -25.536  -41.179  60.344 0.0000000000
123104  -26.268  -41.346  60.892 0.0000000000
116361  -26.008  -42.215  63.768 0.0000000000
39750  -26.799  -42.015  64.726 0.0000000000
39733  -27.633  -41.573  65.469 0.0000000000
117396  -30.049  -40.852  63.431 0.0000000000
39753  -30.018  -40.274  65.234 0.0000000000
33079  -11.655  -47.416  65.114 0.0000000000
33080  -12.395  -47.153  65.695 0.0000000000
34880  -11.340  -46.126  62.151 0.0000000000
34869  -11.733  -46.375  62.945 0.0000000000
33939  -12.192  -46.518  63.824 0.0000000000
33929  -12.304  -46.849  64.776 0.0000000000
118146  -13.645  -46.672  67.869 0.0000000000
51578  -39.965  -26.995  42.644 0.0000000000
119722  -40.696  -26.136  43.367 0.0000000000
53301  -41.866  -26.069  45.386 0.0000000000
54192  -40.691  -24.517  44.188 0.0000000000
54163  -43.073  -25.234  47.479 0.0000000000
54170  -42.068  -24.157  46.717 0.0000000000
57714  -43.402  -20.051  43.521 0.0000000000
56826  -42.341  -21.340  45.810 0.0000000000
57679  -42.735  -21.376  46.493 0.0000000000
56813  -42.458  -22.016  46.657 0.0000000000
64062  -52.145  -13.800  38.809 0.0000000000
63117  -52.191  -14.150  37.481 0.0000000000
64086  -52.450  -13.767  38.123 0.0000000000
64079  -53.201  -13.571  38.568 0.0000000000
64080  -54.281  -13.266  38.893 0.0000000000
64994  -55.097  -12.986  38.445 0.0000000000
63126  -53.257  -14.147  36.217 0.0000000000
64114  -53.506  -13.554  34.695 0.0000000000
116469  -53.808  -13.853  36.124 0.0000000000
64986  -56.110  -12.318  38.729 0.0000000000
64996  -56.708  -11.742  37.870 0.0000000000
65002  -56.225  -12.025  36.375 0.0000000000
118836  -58.455  -11.054  37.239 0.0000000000
65912  -56.973  -11.456  34.537 0.0000000000
65922  -57.060  -11.423  33.812 0.0000000000
131928  -57.551  -11.219  35.021 0.0000000000
66784  -58.512  -10.841  35.973 0.0000000000
67699  -60.604  -9.605  32.387 0.0000000000
31203  -10.647  -49.297  73.400 0.0000000000
33006  -11.035  -48.444  73.185 0.0000000000
33008  -12.481  -47.466  73.820 0.0000000000
39708  -21.477  -40.640  67.185 0.0000000000
43338  -34.097  -37.102  61.152 0.0000000000
46162  -38.151  -33.586  54.313 0.0000000000
50563  -44.800  -28.766  54.901 0.0000000000
50580  -40.880  -28.410  52.367 0.0000000000
51400  -42.796  -28.870  53.688 0.0000000000
52473  -38.530  -26.659  40.770 0.0000000000
53283  -35.814  -26.998  45.532 0.0000000000
62184  -48.850  -15.561  38.885 0.0000000000
64063  -52.729  -13.638  38.981 0.0000000000
117174  -33.183  -34.523  54.933 0.0000000000
117533  -28.883  -41.397  61.211 0.0000000000
123259  -50.631  -15.391  39.928 0.0000000000
127557  -9.695  -47.220  63.400 0.0000000000
135433  -32.627  -32.700  51.438 0.0000000000
136102  -25.762  -39.664  53.745 0.0000000000
138827  -42.691  -21.038  46.019 0.0000000000
138939  -25.026  -42.018  62.475 0.0000000000
