#!ascii label  , from subject sub-v1s0x0050649_ses-1 vox2ras=TkReg
1787
57979  55.577  -13.053  46.481 0.0000000000
39226  41.400  -34.287  57.298 0.0000000000
36506  28.973  -37.050  62.656 0.0000000000
30859  27.144  -43.311  66.713 0.0000000000
32696  38.017  -41.034  63.990 0.0000000000
38387  34.542  -35.578  54.554 0.0000000000
52502  47.032  -19.653  46.693 0.0000000000
120477  51.824  -7.996  42.114 0.0000000000
51488  46.781  -20.484  55.546 0.0000000000
44395  45.655  -28.569  49.895 0.0000000000
41803  37.659  -31.901  45.371 0.0000000000
36425  30.405  -37.348  67.363 0.0000000000
35484  26.120  -38.451  64.943 0.0000000000
36403  26.617  -37.846  69.890 0.0000000000
34545  33.743  -39.131  62.897 0.0000000000
117186  50.747  -16.265  55.455 0.0000000000
127740  43.124  -33.851  63.204 0.0000000000
42503  45.589  -31.131  60.425 0.0000000000
43423  50.199  -29.000  56.713 0.0000000000
41727  44.246  -31.939  53.681 0.0000000000
43552  40.798  -29.682  48.249 0.0000000000
40109  39.466  -33.217  51.312 0.0000000000
37532  29.839  -36.715  53.327 0.0000000000
39294  31.724  -34.154  49.973 0.0000000000
57094  49.571  -14.226  42.670 0.0000000000
59086  50.163  -13.157  39.108 0.0000000000
121192  27.826  -37.803  56.949 0.0000000000
128861  26.799  -39.837  60.048 0.0000000000
34568  41.496  -39.444  59.999 0.0000000000
37518  38.976  -37.109  54.038 0.0000000000
35575  36.667  -37.876  59.101 0.0000000000
116890  32.651  -37.420  58.185 0.0000000000
55262  51.001  -16.756  46.052 0.0000000000
34454  23.891  -40.047  73.250 0.0000000000
135374  22.599  -41.087  67.586 0.0000000000
58980  49.793  -13.131  46.819 0.0000000000
57937  55.205  -13.996  50.236 0.0000000000
55198  50.427  -16.243  50.945 0.0000000000
123232  46.176  -19.613  51.613 0.0000000000
49752  48.349  -22.948  52.467 0.0000000000
49715  47.614  -22.503  59.852 0.0000000000
47141  49.353  -25.814  54.374 0.0000000000
45422  47.157  -26.936  47.357 0.0000000000
46415  42.833  -26.354  45.547 0.0000000000
39292  35.739  -34.328  49.528 0.0000000000
37357  31.051  -36.172  70.359 0.0000000000
135872  28.275  -36.787  68.784 0.0000000000
37330  29.178  -35.024  71.785 0.0000000000
35445  32.765  -37.581  69.118 0.0000000000
132676  43.193  -34.061  60.835 0.0000000000
40862  43.276  -32.099  59.021 0.0000000000
42540  44.849  -29.968  56.895 0.0000000000
40895  42.902  -32.943  55.151 0.0000000000
41739  41.913  -31.959  52.660 0.0000000000
40095  41.492  -34.041  53.852 0.0000000000
36647  27.878  -37.693  53.246 0.0000000000
37551  28.539  -36.513  51.430 0.0000000000
57999  53.764  -13.160  45.039 0.0000000000
58022  52.532  -13.317  42.654 0.0000000000
59011  55.552  -11.744  44.949 0.0000000000
123693  28.728  -37.385  60.024 0.0000000000
35591  26.813  -38.601  58.658 0.0000000000
36519  26.907  -37.864  61.344 0.0000000000
33589  26.521  -41.137  66.153 0.0000000000
33613  27.579  -41.763  63.484 0.0000000000
30883  27.917  -43.308  64.229 0.0000000000
31795  25.621  -43.087  63.768 0.0000000000
35506  41.923  -38.459  62.803 0.0000000000
33634  40.601  -40.672  61.875 0.0000000000
35573  39.305  -39.069  58.832 0.0000000000
34555  37.306  -39.849  61.429 0.0000000000
117016  31.785  -38.171  63.534 0.0000000000
35558  33.396  -38.327  60.868 0.0000000000
36551  31.134  -37.645  59.873 0.0000000000
114904  30.211  -37.646  57.628 0.0000000000
116442  48.371  -17.901  45.915 0.0000000000
54333  49.517  -18.299  43.599 0.0000000000
51608  48.848  -20.243  45.266 0.0000000000
32650  19.274  -41.004  68.302 0.0000000000
56120  54.308  -15.171  50.389 0.0000000000
56969  53.563  -14.087  52.610 0.0000000000
54167  49.042  -17.753  55.448 0.0000000000
54201  48.850  -17.472  53.583 0.0000000000
52421  46.516  -19.755  53.431 0.0000000000
50614  45.484  -21.820  51.724 0.0000000000
125435  45.447  -22.747  53.444 0.0000000000
42622  48.559  -30.111  52.947 0.0000000000
45337  50.384  -27.895  55.036 0.0000000000
44377  48.425  -28.650  51.635 0.0000000000
46344  47.526  -27.120  50.345 0.0000000000
45405  46.325  -27.755  48.168 0.0000000000
46396  45.194  -26.603  46.494 0.0000000000
45407  43.937  -27.661  48.133 0.0000000000
44477  39.407  -28.809  45.397 0.0000000000
38373  37.317  -35.941  54.730 0.0000000000
38406  37.659  -35.797  52.078 0.0000000000
39262  35.656  -34.691  52.497 0.0000000000
125498  32.192  -33.374  47.263 0.0000000000
65278  52.903  -5.500  39.012 0.0000000000
63576  51.143  -7.298  39.308 0.0000000000
115646  29.747  -37.023  64.789 0.0000000000
36492  27.189  -37.505  63.401 0.0000000000
115728  28.084  -36.863  65.997 0.0000000000
35446  26.262  -38.253  67.865 0.0000000000
33562  26.141  -41.142  69.058 0.0000000000
34497  36.224  -39.550  66.963 0.0000000000
33612  35.966  -40.400  63.766 0.0000000000
34500  34.238  -39.561  66.743 0.0000000000
135419  32.062  -38.437  65.591 0.0000000000
56945  52.562  -13.581  54.894 0.0000000000
53265  49.060  -18.213  57.755 0.0000000000
43414  47.826  -29.213  58.171 0.0000000000
42568  46.415  -30.723  54.766 0.0000000000
42643  44.552  -30.124  52.171 0.0000000000
44414  42.991  -28.773  50.007 0.0000000000
42653  42.164  -29.976  51.130 0.0000000000
41756  40.085  -31.170  49.864 0.0000000000
40934  38.481  -32.802  48.493 0.0000000000
37530  31.997  -36.129  54.105 0.0000000000
39265  32.973  -34.806  52.276 0.0000000000
38418  31.049  -35.288  51.684 0.0000000000
60906  49.493  -10.559  42.044 0.0000000000
61811  49.074  -9.613  39.866 0.0000000000
59061  49.030  -13.062  40.227 0.0000000000
34546  26.632  -39.439  62.134 0.0000000000
37438  42.783  -36.534  62.120 0.0000000000
118583  41.255  -36.229  58.928 0.0000000000
37500  41.223  -37.117  55.117 0.0000000000
35601  41.156  -38.480  56.932 0.0000000000
36589  38.540  -37.604  57.273 0.0000000000
124128  35.699  -36.463  56.634 0.0000000000
34573  35.591  -39.040  61.249 0.0000000000
36571  34.429  -37.463  58.675 0.0000000000
37492  33.483  -36.777  56.825 0.0000000000
116370  30.952  -37.181  55.879 0.0000000000
122223  29.257  -37.530  54.925 0.0000000000
55259  53.577  -15.796  46.213 0.0000000000
56182  54.665  -14.695  44.389 0.0000000000
55290  52.340  -16.354  44.059 0.0000000000
35417  25.886  -39.250  72.120 0.0000000000
31722  25.714  -42.101  69.756 0.0000000000
32619  22.896  -40.872  70.723 0.0000000000
31764  25.070  -42.808  66.729 0.0000000000
60872  50.419  -10.579  43.764 0.0000000000
57991  49.381  -13.756  45.255 0.0000000000
122016  51.433  -14.464  46.557 0.0000000000
57957  55.737  -13.703  48.021 0.0000000000
55230  53.846  -15.878  48.336 0.0000000000
132196  50.569  -16.649  48.217 0.0000000000
54240  48.206  -17.524  49.209 0.0000000000
55156  50.370  -16.250  52.952 0.0000000000
54222  48.708  -17.338  51.456 0.0000000000
52475  46.118  -19.577  48.760 0.0000000000
50649  45.744  -21.330  49.716 0.0000000000
50620  48.068  -22.431  51.746 0.0000000000
123659  47.306  -21.160  57.805 0.0000000000
46235  48.967  -26.939  58.563 0.0000000000
47090  47.123  -25.733  57.473 0.0000000000
48929  45.709  -23.659  55.389 0.0000000000
48078  47.839  -24.333  53.445 0.0000000000
48122  47.395  -24.764  50.695 0.0000000000
135867  41.474  -27.997  46.919 0.0000000000
38403  39.918  -35.735  52.768 0.0000000000
39289  38.039  -34.615  49.800 0.0000000000
40144  36.913  -33.780  47.429 0.0000000000
40111  33.955  -33.867  50.052 0.0000000000
40146  35.017  -33.565  47.424 0.0000000000
37345  29.814  -35.215  71.329 0.0000000000
38228  29.922  -34.994  71.282 0.0000000000
39217  41.664  -34.079  59.185 0.0000000000
40851  42.877  -32.829  59.372 0.0000000000
40874  41.962  -32.842  57.843 0.0000000000
41678  42.651  -31.808  57.140 0.0000000000
40061  42.176  -33.505  56.296 0.0000000000
40085  42.360  -33.461  54.814 0.0000000000
40079  41.825  -34.268  55.088 0.0000000000
57989  54.910  -12.492  45.667 0.0000000000
57998  54.610  -12.325  44.867 0.0000000000
57987  55.724  -12.759  45.765 0.0000000000
36532  29.105  -37.292  60.768 0.0000000000
36533  28.011  -37.385  60.373 0.0000000000
130332  28.360  -37.200  62.088 0.0000000000
32671  27.492  -42.862  66.338 0.0000000000
32684  27.613  -42.742  65.421 0.0000000000
30874  27.538  -43.232  65.213 0.0000000000
30884  27.349  -43.529  63.883 0.0000000000
131105  26.926  -43.483  65.454 0.0000000000
34508  37.897  -39.647  65.155 0.0000000000
33595  39.097  -40.293  64.181 0.0000000000
33608  40.365  -40.570  63.147 0.0000000000
32724  39.561  -40.932  62.420 0.0000000000
33636  39.314  -40.752  61.802 0.0000000000
33624  37.790  -40.765  62.674 0.0000000000
36505  30.072  -37.343  62.571 0.0000000000
36515  31.018  -37.639  62.040 0.0000000000
36516  30.245  -37.426  61.684 0.0000000000
120626  29.677  -37.454  60.149 0.0000000000
53409  47.360  -19.037  46.295 0.0000000000
53422  48.200  -18.846  45.015 0.0000000000
51610  47.650  -19.846  45.956 0.0000000000
58909  53.327  -12.424  52.910 0.0000000000
56968  54.211  -13.890  52.057 0.0000000000
56957  53.213  -13.099  53.514 0.0000000000
52398  47.887  -19.206  55.765 0.0000000000
53307  47.788  -18.667  54.407 0.0000000000
52400  46.902  -20.023  55.028 0.0000000000
51497  45.831  -21.219  54.049 0.0000000000
50599  45.958  -21.371  54.733 0.0000000000
123261  47.118  -29.542  51.373 0.0000000000
118723  48.826  -29.608  52.642 0.0000000000
43517  47.556  -28.984  50.816 0.0000000000
44393  47.654  -28.475  50.523 0.0000000000
121695  46.625  -28.430  49.516 0.0000000000
45406  45.158  -27.712  48.252 0.0000000000
120660  44.537  -28.071  48.870 0.0000000000
38386  35.465  -35.424  54.321 0.0000000000
38396  36.374  -35.002  53.012 0.0000000000
39255  35.307  -34.864  53.212 0.0000000000
64419  52.284  -6.207  40.303 0.0000000000
123201  51.294  -7.779  41.098 0.0000000000
116293  30.013  -37.175  66.322 0.0000000000
114259  29.093  -36.795  66.148 0.0000000000
37386  29.475  -36.911  67.012 0.0000000000
37360  27.888  -36.758  69.716 0.0000000000
135466  27.343  -37.175  68.576 0.0000000000
36414  26.490  -37.906  68.812 0.0000000000
34480  25.920  -40.034  68.272 0.0000000000
35433  26.165  -38.783  69.557 0.0000000000
35456  35.842  -38.612  67.965 0.0000000000
34498  35.707  -39.738  66.977 0.0000000000
35458  34.654  -38.789  68.163 0.0000000000
36423  31.708  -37.926  67.952 0.0000000000
35472  32.065  -38.233  67.243 0.0000000000
36438  31.546  -38.020  66.600 0.0000000000
36468  31.187  -37.801  64.863 0.0000000000
134062  45.290  -31.476  61.196 0.0000000000
42481  45.688  -30.384  61.990 0.0000000000
43390  46.792  -29.944  60.789 0.0000000000
43389  47.481  -29.277  60.366 0.0000000000
42511  46.410  -30.135  59.490 0.0000000000
41704  44.799  -31.640  55.037 0.0000000000
133478  45.764  -30.603  55.305 0.0000000000
41719  45.233  -31.630  54.406 0.0000000000
42608  46.514  -31.034  53.323 0.0000000000
41736  44.693  -31.413  53.217 0.0000000000
42644  43.548  -30.224  52.091 0.0000000000
42628  43.174  -30.982  52.553 0.0000000000
40918  40.295  -32.732  51.854 0.0000000000
41746  40.618  -31.814  51.541 0.0000000000
40921  39.844  -32.240  51.087 0.0000000000
41757  39.482  -31.663  49.399 0.0000000000
40923  38.771  -33.054  49.946 0.0000000000
37522  30.992  -36.594  54.068 0.0000000000
123650  31.504  -35.495  52.467 0.0000000000
37540  30.325  -36.305  52.884 0.0000000000
133945  48.735  -11.877  42.143 0.0000000000
126688  48.613  -12.698  41.018 0.0000000000
59062  48.948  -13.405  41.481 0.0000000000
59059  53.126  -12.172  41.319 0.0000000000
35608  27.386  -38.242  55.836 0.0000000000
35605  26.953  -38.695  56.357 0.0000000000
36473  26.596  -37.791  64.181 0.0000000000
36493  26.520  -38.065  63.411 0.0000000000
35513  26.337  -38.877  63.470 0.0000000000
32726  28.539  -42.972  63.128 0.0000000000
32739  28.265  -41.941  61.789 0.0000000000
35539  41.982  -38.824  61.952 0.0000000000
36500  42.327  -37.688  62.696 0.0000000000
36527  42.096  -37.754  60.945 0.0000000000
134202  41.485  -36.364  59.872 0.0000000000
36545  41.488  -38.213  58.742 0.0000000000
37475  41.457  -37.636  57.192 0.0000000000
35586  41.464  -38.807  58.389 0.0000000000
35574  38.188  -38.721  59.449 0.0000000000
35589  39.222  -38.358  57.843 0.0000000000
36567  38.066  -37.791  58.142 0.0000000000
37476  36.703  -36.661  57.000 0.0000000000
36591  36.445  -37.092  57.890 0.0000000000
34532  35.205  -40.013  63.751 0.0000000000
34542  35.908  -39.814  62.501 0.0000000000
34559  34.068  -39.019  62.203 0.0000000000
36550  32.483  -37.652  59.498 0.0000000000
35578  33.715  -38.087  60.188 0.0000000000
36572  33.491  -37.467  58.614 0.0000000000
37478  34.088  -36.863  57.428 0.0000000000
36594  33.233  -37.157  57.624 0.0000000000
132029  32.259  -36.862  56.313 0.0000000000
36596  31.520  -37.434  57.193 0.0000000000
36598  29.277  -37.664  57.525 0.0000000000
130612  29.540  -37.534  56.184 0.0000000000
36617  27.977  -37.771  56.165 0.0000000000
55260  52.839  -16.172  46.584 0.0000000000
121976  52.721  -16.173  44.893 0.0000000000
137859  51.284  -16.722  44.823 0.0000000000
54353  50.432  -18.323  42.571 0.0000000000
34452  25.130  -40.105  72.740 0.0000000000
33532  25.497  -40.824  71.124 0.0000000000
33534  24.689  -40.807  71.788 0.0000000000
120264  21.694  -40.789  69.093 0.0000000000
114688  22.496  -40.982  69.220 0.0000000000
32646  24.143  -41.794  68.567 0.0000000000
32659  23.524  -41.573  67.469 0.0000000000
31776  24.252  -42.222  65.426 0.0000000000
121191  22.734  -41.285  65.977 0.0000000000
61779  51.352  -9.438  43.929 0.0000000000
59962  49.925  -12.066  45.566 0.0000000000
58996  49.556  -13.054  45.924 0.0000000000
57055  50.238  -14.441  46.153 0.0000000000
57044  50.413  -14.401  47.097 0.0000000000
57004  53.701  -13.734  49.593 0.0000000000
57029  53.895  -13.762  48.790 0.0000000000
57002  55.814  -13.880  48.598 0.0000000000
56144  55.444  -14.733  48.606 0.0000000000
56130  55.299  -14.758  49.408 0.0000000000
55196  52.402  -15.872  50.232 0.0000000000
55215  52.566  -16.049  49.391 0.0000000000
55217  50.544  -16.309  49.985 0.0000000000
55234  49.856  -16.784  48.521 0.0000000000
55218  49.770  -16.688  49.412 0.0000000000
56036  51.653  -15.032  55.690 0.0000000000
56067  51.788  -15.140  53.745 0.0000000000
55122  50.970  -15.941  54.685 0.0000000000
53327  47.448  -18.488  52.628 0.0000000000
54212  48.440  -17.630  52.181 0.0000000000
53340  47.323  -18.426  51.789 0.0000000000
123014  47.151  -18.333  50.201 0.0000000000
53354  46.581  -18.868  50.366 0.0000000000
52476  45.759  -20.294  49.228 0.0000000000
52466  45.592  -20.292  50.085 0.0000000000
48956  45.976  -23.065  51.900 0.0000000000
49778  46.198  -22.336  50.847 0.0000000000
49761  47.795  -22.678  52.098 0.0000000000
48964  48.680  -22.793  52.188 0.0000000000
49724  47.472  -22.596  58.937 0.0000000000
44320  50.160  -28.362  58.430 0.0000000000
46224  49.206  -27.174  59.308 0.0000000000
132770  50.799  -28.181  57.374 0.0000000000
46299  49.785  -26.414  54.866 0.0000000000
46270  49.216  -27.123  56.412 0.0000000000
46287  47.317  -26.385  55.874 0.0000000000
120272  46.274  -25.318  55.896 0.0000000000
133147  46.737  -25.500  54.638 0.0000000000
132033  46.001  -24.897  54.131 0.0000000000
48066  48.365  -24.882  53.827 0.0000000000
120881  47.485  -27.342  48.882 0.0000000000
47206  47.195  -25.980  50.535 0.0000000000
47238  47.257  -25.729  48.029 0.0000000000
120778  47.203  -25.102  47.743 0.0000000000
47267  47.107  -25.778  46.685 0.0000000000
47269  46.300  -26.088  46.003 0.0000000000
46414  43.812  -26.245  45.725 0.0000000000
47285  44.427  -25.744  45.256 0.0000000000
43551  41.515  -29.152  48.646 0.0000000000
44433  42.258  -28.560  48.561 0.0000000000
43557  41.188  -29.112  47.820 0.0000000000
45462  39.820  -27.901  45.143 0.0000000000
37516  40.527  -37.184  54.180 0.0000000000
38383  40.699  -36.397  53.826 0.0000000000
37527  39.648  -36.926  53.185 0.0000000000
39280  36.832  -35.029  50.550 0.0000000000
38414  38.122  -35.568  50.951 0.0000000000
39290  37.353  -34.665  49.348 0.0000000000
39306  37.429  -34.269  48.700 0.0000000000
40125  36.482  -34.092  48.044 0.0000000000
117157  32.167  -34.498  50.984 0.0000000000
39283  33.644  -34.162  50.841 0.0000000000
40116  32.442  -33.806  49.723 0.0000000000
40148  32.900  -33.367  47.338 0.0000000000
132758  34.544  -32.867  45.820 0.0000000000
60039  48.766  -12.160  39.180 0.0000000000
61821  49.373  -9.264  39.059 0.0000000000
57075  54.876  -14.258  43.625 0.0000000000
37369  30.740  -36.804  69.568 0.0000000000
37370  29.856  -36.852  69.028 0.0000000000
37358  30.161  -36.381  70.086 0.0000000000
121686  28.681  -36.249  70.512 0.0000000000
37347  27.969  -36.403  70.977 0.0000000000
36400  32.161  -36.928  69.625 0.0000000000
39176  43.382  -34.523  62.265 0.0000000000
40818  43.595  -33.219  62.752 0.0000000000
40024  43.967  -32.987  61.359 0.0000000000
40849  44.392  -32.161  60.273 0.0000000000
41659  44.872  -31.623  59.892 0.0000000000
42525  45.305  -30.433  58.762 0.0000000000
41676  43.903  -30.758  57.748 0.0000000000
41689  43.553  -31.752  55.920 0.0000000000
40902  43.751  -32.363  54.160 0.0000000000
41728  43.363  -32.205  53.511 0.0000000000
40909  42.831  -32.759  53.870 0.0000000000
40101  41.956  -33.166  53.552 0.0000000000
40105  40.361  -33.485  52.298 0.0000000000
36645  29.372  -37.149  53.769 0.0000000000
37541  29.605  -36.508  52.565 0.0000000000
36660  28.066  -37.081  51.916 0.0000000000
57078  51.142  -14.360  43.744 0.0000000000
58023  51.516  -13.874  42.193 0.0000000000
58011  52.789  -13.408  43.509 0.0000000000
59027  54.582  -12.055  44.088 0.0000000000
36577  28.581  -37.546  58.306 0.0000000000
35597  27.096  -38.103  58.238 0.0000000000
36555  27.628  -37.572  59.664 0.0000000000
36556  27.181  -37.828  59.965 0.0000000000
34574  26.677  -39.171  60.416 0.0000000000
128956  26.106  -40.097  65.750 0.0000000000
120654  26.537  -40.207  64.250 0.0000000000
33601  27.112  -41.357  64.260 0.0000000000
32713  28.162  -42.586  63.578 0.0000000000
30894  26.572  -43.418  62.361 0.0000000000
34541  41.575  -39.773  62.415 0.0000000000
122531  41.344  -40.022  60.683 0.0000000000
137617  41.148  -39.492  58.911 0.0000000000
33650  39.844  -40.384  60.585 0.0000000000
34570  39.035  -39.926  60.345 0.0000000000
137536  37.560  -38.871  60.076 0.0000000000
35511  32.513  -38.616  63.654 0.0000000000
35525  33.378  -38.711  62.107 0.0000000000
35543  32.642  -38.344  61.835 0.0000000000
36529  32.019  -37.725  60.273 0.0000000000
118394  31.687  -37.619  59.338 0.0000000000
115085  31.053  -37.587  57.753 0.0000000000
116953  30.869  -37.661  59.095 0.0000000000
36553  29.356  -37.523  59.214 0.0000000000
54279  49.259  -17.326  46.220 0.0000000000
114945  49.876  -17.392  44.778 0.0000000000
54296  49.102  -17.659  45.291 0.0000000000
54314  48.658  -18.727  44.471 0.0000000000
32620  19.865  -40.715  70.218 0.0000000000
32662  20.449  -40.842  67.553 0.0000000000
32675  21.990  -40.938  65.994 0.0000000000
135331  20.411  -40.951  66.133 0.0000000000
57938  54.522  -13.611  50.956 0.0000000000
56119  55.038  -14.660  50.098 0.0000000000
56980  54.673  -14.184  51.392 0.0000000000
56104  53.033  -15.164  51.446 0.0000000000
56105  52.080  -15.481  51.921 0.0000000000
54166  49.631  -17.036  55.130 0.0000000000
54182  49.522  -17.010  54.110 0.0000000000
54183  48.935  -17.573  54.525 0.0000000000
53318  47.618  -18.550  53.509 0.0000000000
119386  46.335  -19.677  52.529 0.0000000000
52436  45.729  -20.365  51.947 0.0000000000
51512  45.914  -20.421  52.872 0.0000000000
50609  45.440  -22.104  52.665 0.0000000000
48948  45.805  -23.319  52.508 0.0000000000
43453  48.868  -29.853  54.418 0.0000000000
44336  50.337  -28.746  55.553 0.0000000000
43452  49.460  -29.532  53.935 0.0000000000
44363  49.462  -28.487  53.396 0.0000000000
45346  48.944  -27.017  53.013 0.0000000000
46331  48.360  -27.048  52.203 0.0000000000
45367  48.215  -27.916  51.417 0.0000000000
45390  47.403  -27.769  48.944 0.0000000000
45423  46.984  -27.433  47.720 0.0000000000
46395  46.126  -26.604  46.532 0.0000000000
45442  45.674  -27.067  47.097 0.0000000000
45443  44.716  -26.917  46.970 0.0000000000
46398  43.248  -26.707  46.328 0.0000000000
42674  40.185  -30.176  47.896 0.0000000000
43569  40.273  -29.359  46.842 0.0000000000
43570  39.629  -29.788  46.534 0.0000000000
43581  38.738  -29.559  45.178 0.0000000000
43607  38.018  -29.105  43.927 0.0000000000
37519  38.190  -36.470  54.403 0.0000000000
128958  38.588  -36.511  52.829 0.0000000000
131746  37.236  -35.474  52.711 0.0000000000
38407  36.985  -35.241  52.158 0.0000000000
117052  36.097  -34.612  50.880 0.0000000000
40129  31.651  -33.601  48.445 0.0000000000
40150  30.820  -33.482  47.349 0.0000000000
65259  53.413  -5.082  40.431 0.0000000000
64427  52.221  -6.101  39.370 0.0000000000
63582  51.108  -7.533  38.369 0.0000000000
116358  29.845  -37.155  64.049 0.0000000000
114905  28.675  -37.009  63.365 0.0000000000
36470  28.946  -36.893  64.146 0.0000000000
36457  27.665  -37.092  65.146 0.0000000000
133820  26.409  -37.881  65.659 0.0000000000
115802  28.087  -36.878  67.798 0.0000000000
36428  26.672  -37.690  67.305 0.0000000000
35473  26.019  -38.590  66.096 0.0000000000
137052  26.051  -40.353  66.483 0.0000000000
33578  26.392  -41.220  67.066 0.0000000000
32658  26.869  -42.365  67.714 0.0000000000
33597  37.118  -40.564  65.280 0.0000000000
32697  37.155  -40.799  64.447 0.0000000000
33599  36.135  -40.591  65.258 0.0000000000
33588  35.386  -40.296  65.409 0.0000000000
34522  33.615  -39.407  64.701 0.0000000000
122508  33.831  -38.680  68.054 0.0000000000
34501  33.322  -39.176  66.275 0.0000000000
34523  32.836  -38.892  64.473 0.0000000000
35495  32.123  -38.471  64.335 0.0000000000
36488  31.068  -37.772  63.855 0.0000000000
51583  46.801  -20.691  47.629 0.0000000000
126160  48.359  -20.762  46.874 0.0000000000
51581  48.413  -21.065  47.876 0.0000000000
58887  52.727  -12.129  54.389 0.0000000000
55106  50.725  -16.237  56.362 0.0000000000
55097  50.136  -16.801  56.689 0.0000000000
53275  48.957  -18.382  56.794 0.0000000000
52387  47.711  -19.734  56.445 0.0000000000
43401  48.732  -28.826  59.353 0.0000000000
43424  48.545  -29.196  57.339 0.0000000000
43425  46.235  -29.402  57.149 0.0000000000
132614  47.281  -29.219  56.995 0.0000000000
43445  48.395  -29.736  55.205 0.0000000000
124641  47.441  -30.567  53.748 0.0000000000
42624  47.037  -30.546  52.718 0.0000000000
43502  44.979  -29.532  51.509 0.0000000000
44396  44.658  -28.628  50.164 0.0000000000
43521  43.431  -29.158  50.819 0.0000000000
43522  42.587  -29.389  50.621 0.0000000000
42659  41.147  -30.043  49.918 0.0000000000
41744  42.253  -31.169  52.324 0.0000000000
42655  40.696  -30.695  50.344 0.0000000000
42660  40.514  -30.478  49.474 0.0000000000
42666  39.758  -30.828  48.247 0.0000000000
124362  39.166  -31.398  47.822 0.0000000000
40953  38.094  -32.354  46.715 0.0000000000
38389  33.030  -35.804  54.243 0.0000000000
39264  33.560  -34.873  52.808 0.0000000000
38408  32.831  -35.257  52.962 0.0000000000
38417  31.785  -35.092  51.901 0.0000000000
38427  30.984  -34.798  50.913 0.0000000000
38419  30.206  -35.681  51.732 0.0000000000
124247  29.911  -35.258  50.768 0.0000000000
62673  50.672  -9.188  42.143 0.0000000000
137353  50.574  -8.455  40.998 0.0000000000
61802  49.803  -9.816  41.662 0.0000000000
60904  48.637  -10.950  40.359 0.0000000000
59071  50.022  -13.229  39.633 0.0000000000
58045  52.126  -13.203  41.464 0.0000000000
59060  51.998  -12.867  40.435 0.0000000000
36507  27.333  -37.515  62.431 0.0000000000
35545  26.629  -38.518  61.725 0.0000000000
33653  26.947  -40.187  60.799 0.0000000000
33627  27.343  -41.128  62.626 0.0000000000
33640  27.066  -40.477  61.766 0.0000000000
38314  43.148  -35.277  62.672 0.0000000000
38329  42.778  -35.785  61.432 0.0000000000
38342  41.618  -35.553  59.828 0.0000000000
38359  41.243  -35.429  57.271 0.0000000000
120859  41.373  -35.821  56.158 0.0000000000
117221  41.402  -36.727  56.696 0.0000000000
36622  41.248  -37.775  55.511 0.0000000000
36623  40.203  -37.996  55.244 0.0000000000
119142  40.227  -39.095  58.007 0.0000000000
132702  40.325  -38.388  56.430 0.0000000000
36624  39.327  -37.554  55.462 0.0000000000
37503  37.839  -36.416  55.286 0.0000000000
37504  36.811  -36.098  55.520 0.0000000000
37505  35.696  -36.066  55.720 0.0000000000
33625  36.502  -40.161  62.533 0.0000000000
34572  36.553  -39.234  60.999 0.0000000000
35556  35.986  -38.659  60.474 0.0000000000
35541  34.163  -38.515  60.908 0.0000000000
35577  34.608  -38.256  60.174 0.0000000000
36546  35.782  -37.805  59.251 0.0000000000
36593  34.849  -37.053  57.965 0.0000000000
118204  34.892  -36.649  57.103 0.0000000000
37520  33.654  -36.016  54.980 0.0000000000
37506  33.096  -36.421  55.506 0.0000000000
37508  31.673  -36.717  55.331 0.0000000000
36638  30.685  -36.960  54.765 0.0000000000
36597  30.718  -37.547  57.006 0.0000000000
36627  30.499  -37.244  55.411 0.0000000000
135391  29.539  -37.301  54.387 0.0000000000
36640  28.869  -37.485  54.256 0.0000000000
56165  55.546  -14.318  46.348 0.0000000000
57052  55.726  -13.627  45.737 0.0000000000
56174  54.109  -15.321  44.882 0.0000000000
54331  50.746  -17.307  43.495 0.0000000000
120204  51.119  -17.311  42.852 0.0000000000
51596  48.816  -20.614  46.170 0.0000000000
39047  28.190  -34.814  71.723 0.0000000000
37319  27.728  -35.424  72.087 0.0000000000
37332  27.263  -36.180  72.391 0.0000000000
36368  26.166  -37.407  72.789 0.0000000000
35416  26.290  -38.362  71.604 0.0000000000
125803  26.013  -39.743  70.328 0.0000000000
32629  26.300  -41.964  69.550 0.0000000000
30845  26.667  -43.043  68.168 0.0000000000
33535  24.012  -40.750  72.097 0.0000000000
32617  24.961  -41.688  70.158 0.0000000000
31742  25.359  -42.635  68.533 0.0000000000
31774  25.801  -43.294  66.439 0.0000000000
31775  24.978  -42.789  65.843 0.0000000000
63552  52.088  -8.101  43.100 0.0000000000
61790  51.058  -9.303  43.024 0.0000000000
60885  50.012  -10.534  42.895 0.0000000000
59028  48.920  -12.524  43.063 0.0000000000
60867  50.637  -10.606  44.547 0.0000000000
59969  49.681  -11.951  44.596 0.0000000000
57080  49.414  -14.172  43.506 0.0000000000
131450  50.329  -14.499  44.296 0.0000000000
130896  51.881  -14.372  45.716 0.0000000000
57053  54.074  -13.450  46.896 0.0000000000
57043  51.417  -14.419  47.649 0.0000000000
57041  53.983  -13.712  47.872 0.0000000000
57971  55.567  -13.447  47.208 0.0000000000
57028  55.612  -14.333  47.312 0.0000000000
55244  54.161  -15.677  47.627 0.0000000000
120286  52.239  -16.372  46.940 0.0000000000
56146  53.689  -15.890  49.138 0.0000000000
55231  52.609  -16.195  48.439 0.0000000000
55247  50.908  -16.630  47.570 0.0000000000
55248  49.989  -16.836  47.690 0.0000000000
54264  48.557  -17.454  47.285 0.0000000000
130749  47.470  -18.133  47.734 0.0000000000
119357  52.923  -13.690  53.983 0.0000000000
56084  51.925  -15.260  52.813 0.0000000000
55178  50.404  -16.226  51.915 0.0000000000
54200  49.455  -16.875  53.102 0.0000000000
55157  49.746  -16.613  52.314 0.0000000000
55179  49.534  -16.725  51.406 0.0000000000
54228  48.280  -17.512  50.132 0.0000000000
54252  47.310  -18.161  48.615 0.0000000000
53381  46.447  -19.584  47.845 0.0000000000
51566  46.382  -20.713  48.283 0.0000000000
50662  46.490  -21.312  48.850 0.0000000000
49779  45.738  -21.933  50.637 0.0000000000
50635  46.937  -22.193  50.607 0.0000000000
51465  47.789  -20.300  58.089 0.0000000000
51477  47.409  -20.483  57.035 0.0000000000
48017  47.942  -24.316  59.834 0.0000000000
45323  50.099  -27.546  57.151 0.0000000000
46236  48.295  -26.566  58.139 0.0000000000
126833  47.357  -24.278  58.307 0.0000000000
48918  47.001  -23.596  57.833 0.0000000000
49733  46.419  -22.772  56.837 0.0000000000
136710  46.282  -21.730  55.868 0.0000000000
48930  45.503  -23.676  54.580 0.0000000000
48080  45.785  -24.199  53.540 0.0000000000
48945  48.477  -23.394  52.644 0.0000000000
48093  48.452  -24.872  52.650 0.0000000000
48106  47.940  -24.588  51.792 0.0000000000
48955  48.397  -23.523  51.830 0.0000000000
131193  47.497  -24.135  49.400 0.0000000000
47284  45.471  -25.729  45.490 0.0000000000
47297  44.984  -25.389  44.796 0.0000000000
44432  43.650  -28.144  48.797 0.0000000000
45426  42.906  -27.633  47.651 0.0000000000
45445  41.790  -27.483  46.578 0.0000000000
44463  40.568  -28.687  46.542 0.0000000000
45461  40.606  -27.528  45.533 0.0000000000
38382  41.189  -35.710  54.340 0.0000000000
39259  40.291  -35.051  52.860 0.0000000000
40106  39.701  -34.072  51.862 0.0000000000
125868  38.817  -36.253  52.266 0.0000000000
39269  38.645  -35.068  50.947 0.0000000000
40110  38.824  -33.553  50.524 0.0000000000
40122  38.199  -33.521  48.790 0.0000000000
40142  38.112  -33.313  48.011 0.0000000000
40955  37.028  -33.077  46.146 0.0000000000
39263  34.278  -34.628  52.423 0.0000000000
39282  34.568  -34.157  50.621 0.0000000000
39293  34.871  -34.003  49.794 0.0000000000
133074  33.062  -33.452  48.005 0.0000000000
123380  34.584  -33.667  48.295 0.0000000000
114214  35.565  -33.877  48.138 0.0000000000
40145  36.029  -33.704  47.391 0.0000000000
40187  36.193  -33.061  46.031 0.0000000000
62689  50.501  -8.174  40.260 0.0000000000
61831  50.251  -8.448  38.474 0.0000000000
61833  50.137  -8.994  37.694 0.0000000000
57062  55.896  -13.147  45.287 0.0000000000
40050  41.535  -33.669  58.097 0.0000000000
40049  42.083  -33.161  58.811 0.0000000000
40062  41.733  -33.436  57.132 0.0000000000
40873  42.277  -32.644  56.853 0.0000000000
124726  41.700  -34.032  56.611 0.0000000000
40071  41.899  -34.224  55.917 0.0000000000
57988  55.486  -12.614  45.834 0.0000000000
115877  29.299  -37.203  61.700 0.0000000000
122068  28.360  -37.273  61.196 0.0000000000
31761  27.446  -43.123  66.632 0.0000000000
31773  27.619  -43.072  65.830 0.0000000000
30867  27.319  -43.271  66.066 0.0000000000
116474  26.641  -43.448  66.215 0.0000000000
33596  38.289  -40.239  64.753 0.0000000000
34520  38.850  -39.850  64.488 0.0000000000
33610  38.558  -40.679  64.214 0.0000000000
137701  39.233  -40.639  63.758 0.0000000000
32711  38.848  -40.968  63.561 0.0000000000
33623  38.738  -40.909  62.437 0.0000000000
32725  38.327  -41.041  63.180 0.0000000000
36531  29.959  -37.387  60.964 0.0000000000
52501  47.418  -19.568  46.178 0.0000000000
51598  47.297  -20.055  46.464 0.0000000000
57902  53.335  -12.776  53.128 0.0000000000
57890  53.116  -12.354  53.782 0.0000000000
51487  47.313  -19.852  55.641 0.0000000000
51496  46.368  -20.638  54.706 0.0000000000
124894  46.304  -21.186  55.394 0.0000000000
43518  46.618  -28.961  50.491 0.0000000000
44411  45.732  -28.159  48.980 0.0000000000
44412  44.886  -28.362  49.491 0.0000000000
38375  35.308  -35.704  55.003 0.0000000000
38398  34.892  -35.205  53.836 0.0000000000
63559  52.219  -7.229  41.677 0.0000000000
37378  29.704  -36.967  67.944 0.0000000000
36388  27.148  -37.053  70.368 0.0000000000
36402  27.019  -37.296  69.423 0.0000000000
36422  35.592  -37.931  68.095 0.0000000000
35457  35.357  -38.846  68.146 0.0000000000
35442  34.925  -38.222  68.532 0.0000000000
36424  31.128  -37.613  68.183 0.0000000000
126510  31.270  -37.826  67.296 0.0000000000
36439  30.869  -37.633  66.453 0.0000000000
41645  45.666  -31.092  60.875 0.0000000000
42493  45.515  -31.027  61.569 0.0000000000
42492  46.100  -30.523  61.214 0.0000000000
43378  46.302  -29.692  61.607 0.0000000000
42502  46.226  -30.583  60.418 0.0000000000
40901  44.565  -31.983  54.156 0.0000000000
41726  45.092  -31.693  53.809 0.0000000000
42627  44.153  -30.871  52.652 0.0000000000
41737  43.777  -31.597  53.100 0.0000000000
40922  39.225  -32.691  50.494 0.0000000000
37531  30.493  -36.527  53.530 0.0000000000
37539  31.153  -36.053  53.239 0.0000000000
58049  48.680  -13.163  42.051 0.0000000000
58047  49.809  -14.018  41.688 0.0000000000
133366  27.397  -38.139  56.496 0.0000000000
35497  26.267  -38.427  64.030 0.0000000000
34524  26.196  -39.184  64.195 0.0000000000
32738  28.723  -42.715  62.281 0.0000000000
35540  41.684  -39.301  61.157 0.0000000000
35553  42.079  -38.391  61.490 0.0000000000
35554  41.712  -38.661  60.451 0.0000000000
36528  41.592  -37.997  59.866 0.0000000000
35571  41.568  -38.862  59.318 0.0000000000
34580  41.398  -39.319  59.037 0.0000000000
35590  37.608  -38.063  58.910 0.0000000000
114375  38.473  -38.368  58.644 0.0000000000
36568  37.064  -37.548  58.385 0.0000000000
34533  34.284  -39.609  63.911 0.0000000000
34544  34.684  -39.497  62.820 0.0000000000
128832  32.809  -37.570  58.893 0.0000000000
36595  32.315  -37.310  57.394 0.0000000000
116146  31.856  -37.510  57.940 0.0000000000
36599  28.387  -37.644  57.432 0.0000000000
36616  28.815  -37.643  56.671 0.0000000000
55261  51.969  -16.483  46.261 0.0000000000
55277  51.614  -16.599  45.482 0.0000000000
35409  25.012  -39.106  73.189 0.0000000000
34453  24.621  -39.921  73.151 0.0000000000
33517  25.080  -40.612  72.116 0.0000000000
33518  24.475  -40.506  72.609 0.0000000000
32660  22.253  -40.980  68.347 0.0000000000
130391  23.130  -41.313  68.167 0.0000000000
32673  23.469  -41.617  66.465 0.0000000000
32674  22.543  -41.059  66.739 0.0000000000
63537  52.089  -7.995  45.046 0.0000000000
63531  51.811  -7.679  45.943 0.0000000000
58995  50.232  -12.099  46.436 0.0000000000
57982  49.554  -13.851  46.271 0.0000000000
57974  49.772  -13.865  47.147 0.0000000000
57948  54.557  -13.737  50.093 0.0000000000
57959  54.928  -13.682  49.054 0.0000000000
57947  55.533  -13.914  49.252 0.0000000000
57003  55.789  -14.113  49.041 0.0000000000
115941  55.449  -14.170  49.740 0.0000000000
118678  51.373  -16.005  50.563 0.0000000000
55216  51.529  -16.137  49.677 0.0000000000
55199  49.659  -16.653  50.361 0.0000000000
133939  51.272  -15.694  55.327 0.0000000000
53328  46.785  -18.982  52.169 0.0000000000
53341  46.674  -18.934  51.275 0.0000000000
53353  47.257  -18.386  50.946 0.0000000000
52450  46.046  -19.569  50.671 0.0000000000
49753  47.094  -23.083  52.212 0.0000000000
49762  46.507  -22.722  51.564 0.0000000000
48954  48.572  -23.031  52.442 0.0000000000
43411  50.314  -28.724  57.639 0.0000000000
44325  50.609  -28.276  57.848 0.0000000000
43422  50.736  -28.463  57.113 0.0000000000
46312  49.666  -26.353  54.359 0.0000000000
46300  49.347  -25.993  54.846 0.0000000000
47123  48.590  -25.792  54.812 0.0000000000
125738  47.523  -26.023  55.097 0.0000000000
47142  48.897  -25.432  54.314 0.0000000000
47143  47.915  -25.434  54.407 0.0000000000
47161  48.830  -25.195  53.837 0.0000000000
46367  47.378  -26.527  48.551 0.0000000000
46379  47.366  -26.603  47.634 0.0000000000
47255  47.277  -25.880  47.284 0.0000000000
46393  47.209  -26.425  47.077 0.0000000000
47268  46.798  -25.631  46.058 0.0000000000
46394  46.842  -26.388  46.689 0.0000000000
47286  43.411  -25.747  44.934 0.0000000000
46430  42.383  -25.962  44.827 0.0000000000
37517  39.782  -37.305  53.874 0.0000000000
137949  40.197  -36.989  53.560 0.0000000000
117979  36.285  -34.676  50.058 0.0000000000
123968  36.927  -34.896  49.879 0.0000000000
39291  36.552  -34.602  49.346 0.0000000000
39307  36.885  -34.422  48.671 0.0000000000
39308  36.074  -34.260  48.757 0.0000000000
39284  32.304  -34.200  50.420 0.0000000000
60046  48.944  -12.131  38.557 0.0000000000
117647  29.563  -35.949  70.725 0.0000000000
37346  28.850  -35.539  71.464 0.0000000000
37344  31.133  -35.373  70.575 0.0000000000
37356  31.792  -36.093  70.174 0.0000000000
36401  31.467  -36.657  69.889 0.0000000000
39190  43.377  -34.295  61.550 0.0000000000
40012  43.651  -33.743  61.821 0.0000000000
40025  43.648  -33.556  61.108 0.0000000000
40850  43.695  -32.521  59.885 0.0000000000
41652  44.903  -31.851  60.526 0.0000000000
41660  44.108  -31.800  59.497 0.0000000000
41669  44.570  -31.052  58.934 0.0000000000
41670  43.629  -31.410  58.503 0.0000000000
41690  42.935  -32.186  56.268 0.0000000000
117567  43.140  -31.526  56.618 0.0000000000
40884  43.322  -32.421  55.513 0.0000000000
41705  44.022  -32.010  55.234 0.0000000000
40894  43.581  -32.457  54.842 0.0000000000
40903  42.955  -32.858  54.497 0.0000000000
40086  41.860  -33.934  54.485 0.0000000000
40094  42.253  -33.364  54.183 0.0000000000
40102  41.058  -33.607  53.028 0.0000000000
36646  28.624  -37.392  53.496 0.0000000000
36652  29.113  -36.951  53.029 0.0000000000
36653  28.369  -37.279  52.708 0.0000000000
57077  52.487  -13.817  44.235 0.0000000000
58012  51.908  -13.937  43.153 0.0000000000
136329  54.029  -12.528  44.158 0.0000000000
59010  55.913  -11.827  44.940 0.0000000000
36554  28.292  -37.453  59.280 0.0000000000
36578  27.620  -37.648  58.730 0.0000000000
138331  28.133  -37.421  59.829 0.0000000000
36518  27.511  -37.532  61.049 0.0000000000
36534  27.463  -37.629  60.324 0.0000000000
36535  27.062  -37.854  60.598 0.0000000000
35580  26.819  -38.289  60.079 0.0000000000
35560  26.731  -38.465  60.895 0.0000000000
33602  26.631  -40.928  65.140 0.0000000000
32699  27.287  -41.960  64.992 0.0000000000
31783  27.825  -43.071  64.877 0.0000000000
32698  27.752  -42.481  64.380 0.0000000000
31794  28.249  -43.096  63.969 0.0000000000
30882  28.391  -43.391  63.224 0.0000000000
30892  28.261  -43.707  62.630 0.0000000000
117721  27.991  -43.518  63.473 0.0000000000
30876  26.457  -43.422  64.180 0.0000000000
134656  25.486  -42.883  63.119 0.0000000000
117468  40.261  -39.335  63.817 0.0000000000
33621  40.760  -40.578  62.580 0.0000000000
133740  41.208  -40.199  62.709 0.0000000000
33620  41.170  -40.420  62.075 0.0000000000
34554  41.515  -40.011  61.583 0.0000000000
33648  40.994  -40.423  61.303 0.0000000000
130836  40.931  -40.306  60.578 0.0000000000
33649  40.430  -40.563  61.093 0.0000000000
33637  38.238  -40.451  61.797 0.0000000000
33651  39.107  -40.399  61.127 0.0000000000
34571  38.223  -39.903  60.936 0.0000000000
34582  38.222  -39.330  60.210 0.0000000000
130551  37.429  -39.331  60.667 0.0000000000
125214  32.261  -38.398  63.115 0.0000000000
35526  32.819  -38.640  62.815 0.0000000000
35527  31.933  -38.100  62.512 0.0000000000
132671  31.270  -37.670  60.593 0.0000000000
35544  31.798  -37.864  61.327 0.0000000000
51631  48.379  -19.669  45.099 0.0000000000
52534  48.452  -19.220  44.748 0.0000000000
52533  48.924  -19.814  44.586 0.0000000000
32635  19.792  -40.828  69.175 0.0000000000
32649  20.186  -40.844  68.345 0.0000000000
132263  19.688  -40.955  67.737 0.0000000000
57921  55.012  -13.933  50.997 0.0000000000
56979  54.628  -13.899  51.522 0.0000000000
56082  53.799  -14.477  51.809 0.0000000000
56083  52.801  -14.809  52.279 0.0000000000
53306  48.426  -18.210  54.897 0.0000000000
52409  47.142  -19.186  53.946 0.0000000000
53319  46.940  -19.061  53.054 0.0000000000
133713  45.525  -21.839  53.520 0.0000000000
51505  45.613  -21.200  53.194 0.0000000000
133727  45.538  -22.929  52.727 0.0000000000
42605  48.704  -30.024  53.617 0.0000000000
43468  49.016  -29.786  53.243 0.0000000000
43499  48.488  -29.292  51.911 0.0000000000
135041  48.936  -28.857  52.519 0.0000000000
137239  49.076  -27.985  52.994 0.0000000000
45356  48.696  -27.999  52.247 0.0000000000
44392  47.957  -28.382  50.901 0.0000000000
44410  47.193  -28.125  49.183 0.0000000000
44409  47.492  -28.123  49.755 0.0000000000
45404  47.122  -27.797  48.434 0.0000000000
45424  46.323  -27.385  47.516 0.0000000000
45425  44.806  -27.329  47.547 0.0000000000
45444  43.768  -27.128  47.154 0.0000000000
42675  39.565  -30.671  47.523 0.0000000000
43559  39.928  -29.990  47.207 0.0000000000
42685  39.341  -30.468  46.830 0.0000000000
43592  38.308  -29.385  44.503 0.0000000000
38384  37.666  -35.976  53.876 0.0000000000
39261  36.351  -34.829  52.186 0.0000000000
39271  35.869  -34.602  51.718 0.0000000000
64428  51.658  -6.736  39.791 0.0000000000
64437  51.661  -6.730  38.852 0.0000000000
36456  28.753  -36.802  65.180 0.0000000000
36458  26.765  -37.573  65.011 0.0000000000
131375  27.113  -37.354  65.850 0.0000000000
36426  29.011  -36.798  68.416 0.0000000000
120652  26.760  -37.630  68.030 0.0000000000
36427  27.241  -37.307  67.693 0.0000000000
36442  26.553  -37.774  66.453 0.0000000000
35461  26.160  -38.409  67.010 0.0000000000
34502  25.866  -39.534  66.308 0.0000000000
136831  25.853  -39.127  66.824 0.0000000000
122543  25.886  -40.043  67.205 0.0000000000
33568  26.254  -41.180  68.030 0.0000000000
35470  36.394  -38.967  66.970 0.0000000000
35481  36.729  -38.990  66.433 0.0000000000
34496  36.747  -39.585  66.410 0.0000000000
34509  37.268  -39.819  65.818 0.0000000000
33585  37.018  -40.186  65.947 0.0000000000
33598  36.674  -40.660  65.095 0.0000000000
33576  36.158  -40.128  66.483 0.0000000000
34499  35.084  -39.869  66.765 0.0000000000
33577  35.533  -40.192  66.315 0.0000000000
34510  34.766  -39.976  66.026 0.0000000000
34521  34.490  -39.854  65.067 0.0000000000
34511  33.877  -39.591  65.693 0.0000000000
35444  33.323  -38.131  68.602 0.0000000000
35483  32.067  -38.389  66.296 0.0000000000
35471  32.724  -38.725  66.753 0.0000000000
35482  32.601  -38.763  65.887 0.0000000000
34512  33.097  -39.103  65.355 0.0000000000
126703  32.398  -38.677  65.096 0.0000000000
35496  31.795  -38.262  64.977 0.0000000000
36454  30.523  -37.423  65.445 0.0000000000
36469  30.556  -37.488  64.406 0.0000000000
36489  30.359  -37.430  63.547 0.0000000000
50674  47.407  -21.128  47.936 0.0000000000
122224  49.555  -17.574  57.021 0.0000000000
52386  48.332  -19.030  56.605 0.0000000000
114511  48.643  -18.816  57.334 0.0000000000
40817  44.085  -32.636  62.255 0.0000000000
43402  47.891  -29.208  59.704 0.0000000000
43388  48.269  -28.740  60.007 0.0000000000
118707  48.343  -29.158  58.962 0.0000000000
43413  48.933  -29.111  58.231 0.0000000000
42526  44.695  -30.305  57.880 0.0000000000
43426  45.547  -29.774  57.768 0.0000000000
43436  46.404  -29.515  56.230 0.0000000000
43446  46.455  -29.985  55.330 0.0000000000
124973  47.338  -29.577  55.743 0.0000000000
42567  47.250  -30.053  54.831 0.0000000000
42566  47.921  -30.042  54.434 0.0000000000
133907  47.137  -30.584  54.222 0.0000000000
42626  45.132  -30.791  52.697 0.0000000000
42642  45.578  -30.119  52.123 0.0000000000
42641  46.608  -30.123  52.056 0.0000000000
43503  43.955  -29.583  51.525 0.0000000000
42645  42.622  -30.408  51.894 0.0000000000
43504  43.002  -29.704  51.417 0.0000000000
43523  41.825  -29.693  50.330 0.0000000000
40913  42.447  -32.474  53.264 0.0000000000
41738  42.840  -31.776  52.920 0.0000000000
41751  40.279  -31.430  50.732 0.0000000000
41750  40.962  -30.994  51.201 0.0000000000
41764  39.897  -30.956  49.040 0.0000000000
40926  38.926  -32.211  48.943 0.0000000000
41765  39.339  -31.517  48.596 0.0000000000
40933  38.788  -32.103  48.171 0.0000000000
41776  38.523  -32.047  47.348 0.0000000000
119321  38.381  -32.664  47.837 0.0000000000
38400  32.673  -35.620  53.604 0.0000000000
39275  31.667  -34.776  51.308 0.0000000000
37550  29.431  -36.174  51.747 0.0000000000
38429  29.395  -35.373  50.408 0.0000000000
39297  29.591  -34.842  49.669 0.0000000000
39286  30.236  -34.860  50.401 0.0000000000
60008  48.502  -11.690  40.658 0.0000000000
60021  48.597  -12.071  39.807 0.0000000000
35598  26.743  -38.817  57.871 0.0000000000
36491  28.013  -37.084  63.774 0.0000000000
116005  28.024  -37.197  62.863 0.0000000000
35528  26.530  -38.529  62.649 0.0000000000
34560  26.689  -39.370  61.278 0.0000000000
33614  26.842  -40.585  63.373 0.0000000000
33639  27.710  -41.397  61.992 0.0000000000
119457  27.623  -41.208  61.133 0.0000000000
36482  41.600  -37.826  63.250 0.0000000000
36481  42.106  -37.746  63.022 0.0000000000
36514  42.457  -37.448  62.022 0.0000000000
37425  42.711  -36.682  62.792 0.0000000000
38315  43.082  -35.921  62.476 0.0000000000
39177  43.233  -35.125  61.962 0.0000000000
125111  41.322  -35.058  59.095 0.0000000000
38352  41.168  -35.526  58.272 0.0000000000
117222  41.257  -36.518  57.736 0.0000000000
36587  41.396  -38.243  56.936 0.0000000000
37488  41.432  -37.760  56.296 0.0000000000
36608  41.164  -38.245  56.145 0.0000000000
135313  40.876  -38.076  55.305 0.0000000000
35603  40.683  -38.314  55.870 0.0000000000
35572  40.246  -39.479  58.772 0.0000000000
35588  40.855  -39.344  58.411 0.0000000000
36588  39.550  -38.100  56.822 0.0000000000
36609  39.885  -38.077  55.964 0.0000000000
36610  38.952  -37.509  56.354 0.0000000000
37489  38.391  -36.923  55.837 0.0000000000
37490  36.431  -36.350  56.198 0.0000000000
33611  36.702  -40.667  63.731 0.0000000000
128660  36.949  -40.584  62.952 0.0000000000
33626  36.253  -40.276  63.078 0.0000000000
34557  35.544  -39.450  61.966 0.0000000000
34556  36.349  -39.689  61.870 0.0000000000
119921  33.176  -38.453  61.449 0.0000000000
35542  33.816  -38.667  61.546 0.0000000000
36548  34.053  -37.776  59.431 0.0000000000
36547  34.925  -37.788  59.367 0.0000000000
35576  35.458  -38.236  59.917 0.0000000000
36570  35.286  -37.438  58.667 0.0000000000
37491  34.219  -36.600  56.735 0.0000000000
116379  33.834  -36.426  55.983 0.0000000000
36625  31.598  -36.945  55.985 0.0000000000
37521  31.408  -36.660  54.755 0.0000000000
36626  31.113  -36.960  55.360 0.0000000000
36615  30.371  -37.412  56.188 0.0000000000
36628  29.773  -37.450  55.529 0.0000000000
36639  30.007  -37.293  54.847 0.0000000000
56166  54.487  -15.313  45.806 0.0000000000
56175  53.194  -15.807  44.474 0.0000000000
54312  50.643  -17.088  44.386 0.0000000000
116247  49.909  -17.648  43.890 0.0000000000
114526  50.615  -17.705  42.783 0.0000000000
54351  51.708  -17.370  41.793 0.0000000000
51580  49.394  -20.888  47.473 0.0000000000
39059  28.673  -34.550  70.997 0.0000000000
38216  27.708  -35.113  72.001 0.0000000000
38207  27.267  -35.411  72.236 0.0000000000
118093  27.045  -35.830  72.536 0.0000000000
35407  26.136  -38.122  72.363 0.0000000000
118632  26.028  -39.502  71.257 0.0000000000
32616  25.779  -41.691  70.149 0.0000000000
32615  25.969  -41.764  70.017 0.0000000000
32630  26.145  -42.160  69.670 0.0000000000
31740  26.618  -42.785  68.719 0.0000000000
31732  26.248  -42.540  69.190 0.0000000000
33537  21.704  -40.761  71.886 0.0000000000
33536  22.568  -40.774  71.614 0.0000000000
114518  23.127  -40.704  72.249 0.0000000000
32604  23.549  -40.809  71.482 0.0000000000
32603  24.428  -40.932  71.341 0.0000000000
32618  24.078  -41.082  70.578 0.0000000000
31743  24.506  -42.235  67.847 0.0000000000
31753  25.217  -42.817  67.605 0.0000000000
31763  25.860  -43.281  67.284 0.0000000000
31785  24.807  -42.635  64.858 0.0000000000
32687  22.312  -41.234  65.215 0.0000000000
63546  52.725  -7.529  43.700 0.0000000000
62665  51.689  -8.759  43.521 0.0000000000
61780  50.718  -9.945  43.415 0.0000000000
60873  49.735  -11.185  43.256 0.0000000000
61767  50.930  -9.417  45.379 0.0000000000
115112  50.847  -10.149  45.172 0.0000000000
59012  49.377  -12.889  44.935 0.0000000000
118972  49.198  -12.705  43.931 0.0000000000
58000  49.189  -13.610  44.224 0.0000000000
57066  49.774  -14.421  44.071 0.0000000000
137500  49.820  -14.411  44.707 0.0000000000
135629  50.985  -14.486  45.678 0.0000000000
57054  52.850  -14.072  46.296 0.0000000000
57032  50.596  -14.261  47.947 0.0000000000
57030  52.517  -14.212  48.371 0.0000000000
57973  54.975  -13.442  48.178 0.0000000000
57972  55.541  -13.503  47.768 0.0000000000
57981  55.143  -13.275  47.221 0.0000000000
57027  55.806  -13.760  47.725 0.0000000000
128337  54.688  -15.472  48.281 0.0000000000
56154  55.133  -15.022  47.796 0.0000000000
55245  53.034  -16.119  47.489 0.0000000000
56131  54.553  -15.411  49.693 0.0000000000
56132  53.514  -15.747  49.950 0.0000000000
55232  51.746  -16.260  48.943 0.0000000000
121350  51.402  -16.450  48.286 0.0000000000
55246  51.923  -16.412  47.590 0.0000000000
54239  49.020  -17.112  48.840 0.0000000000
54263  49.141  -17.110  47.937 0.0000000000
54251  48.195  -17.564  48.122 0.0000000000
57891  52.880  -12.807  54.342 0.0000000000
55155  51.195  -15.718  53.314 0.0000000000
55177  51.205  -15.812  52.406 0.0000000000
134800  49.109  -17.105  52.206 0.0000000000
54221  48.899  -17.126  50.664 0.0000000000
128188  48.325  -17.554  50.850 0.0000000000
53364  46.659  -18.708  49.382 0.0000000000
54241  47.535  -17.970  49.694 0.0000000000
53365  46.560  -18.938  48.415 0.0000000000
52492  46.484  -20.205  47.689 0.0000000000
52484  46.096  -20.243  48.427 0.0000000000
51549  45.570  -20.891  49.750 0.0000000000
50663  45.886  -20.912  49.054 0.0000000000
50648  46.194  -21.623  49.588 0.0000000000
50647  47.240  -21.754  49.810 0.0000000000
51520  45.418  -21.048  51.366 0.0000000000
50621  45.536  -21.566  50.924 0.0000000000
49777  47.065  -22.501  51.379 0.0000000000
50575  47.628  -20.978  58.697 0.0000000000
50592  46.939  -21.318  57.045 0.0000000000
46234  49.538  -27.367  58.741 0.0000000000
47063  48.770  -26.427  59.877 0.0000000000
47074  48.832  -26.474  59.458 0.0000000000
48027  48.315  -25.385  59.715 0.0000000000
47075  48.434  -26.009  58.937 0.0000000000
44343  50.507  -28.341  55.509 0.0000000000
45322  50.699  -27.790  56.483 0.0000000000
46268  50.412  -27.401  55.852 0.0000000000
46271  47.986  -26.824  56.565 0.0000000000
46252  47.735  -26.515  57.421 0.0000000000
47089  47.756  -25.863  58.185 0.0000000000
48041  47.379  -25.113  58.056 0.0000000000
48042  46.821  -24.625  57.475 0.0000000000
48056  45.892  -24.543  55.624 0.0000000000
48923  46.108  -23.604  56.256 0.0000000000
49737  46.059  -22.635  55.901 0.0000000000
49738  45.668  -22.948  55.104 0.0000000000
48079  46.485  -24.471  53.468 0.0000000000
48939  47.130  -23.929  53.018 0.0000000000
48938  48.322  -23.776  53.050 0.0000000000
46332  47.754  -27.018  51.316 0.0000000000
131990  48.081  -26.148  52.172 0.0000000000
134787  47.430  -26.521  50.908 0.0000000000
114551  47.047  -25.640  49.612 0.0000000000
137269  47.405  -25.273  51.105 0.0000000000
48105  48.528  -23.684  52.653 0.0000000000
48973  47.796  -23.908  50.474 0.0000000000
120019  47.189  -24.683  49.567 0.0000000000
48168  47.240  -24.962  47.153 0.0000000000
46412  45.626  -26.276  46.047 0.0000000000
46413  44.791  -26.227  45.886 0.0000000000
47299  43.510  -25.344  44.206 0.0000000000
47298  44.205  -25.371  44.480 0.0000000000
44397  43.840  -28.726  50.312 0.0000000000
44413  43.906  -28.406  49.547 0.0000000000
114234  42.978  -28.441  49.108 0.0000000000
44446  42.233  -28.215  47.892 0.0000000000
45427  42.062  -27.795  47.264 0.0000000000
120331  42.667  -27.263  46.852 0.0000000000
44464  39.902  -29.105  46.165 0.0000000000
44476  40.220  -28.327  45.853 0.0000000000
45473  40.220  -27.125  44.797 0.0000000000
38372  41.339  -36.099  55.168 0.0000000000
39239  41.547  -35.061  55.609 0.0000000000
37526  40.113  -36.439  53.196 0.0000000000
38394  40.578  -35.588  53.385 0.0000000000
39260  39.697  -35.034  52.259 0.0000000000
37538  38.216  -36.157  52.337 0.0000000000
38405  38.214  -35.930  51.735 0.0000000000
134165  38.195  -35.020  50.436 0.0000000000
40107  38.989  -34.206  51.130 0.0000000000
39278  38.493  -34.446  50.383 0.0000000000
40113  38.390  -33.800  49.661 0.0000000000
40124  37.239  -34.111  48.086 0.0000000000
40123  37.764  -33.873  48.357 0.0000000000
40143  37.600  -33.605  47.643 0.0000000000
40165  37.321  -33.314  46.905 0.0000000000
116380  33.649  -34.622  52.125 0.0000000000
120080  32.333  -33.448  47.893 0.0000000000
40128  32.587  -33.576  48.774 0.0000000000
40147  33.864  -33.455  47.537 0.0000000000
40974  35.014  -32.672  45.236 0.0000000000
40188  35.289  -32.999  45.932 0.0000000000
40972  36.725  -32.749  45.453 0.0000000000
65277  53.770  -5.101  38.793 0.0000000000
116219  49.815  -8.938  40.512 0.0000000000
128816  49.711  -8.814  39.845 0.0000000000
127014  49.577  -9.313  38.262 0.0000000000
57063  55.494  -13.965  44.949 0.0000000000
114733  30.442  -35.619  70.820 0.0000000000
117972  30.435  -35.121  71.077 0.0000000000
39204  42.486  -34.242  60.168 0.0000000000
40037  43.220  -33.358  60.260 0.0000000000
40038  42.443  -33.516  59.580 0.0000000000
40863  42.533  -32.443  58.501 0.0000000000
41671  42.849  -31.773  58.087 0.0000000000
131636  42.378  -32.242  57.686 0.0000000000
40885  42.725  -32.932  55.895 0.0000000000
40078  42.353  -33.561  55.505 0.0000000000
39246  41.497  -34.684  54.416 0.0000000000
57997  55.454  -12.073  45.429 0.0000000000
58994  55.804  -12.100  45.360 0.0000000000
135386  28.550  -37.329  60.591 0.0000000000
32685  27.089  -42.054  65.793 0.0000000000
30875  27.222  -43.470  64.681 0.0000000000
135449  26.460  -43.439  64.883 0.0000000000
34519  39.695  -39.917  64.006 0.0000000000
34531  40.438  -40.046  63.655 0.0000000000
33609  39.806  -40.401  63.643 0.0000000000
33622  40.214  -40.792  62.472 0.0000000000
114193  39.816  -40.648  61.301 0.0000000000
36504  31.063  -37.704  63.009 0.0000000000
118590  30.822  -37.583  61.152 0.0000000000
36530  30.540  -37.573  60.374 0.0000000000
54281  47.751  -18.287  46.393 0.0000000000
53423  47.907  -18.637  45.615 0.0000000000
52518  47.848  -19.309  45.503 0.0000000000
51609  48.103  -20.044  45.586 0.0000000000
32636  18.819  -41.051  68.959 0.0000000000
58922  53.448  -12.796  52.266 0.0000000000
57909  53.739  -13.395  52.288 0.0000000000
56956  53.604  -13.509  52.773 0.0000000000
133425  53.294  -13.721  53.228 0.0000000000
53289  48.576  -18.496  55.836 0.0000000000
53290  47.984  -18.757  55.173 0.0000000000
52399  47.396  -19.368  54.895 0.0000000000
52410  46.722  -19.879  54.312 0.0000000000
51504  46.142  -20.490  53.776 0.0000000000
50605  45.611  -21.975  54.238 0.0000000000
43483  47.561  -30.049  52.087 0.0000000000
43482  48.318  -29.892  52.261 0.0000000000
43500  47.960  -29.475  51.552 0.0000000000
120835  48.056  -28.915  51.185 0.0000000000
44394  47.277  -28.496  50.029 0.0000000000
44431  46.726  -28.111  48.793 0.0000000000
38374  36.258  -35.663  54.819 0.0000000000
38385  36.951  -35.578  54.204 0.0000000000
125051  36.299  -35.341  53.929 0.0000000000
38397  35.645  -35.150  53.675 0.0000000000
123468  34.922  -34.668  52.712 0.0000000000
64407  52.554  -6.388  41.260 0.0000000000
64420  51.849  -6.951  40.712 0.0000000000
63568  51.167  -7.401  40.155 0.0000000000
36455  29.651  -36.972  65.572 0.0000000000
36440  28.525  -36.774  66.877 0.0000000000
127408  25.890  -39.119  67.596 0.0000000000
126362  26.033  -38.969  68.547 0.0000000000
34474  25.984  -39.937  69.312 0.0000000000
36436  35.991  -38.313  67.452 0.0000000000
35455  36.181  -38.988  67.541 0.0000000000
34486  35.814  -39.280  67.629 0.0000000000
34487  35.063  -39.406  67.517 0.0000000000
34488  34.275  -39.154  67.591 0.0000000000
121158  31.884  -37.649  68.784 0.0000000000
35460  32.417  -38.067  68.281 0.0000000000
36453  31.470  -37.967  65.743 0.0000000000
41646  44.858  -31.933  61.194 0.0000000000
41639  44.937  -31.568  61.899 0.0000000000
42482  45.073  -30.828  62.323 0.0000000000
44302  46.531  -28.666  61.548 0.0000000000
44301  47.268  -28.335  61.050 0.0000000000
43377  47.100  -29.182  60.999 0.0000000000
42501  47.097  -29.848  60.057 0.0000000000
43403  47.353  -29.459  59.157 0.0000000000
42552  44.454  -30.540  56.218 0.0000000000
42551  45.180  -30.171  55.951 0.0000000000
42569  45.049  -31.029  55.482 0.0000000000
41703  45.604  -31.245  54.878 0.0000000000
41718  46.212  -31.200  54.331 0.0000000000
41717  46.798  -31.017  53.852 0.0000000000
41725  45.981  -31.458  53.894 0.0000000000
41735  45.614  -31.265  53.284 0.0000000000
40917  41.090  -32.248  52.273 0.0000000000
41752  39.635  -31.891  50.232 0.0000000000
119565  39.089  -32.390  49.713 0.0000000000
40927  38.586  -32.942  49.266 0.0000000000
38401  32.072  -35.622  53.129 0.0000000000
38410  30.705  -35.784  52.400 0.0000000000
60886  49.297  -11.234  42.416 0.0000000000
117518  48.732  -11.553  41.573 0.0000000000
115350  49.591  -13.543  40.941 0.0000000000
118441  54.027  -12.096  43.151 0.0000000000
59041  53.249  -12.529  42.355 0.0000000000
34535  26.541  -39.547  62.953 0.0000000000
32727  28.119  -42.106  62.718 0.0000000000
127219  42.078  -38.419  62.442 0.0000000000
124891  42.239  -38.165  62.175 0.0000000000
37446  42.355  -36.752  61.306 0.0000000000
37447  41.742  -36.996  60.389 0.0000000000
37456  41.411  -37.220  59.344 0.0000000000
37466  41.367  -37.446  58.225 0.0000000000
36566  41.446  -38.270  57.767 0.0000000000
35594  41.301  -38.615  57.608 0.0000000000
36611  37.922  -36.981  56.732 0.0000000000
36590  37.448  -37.244  57.585 0.0000000000
34543  35.559  -39.914  63.040 0.0000000000
125473  35.275  -39.551  62.410 0.0000000000
34558  34.723  -39.083  61.741 0.0000000000
35579  32.932  -37.908  60.228 0.0000000000
36549  33.247  -37.720  59.487 0.0000000000
114920  34.010  -37.205  58.064 0.0000000000
36612  32.675  -37.014  56.867 0.0000000000
37493  32.934  -36.677  56.193 0.0000000000
36613  31.917  -37.173  56.719 0.0000000000
36614  31.186  -37.307  56.490 0.0000000000
114903  29.844  -37.611  56.865 0.0000000000
36629  28.831  -37.630  55.676 0.0000000000
117484  28.303  -37.751  54.861 0.0000000000
36630  27.976  -37.833  55.498 0.0000000000
56167  53.414  -15.785  45.337 0.0000000000
55276  52.611  -16.263  45.666 0.0000000000
115684  52.028  -16.492  44.851 0.0000000000
55291  51.430  -16.749  44.163 0.0000000000
53437  49.384  -18.858  43.509 0.0000000000
53436  49.818  -18.653  43.026 0.0000000000
35398  25.182  -37.986  73.337 0.0000000000
126223  25.481  -39.478  72.631 0.0000000000
34460  25.713  -40.240  71.604 0.0000000000
128004  25.378  -40.599  71.696 0.0000000000
33533  25.135  -40.859  71.408 0.0000000000
128919  25.076  -41.705  70.597 0.0000000000
128993  20.805  -40.652  70.497 0.0000000000
32634  22.215  -40.857  69.919 0.0000000000
32633  23.165  -41.108  69.842 0.0000000000
32632  24.158  -41.494  69.599 0.0000000000
32647  23.228  -41.224  68.945 0.0000000000
31754  24.347  -42.177  67.032 0.0000000000
31765  24.248  -42.199  66.157 0.0000000000
32686  23.403  -41.685  65.535 0.0000000000
63547  52.173  -8.095  44.088 0.0000000000
62659  51.706  -8.760  44.460 0.0000000000
61773  50.972  -10.046  44.293 0.0000000000
59968  50.468  -11.115  45.201 0.0000000000
57056  49.713  -14.232  45.552 0.0000000000
57015  52.826  -14.024  49.125 0.0000000000
57958  55.600  -13.647  48.431 0.0000000000
56143  55.923  -13.972  48.430 0.0000000000
56145  54.722  -15.523  48.961 0.0000000000
56121  53.292  -15.494  50.707 0.0000000000
55233  50.742  -16.437  48.997 0.0000000000
54227  48.964  -17.087  49.775 0.0000000000
56946  52.107  -14.356  55.280 0.0000000000
56047  52.301  -14.448  54.327 0.0000000000
56048  51.618  -15.222  54.731 0.0000000000
55121  51.224  -15.631  54.069 0.0000000000
55137  50.652  -16.080  53.895 0.0000000000
53326  48.185  -17.951  52.986 0.0000000000
125204  48.802  -17.410  52.806 0.0000000000
54213  47.861  -18.055  52.210 0.0000000000
54223  47.953  -17.887  51.433 0.0000000000
54229  47.760  -17.925  50.552 0.0000000000
52465  45.991  -19.544  49.700 0.0000000000
49763  45.756  -22.327  51.317 0.0000000000
49760  48.609  -22.794  52.239 0.0000000000
48972  48.650  -22.948  51.420 0.0000000000
50576  47.368  -21.874  58.376 0.0000000000
44316  49.741  -28.069  59.056 0.0000000000
45289  49.093  -27.115  59.760 0.0000000000
45309  50.261  -27.993  58.497 0.0000000000
45310  49.982  -27.767  58.614 0.0000000000
45318  50.328  -27.783  58.018 0.0000000000
122127  50.011  -27.120  54.618 0.0000000000
45329  50.229  -27.193  55.330 0.0000000000
46285  49.821  -26.767  55.515 0.0000000000
46286  48.522  -26.445  55.622 0.0000000000
46253  47.137  -26.284  56.695 0.0000000000
47106  46.628  -25.455  56.733 0.0000000000
137905  46.706  -25.972  56.109 0.0000000000
47124  46.658  -25.854  55.400 0.0000000000
47144  46.040  -25.253  55.001 0.0000000000
48057  45.653  -24.486  54.760 0.0000000000
48067  47.108  -25.038  53.924 0.0000000000
48077  48.523  -24.451  53.309 0.0000000000
46354  47.421  -26.835  49.508 0.0000000000
47239  47.063  -25.378  48.852 0.0000000000
47283  46.246  -25.461  45.583 0.0000000000
46397  44.230  -26.604  46.447 0.0000000000
43550  42.237  -28.878  49.312 0.0000000000
44434  41.730  -28.708  48.060 0.0000000000
44447  41.512  -28.461  47.438 0.0000000000
44487  39.128  -28.263  44.679 0.0000000000
37515  41.033  -36.734  54.540 0.0000000000
37536  39.484  -36.383  52.724 0.0000000000
38416  37.332  -35.462  51.596 0.0000000000
38415  37.768  -35.680  51.437 0.0000000000
38426  37.400  -35.391  50.994 0.0000000000
39279  37.588  -35.102  50.235 0.0000000000
40114  37.858  -34.146  49.101 0.0000000000
39274  32.405  -34.700  51.643 0.0000000000
39273  33.273  -34.482  51.566 0.0000000000
114201  32.802  -34.303  50.962 0.0000000000
40112  33.063  -33.880  50.288 0.0000000000
40115  33.315  -33.665  49.450 0.0000000000
40170  32.525  -33.193  46.750 0.0000000000
40168  34.496  -33.232  46.573 0.0000000000
57076  54.189  -14.919  43.576 0.0000000000
136211  55.214  -14.139  44.344 0.0000000000
36413  30.489  -37.201  68.536 0.0000000000
37359  29.078  -36.586  69.605 0.0000000000
36399  32.973  -36.882  69.460 0.0000000000
36412  31.295  -37.237  69.170 0.0000000000
40001  43.505  -33.913  62.482 0.0000000000
40000  43.906  -33.213  62.020 0.0000000000
40829  44.304  -32.522  61.549 0.0000000000
40840  43.941  -32.808  60.668 0.0000000000
40839  44.446  -32.363  60.923 0.0000000000
41651  45.267  -31.520  60.695 0.0000000000
41658  45.315  -31.406  60.215 0.0000000000
42512  45.783  -30.876  59.968 0.0000000000
41668  45.306  -31.044  59.605 0.0000000000
137334  44.196  -30.339  57.039 0.0000000000
41677  43.226  -31.265  57.449 0.0000000000
42541  43.656  -30.897  56.585 0.0000000000
41688  44.239  -31.326  55.673 0.0000000000
41720  44.350  -32.033  54.627 0.0000000000
40914  41.575  -32.753  52.899 0.0000000000
40915  40.874  -32.950  52.486 0.0000000000
132739  39.937  -33.353  51.850 0.0000000000
37542  28.843  -36.729  52.236 0.0000000000
57079  50.086  -14.470  43.318 0.0000000000
58024  50.072  -14.334  42.394 0.0000000000
57093  50.871  -14.302  42.768 0.0000000000
58010  53.499  -12.730  43.431 0.0000000000
114681  53.552  -13.057  44.185 0.0000000000
36600  27.665  -37.733  57.795 0.0000000000
126917  27.000  -37.985  59.225 0.0000000000
34583  26.694  -38.997  59.466 0.0000000000
117708  26.200  -39.649  64.961 0.0000000000
30893  27.439  -43.581  63.004 0.0000000000
35508  40.984  -39.496  63.490 0.0000000000
34529  41.333  -39.631  63.042 0.0000000000
35524  41.611  -39.148  62.809 0.0000000000
34540  41.772  -39.451  61.918 0.0000000000
34581  41.177  -39.910  59.728 0.0000000000
33655  40.586  -40.264  60.100 0.0000000000
34569  39.838  -39.837  59.610 0.0000000000
135465  38.907  -39.394  59.680 0.0000000000
120468  37.177  -38.399  59.600 0.0000000000
34534  33.300  -39.067  63.725 0.0000000000
35559  32.666  -38.146  60.976 0.0000000000
36573  32.153  -37.567  58.727 0.0000000000
36574  31.372  -37.608  58.525 0.0000000000
36575  30.567  -37.651  58.364 0.0000000000
36552  30.303  -37.605  59.592 0.0000000000
131286  30.171  -37.650  58.910 0.0000000000
36576  29.705  -37.642  58.315 0.0000000000
54295  50.026  -17.144  45.716 0.0000000000
55278  50.725  -16.903  45.208 0.0000000000
54313  49.144  -18.070  44.373 0.0000000000
54297  48.484  -18.334  45.063 0.0000000000
53430  49.084  -18.633  43.938 0.0000000000
52541  49.071  -19.218  44.028 0.0000000000
131373  20.501  -40.691  69.739 0.0000000000
32648  21.151  -40.792  68.264 0.0000000000
32661  21.560  -40.808  67.238 0.0000000000
136442  21.814  -40.834  66.536 0.0000000000
115094  21.141  -40.858  66.209 0.0000000000
32663  19.640  -41.006  67.016 0.0000000000
56994  55.231  -14.136  50.494 0.0000000000
56995  54.885  -14.445  50.764 0.0000000000
56103  54.043  -14.837  51.061 0.0000000000
55197  52.241  -15.679  51.073 0.0000000000
115000  51.271  -15.891  51.474 0.0000000000
137602  50.172  -16.605  55.271 0.0000000000
53317  48.277  -18.048  53.988 0.0000000000
51513  45.477  -21.185  52.270 0.0000000000
49754  45.645  -22.639  52.090 0.0000000000
48947  46.421  -23.528  52.496 0.0000000000
48904  47.688  -23.388  60.301 0.0000000000
131753  49.367  -29.531  55.171 0.0000000000
43433  50.608  -28.613  56.329 0.0000000000
118114  49.788  -29.331  54.870 0.0000000000
44344  50.096  -28.747  54.680 0.0000000000
44354  49.745  -28.927  53.835 0.0000000000
120408  49.995  -28.119  54.177 0.0000000000
45345  49.566  -27.250  53.747 0.0000000000
46313  49.254  -25.913  53.754 0.0000000000
45379  47.795  -27.834  50.571 0.0000000000
132654  47.702  -28.136  50.264 0.0000000000
120212  47.557  -27.688  49.683 0.0000000000
45403  47.396  -27.329  48.120 0.0000000000
46380  46.658  -27.025  47.101 0.0000000000
120711  45.665  -27.464  47.697 0.0000000000
43558  40.563  -29.553  47.523 0.0000000000
43580  39.234  -29.650  45.856 0.0000000000
44478  38.801  -28.911  44.827 0.0000000000
37528  39.109  -36.953  53.315 0.0000000000
37529  38.417  -36.554  53.529 0.0000000000
38395  37.853  -36.045  52.927 0.0000000000
121040  37.101  -35.485  53.459 0.0000000000
39270  36.720  -35.009  51.439 0.0000000000
39309  30.831  -33.916  48.930 0.0000000000
40117  31.726  -33.801  49.263 0.0000000000
40149  31.580  -33.466  47.630 0.0000000000
40171  31.583  -33.246  46.862 0.0000000000
65267  52.790  -5.520  39.894 0.0000000000
65260  52.884  -5.638  40.793 0.0000000000
64436  52.375  -6.156  38.456 0.0000000000
64452  51.857  -6.846  37.937 0.0000000000
62717  50.817  -8.238  37.653 0.0000000000
114975  50.263  -13.204  38.749 0.0000000000
36490  29.483  -37.080  63.385 0.0000000000
36471  28.118  -36.967  64.517 0.0000000000
36472  27.356  -37.341  64.339 0.0000000000
37379  28.980  -36.802  67.575 0.0000000000
36441  27.423  -37.154  66.842 0.0000000000
34513  25.941  -39.219  65.590 0.0000000000
32672  27.006  -42.223  66.750 0.0000000000
31762  27.301  -42.924  67.218 0.0000000000
35480  37.147  -39.316  65.905 0.0000000000
33584  37.562  -40.217  65.344 0.0000000000
124747  37.799  -40.688  64.753 0.0000000000
115014  36.416  -40.658  64.517 0.0000000000
33587  35.977  -40.466  65.917 0.0000000000
128055  35.694  -40.417  64.550 0.0000000000
33600  35.023  -40.057  64.543 0.0000000000
35443  34.196  -38.187  68.697 0.0000000000
34489  33.525  -39.040  67.203 0.0000000000
35459  32.944  -38.541  67.710 0.0000000000
35512  31.518  -38.056  64.307 0.0000000000
51599  46.852  -20.181  47.049 0.0000000000
51582  47.481  -20.656  47.047 0.0000000000
127424  49.359  -20.979  48.612 0.0000000000
56934  52.226  -13.504  55.666 0.0000000000
56935  51.910  -14.087  56.128 0.0000000000
56037  51.242  -15.669  56.047 0.0000000000
56025  51.000  -15.362  56.899 0.0000000000
55107  50.190  -16.734  55.838 0.0000000000
119426  49.638  -17.332  56.055 0.0000000000
54153  49.177  -17.936  56.224 0.0000000000
115370  49.048  -28.335  59.561 0.0000000000
43400  49.502  -28.564  58.921 0.0000000000
43412  49.831  -28.814  58.285 0.0000000000
43434  49.264  -29.231  56.749 0.0000000000
42524  45.913  -30.032  58.775 0.0000000000
43415  46.620  -29.496  58.239 0.0000000000
43437  45.604  -29.635  56.602 0.0000000000
43435  48.362  -29.365  56.299 0.0000000000
118357  49.352  -29.359  55.928 0.0000000000
42588  48.008  -30.205  53.933 0.0000000000
42606  48.016  -30.347  53.388 0.0000000000
42607  47.313  -30.685  53.336 0.0000000000
42623  47.875  -30.352  52.770 0.0000000000
43501  46.062  -29.549  51.382 0.0000000000
43519  45.400  -29.034  50.714 0.0000000000
43520  44.371  -29.073  50.860 0.0000000000
43537  42.246  -29.238  49.947 0.0000000000
43538  41.638  -29.454  49.529 0.0000000000
43539  40.961  -29.812  49.078 0.0000000000
42646  41.770  -30.683  51.571 0.0000000000
41745  41.409  -31.450  51.958 0.0000000000
42654  41.395  -30.309  50.760 0.0000000000
42665  40.356  -30.312  48.646 0.0000000000
41775  38.980  -31.210  47.070 0.0000000000
41788  38.414  -31.684  46.565 0.0000000000
38388  33.765  -35.576  54.269 0.0000000000
114150  34.184  -35.300  53.914 0.0000000000
38399  33.473  -35.341  53.580 0.0000000000
38409  32.264  -35.173  52.396 0.0000000000
39285  31.652  -34.479  50.627 0.0000000000
114287  31.036  -34.452  50.199 0.0000000000
37549  30.061  -36.109  52.258 0.0000000000
38420  29.693  -35.583  51.135 0.0000000000
38428  30.343  -35.243  51.110 0.0000000000
39295  31.159  -34.137  49.608 0.0000000000
62682  51.027  -8.515  41.712 0.0000000000
120454  50.174  -9.070  41.322 0.0000000000
61801  49.207  -9.896  40.682 0.0000000000
60905  48.977  -10.668  41.138 0.0000000000
60915  48.587  -10.796  39.817 0.0000000000
135163  50.616  -14.169  42.018 0.0000000000
58046  50.764  -13.817  41.364 0.0000000000
121674  50.691  -13.482  40.527 0.0000000000
35604  27.137  -38.317  57.236 0.0000000000
124487  26.664  -39.149  56.965 0.0000000000
136820  27.841  -37.304  62.300 0.0000000000
125147  27.220  -37.631  61.748 0.0000000000
119939  26.818  -37.820  62.799 0.0000000000
36508  26.799  -37.855  62.112 0.0000000000
119910  26.450  -39.657  63.640 0.0000000000
33628  26.834  -40.254  62.547 0.0000000000
33652  27.227  -40.760  60.151 0.0000000000
117456  42.465  -37.014  63.014 0.0000000000
38287  42.929  -35.243  63.073 0.0000000000
39165  43.152  -34.633  62.810 0.0000000000
39191  42.993  -34.816  61.025 0.0000000000
38330  42.011  -36.061  60.574 0.0000000000
39192  42.275  -35.186  60.447 0.0000000000
39205  41.825  -34.783  59.747 0.0000000000
120079  41.236  -34.614  58.234 0.0000000000
39233  41.482  -34.788  56.481 0.0000000000
129616  41.386  -36.966  55.762 0.0000000000
37501  40.928  -37.540  54.861 0.0000000000
36636  40.364  -37.713  54.626 0.0000000000
36637  39.598  -37.523  54.643 0.0000000000
35587  41.240  -39.089  58.284 0.0000000000
35595  40.952  -38.870  57.521 0.0000000000
35596  40.277  -38.607  57.165 0.0000000000
37502  38.746  -37.006  54.929 0.0000000000
120322  37.349  -36.517  56.119 0.0000000000
32712  37.463  -40.893  63.512 0.0000000000
33638  37.155  -40.320  62.207 0.0000000000
35555  36.819  -38.766  60.284 0.0000000000
122808  36.294  -38.284  59.771 0.0000000000
35557  34.845  -38.685  60.930 0.0000000000
119505  35.280  -38.564  60.553 0.0000000000
36569  36.141  -37.473  58.575 0.0000000000
36592  35.666  -37.136  58.147 0.0000000000
37477  35.702  -36.753  57.494 0.0000000000
114525  34.824  -36.367  56.264 0.0000000000
129448  34.632  -36.009  55.434 0.0000000000
114378  32.698  -36.279  54.865 0.0000000000
37507  32.318  -36.622  55.592 0.0000000000
119761  32.024  -36.518  54.911 0.0000000000
36644  30.120  -36.900  54.125 0.0000000000
122979  28.114  -37.726  54.030 0.0000000000
128908  27.492  -38.088  53.723 0.0000000000
57051  55.726  -13.358  46.333 0.0000000000
56173  55.115  -14.599  45.349 0.0000000000
56183  53.752  -15.339  44.001 0.0000000000
54332  50.050  -17.937  43.125 0.0000000000
55301  51.594  -16.832  43.356 0.0000000000
55311  51.647  -17.026  42.510 0.0000000000
51597  47.880  -20.334  46.273 0.0000000000
51595  49.978  -20.800  46.657 0.0000000000
39058  29.627  -34.728  71.107 0.0000000000
38215  28.443  -35.059  71.919 0.0000000000
37331  28.491  -35.235  71.941 0.0000000000
114463  27.983  -35.835  71.939 0.0000000000
36378  27.270  -36.698  71.538 0.0000000000
36389  26.685  -37.593  70.989 0.0000000000
37333  26.593  -36.509  72.670 0.0000000000
36379  26.643  -37.226  72.167 0.0000000000
35425  26.279  -38.590  70.579 0.0000000000
34468  25.805  -40.545  70.888 0.0000000000
33554  26.147  -40.833  69.859 0.0000000000
32645  26.610  -42.332  68.716 0.0000000000
31751  26.971  -42.876  68.057 0.0000000000
30853  27.099  -43.130  67.405 0.0000000000
33519  23.547  -40.543  72.774 0.0000000000
118252  24.841  -41.259  70.758 0.0000000000
32631  25.093  -42.191  69.384 0.0000000000
31733  25.804  -42.584  69.166 0.0000000000
31752  26.018  -43.198  68.061 0.0000000000
131352  26.480  -43.291  67.625 0.0000000000
30860  26.543  -43.407  66.985 0.0000000000
31784  25.890  -43.292  65.467 0.0000000000
120482  25.680  -43.177  64.528 0.0000000000
63551  52.552  -7.428  42.687 0.0000000000
62672  51.422  -8.654  42.590 0.0000000000
61791  50.315  -9.861  42.533 0.0000000000
59993  49.074  -11.821  42.785 0.0000000000
59043  48.716  -13.029  42.578 0.0000000000
62655  51.322  -8.600  45.333 0.0000000000
61772  51.243  -9.438  44.775 0.0000000000
59979  50.109  -11.206  44.168 0.0000000000
59980  49.409  -11.865  43.626 0.0000000000
58013  48.952  -13.420  43.194 0.0000000000
58025  49.135  -13.947  42.745 0.0000000000
57065  51.382  -14.380  44.862 0.0000000000
125508  50.290  -14.501  45.201 0.0000000000
57064  52.754  -13.937  45.324 0.0000000000
57990  53.999  -13.314  45.950 0.0000000000
115635  55.069  -12.875  46.363 0.0000000000
57980  55.455  -13.045  46.516 0.0000000000
57042  52.700  -14.246  47.320 0.0000000000
57040  55.742  -13.581  46.964 0.0000000000
56160  54.671  -15.294  46.855 0.0000000000
56153  55.708  -14.280  48.014 0.0000000000
137444  53.625  -15.837  46.958 0.0000000000
115786  51.377  -16.573  46.856 0.0000000000
55263  50.245  -16.850  46.741 0.0000000000
121177  49.299  -17.123  47.090 0.0000000000
125698  48.713  -17.483  46.637 0.0000000000
54280  48.212  -17.775  46.669 0.0000000000
54265  47.857  -17.898  47.185 0.0000000000
53394  47.299  -18.544  47.033 0.0000000000
53395  46.888  -19.259  47.096 0.0000000000
56066  52.668  -14.451  53.278 0.0000000000
55123  50.232  -16.490  54.615 0.0000000000
55138  50.035  -16.536  53.734 0.0000000000
53380  46.874  -18.737  47.737 0.0000000000
137512  46.681  -19.808  47.224 0.0000000000
52451  45.609  -20.304  51.015 0.0000000000
51534  45.435  -20.937  50.513 0.0000000000
50637  45.597  -21.420  50.240 0.0000000000
50636  45.946  -21.858  50.186 0.0000000000
115604  48.586  -18.921  58.057 0.0000000000
52375  48.114  -19.539  57.446 0.0000000000
131823  47.181  -20.308  56.185 0.0000000000
48905  47.614  -23.378  59.477 0.0000000000
44329  50.863  -28.204  56.692 0.0000000000
123827  50.812  -27.988  57.289 0.0000000000
135012  49.622  -27.433  58.016 0.0000000000
46269  50.200  -27.334  56.196 0.0000000000
46251  48.787  -27.120  57.465 0.0000000000
124960  47.629  -24.061  59.051 0.0000000000
48913  47.390  -23.432  58.584 0.0000000000
49728  47.172  -22.743  58.094 0.0000000000
49729  46.736  -22.942  57.497 0.0000000000
48919  46.485  -23.650  57.116 0.0000000000
50587  46.871  -22.081  57.486 0.0000000000
50593  46.499  -21.896  56.595 0.0000000000
51478  46.731  -21.033  56.258 0.0000000000
121810  45.832  -22.046  55.135 0.0000000000
49743  45.505  -22.833  54.395 0.0000000000
130987  45.603  -24.258  54.114 0.0000000000
48933  45.474  -23.628  53.812 0.0000000000
48940  45.634  -23.555  53.086 0.0000000000
48094  46.006  -24.012  52.866 0.0000000000
48946  47.813  -23.358  52.752 0.0000000000
46323  48.715  -25.899  52.970 0.0000000000
47176  48.729  -24.920  53.346 0.0000000000
47191  47.607  -25.777  51.501 0.0000000000
48092  48.629  -24.004  53.047 0.0000000000
48154  47.198  -24.668  48.563 0.0000000000
45408  42.972  -28.068  48.380 0.0000000000
45460  42.296  -26.882  46.111 0.0000000000
44448  40.893  -28.962  47.157 0.0000000000
115287  41.102  -28.429  46.872 0.0000000000
44462  40.985  -27.911  46.346 0.0000000000
131660  41.425  -27.185  45.849 0.0000000000
135059  41.485  -35.165  54.901 0.0000000000
137432  40.936  -35.710  53.848 0.0000000000
38393  41.109  -35.066  53.865 0.0000000000
39254  40.812  -34.601  53.294 0.0000000000
40103  40.326  -34.297  52.608 0.0000000000
37537  39.122  -36.722  52.813 0.0000000000
38404  39.320  -35.782  52.223 0.0000000000
38413  38.780  -35.618  51.615 0.0000000000
129247  39.258  -35.391  51.869 0.0000000000
39268  39.217  -34.971  51.542 0.0000000000
40944  37.977  -32.919  47.242 0.0000000000
40954  37.615  -32.768  46.445 0.0000000000
40971  37.360  -32.553  45.714 0.0000000000
39256  34.348  -34.908  53.260 0.0000000000
118754  35.029  -34.536  52.004 0.0000000000
39272  34.232  -34.414  51.527 0.0000000000
115163  35.227  -34.377  51.179 0.0000000000
39281  35.478  -34.332  50.335 0.0000000000
40127  33.615  -33.560  48.534 0.0000000000
116366  34.263  -33.725  49.182 0.0000000000
40126  35.184  -33.957  48.951 0.0000000000
40167  35.592  -33.352  46.667 0.0000000000
40166  36.535  -33.412  46.739 0.0000000000
40998  37.135  -32.316  44.991 0.0000000000
62690  50.721  -7.756  39.646 0.0000000000
62701  50.177  -8.338  39.390 0.0000000000
63583  50.659  -7.820  39.027 0.0000000000
57996  56.044  -12.319  45.068 0.0000000000
57074  55.698  -13.385  44.430 0.0000000000
31731  26.426  -42.466  69.191 0.0000000000
31741  26.221  -42.936  68.724 0.0000000000
32601  25.399  -41.212  70.724 0.0000000000
32602  24.970  -41.098  71.065 0.0000000000
32676  20.472  -40.870  66.712 0.0000000000
32710  39.675  -40.883  63.164 0.0000000000
33546  25.706  -41.285  70.492 0.0000000000
33556  20.767  -40.727  69.061 0.0000000000
33575  36.594  -40.046  66.439 0.0000000000
33586  36.540  -40.420  65.811 0.0000000000
33635  40.045  -40.774  61.817 0.0000000000
34461  25.501  -40.151  72.196 0.0000000000
34530  40.930  -40.178  63.207 0.0000000000
34585  40.753  -39.759  59.237 0.0000000000
35492  39.415  -39.495  64.161 0.0000000000
35523  41.819  -39.021  62.406 0.0000000000
35602  40.892  -38.536  56.607 0.0000000000
36451  36.363  -38.354  66.571 0.0000000000
36517  27.743  -37.382  61.803 0.0000000000
37320  26.513  -36.182  72.718 0.0000000000
42625  46.108  -30.710  52.692 0.0000000000
43444  50.057  -29.110  55.712 0.0000000000
44335  50.733  -28.363  56.050 0.0000000000
44355  49.261  -29.279  53.237 0.0000000000
45317  50.646  -28.034  57.928 0.0000000000
45328  50.735  -27.890  55.877 0.0000000000
46208  49.042  -26.997  59.711 0.0000000000
48028  47.891  -24.956  58.910 0.0000000000
48049  46.302  -24.521  56.543 0.0000000000
57045  49.821  -14.194  46.656 0.0000000000
57067  49.530  -14.191  44.542 0.0000000000
57111  49.662  -14.163  42.164 0.0000000000
58026  48.861  -13.506  42.486 0.0000000000
58048  49.190  -13.856  42.103 0.0000000000
58899  53.211  -12.172  53.427 0.0000000000
58900  52.979  -11.915  53.799 0.0000000000
59042  48.671  -12.467  42.352 0.0000000000
60009  48.579  -12.531  41.714 0.0000000000
115491  45.761  -30.530  59.378 0.0000000000
117267  49.502  -27.551  59.209 0.0000000000
121299  49.628  -29.076  57.527 0.0000000000
124329  35.520  -37.601  67.670 0.0000000000
130373  31.093  -37.778  64.349 0.0000000000
130831  49.134  -28.949  58.808 0.0000000000
134140  45.817  -29.871  55.792 0.0000000000
134579  39.060  -41.068  62.932 0.0000000000
135130  48.079  -24.929  60.219 0.0000000000
136994  55.068  -14.069  51.036 0.0000000000
137553  50.333  -28.534  58.055 0.0000000000
