#!ascii label  , from subject sub-v1s0x0050649_ses-1 vox2ras=TkReg
584
135500  19.590  -3.678  -9.946 0.0000000000
74638  24.553  4.392  -13.175 0.0000000000
84171  19.476  14.992  -16.607 0.0000000000
78155  17.486  8.743  -12.653 0.0000000000
62345  22.597  -9.313  -9.288 0.0000000000
64919  25.733  -6.124  -10.767 0.0000000000
70288  22.540  -0.399  -12.725 0.0000000000
74648  20.294  4.267  -13.595 0.0000000000
80035  22.398  10.261  -15.242 0.0000000000
85004  23.331  16.716  -12.419 0.0000000000
86656  17.495  18.834  -15.561 0.0000000000
64908  20.749  -6.269  -9.199 0.0000000000
64082  23.790  -7.959  -10.191 0.0000000000
66596  22.233  -4.589  -10.716 0.0000000000
72858  19.086  2.172  -11.841 0.0000000000
74630  17.828  4.223  -11.634 0.0000000000
80834  18.451  12.149  -14.595 0.0000000000
79131  20.195  9.529  -15.811 0.0000000000
81653  20.666  12.524  -16.166 0.0000000000
82444  23.420  13.076  -13.921 0.0000000000
85022  22.161  16.026  -14.345 0.0000000000
87387  16.410  20.111  -10.670 0.0000000000
85807  17.170  17.693  -12.471 0.0000000000
88115  16.106  20.960  -14.672 0.0000000000
71999  23.749  1.250  -13.497 0.0000000000
117651  25.826  -1.053  -11.819 0.0000000000
71996  26.583  1.702  -12.139 0.0000000000
82457  17.488  13.847  -13.599 0.0000000000
77256  25.616  7.304  -12.310 0.0000000000
132523  18.846  -1.148  -10.205 0.0000000000
68395  21.333  -2.217  -11.600 0.0000000000
71130  20.037  0.435  -11.650 0.0000000000
72015  21.796  1.974  -13.526 0.0000000000
74656  22.693  4.572  -14.544 0.0000000000
117696  18.588  7.057  -13.218 0.0000000000
77274  21.717  7.038  -15.003 0.0000000000
77265  23.679  7.259  -14.137 0.0000000000
122612  24.340  10.806  -12.879 0.0000000000
84129  16.591  14.568  -12.676 0.0000000000
85038  19.374  17.370  -16.118 0.0000000000
89726  18.615  22.266  -15.986 0.0000000000
124498  20.126  20.891  -15.019 0.0000000000
86646  20.929  18.539  -14.333 0.0000000000
121107  22.353  18.953  -12.311 0.0000000000
67447  24.459  -3.212  -11.313 0.0000000000
67426  18.687  -3.349  -9.463 0.0000000000
65746  19.118  -4.716  -8.856 0.0000000000
66581  20.221  -4.586  -9.818 0.0000000000
65743  21.279  -5.673  -9.793 0.0000000000
66598  20.687  -4.116  -10.384 0.0000000000
81647  18.918  13.395  -15.663 0.0000000000
80856  20.037  11.863  -16.006 0.0000000000
82483  20.042  13.755  -16.372 0.0000000000
83319  21.382  14.101  -15.884 0.0000000000
84160  21.175  15.549  -15.555 0.0000000000
88888  16.342  21.797  -12.465 0.0000000000
88100  16.293  20.498  -12.961 0.0000000000
88900  16.393  21.692  -14.043 0.0000000000
72870  24.749  2.778  -13.351 0.0000000000
71997  25.556  1.593  -12.693 0.0000000000
73769  25.827  3.224  -12.632 0.0000000000
80808  16.021  11.980  -11.606 0.0000000000
122844  15.775  13.545  -11.891 0.0000000000
63213  21.066  -8.732  -8.628 0.0000000000
62333  21.453  -9.519  -8.573 0.0000000000
61432  23.442  -10.937  -9.158 0.0000000000
61443  24.796  -10.478  -9.560 0.0000000000
64094  24.582  -6.848  -10.674 0.0000000000
63225  25.837  -8.451  -9.799 0.0000000000
70267  19.183  -0.415  -10.586 0.0000000000
71131  19.440  0.837  -11.283 0.0000000000
123882  19.305  3.064  -12.455 0.0000000000
72872  20.092  2.024  -12.598 0.0000000000
73781  20.676  3.400  -13.698 0.0000000000
135218  22.203  3.353  -14.260 0.0000000000
74647  21.270  4.083  -14.123 0.0000000000
76388  17.648  5.942  -12.141 0.0000000000
77267  17.998  7.813  -12.920 0.0000000000
79141  21.519  9.705  -16.923 0.0000000000
78188  20.774  8.702  -15.579 0.0000000000
78172  22.305  8.619  -15.402 0.0000000000
114373  22.403  6.733  -14.882 0.0000000000
125047  22.713  9.025  -14.817 0.0000000000
79108  24.084  9.035  -13.534 0.0000000000
80028  23.567  10.503  -13.891 0.0000000000
83293  23.463  14.566  -13.394 0.0000000000
83292  23.872  13.972  -12.889 0.0000000000
86648  16.851  18.591  -14.378 0.0000000000
85816  16.947  16.136  -12.628 0.0000000000
85836  17.190  17.821  -14.853 0.0000000000
85024  17.735  15.749  -14.471 0.0000000000
86655  18.044  18.052  -15.930 0.0000000000
87422  20.738  19.358  -14.782 0.0000000000
88106  21.329  20.178  -13.776 0.0000000000
86632  21.697  18.902  -12.943 0.0000000000
69357  21.958  -1.780  -12.055 0.0000000000
126281  22.120  -2.593  -11.745 0.0000000000
69356  23.432  -1.568  -12.137 0.0000000000
138212  27.555  -1.676  -12.165 0.0000000000
67445  26.578  -3.193  -11.708 0.0000000000
64892  20.158  -7.002  -8.591 0.0000000000
64084  21.542  -7.483  -9.281 0.0000000000
63228  23.231  -8.685  -9.756 0.0000000000
64906  22.303  -7.278  -9.720 0.0000000000
118013  23.346  -6.605  -10.406 0.0000000000
117776  23.763  -5.472  -10.689 0.0000000000
72850  18.267  3.041  -11.291 0.0000000000
73761  18.249  3.527  -11.637 0.0000000000
122580  18.764  4.457  -12.480 0.0000000000
123893  17.731  10.452  -13.361 0.0000000000
135214  18.529  9.228  -13.939 0.0000000000
80036  19.185  10.581  -14.871 0.0000000000
80067  20.464  10.772  -16.474 0.0000000000
80844  21.820  11.552  -15.679 0.0000000000
119619  22.562  12.001  -14.777 0.0000000000
82455  22.467  13.476  -14.914 0.0000000000
83307  22.443  14.753  -14.660 0.0000000000
84142  22.736  15.716  -13.759 0.0000000000
86595  17.050  19.041  -9.806 0.0000000000
127281  16.995  19.300  -11.855 0.0000000000
87415  16.673  19.464  -13.650 0.0000000000
88125  16.941  20.357  -15.760 0.0000000000
71140  23.491  0.556  -13.295 0.0000000000
70278  23.949  -1.126  -12.389 0.0000000000
70286  24.675  0.124  -12.556 0.0000000000
135454  26.005  0.066  -11.983 0.0000000000
80019  16.694  10.459  -12.007 0.0000000000
80826  17.373  11.514  -13.129 0.0000000000
81640  17.778  12.992  -13.924 0.0000000000
82469  18.125  14.167  -15.144 0.0000000000
61442  25.223  -9.908  -9.554 0.0000000000
75504  25.002  5.921  -12.725 0.0000000000
74636  25.868  4.638  -12.112 0.0000000000
68366  19.019  -2.832  -9.959 0.0000000000
67439  20.467  -3.318  -10.677 0.0000000000
68396  19.789  -1.803  -10.836 0.0000000000
70280  20.469  -0.530  -11.537 0.0000000000
70289  21.625  -0.108  -12.397 0.0000000000
72003  19.611  1.655  -12.093 0.0000000000
130500  20.422  1.389  -12.544 0.0000000000
72001  22.114  1.041  -13.301 0.0000000000
72014  22.564  1.627  -13.634 0.0000000000
73778  23.361  3.479  -14.027 0.0000000000
74644  23.956  4.901  -13.723 0.0000000000
75506  18.259  5.529  -12.459 0.0000000000
75515  19.621  5.529  -13.468 0.0000000000
77266  19.218  7.724  -13.994 0.0000000000
77276  20.116  7.174  -14.377 0.0000000000
75522  20.904  5.687  -14.475 0.0000000000
75521  21.706  5.549  -14.703 0.0000000000
127675  23.198  5.753  -14.558 0.0000000000
127543  24.363  6.328  -13.426 0.0000000000
78154  24.742  7.751  -13.059 0.0000000000
79098  25.288  9.046  -12.323 0.0000000000
81632  23.803  11.915  -13.431 0.0000000000
83294  17.014  14.101  -13.249 0.0000000000
84153  17.626  14.995  -14.985 0.0000000000
84163  19.141  15.701  -15.924 0.0000000000
88916  17.694  21.684  -15.982 0.0000000000
88136  18.289  20.727  -16.154 0.0000000000
88905  19.696  21.631  -15.297 0.0000000000
87432  18.422  19.772  -16.182 0.0000000000
86653  19.795  18.612  -16.058 0.0000000000
85852  19.815  17.729  -16.138 0.0000000000
85030  20.133  16.410  -15.885 0.0000000000
85841  20.907  16.941  -14.941 0.0000000000
85825  21.942  17.311  -13.365 0.0000000000
86631  22.708  18.178  -11.995 0.0000000000
67437  21.911  -3.875  -11.060 0.0000000000
137011  23.527  -4.257  -10.956 0.0000000000
66593  25.025  -4.839  -11.031 0.0000000000
68392  24.796  -2.428  -11.563 0.0000000000
67435  25.292  -3.849  -11.208 0.0000000000
67425  19.212  -3.540  -9.757 0.0000000000
66583  18.864  -4.031  -9.258 0.0000000000
66582  19.518  -4.212  -9.581 0.0000000000
65745  19.764  -5.070  -9.165 0.0000000000
66599  19.996  -3.848  -10.140 0.0000000000
83335  19.596  14.307  -16.458 0.0000000000
82484  19.393  13.744  -16.120 0.0000000000
83334  20.123  14.566  -16.597 0.0000000000
83320  20.845  14.875  -16.233 0.0000000000
84170  20.167  15.178  -16.572 0.0000000000
88895  16.255  21.995  -13.126 0.0000000000
73771  24.638  3.556  -13.295 0.0000000000
73770  25.259  3.221  -13.099 0.0000000000
120142  25.291  3.946  -12.686 0.0000000000
62346  21.825  -8.960  -9.003 0.0000000000
132981  22.019  -9.424  -8.915 0.0000000000
62332  22.219  -9.917  -8.829 0.0000000000
61445  23.061  -10.115  -9.196 0.0000000000
61444  23.964  -10.304  -9.460 0.0000000000
62344  23.605  -9.497  -9.592 0.0000000000
64093  25.281  -6.936  -10.700 0.0000000000
64080  25.558  -7.666  -10.384 0.0000000000
64905  26.034  -6.906  -10.520 0.0000000000
64904  26.699  -6.659  -10.065 0.0000000000
71118  19.223  0.460  -10.819 0.0000000000
71132  18.949  1.090  -10.846 0.0000000000
73782  19.807  3.550  -13.020 0.0000000000
77259  17.339  7.618  -12.239 0.0000000000
80049  22.197  9.854  -16.507 0.0000000000
78186  21.993  8.845  -16.002 0.0000000000
79130  22.234  9.265  -16.155 0.0000000000
79117  22.494  9.400  -15.623 0.0000000000
79116  22.942  9.820  -14.499 0.0000000000
80034  22.972  10.786  -14.460 0.0000000000
84128  23.719  15.819  -12.528 0.0000000000
83280  23.997  14.884  -12.537 0.0000000000
86657  16.901  18.714  -15.107 0.0000000000
85827  17.160  17.416  -13.889 0.0000000000
85846  17.398  18.122  -15.469 0.0000000000
85845  17.858  17.338  -15.394 0.0000000000
123987  18.275  18.883  -15.929 0.0000000000
124519  21.323  20.909  -13.361 0.0000000000
127104  21.694  20.996  -12.713 0.0000000000
88099  21.617  20.323  -12.954 0.0000000000
69368  21.855  -0.941  -12.289 0.0000000000
118553  22.761  -2.070  -11.907 0.0000000000
69367  22.636  -1.299  -12.362 0.0000000000
68389  27.859  -2.194  -12.105 0.0000000000
64909  20.014  -5.940  -8.774 0.0000000000
64085  20.922  -7.055  -9.106 0.0000000000
64907  21.632  -6.589  -9.618 0.0000000000
65758  21.728  -5.106  -10.322 0.0000000000
64923  22.116  -5.832  -10.136 0.0000000000
65756  23.059  -5.834  -10.469 0.0000000000
64921  24.019  -6.249  -10.656 0.0000000000
66595  23.125  -4.891  -10.725 0.0000000000
74639  18.379  3.965  -12.009 0.0000000000
122011  18.081  4.608  -12.100 0.0000000000
80038  17.948  11.104  -13.748 0.0000000000
80037  18.416  10.483  -14.096 0.0000000000
80053  19.062  11.482  -14.920 0.0000000000
80855  20.657  11.582  -16.330 0.0000000000
127040  21.171  10.708  -16.901 0.0000000000
80845  21.138  11.449  -16.282 0.0000000000
81645  22.115  12.651  -15.184 0.0000000000
82467  21.747  13.382  -15.538 0.0000000000
84151  21.878  15.446  -14.857 0.0000000000
84150  22.459  15.398  -14.313 0.0000000000
87400  16.206  20.691  -11.358 0.0000000000
86613  16.840  19.388  -9.913 0.0000000000
87386  16.917  19.408  -10.995 0.0000000000
87399  16.669  19.956  -11.574 0.0000000000
124585  16.326  20.323  -14.199 0.0000000000
87423  16.428  19.446  -14.809 0.0000000000
87434  16.215  20.233  -15.182 0.0000000000
126812  23.917  0.158  -12.955 0.0000000000
71139  24.207  0.725  -13.115 0.0000000000
71986  26.253  1.001  -12.230 0.0000000000
71129  25.619  0.547  -12.345 0.0000000000
71128  26.463  0.306  -12.003 0.0000000000
120353  27.297  -0.155  -11.947 0.0000000000
79092  16.378  10.060  -11.371 0.0000000000
80018  17.025  10.959  -12.571 0.0000000000
138529  16.504  11.317  -11.968 0.0000000000
81625  16.433  13.129  -12.391 0.0000000000
121825  17.162  12.561  -13.052 0.0000000000
81633  17.004  13.374  -13.039 0.0000000000
82456  18.068  13.744  -14.474 0.0000000000
82470  17.744  14.231  -14.313 0.0000000000
63227  24.261  -8.823  -10.034 0.0000000000
63212  25.779  -9.346  -9.331 0.0000000000
122837  25.543  6.681  -12.388 0.0000000000
125374  18.407  -1.952  -9.605 0.0000000000
68380  18.858  -1.935  -9.985 0.0000000000
68379  19.427  -2.295  -10.423 0.0000000000
133673  19.301  -1.425  -10.525 0.0000000000
70281  19.720  0.026  -11.109 0.0000000000
69359  19.840  -0.944  -10.966 0.0000000000
70279  21.180  -0.545  -12.012 0.0000000000
70290  20.799  0.152  -12.028 0.0000000000
71987  19.134  1.569  -11.398 0.0000000000
72016  20.812  2.014  -13.120 0.0000000000
72002  21.272  1.413  -13.063 0.0000000000
116413  21.208  0.701  -12.643 0.0000000000
73779  22.721  3.039  -14.087 0.0000000000
74646  22.760  3.788  -14.353 0.0000000000
74645  23.342  4.406  -14.288 0.0000000000
133624  18.275  6.254  -12.640 0.0000000000
74650  18.887  5.187  -12.762 0.0000000000
76396  18.951  6.057  -13.181 0.0000000000
79119  19.093  9.092  -14.528 0.0000000000
133749  18.809  8.527  -13.987 0.0000000000
78173  19.849  8.858  -15.010 0.0000000000
77275  21.278  7.867  -15.110 0.0000000000
134737  20.637  7.887  -14.875 0.0000000000
116613  20.984  7.036  -14.944 0.0000000000
76402  20.625  6.365  -14.542 0.0000000000
76401  21.377  6.303  -14.891 0.0000000000
76400  22.090  6.171  -14.970 0.0000000000
77272  22.923  7.405  -14.549 0.0000000000
124834  23.098  6.563  -14.603 0.0000000000
75512  23.784  5.701  -13.911 0.0000000000
76394  23.767  6.457  -14.101 0.0000000000
77264  24.341  7.139  -13.574 0.0000000000
80027  24.201  10.148  -13.326 0.0000000000
79099  24.776  8.580  -12.974 0.0000000000
80017  24.763  9.551  -12.875 0.0000000000
120596  25.226  10.088  -12.179 0.0000000000
133048  24.669  10.299  -12.734 0.0000000000
81638  22.862  12.861  -14.539 0.0000000000
80832  23.310  12.207  -14.098 0.0000000000
132833  23.716  12.611  -13.543 0.0000000000
85793  17.118  17.071  -11.163 0.0000000000
85806  16.977  16.561  -12.540 0.0000000000
85006  16.927  15.690  -12.706 0.0000000000
114017  16.700  15.510  -12.448 0.0000000000
84119  16.076  14.214  -12.168 0.0000000000
84130  15.796  13.893  -12.507 0.0000000000
83281  15.223  13.998  -12.690 0.0000000000
84144  16.367  14.076  -12.901 0.0000000000
85033  18.310  16.456  -15.146 0.0000000000
84152  18.289  15.727  -15.349 0.0000000000
85032  18.869  16.265  -15.586 0.0000000000
84164  18.132  15.019  -15.740 0.0000000000
134982  19.300  16.583  -15.826 0.0000000000
89716  18.205  22.918  -15.702 0.0000000000
89727  18.186  22.124  -16.137 0.0000000000
88915  18.186  21.489  -16.177 0.0000000000
134591  18.551  21.790  -16.215 0.0000000000
88894  20.311  21.591  -14.457 0.0000000000
123521  19.757  22.364  -14.702 0.0000000000
133966  19.616  21.029  -15.739 0.0000000000
88124  19.079  20.617  -16.118 0.0000000000
88123  19.782  20.263  -15.530 0.0000000000
87431  19.338  19.572  -16.012 0.0000000000
86647  20.500  18.635  -15.362 0.0000000000
125949  20.262  18.003  -15.804 0.0000000000
85842  20.292  17.192  -15.688 0.0000000000
85834  20.670  17.809  -15.117 0.0000000000
85833  21.125  17.556  -14.171 0.0000000000
86639  21.414  18.205  -13.459 0.0000000000
86638  22.069  18.142  -12.721 0.0000000000
85815  22.644  17.426  -12.544 0.0000000000
67451  20.780  -2.708  -11.179 0.0000000000
130830  20.968  -3.224  -11.069 0.0000000000
67450  21.516  -3.118  -11.342 0.0000000000
68394  22.849  -2.808  -11.654 0.0000000000
67449  22.407  -3.344  -11.427 0.0000000000
67448  23.412  -3.461  -11.297 0.0000000000
67436  24.306  -4.054  -11.004 0.0000000000
70277  24.749  -0.841  -12.059 0.0000000000
69355  24.298  -1.660  -11.856 0.0000000000
69354  25.268  -1.698  -11.704 0.0000000000
67434  26.993  -3.824  -11.550 0.0000000000
67446  25.857  -3.340  -11.491 0.0000000000
122337  26.206  -3.928  -11.405 0.0000000000
118867  25.806  -4.554  -11.239 0.0000000000
65744  20.491  -5.402  -9.468 0.0000000000
65759  20.947  -4.892  -10.105 0.0000000000
66597  21.438  -4.376  -10.593 0.0000000000
138367  18.994  12.881  -15.621 0.0000000000
80846  19.185  12.217  -15.451 0.0000000000
81655  19.528  12.855  -15.951 0.0000000000
127536  20.242  13.085  -16.246 0.0000000000
82482  20.480  13.324  -16.264 0.0000000000
82468  21.019  13.311  -16.086 0.0000000000
83333  20.648  13.999  -16.297 0.0000000000
83308  21.661  14.814  -15.434 0.0000000000
88093  16.055  21.363  -11.222 0.0000000000
88092  16.407  21.156  -12.072 0.0000000000
127066  16.529  20.413  -12.094 0.0000000000
135817  16.224  21.175  -12.723 0.0000000000
122492  16.198  21.193  -13.448 0.0000000000
88908  16.319  21.496  -14.953 0.0000000000
72871  24.071  2.132  -13.530 0.0000000000
71998  24.564  1.418  -13.221 0.0000000000
122935  24.885  2.096  -13.197 0.0000000000
72869  25.460  2.591  -12.989 0.0000000000
72868  26.195  2.505  -12.430 0.0000000000
81617  15.966  12.884  -11.757 0.0000000000
124823  16.112  13.746  -12.715 0.0000000000
125325  20.040  -7.820  -8.153 0.0000000000
63215  19.581  -8.213  -7.674 0.0000000000
63214  20.281  -8.585  -8.075 0.0000000000
125673  20.710  -9.230  -8.252 0.0000000000
60500  23.847  -11.687  -9.142 0.0000000000
61431  24.320  -11.071  -9.409 0.0000000000
61430  25.071  -11.107  -9.359 0.0000000000
64081  24.678  -7.612  -10.517 0.0000000000
122188  25.014  -8.372  -10.299 0.0000000000
70268  18.614  -0.706  -10.159 0.0000000000
133194  18.936  2.729  -12.055 0.0000000000
72873  19.493  2.380  -12.327 0.0000000000
72888  20.182  2.723  -12.995 0.0000000000
72887  21.144  2.671  -13.698 0.0000000000
116889  21.976  2.739  -14.029 0.0000000000
73780  21.534  3.332  -14.125 0.0000000000
73788  22.078  3.962  -14.379 0.0000000000
77258  17.820  6.855  -12.499 0.0000000000
79142  20.904  9.586  -16.484 0.0000000000
78197  21.485  9.177  -16.270 0.0000000000
78187  21.505  8.531  -15.634 0.0000000000
77289  21.838  8.089  -15.194 0.0000000000
77273  22.278  7.627  -14.916 0.0000000000
78171  22.762  8.289  -14.596 0.0000000000
78163  23.445  8.153  -14.023 0.0000000000
79109  23.285  9.016  -14.210 0.0000000000
132719  23.625  9.720  -13.846 0.0000000000
127783  23.491  13.816  -13.671 0.0000000000
82443  23.854  13.234  -13.283 0.0000000000
86640  16.974  18.486  -13.418 0.0000000000
85817  17.068  16.747  -12.755 0.0000000000
85818  17.188  17.614  -12.998 0.0000000000
85007  17.241  16.538  -13.158 0.0000000000
85826  17.536  16.203  -13.746 0.0000000000
134224  17.255  15.359  -13.815 0.0000000000
85835  17.673  16.772  -14.530 0.0000000000
85844  18.692  17.159  -15.894 0.0000000000
88107  20.835  20.748  -14.236 0.0000000000
88114  20.465  20.118  -14.914 0.0000000000
88113  21.027  19.986  -14.411 0.0000000000
87421  21.196  19.452  -14.073 0.0000000000
127519  21.321  18.930  -13.606 0.0000000000
87414  21.512  19.585  -13.315 0.0000000000
87407  21.973  19.696  -12.589 0.0000000000
68393  23.695  -2.436  -11.622 0.0000000000
69353  26.778  -1.388  -11.974 0.0000000000
133512  26.146  -1.803  -11.800 0.0000000000
68390  26.930  -2.294  -11.955 0.0000000000
67444  27.394  -2.994  -11.852 0.0000000000
64068  19.456  -7.409  -7.839 0.0000000000
64067  20.787  -7.843  -8.682 0.0000000000
63230  21.602  -8.232  -9.073 0.0000000000
63229  22.353  -8.503  -9.402 0.0000000000
137919  22.129  -7.875  -9.427 0.0000000000
64083  22.838  -7.917  -9.751 0.0000000000
64096  23.125  -7.250  -10.155 0.0000000000
64922  22.583  -6.567  -10.114 0.0000000000
64095  23.923  -7.108  -10.504 0.0000000000
64920  24.907  -6.225  -10.743 0.0000000000
120557  18.614  2.849  -11.655 0.0000000000
72874  18.674  3.305  -12.019 0.0000000000
73772  19.038  3.747  -12.430 0.0000000000
74649  19.480  4.155  -12.897 0.0000000000
79111  17.926  9.464  -13.320 0.0000000000
79110  18.321  9.870  -13.820 0.0000000000
120008  18.815  9.787  -14.438 0.0000000000
122566  19.888  10.255  -15.853 0.0000000000
80052  19.668  11.194  -15.625 0.0000000000
80051  20.412  10.007  -16.589 0.0000000000
80066  21.157  10.137  -17.131 0.0000000000
80050  21.731  10.537  -16.853 0.0000000000
121141  22.031  10.649  -15.868 0.0000000000
80833  22.409  11.137  -15.003 0.0000000000
82454  23.072  13.633  -14.339 0.0000000000
83318  22.134  14.126  -15.234 0.0000000000
119769  22.685  14.084  -14.666 0.0000000000
83306  23.087  14.332  -14.146 0.0000000000
84149  22.923  15.010  -13.903 0.0000000000
84141  23.332  15.337  -13.205 0.0000000000
85014  22.976  16.077  -13.032 0.0000000000
86625  17.144  18.772  -11.651 0.0000000000
87408  16.745  19.662  -12.536 0.0000000000
86633  17.123  18.678  -12.556 0.0000000000
125721  16.736  19.517  -15.435 0.0000000000
116438  23.339  -0.143  -13.004 0.0000000000
69366  23.325  -0.879  -12.656 0.0000000000
70287  23.972  -0.490  -12.686 0.0000000000
70276  25.537  -0.245  -12.054 0.0000000000
71138  24.936  0.862  -12.878 0.0000000000
70275  26.500  -0.488  -11.928 0.0000000000
79101  16.844  9.413  -12.012 0.0000000000
79100  17.315  9.919  -12.638 0.0000000000
80835  17.836  11.932  -13.800 0.0000000000
80817  16.672  12.114  -12.266 0.0000000000
81639  18.544  13.032  -15.005 0.0000000000
82485  18.707  14.030  -15.699 0.0000000000
83336  19.006  14.441  -16.234 0.0000000000
62343  24.517  -9.702  -9.714 0.0000000000
63226  25.135  -9.147  -9.914 0.0000000000
74637  25.102  4.909  -12.626 0.0000000000
75503  25.607  5.416  -12.286 0.0000000000
67440  19.658  -3.153  -10.269 0.0000000000
68378  20.082  -2.509  -10.785 0.0000000000
119346  20.478  -1.728  -11.280 0.0000000000
69358  21.201  -1.301  -11.816 0.0000000000
71144  19.692  1.107  -11.778 0.0000000000
138690  19.932  1.240  -12.106 0.0000000000
71143  20.299  0.826  -12.132 0.0000000000
71142  22.076  0.329  -12.841 0.0000000000
71141  22.778  0.392  -13.197 0.0000000000
72000  22.989  1.052  -13.598 0.0000000000
72013  23.229  1.806  -13.704 0.0000000000
72886  22.618  2.291  -13.846 0.0000000000
72885  23.339  2.633  -13.813 0.0000000000
72884  24.010  3.078  -13.634 0.0000000000
73777  23.967  3.958  -13.718 0.0000000000
75499  17.397  4.906  -11.648 0.0000000000
133507  18.252  4.926  -12.341 0.0000000000
120803  19.553  4.786  -13.120 0.0000000000
78164  18.217  8.628  -13.397 0.0000000000
120156  18.551  7.951  -13.519 0.0000000000
118468  19.917  8.089  -14.588 0.0000000000
76395  19.363  6.854  -13.716 0.0000000000
76403  19.835  6.275  -13.919 0.0000000000
75523  20.272  5.804  -14.083 0.0000000000
75514  20.316  5.181  -13.789 0.0000000000
74658  21.101  4.938  -14.175 0.0000000000
74657  21.941  4.760  -14.484 0.0000000000
75520  22.549  5.421  -14.783 0.0000000000
132456  22.650  6.076  -14.911 0.0000000000
135494  23.090  5.050  -14.619 0.0000000000
75513  23.425  5.144  -14.297 0.0000000000
127025  24.535  5.150  -13.086 0.0000000000
77257  25.036  7.037  -12.886 0.0000000000
78162  24.125  7.975  -13.453 0.0000000000
78153  25.345  8.018  -12.485 0.0000000000
80825  23.479  11.349  -13.957 0.0000000000
127188  24.290  11.646  -12.729 0.0000000000
113683  16.733  16.134  -11.526 0.0000000000
82446  15.489  13.982  -12.909 0.0000000000
82445  16.457  13.936  -13.038 0.0000000000
118420  17.251  14.791  -14.113 0.0000000000
83309  17.434  14.551  -14.234 0.0000000000
126911  17.329  14.195  -13.556 0.0000000000
83322  17.805  14.593  -15.124 0.0000000000
125631  18.720  14.919  -16.218 0.0000000000
84162  19.897  15.716  -16.223 0.0000000000
123671  16.749  22.229  -14.656 0.0000000000
88907  17.004  21.792  -15.459 0.0000000000
121444  17.776  22.599  -15.699 0.0000000000
88126  16.406  20.970  -15.375 0.0000000000
128240  17.106  21.133  -15.761 0.0000000000
87438  17.744  20.266  -16.131 0.0000000000
88899  19.215  22.351  -15.569 0.0000000000
88906  19.104  21.598  -16.031 0.0000000000
86654  18.953  18.806  -16.245 0.0000000000
86661  19.314  18.096  -16.358 0.0000000000
87430  20.154  19.439  -15.497 0.0000000000
85843  19.839  17.073  -15.958 0.0000000000
85029  20.692  16.308  -15.522 0.0000000000
85023  21.394  16.165  -14.914 0.0000000000
85016  21.612  16.738  -14.213 0.0000000000
85015  22.372  16.438  -13.635 0.0000000000
85005  22.646  16.770  -12.986 0.0000000000
87405  23.094  19.029  -11.722 0.0000000000
86624  23.434  18.268  -11.477 0.0000000000
84993  23.857  17.058  -11.883 0.0000000000
67438  21.162  -3.672  -10.866 0.0000000000
134576  22.753  -4.072  -11.060 0.0000000000
66594  24.052  -4.838  -10.839 0.0000000000
65755  24.512  -5.543  -10.795 0.0000000000
137887  25.213  -5.609  -10.877 0.0000000000
68391  25.857  -2.557  -11.650 0.0000000000
121202  25.262  -3.080  -11.428 0.0000000000
65754  25.807  -5.262  -11.059 0.0000000000
121820  25.962  3.816  -12.139 0.0000000000
62331  26.405  -9.638  -8.672 0.0000000000
65757  22.452  -5.244  -10.475 0.0000000000
66584  18.466  -3.820  -9.038 0.0000000000
75505  24.295  5.609  -13.361 0.0000000000
78174  19.362  8.475  -14.410 0.0000000000
79118  19.448  9.662  -15.149 0.0000000000
79140  21.927  9.568  -16.593 0.0000000000
80065  21.828  9.984  -17.260 0.0000000000
81618  15.370  13.329  -11.497 0.0000000000
81646  21.321  12.478  -15.797 0.0000000000
81654  20.214  12.533  -16.119 0.0000000000
83295  15.952  13.982  -12.994 0.0000000000
83321  18.370  14.533  -15.739 0.0000000000
84143  16.996  14.513  -13.339 0.0000000000
84161  20.487  15.663  -16.042 0.0000000000
85017  17.123  15.469  -13.231 0.0000000000
85031  19.712  16.464  -15.924 0.0000000000
85805  23.957  17.634  -11.452 0.0000000000
85814  23.269  17.528  -11.907 0.0000000000
86662  18.748  18.053  -16.305 0.0000000000
87433  17.572  19.641  -15.889 0.0000000000
88135  18.654  21.267  -16.167 0.0000000000
88137  17.666  20.938  -15.996 0.0000000000
113669  15.901  14.487  -12.094 0.0000000000
113673  16.452  14.870  -12.373 0.0000000000
118544  18.497  11.271  -14.324 0.0000000000
121380  24.698  10.915  -12.316 0.0000000000
126342  19.892  13.209  -16.214 0.0000000000
136197  20.314  8.393  -14.973 0.0000000000
136312  16.940  19.098  -13.038 0.0000000000
136809  21.541  10.272  -17.241 0.0000000000
137107  24.454  -8.205  -10.296 0.0000000000
137531  22.979  11.513  -14.434 0.0000000000
138366  18.454  13.700  -15.203 0.0000000000
