#!ascii label  , from subject sub-v1s0x0050649_ses-1 vox2ras=TkReg
287
129527  42.363  -54.008  6.138 0.0000000000
21766  45.649  -54.450  -4.328 0.0000000000
23501  49.892  -52.921  5.025 0.0000000000
131358  44.558  -52.332  1.719 0.0000000000
22708  51.761  -52.987  -2.341 0.0000000000
23576  51.257  -52.506  1.307 0.0000000000
21710  53.766  -53.246  0.023 0.0000000000
22715  45.232  -53.805  -1.695 0.0000000000
24496  41.089  -52.265  1.005 0.0000000000
22632  46.441  -53.592  5.457 0.0000000000
23562  46.961  -52.391  2.531 0.0000000000
23616  47.817  -52.975  -0.006 0.0000000000
21745  48.791  -54.212  -3.347 0.0000000000
21780  51.636  -54.377  -6.213 0.0000000000
20601  41.489  -55.332  9.412 0.0000000000
21618  45.914  -54.514  8.289 0.0000000000
22597  49.133  -53.667  7.852 0.0000000000
124193  40.579  -51.735  3.472 0.0000000000
21686  53.614  -53.353  1.683 0.0000000000
21733  45.510  -54.297  -2.761 0.0000000000
22717  42.971  -53.565  -1.482 0.0000000000
138517  47.922  -53.439  5.292 0.0000000000
116213  48.842  -52.691  3.543 0.0000000000
23597  50.997  -52.625  -0.177 0.0000000000
23598  49.579  -52.595  0.634 0.0000000000
23631  50.230  -53.175  -1.197 0.0000000000
22711  48.600  -53.559  -1.515 0.0000000000
22730  50.127  -53.595  -2.756 0.0000000000
120675  50.773  -54.294  -6.595 0.0000000000
131035  47.192  -54.490  9.371 0.0000000000
21630  47.455  -54.279  7.925 0.0000000000
21615  48.642  -54.190  9.027 0.0000000000
24461  44.373  -52.205  2.724 0.0000000000
24464  41.911  -52.031  2.545 0.0000000000
24498  39.417  -51.659  0.530 0.0000000000
25294  38.458  -50.776  2.153 0.0000000000
131138  51.642  -52.502  4.471 0.0000000000
121788  50.120  -52.548  2.886 0.0000000000
133415  52.962  -52.505  2.252 0.0000000000
23595  53.317  -52.597  0.781 0.0000000000
23628  53.332  -52.747  -1.779 0.0000000000
129478  45.088  -53.108  -0.181 0.0000000000
23583  43.000  -52.401  1.350 0.0000000000
129260  42.747  -53.131  -0.293 0.0000000000
23622  41.164  -52.873  -0.342 0.0000000000
21785  44.780  -54.404  -6.025 0.0000000000
22611  44.108  -53.915  5.881 0.0000000000
23542  45.616  -52.352  2.949 0.0000000000
122573  45.739  -52.312  2.047 0.0000000000
23560  48.587  -52.447  2.189 0.0000000000
23579  48.033  -52.492  1.260 0.0000000000
137402  46.618  -52.593  0.861 0.0000000000
22699  46.518  -53.291  -0.525 0.0000000000
22733  47.033  -54.105  -2.126 0.0000000000
21747  46.998  -54.449  -3.449 0.0000000000
138742  51.947  -53.373  -3.807 0.0000000000
21762  50.068  -54.154  -4.875 0.0000000000
115843  47.932  -54.450  -4.936 0.0000000000
21783  46.669  -54.425  -5.882 0.0000000000
21624  40.084  -54.671  8.549 0.0000000000
21622  41.751  -55.042  8.115 0.0000000000
21620  43.642  -54.771  8.242 0.0000000000
21634  43.836  -54.424  7.295 0.0000000000
21643  46.202  -54.249  6.879 0.0000000000
22607  47.741  -53.853  6.538 0.0000000000
22605  49.862  -53.245  6.536 0.0000000000
23471  51.816  -52.502  7.348 0.0000000000
120253  52.022  -52.473  6.027 0.0000000000
24466  39.838  -51.528  2.103 0.0000000000
21647  41.720  -54.301  6.675 0.0000000000
22614  40.273  -53.773  6.319 0.0000000000
22613  41.662  -53.809  5.910 0.0000000000
21749  45.330  -54.408  -3.645 0.0000000000
131989  44.768  -54.319  -3.359 0.0000000000
22650  49.097  -53.141  4.835 0.0000000000
23520  48.538  -52.937  4.085 0.0000000000
23519  49.408  -52.844  4.311 0.0000000000
23630  51.423  -52.873  -1.649 0.0000000000
23613  51.155  -52.742  -0.905 0.0000000000
22710  49.513  -53.527  -1.926 0.0000000000
22709  50.731  -53.271  -2.132 0.0000000000
21821  51.207  -54.773  -7.915 0.0000000000
21616  47.794  -54.349  8.767 0.0000000000
24481  44.124  -52.191  2.196 0.0000000000
24462  43.609  -52.149  2.607 0.0000000000
24482  43.335  -52.146  2.081 0.0000000000
128249  37.876  -50.475  1.048 0.0000000000
126043  52.607  -52.509  3.127 0.0000000000
23556  53.582  -52.768  2.712 0.0000000000
21701  53.660  -53.335  0.808 0.0000000000
23594  53.813  -52.878  1.055 0.0000000000
22692  53.935  -52.928  0.360 0.0000000000
23611  53.739  -52.811  -0.393 0.0000000000
22695  53.861  -52.984  -0.566 0.0000000000
23619  44.332  -52.951  0.092 0.0000000000
129051  43.868  -53.288  -0.547 0.0000000000
22703  42.429  -53.387  -0.884 0.0000000000
23632  40.682  -53.068  -1.004 0.0000000000
23623  40.424  -52.649  -0.451 0.0000000000
22610  44.974  -53.971  5.951 0.0000000000
22634  44.611  -53.504  5.245 0.0000000000
22633  45.502  -53.539  5.317 0.0000000000
23563  46.069  -52.348  2.496 0.0000000000
23558  50.608  -52.493  2.088 0.0000000000
23559  49.504  -52.478  2.080 0.0000000000
23577  50.013  -52.504  1.292 0.0000000000
23615  48.630  -52.907  0.056 0.0000000000
23599  48.729  -52.632  0.660 0.0000000000
23600  47.931  -52.665  0.633 0.0000000000
23580  47.155  -52.485  1.252 0.0000000000
23601  47.196  -52.713  0.491 0.0000000000
23617  46.532  -52.821  0.248 0.0000000000
22698  47.481  -53.314  -0.631 0.0000000000
21730  48.329  -54.150  -2.665 0.0000000000
22732  47.865  -53.888  -1.963 0.0000000000
21731  47.457  -54.289  -2.699 0.0000000000
21732  46.551  -54.347  -2.734 0.0000000000
21746  47.904  -54.377  -3.386 0.0000000000
19867  51.160  -56.634  -5.355 0.0000000000
21798  51.888  -54.729  -6.496 0.0000000000
20816  52.288  -54.731  -5.777 0.0000000000
21779  52.220  -54.383  -5.613 0.0000000000
22783  51.971  -53.977  -5.377 0.0000000000
22767  50.284  -53.878  -4.052 0.0000000000
21761  50.977  -54.101  -5.681 0.0000000000
21801  49.573  -54.379  -6.787 0.0000000000
21781  49.797  -54.305  -5.803 0.0000000000
121791  48.459  -54.427  -5.919 0.0000000000
21782  47.471  -54.445  -5.606 0.0000000000
21802  47.442  -54.432  -6.333 0.0000000000
136868  40.058  -54.724  9.105 0.0000000000
20602  40.626  -55.046  9.109 0.0000000000
21623  40.862  -54.957  8.254 0.0000000000
20614  41.357  -55.205  8.724 0.0000000000
116354  45.340  -54.663  8.865 0.0000000000
21604  43.942  -54.975  9.171 0.0000000000
21619  44.519  -54.727  8.617 0.0000000000
21633  44.771  -54.399  7.364 0.0000000000
21632  45.622  -54.405  7.505 0.0000000000
22598  48.120  -54.009  7.389 0.0000000000
22606  48.879  -53.574  6.831 0.0000000000
123713  49.084  -53.392  6.072 0.0000000000
22594  52.951  -52.972  7.914 0.0000000000
23470  52.649  -52.626  7.576 0.0000000000
23484  52.408  -52.523  6.861 0.0000000000
23584  42.039  -52.404  1.179 0.0000000000
24484  41.471  -52.065  1.815 0.0000000000
24485  40.522  -51.850  1.580 0.0000000000
25286  38.495  -50.705  2.994 0.0000000000
22716  44.319  -53.694  -1.699 0.0000000000
22631  47.365  -53.634  5.712 0.0000000000
22652  47.158  -53.313  4.738 0.0000000000
23540  47.624  -52.523  3.027 0.0000000000
23596  52.056  -52.525  0.428 0.0000000000
115840  50.619  -52.568  0.552 0.0000000000
131801  50.106  -52.700  0.096 0.0000000000
23614  50.187  -52.888  -0.420 0.0000000000
22696  49.372  -53.118  -0.498 0.0000000000
22697  48.449  -53.285  -0.677 0.0000000000
134592  49.236  -53.359  -1.133 0.0000000000
22750  49.163  -53.875  -2.681 0.0000000000
21800  50.618  -54.470  -7.457 0.0000000000
21617  46.818  -54.434  8.511 0.0000000000
21631  46.504  -54.368  7.691 0.0000000000
21629  48.434  -54.103  8.264 0.0000000000
24451  42.389  -52.091  3.056 0.0000000000
114954  41.493  -51.928  3.222 0.0000000000
24497  40.206  -51.992  0.751 0.0000000000
24486  39.677  -51.575  1.274 0.0000000000
25309  38.419  -50.829  1.372 0.0000000000
25310  37.838  -50.401  1.706 0.0000000000
23518  50.493  -52.650  4.621 0.0000000000
23537  50.792  -52.521  3.732 0.0000000000
136789  51.787  -52.491  3.707 0.0000000000
121789  51.259  -52.482  2.949 0.0000000000
23557  51.868  -52.497  2.190 0.0000000000
23575  52.580  -52.497  1.436 0.0000000000
117290  53.212  -52.547  -0.109 0.0000000000
131893  52.235  -52.597  -1.327 0.0000000000
23603  44.490  -52.558  1.021 0.0000000000
23582  43.872  -52.352  1.553 0.0000000000
23604  43.636  -52.661  0.741 0.0000000000
23605  42.645  -52.743  0.434 0.0000000000
23606  41.609  -52.636  0.375 0.0000000000
22702  43.201  -53.372  -0.736 0.0000000000
23621  42.025  -53.048  -0.266 0.0000000000
23607  40.698  -52.462  0.219 0.0000000000
23608  39.785  -52.188  -0.122 0.0000000000
24503  39.023  -51.642  -0.134 0.0000000000
117738  45.195  -54.453  -5.144 0.0000000000
21646  43.687  -54.173  6.488 0.0000000000
22612  43.168  -53.879  5.870 0.0000000000
23564  45.261  -52.289  2.584 0.0000000000
121552  44.903  -52.276  2.172 0.0000000000
23561  47.811  -52.412  2.345 0.0000000000
23578  48.896  -52.483  1.379 0.0000000000
131924  48.121  -52.427  1.789 0.0000000000
121787  47.431  -52.373  1.846 0.0000000000
122471  46.600  -52.316  1.949 0.0000000000
23581  46.243  -52.441  1.436 0.0000000000
116736  45.307  -52.439  1.417 0.0000000000
124547  45.165  -52.730  0.514 0.0000000000
23618  45.797  -52.965  0.012 0.0000000000
22700  45.552  -53.415  -0.731 0.0000000000
22712  47.882  -53.538  -1.240 0.0000000000
22713  47.018  -53.697  -1.385 0.0000000000
22734  46.235  -54.033  -1.979 0.0000000000
21748  46.092  -54.449  -3.516 0.0000000000
23643  53.177  -52.918  -2.472 0.0000000000
20806  52.297  -55.138  -5.734 0.0000000000
22748  52.613  -53.297  -3.614 0.0000000000
22729  51.447  -53.300  -3.106 0.0000000000
137575  50.498  -53.642  -3.425 0.0000000000
22749  49.666  -53.927  -3.357 0.0000000000
21744  49.330  -54.210  -4.081 0.0000000000
131409  48.961  -54.381  -4.932 0.0000000000
21763  48.371  -54.373  -4.127 0.0000000000
21764  47.448  -54.454  -4.182 0.0000000000
115842  47.004  -54.447  -5.000 0.0000000000
116145  46.113  -54.462  -5.094 0.0000000000
21784  45.704  -54.422  -5.932 0.0000000000
22592  38.767  -53.430  8.344 0.0000000000
22591  39.099  -53.805  8.992 0.0000000000
136895  39.281  -54.141  8.105 0.0000000000
21637  40.271  -54.565  7.686 0.0000000000
21636  41.240  -54.723  7.469 0.0000000000
21635  42.229  -54.662  7.459 0.0000000000
20599  43.354  -55.259  9.816 0.0000000000
20613  42.135  -55.255  8.808 0.0000000000
21621  42.663  -54.943  8.178 0.0000000000
129483  43.060  -54.611  7.592 0.0000000000
129724  42.873  -54.294  6.791 0.0000000000
21645  44.446  -54.210  6.615 0.0000000000
21644  45.308  -54.233  6.724 0.0000000000
22609  45.863  -53.965  6.085 0.0000000000
21642  47.125  -54.182  7.096 0.0000000000
22608  46.783  -53.968  6.276 0.0000000000
22630  48.274  -53.562  5.974 0.0000000000
134443  48.719  -53.354  5.404 0.0000000000
22629  49.724  -53.150  5.670 0.0000000000
22604  50.815  -52.841  6.980 0.0000000000
22628  50.532  -52.942  6.272 0.0000000000
23500  50.793  -52.722  5.648 0.0000000000
24483  42.445  -52.142  1.952 0.0000000000
24465  40.815  -51.787  2.542 0.0000000000
114337  39.850  -51.503  2.977 0.0000000000
25285  39.128  -51.191  2.545 0.0000000000
21640  52.756  -53.444  7.444 0.0000000000
21713  53.591  -53.490  -0.674 0.0000000000
21765  46.541  -54.472  -4.261 0.0000000000
21767  44.690  -54.401  -4.254 0.0000000000
21822  50.506  -54.674  -8.141 0.0000000000
22590  49.426  -53.701  8.872 0.0000000000
22651  48.180  -53.234  4.666 0.0000000000
22670  53.834  -53.026  2.049 0.0000000000
22680  53.894  -52.994  1.328 0.0000000000
22701  44.596  -53.424  -0.849 0.0000000000
22704  41.560  -53.293  -0.972 0.0000000000
22714  46.110  -53.684  -1.249 0.0000000000
22731  48.685  -53.803  -2.149 0.0000000000
22736  43.593  -53.713  -2.065 0.0000000000
22766  51.155  -53.823  -4.763 0.0000000000
23469  52.970  -52.832  7.590 0.0000000000
23485  51.426  -52.587  6.546 0.0000000000
23536  52.664  -52.587  4.169 0.0000000000
23574  53.507  -52.689  1.704 0.0000000000
23602  45.948  -52.641  0.762 0.0000000000
23612  53.222  -52.584  -1.044 0.0000000000
23620  43.415  -53.013  -0.051 0.0000000000
23627  53.688  -52.898  -1.227 0.0000000000
24449  43.735  -52.173  2.942 0.0000000000
24463  42.830  -52.103  2.561 0.0000000000
24499  38.958  -51.246  0.978 0.0000000000
25293  39.066  -51.224  1.737 0.0000000000
26126  37.326  -49.798  1.924 0.0000000000
114280  49.413  -52.805  0.082 0.0000000000
115070  52.158  -52.543  -0.556 0.0000000000
120926  51.236  -53.579  -3.932 0.0000000000
121625  45.081  -54.558  8.090 0.0000000000
123971  48.159  -52.686  3.462 0.0000000000
129529  43.766  -53.535  -1.227 0.0000000000
129792  47.110  -52.974  -0.083 0.0000000000
133252  44.368  -54.581  7.921 0.0000000000
134484  53.724  -52.778  0.311 0.0000000000
136686  39.602  -54.395  9.035 0.0000000000
136915  41.028  -54.008  6.260 0.0000000000
137318  38.819  -51.326  0.374 0.0000000000
