#!ascii label  , from subject sub-v1s0x0050668_ses-1 vox2ras=TkReg
974
113785  -8.822  -28.298  76.412 0.0000000000
51205  -30.314  -20.695  63.526 0.0000000000
55835  -29.546  -15.464  60.810 0.0000000000
52139  -23.780  -19.377  68.035 0.0000000000
63968  -38.149  -7.203  53.342 0.0000000000
59528  -34.121  -12.448  54.759 0.0000000000
52132  -33.425  -19.708  69.154 0.0000000000
52187  -27.507  -20.263  65.698 0.0000000000
65582  -43.213  -5.442  54.315 0.0000000000
67340  -46.433  -3.278  52.016 0.0000000000
69783  -48.346  -0.196  50.712 0.0000000000
60322  -33.225  -10.373  62.473 0.0000000000
58579  -30.893  -12.825  57.459 0.0000000000
59431  -36.670  -10.797  59.186 0.0000000000
59479  -39.420  -11.606  57.613 0.0000000000
46021  -20.721  -26.230  66.949 0.0000000000
43105  -6.969  -29.298  80.082 0.0000000000
54072  -32.192  -18.502  61.838 0.0000000000
58505  -31.170  -13.354  65.836 0.0000000000
118832  -23.311  -26.410  63.874 0.0000000000
51235  -22.950  -21.648  61.990 0.0000000000
69004  -47.558  -1.628  45.729 0.0000000000
109697  -51.416  1.272  48.593 0.0000000000
60421  -36.635  -10.865  55.085 0.0000000000
63108  -41.449  -8.700  56.556 0.0000000000
45046  -10.788  -27.675  72.276 0.0000000000
115205  -3.989  -33.687  79.152 0.0000000000
66479  -45.280  -4.185  53.165 0.0000000000
60339  -34.737  -9.784  60.733 0.0000000000
46032  -18.524  -27.366  65.231 0.0000000000
43115  -8.083  -28.749  78.896 0.0000000000
52259  -31.092  -20.248  60.691 0.0000000000
52234  -30.938  -19.498  63.185 0.0000000000
49364  -23.478  -23.599  65.436 0.0000000000
48476  -23.423  -24.880  63.131 0.0000000000
51188  -23.304  -20.821  64.670 0.0000000000
51190  -29.036  -21.155  64.801 0.0000000000
52220  -27.441  -20.469  63.335 0.0000000000
128111  -28.805  -21.476  61.871 0.0000000000
51125  -24.782  -21.695  69.783 0.0000000000
47640  -23.071  -25.421  66.409 0.0000000000
67356  -42.095  -3.047  49.469 0.0000000000
68999  -45.715  -1.451  46.620 0.0000000000
70623  -50.025  0.981  49.504 0.0000000000
59514  -32.950  -12.347  55.845 0.0000000000
59530  -35.242  -12.167  54.591 0.0000000000
60391  -41.344  -11.041  56.769 0.0000000000
45971  -15.536  -27.182  69.231 0.0000000000
45935  -14.539  -26.895  70.833 0.0000000000
45921  -13.279  -26.768  73.009 0.0000000000
45967  -11.674  -27.576  69.864 0.0000000000
40376  -5.289  -34.127  77.849 0.0000000000
52172  -32.153  -20.252  66.342 0.0000000000
117142  -32.760  -19.255  65.335 0.0000000000
122850  -34.235  -18.051  68.097 0.0000000000
124420  -26.530  -18.793  70.801 0.0000000000
53127  -25.732  -19.231  67.531 0.0000000000
52127  -28.979  -19.692  69.196 0.0000000000
51147  -30.487  -20.910  67.504 0.0000000000
63971  -41.098  -6.320  54.408 0.0000000000
65605  -42.061  -4.961  52.754 0.0000000000
67337  -43.580  -3.470  51.746 0.0000000000
68145  -44.507  -2.029  50.615 0.0000000000
122766  -46.429  -0.879  49.996 0.0000000000
68140  -47.503  -1.752  51.747 0.0000000000
59415  -30.845  -12.233  61.954 0.0000000000
58565  -29.923  -13.369  59.033 0.0000000000
59429  -31.597  -11.470  60.306 0.0000000000
109054  -34.135  -10.720  58.493 0.0000000000
108837  -35.870  -11.578  57.274 0.0000000000
58598  -37.092  -11.967  57.137 0.0000000000
58556  -38.066  -11.432  58.645 0.0000000000
45992  -18.727  -26.621  68.591 0.0000000000
46005  -16.596  -27.233  67.101 0.0000000000
129585  -51.974  -0.009  44.564 0.0000000000
111612  -5.862  -29.251  80.739 0.0000000000
53216  -31.305  -19.588  59.634 0.0000000000
55822  -30.733  -16.615  61.863 0.0000000000
54911  -33.042  -17.497  64.596 0.0000000000
56670  -31.535  -16.297  64.342 0.0000000000
57605  -30.534  -14.967  63.105 0.0000000000
60306  -32.143  -11.383  64.148 0.0000000000
53172  -24.680  -19.867  64.346 0.0000000000
46012  -22.634  -26.267  67.621 0.0000000000
46036  -22.339  -26.968  65.133 0.0000000000
70634  -47.856  0.449  48.272 0.0000000000
127065  -48.979  0.770  46.740 0.0000000000
70658  -51.001  0.593  45.291 0.0000000000
70646  -53.374  1.316  47.510 0.0000000000
44046  -8.095  -29.420  73.875 0.0000000000
43128  -7.098  -30.195  76.044 0.0000000000
62259  -36.988  -9.223  54.023 0.0000000000
59520  -37.825  -11.490  56.805 0.0000000000
62229  -39.228  -9.320  56.287 0.0000000000
63136  -39.870  -7.276  55.212 0.0000000000
64744  -42.308  -6.254  55.140 0.0000000000
121670  -9.643  -27.767  75.219 0.0000000000
42222  -6.429  -30.423  78.590 0.0000000000
41250  -5.520  -31.093  79.568 0.0000000000
120212  -3.924  -31.671  79.519 0.0000000000
43119  -8.332  -28.574  78.200 0.0000000000
51239  -30.173  -21.136  61.996 0.0000000000
51240  -30.571  -20.778  61.760 0.0000000000
52221  -30.611  -20.157  63.383 0.0000000000
51155  -24.144  -21.512  66.624 0.0000000000
50300  -23.486  -22.554  64.519 0.0000000000
120514  -23.469  -20.118  66.615 0.0000000000
122493  -30.139  -21.149  64.397 0.0000000000
51204  -29.174  -21.287  63.457 0.0000000000
51220  -29.496  -21.314  62.586 0.0000000000
51238  -29.572  -21.490  61.608 0.0000000000
53098  -24.799  -18.846  70.980 0.0000000000
52097  -25.019  -20.173  71.547 0.0000000000
51133  -24.451  -21.098  68.501 0.0000000000
50280  -24.539  -22.264  67.045 0.0000000000
68995  -44.521  -1.617  47.534 0.0000000000
121954  -29.691  -16.264  60.387 0.0000000000
122092  -29.149  -15.982  59.416 0.0000000000
59515  -34.184  -12.129  55.665 0.0000000000
58626  -33.449  -13.067  54.317 0.0000000000
59516  -35.081  -12.134  55.245 0.0000000000
45987  -14.619  -27.211  68.223 0.0000000000
45950  -15.149  -26.996  70.059 0.0000000000
45969  -13.419  -27.070  69.202 0.0000000000
45934  -13.454  -26.864  71.200 0.0000000000
45968  -12.529  -27.301  69.490 0.0000000000
52160  -33.043  -20.066  67.610 0.0000000000
53142  -33.591  -19.555  67.388 0.0000000000
53119  -34.053  -19.329  68.775 0.0000000000
53091  -28.159  -19.858  71.717 0.0000000000
53099  -27.227  -19.387  70.421 0.0000000000
112448  -29.274  -19.842  71.189 0.0000000000
116270  -32.081  -19.815  70.099 0.0000000000
51126  -30.913  -20.250  69.028 0.0000000000
52145  -32.109  -20.235  68.501 0.0000000000
51160  -31.490  -20.778  66.960 0.0000000000
64772  -42.739  -5.644  54.125 0.0000000000
64771  -42.255  -5.630  53.761 0.0000000000
65594  -42.867  -5.230  53.667 0.0000000000
66480  -45.894  -3.801  52.452 0.0000000000
66478  -44.448  -4.179  52.773 0.0000000000
67338  -44.905  -3.266  51.865 0.0000000000
130874  -44.507  -2.637  51.214 0.0000000000
131832  -46.193  -2.931  51.745 0.0000000000
68147  -46.597  -2.047  51.253 0.0000000000
68139  -47.103  -2.503  51.805 0.0000000000
117885  -31.653  -11.475  62.102 0.0000000000
59416  -31.390  -11.581  61.254 0.0000000000
110395  -32.651  -10.719  61.860 0.0000000000
60355  -35.720  -10.197  59.945 0.0000000000
60354  -34.439  -10.102  59.815 0.0000000000
59430  -35.568  -10.556  59.112 0.0000000000
59461  -34.909  -11.292  57.728 0.0000000000
59447  -36.324  -11.123  58.460 0.0000000000
109078  -36.828  -11.598  57.899 0.0000000000
109199  -37.410  -11.141  59.003 0.0000000000
125876  -21.132  -26.450  67.849 0.0000000000
45993  -20.646  -26.437  68.804 0.0000000000
46009  -20.244  -26.342  67.880 0.0000000000
114278  -17.191  -27.231  66.359 0.0000000000
70660  -53.337  1.110  45.546 0.0000000000
70666  -53.636  0.721  44.743 0.0000000000
43987  -6.442  -28.825  80.901 0.0000000000
53197  -31.210  -19.494  61.274 0.0000000000
53205  -31.379  -19.618  60.423 0.0000000000
53206  -31.606  -18.915  61.088 0.0000000000
54936  -31.106  -17.595  60.770 0.0000000000
54931  -32.190  -17.623  61.892 0.0000000000
54895  -33.796  -17.908  66.647 0.0000000000
125889  -33.140  -18.110  65.100 0.0000000000
55781  -32.580  -16.990  66.370 0.0000000000
57564  -31.312  -14.631  66.345 0.0000000000
57565  -31.476  -15.672  65.798 0.0000000000
56660  -31.191  -15.640  64.878 0.0000000000
114514  -30.926  -15.617  64.153 0.0000000000
114158  -30.718  -14.457  64.270 0.0000000000
58529  -30.710  -13.145  63.515 0.0000000000
59393  -31.374  -12.441  64.832 0.0000000000
49404  -22.877  -23.411  62.296 0.0000000000
52155  -26.677  -19.919  67.019 0.0000000000
53155  -24.446  -19.535  65.309 0.0000000000
52186  -26.606  -20.203  65.327 0.0000000000
52230  -25.534  -19.795  62.092 0.0000000000
46833  -23.194  -25.534  68.190 0.0000000000
46858  -23.537  -25.900  64.951 0.0000000000
46849  -23.188  -26.236  65.319 0.0000000000
46856  -22.779  -26.876  64.163 0.0000000000
46045  -21.223  -27.652  63.894 0.0000000000
68985  -47.611  -0.698  50.774 0.0000000000
69788  -46.735  -0.438  49.340 0.0000000000
69789  -47.894  -0.071  50.164 0.0000000000
70624  -50.987  1.159  49.254 0.0000000000
70636  -49.710  1.166  48.585 0.0000000000
70643  -50.294  1.300  47.600 0.0000000000
70649  -49.725  1.057  46.571 0.0000000000
131345  -50.841  1.226  46.406 0.0000000000
122667  -51.681  0.994  45.883 0.0000000000
109678  -52.098  1.249  48.272 0.0000000000
58566  -30.674  -12.673  58.447 0.0000000000
57636  -29.345  -14.051  58.508 0.0000000000
61346  -36.555  -10.642  52.715 0.0000000000
61330  -36.863  -9.996  54.547 0.0000000000
58599  -37.804  -11.860  57.147 0.0000000000
59496  -37.343  -11.834  56.960 0.0000000000
127756  -39.314  -11.466  57.362 0.0000000000
62216  -41.510  -9.607  56.516 0.0000000000
61316  -40.299  -10.495  56.488 0.0000000000
130652  -40.439  -8.969  56.372 0.0000000000
62230  -39.720  -8.668  56.166 0.0000000000
131008  -40.851  -7.831  56.345 0.0000000000
109139  -40.995  -7.226  55.817 0.0000000000
110716  -41.982  -6.733  55.969 0.0000000000
45920  -12.319  -26.923  73.283 0.0000000000
121842  -11.436  -27.194  73.657 0.0000000000
112855  -10.502  -27.311  75.285 0.0000000000
113087  -10.643  -27.523  73.800 0.0000000000
45030  -9.332  -28.268  73.837 0.0000000000
129892  -9.656  -28.322  72.302 0.0000000000
42230  -6.235  -31.612  76.313 0.0000000000
123047  -6.701  -30.182  77.426 0.0000000000
131873  -5.822  -31.677  77.425 0.0000000000
40371  -4.646  -33.407  78.918 0.0000000000
40372  -5.171  -32.600  78.771 0.0000000000
40367  -4.400  -32.804  79.261 0.0000000000
42214  -4.713  -31.369  79.766 0.0000000000
40366  -3.937  -32.936  79.294 0.0000000000
110590  -30.856  -19.711  71.896 0.0000000000
65584  -44.569  -4.587  54.562 0.0000000000
66470  -44.583  -4.605  53.619 0.0000000000
126544  -46.141  -3.591  54.946 0.0000000000
119954  -33.749  -10.009  61.562 0.0000000000
46034  -20.244  -26.814  65.392 0.0000000000
46020  -19.482  -26.619  65.984 0.0000000000
43994  -8.328  -28.319  79.994 0.0000000000
43110  -7.287  -29.250  79.603 0.0000000000
51260  -30.966  -21.058  60.914 0.0000000000
52245  -30.828  -20.120  61.528 0.0000000000
54066  -32.153  -18.682  62.723 0.0000000000
130983  -32.162  -11.856  66.165 0.0000000000
47660  -23.729  -25.859  64.118 0.0000000000
47667  -23.564  -25.533  63.396 0.0000000000
48477  -23.350  -24.217  63.703 0.0000000000
127240  -23.159  -22.536  63.654 0.0000000000
50312  -22.924  -22.016  62.818 0.0000000000
51174  -28.429  -20.689  65.364 0.0000000000
122682  -27.558  -20.387  64.878 0.0000000000
51202  -27.939  -20.838  63.663 0.0000000000
51236  -27.985  -21.074  61.990 0.0000000000
51237  -28.944  -21.534  61.032 0.0000000000
49336  -23.874  -23.217  69.454 0.0000000000
47630  -23.403  -24.888  67.756 0.0000000000
126206  -24.010  -23.144  68.009 0.0000000000
48449  -23.340  -24.482  65.458 0.0000000000
67344  -41.485  -3.525  50.016 0.0000000000
69000  -46.501  -1.162  46.317 0.0000000000
69784  -50.056  0.292  51.112 0.0000000000
69790  -49.170  0.514  50.200 0.0000000000
59493  -31.796  -12.399  56.973 0.0000000000
59541  -35.360  -12.109  53.778 0.0000000000
117617  -36.043  -11.313  54.620 0.0000000000
60373  -41.723  -11.414  58.331 0.0000000000
60381  -40.985  -11.705  57.212 0.0000000000
61283  -42.190  -10.824  58.032 0.0000000000
45104  -16.874  -27.450  69.789 0.0000000000
45081  -16.047  -27.383  70.331 0.0000000000
45048  -15.264  -27.286  72.300 0.0000000000
45926  -13.414  -26.755  72.151 0.0000000000
45933  -12.480  -26.986  71.553 0.0000000000
45932  -11.595  -27.316  71.913 0.0000000000
111568  -10.152  -28.232  70.897 0.0000000000
45080  -10.767  -28.015  70.305 0.0000000000
51192  -30.983  -20.534  64.907 0.0000000000
52206  -31.390  -20.019  64.778 0.0000000000
52190  -32.565  -19.842  65.834 0.0000000000
54037  -34.122  -18.298  67.027 0.0000000000
53997  -24.777  -18.579  70.251 0.0000000000
54012  -24.155  -18.657  68.070 0.0000000000
53117  -26.342  -19.010  69.264 0.0000000000
53118  -27.153  -19.425  68.667 0.0000000000
52157  -28.636  -19.934  67.404 0.0000000000
52114  -30.027  -19.716  70.342 0.0000000000
52143  -29.647  -19.909  68.518 0.0000000000
51145  -29.204  -20.492  66.902 0.0000000000
51158  -30.288  -21.092  66.803 0.0000000000
51176  -30.560  -21.116  65.560 0.0000000000
53977  -26.165  -18.486  72.098 0.0000000000
63969  -39.059  -6.778  53.955 0.0000000000
63980  -38.781  -6.539  53.031 0.0000000000
131440  -40.166  -6.052  53.414 0.0000000000
65604  -41.034  -5.211  52.618 0.0000000000
65614  -41.258  -4.749  52.090 0.0000000000
130020  -44.112  -4.573  53.203 0.0000000000
66476  -42.856  -4.417  52.564 0.0000000000
66497  -41.853  -3.648  51.034 0.0000000000
129446  -42.098  -3.113  50.405 0.0000000000
68144  -43.590  -2.215  50.317 0.0000000000
68153  -44.082  -1.571  49.885 0.0000000000
68993  -44.946  -0.811  48.884 0.0000000000
68984  -45.841  -1.267  50.188 0.0000000000
68978  -47.084  -1.361  51.057 0.0000000000
68979  -47.690  -1.121  51.310 0.0000000000
68135  -47.543  -2.030  52.120 0.0000000000
69779  -49.815  -0.298  51.887 0.0000000000
126531  -29.788  -14.293  61.961 0.0000000000
57622  -29.464  -14.521  60.574 0.0000000000
117722  -30.232  -12.858  60.472 0.0000000000
59443  -31.063  -12.091  59.898 0.0000000000
59458  -31.287  -11.995  58.888 0.0000000000
60353  -33.177  -10.349  60.221 0.0000000000
60352  -32.506  -10.784  59.772 0.0000000000
59459  -32.275  -11.493  58.337 0.0000000000
59475  -32.775  -11.806  57.319 0.0000000000
59476  -34.123  -11.580  57.159 0.0000000000
59478  -35.649  -11.743  56.698 0.0000000000
58613  -35.868  -11.888  55.944 0.0000000000
58580  -36.421  -11.861  57.103 0.0000000000
109313  -37.212  -11.889  57.731 0.0000000000
58570  -38.150  -11.546  58.269 0.0000000000
59450  -39.416  -11.162  59.696 0.0000000000
59464  -40.267  -11.664  58.758 0.0000000000
45124  -18.215  -26.940  69.399 0.0000000000
46007  -18.405  -26.709  67.398 0.0000000000
45991  -17.848  -26.843  68.390 0.0000000000
45990  -17.067  -27.027  68.212 0.0000000000
45989  -16.316  -27.179  68.071 0.0000000000
116543  -30.357  -17.171  60.363 0.0000000000
55836  -29.930  -16.212  61.304 0.0000000000
53173  -32.053  -18.903  64.701 0.0000000000
53186  -32.605  -18.225  64.327 0.0000000000
54061  -32.505  -18.034  63.348 0.0000000000
56671  -32.189  -16.792  64.507 0.0000000000
122330  -32.160  -16.750  62.947 0.0000000000
55814  -31.386  -16.516  63.023 0.0000000000
56702  -30.751  -16.284  62.573 0.0000000000
57614  -30.284  -15.249  62.609 0.0000000000
58535  -30.468  -13.695  62.939 0.0000000000
127839  -31.559  -11.670  63.153 0.0000000000
113249  -32.705  -10.779  63.245 0.0000000000
60293  -32.696  -11.357  65.758 0.0000000000
60298  -33.037  -11.021  64.835 0.0000000000
53139  -23.848  -19.340  66.276 0.0000000000
53182  -23.674  -20.048  64.352 0.0000000000
118109  -23.498  -20.226  62.411 0.0000000000
52202  -25.800  -19.974  63.886 0.0000000000
52229  -24.254  -19.841  61.901 0.0000000000
46011  -22.382  -26.490  68.158 0.0000000000
46022  -21.637  -26.543  66.830 0.0000000000
46841  -22.823  -25.849  66.700 0.0000000000
46023  -22.366  -26.740  66.216 0.0000000000
113213  -21.732  -26.826  65.796 0.0000000000
110029  -20.316  -27.394  64.499 0.0000000000
69799  -45.537  -0.650  48.494 0.0000000000
69806  -46.587  -0.345  47.631 0.0000000000
69811  -47.055  -0.461  46.769 0.0000000000
69803  -49.085  0.857  49.437 0.0000000000
70641  -48.497  0.701  47.417 0.0000000000
69812  -47.825  -0.436  46.246 0.0000000000
69816  -48.555  -0.609  45.749 0.0000000000
69007  -49.802  -1.371  45.102 0.0000000000
69009  -50.567  -1.448  44.743 0.0000000000
69819  -51.313  -0.090  44.699 0.0000000000
126713  -52.551  0.968  45.581 0.0000000000
44009  -8.140  -28.846  75.949 0.0000000000
117856  -7.628  -29.395  76.623 0.0000000000
43129  -7.600  -29.671  75.515 0.0000000000
56737  -28.978  -14.931  59.010 0.0000000000
63152  -37.576  -7.999  53.715 0.0000000000
58614  -36.193  -11.824  56.072 0.0000000000
59519  -36.993  -11.575  56.358 0.0000000000
60407  -37.172  -11.214  56.041 0.0000000000
60410  -39.811  -10.891  56.866 0.0000000000
61314  -38.413  -10.437  56.456 0.0000000000
60422  -37.563  -10.327  55.715 0.0000000000
62244  -37.732  -9.210  55.044 0.0000000000
63134  -38.122  -8.209  54.755 0.0000000000
63154  -39.328  -7.131  54.631 0.0000000000
63137  -40.684  -6.871  55.182 0.0000000000
63955  -41.954  -6.270  54.911 0.0000000000
64745  -42.989  -5.676  55.099 0.0000000000
44010  -9.616  -27.879  76.893 0.0000000000
110398  -10.361  -27.421  76.304 0.0000000000
44017  -9.488  -27.830  75.996 0.0000000000
44031  -8.720  -28.681  74.320 0.0000000000
44060  -8.194  -29.740  72.906 0.0000000000
43122  -7.300  -29.523  77.520 0.0000000000
43117  -6.942  -29.784  78.289 0.0000000000
43109  -6.568  -29.925  79.563 0.0000000000
41257  -5.546  -31.966  78.437 0.0000000000
42219  -6.043  -30.710  79.353 0.0000000000
43104  -6.341  -29.766  80.028 0.0000000000
42212  -5.482  -30.268  80.076 0.0000000000
43098  -5.056  -30.081  80.074 0.0000000000
122267  -3.605  -33.623  79.093 0.0000000000
111345  -3.324  -33.016  79.080 0.0000000000
128557  -8.797  -28.337  77.417 0.0000000000
51222  -30.334  -20.657  62.642 0.0000000000
51143  -23.757  -20.569  67.005 0.0000000000
51154  -23.586  -20.686  66.227 0.0000000000
52153  -23.557  -19.841  67.252 0.0000000000
113064  -30.481  -20.837  64.259 0.0000000000
110839  -29.939  -21.142  63.613 0.0000000000
51221  -30.057  -20.970  62.861 0.0000000000
53106  -24.320  -18.993  70.078 0.0000000000
52124  -24.291  -19.749  69.702 0.0000000000
52140  -24.115  -19.982  68.734 0.0000000000
51144  -24.393  -21.489  67.588 0.0000000000
58612  -33.208  -12.560  54.962 0.0000000000
59529  -34.619  -12.464  54.351 0.0000000000
45986  -13.654  -27.382  68.339 0.0000000000
45970  -14.404  -26.976  69.099 0.0000000000
52146  -32.933  -20.086  68.442 0.0000000000
53129  -33.578  -19.716  68.223 0.0000000000
53109  -33.980  -19.337  69.513 0.0000000000
52098  -28.997  -19.985  72.149 0.0000000000
53100  -28.101  -19.803  70.811 0.0000000000
111944  -29.942  -19.826  71.936 0.0000000000
52131  -32.540  -20.002  69.254 0.0000000000
112566  -32.416  -20.231  67.875 0.0000000000
52084  -28.668  -19.887  72.958 0.0000000000
65595  -43.363  -5.160  53.846 0.0000000000
67333  -46.526  -3.396  52.315 0.0000000000
67339  -45.726  -3.351  52.031 0.0000000000
68138  -46.721  -2.701  51.679 0.0000000000
67341  -46.817  -3.016  51.928 0.0000000000
60321  -32.349  -10.964  62.543 0.0000000000
126774  -32.136  -10.997  61.403 0.0000000000
60356  -36.767  -10.305  60.061 0.0000000000
111802  -35.319  -10.902  58.421 0.0000000000
59448  -37.123  -11.371  58.449 0.0000000000
112755  -37.353  -10.752  59.520 0.0000000000
115160  -19.864  -26.327  66.954 0.0000000000
70661  -54.290  1.187  45.621 0.0000000000
43102  -7.320  -28.719  80.528 0.0000000000
43988  -7.089  -28.514  80.903 0.0000000000
43101  -6.707  -29.133  80.511 0.0000000000
54071  -31.763  -18.040  61.217 0.0000000000
54894  -33.165  -17.491  66.159 0.0000000000
55772  -32.611  -16.933  67.352 0.0000000000
58494  -31.465  -13.597  66.831 0.0000000000
113043  -30.973  -14.629  65.387 0.0000000000
58516  -30.866  -13.614  64.923 0.0000000000
46865  -22.911  -26.822  63.334 0.0000000000
52170  -27.522  -20.136  66.490 0.0000000000
52169  -26.604  -20.101  66.165 0.0000000000
46857  -23.413  -26.287  64.589 0.0000000000
69005  -48.262  -1.492  45.631 0.0000000000
70637  -50.660  1.272  48.581 0.0000000000
70644  -51.401  1.304  47.689 0.0000000000
58578  -30.059  -13.367  57.974 0.0000000000
58593  -30.322  -13.528  57.014 0.0000000000
59542  -35.809  -11.596  53.590 0.0000000000
60420  -36.262  -10.743  53.833 0.0000000000
58584  -38.663  -11.553  57.928 0.0000000000
58600  -38.476  -11.563  57.474 0.0000000000
62231  -40.957  -8.695  56.477 0.0000000000
63120  -41.119  -7.829  56.368 0.0000000000
129593  -41.383  -7.868  56.416 0.0000000000
45924  -11.566  -27.313  72.797 0.0000000000
45032  -10.774  -27.625  73.112 0.0000000000
45031  -10.041  -27.912  73.444 0.0000000000
124829  -10.096  -28.004  72.640 0.0000000000
40370  -4.194  -33.840  79.055 0.0000000000
61239  -35.632  -9.892  63.150 0.0000000000
46033  -19.419  -27.189  64.973 0.0000000000
43998  -8.548  -28.327  79.455 0.0000000000
43111  -7.905  -28.799  79.493 0.0000000000
43107  -7.803  -28.745  79.950 0.0000000000
51259  -30.552  -21.457  60.751 0.0000000000
52233  -30.654  -20.068  62.455 0.0000000000
52246  -31.038  -19.450  62.217 0.0000000000
53192  -31.446  -19.022  62.979 0.0000000000
48462  -23.410  -24.174  64.566 0.0000000000
47668  -23.540  -25.036  63.923 0.0000000000
51189  -23.483  -21.618  64.977 0.0000000000
50299  -23.254  -21.617  64.166 0.0000000000
117806  -23.089  -21.530  63.440 0.0000000000
51201  -23.211  -20.824  63.830 0.0000000000
122873  -29.307  -21.059  65.679 0.0000000000
51173  -28.249  -20.935  64.348 0.0000000000
51219  -28.653  -21.270  62.727 0.0000000000
126682  -28.315  -21.283  61.273 0.0000000000
51258  -29.777  -21.633  60.819 0.0000000000
51109  -25.124  -21.114  71.378 0.0000000000
51117  -24.902  -21.627  70.714 0.0000000000
50270  -24.386  -22.263  70.263 0.0000000000
50275  -24.314  -22.436  69.443 0.0000000000
49335  -23.798  -23.563  68.657 0.0000000000
50291  -23.792  -23.233  66.213 0.0000000000
47661  -23.541  -25.202  64.717 0.0000000000
128689  -41.529  -3.689  49.247 0.0000000000
59494  -32.621  -12.230  56.582 0.0000000000
58595  -31.997  -12.753  56.156 0.0000000000
59531  -35.734  -11.800  54.858 0.0000000000
60374  -42.221  -11.050  58.874 0.0000000000
63099  -42.436  -8.648  57.389 0.0000000000
45972  -16.268  -27.327  69.008 0.0000000000
45103  -16.355  -27.394  69.822 0.0000000000
45064  -15.643  -27.252  70.984 0.0000000000
115612  -15.225  -27.178  71.574 0.0000000000
45927  -14.410  -26.903  71.817 0.0000000000
45948  -12.491  -27.113  70.538 0.0000000000
45947  -11.588  -27.374  70.914 0.0000000000
52189  -31.717  -20.284  65.548 0.0000000000
53130  -34.047  -19.217  67.920 0.0000000000
53143  -34.069  -18.980  67.125 0.0000000000
54027  -34.212  -18.492  67.656 0.0000000000
53999  -26.006  -18.419  70.630 0.0000000000
54006  -25.712  -18.502  69.842 0.0000000000
53107  -26.484  -18.897  70.075 0.0000000000
52112  -28.163  -19.608  69.831 0.0000000000
53108  -27.271  -19.366  69.510 0.0000000000
52126  -28.119  -19.510  68.897 0.0000000000
52141  -27.897  -19.724  68.043 0.0000000000
52142  -28.842  -19.715  68.255 0.0000000000
115541  -31.199  -19.809  71.095 0.0000000000
116612  -30.402  -19.751  71.171 0.0000000000
51136  -30.723  -20.607  68.189 0.0000000000
52144  -30.302  -20.146  68.782 0.0000000000
51135  -30.115  -20.431  67.947 0.0000000000
52158  -29.467  -20.142  67.639 0.0000000000
51146  -29.852  -20.771  67.222 0.0000000000
51157  -29.577  -20.975  66.510 0.0000000000
129856  -31.801  -20.503  66.662 0.0000000000
114357  -30.918  -21.080  66.306 0.0000000000
51178  -31.541  -20.654  66.232 0.0000000000
51177  -31.108  -20.836  65.559 0.0000000000
117577  -27.532  -19.466  72.279 0.0000000000
53089  -26.231  -18.500  71.272 0.0000000000
53990  -25.719  -18.406  71.228 0.0000000000
64769  -40.597  -6.159  53.800 0.0000000000
64768  -39.744  -6.334  53.607 0.0000000000
64781  -42.398  -5.272  53.360 0.0000000000
64780  -41.698  -5.487  53.279 0.0000000000
65596  -44.037  -4.775  53.528 0.0000000000
66469  -44.664  -4.469  53.160 0.0000000000
117975  -44.342  -3.690  52.143 0.0000000000
66487  -43.647  -4.001  52.393 0.0000000000
66486  -42.780  -3.784  51.881 0.0000000000
67336  -42.735  -3.166  51.146 0.0000000000
68152  -43.386  -1.942  49.402 0.0000000000
129756  -44.628  -1.317  49.852 0.0000000000
68154  -45.078  -1.615  50.358 0.0000000000
68148  -47.097  -2.012  51.549 0.0000000000
68973  -48.023  -1.139  51.623 0.0000000000
68974  -48.706  -0.756  51.721 0.0000000000
58542  -30.239  -12.979  61.841 0.0000000000
120772  -30.010  -13.182  61.294 0.0000000000
59428  -30.715  -12.261  60.921 0.0000000000
59444  -31.878  -11.371  59.332 0.0000000000
122241  -34.941  -9.672  61.642 0.0000000000
119390  -33.750  -10.040  60.670 0.0000000000
60366  -33.580  -10.378  59.326 0.0000000000
59445  -32.889  -10.795  58.801 0.0000000000
59460  -33.504  -11.196  57.913 0.0000000000
59477  -35.109  -11.588  57.048 0.0000000000
113732  -34.719  -11.771  56.488 0.0000000000
59462  -37.155  -11.768  58.192 0.0000000000
58569  -37.555  -11.684  58.029 0.0000000000
59435  -39.925  -11.019  60.217 0.0000000000
59451  -39.995  -11.372  59.511 0.0000000000
60367  -41.627  -11.415  59.152 0.0000000000
113136  -19.685  -26.504  68.774 0.0000000000
45125  -19.082  -26.761  69.593 0.0000000000
128676  -19.002  -26.999  65.591 0.0000000000
116686  -19.108  -26.543  66.870 0.0000000000
46019  -18.583  -26.850  66.190 0.0000000000
46006  -17.517  -26.988  67.343 0.0000000000
126201  -16.773  -27.283  68.914 0.0000000000
118867  -5.501  -29.374  80.473 0.0000000000
52271  -31.259  -20.504  59.724 0.0000000000
54087  -31.152  -18.753  59.707 0.0000000000
121967  -30.749  -16.886  61.065 0.0000000000
131823  -30.173  -16.699  60.821 0.0000000000
52207  -32.032  -19.629  65.165 0.0000000000
129368  -31.602  -19.475  64.582 0.0000000000
54902  -33.153  -17.484  65.387 0.0000000000
54921  -32.708  -17.559  63.970 0.0000000000
56661  -31.844  -16.621  65.206 0.0000000000
54920  -32.487  -17.165  63.442 0.0000000000
55809  -31.964  -16.610  63.708 0.0000000000
57586  -30.629  -15.170  63.686 0.0000000000
126025  -30.713  -15.933  63.025 0.0000000000
57604  -30.165  -14.051  62.543 0.0000000000
59402  -31.232  -12.316  63.962 0.0000000000
109994  -33.450  -10.910  66.401 0.0000000000
60299  -33.999  -10.471  64.639 0.0000000000
47672  -23.325  -25.572  62.467 0.0000000000
54025  -24.595  -18.745  67.663 0.0000000000
54024  -24.035  -18.757  67.471 0.0000000000
53140  -24.155  -18.966  66.808 0.0000000000
53171  -23.866  -19.711  64.706 0.0000000000
53183  -23.953  -19.894  63.887 0.0000000000
52216  -23.505  -20.263  63.531 0.0000000000
52204  -27.528  -20.473  64.088 0.0000000000
126157  -26.872  -20.159  63.780 0.0000000000
52219  -26.486  -20.050  62.977 0.0000000000
46010  -21.886  -26.593  67.890 0.0000000000
120979  -22.329  -26.505  67.204 0.0000000000
121171  -23.238  -25.007  66.930 0.0000000000
120805  -23.054  -25.483  67.281 0.0000000000
46839  -22.813  -26.581  65.736 0.0000000000
46035  -21.182  -27.080  64.934 0.0000000000
69787  -45.820  -0.704  49.326 0.0000000000
69801  -47.060  -0.103  48.463 0.0000000000
69807  -47.287  -0.042  47.614 0.0000000000
69791  -49.940  0.595  50.317 0.0000000000
70642  -49.333  1.086  47.585 0.0000000000
70635  -48.787  0.919  48.488 0.0000000000
69813  -48.399  0.211  46.427 0.0000000000
69817  -49.115  0.339  45.914 0.0000000000
70657  -50.019  0.548  45.544 0.0000000000
69818  -50.400  -0.391  44.881 0.0000000000
122095  -52.388  1.099  46.363 0.0000000000
128897  -52.128  0.913  45.705 0.0000000000
71412  -53.003  1.240  46.220 0.0000000000
70651  -53.007  1.131  46.862 0.0000000000
44030  -8.078  -29.062  74.905 0.0000000000
43137  -7.582  -29.970  74.450 0.0000000000
57628  -29.329  -14.186  59.605 0.0000000000
61340  -36.619  -9.930  53.408 0.0000000000
62269  -36.971  -9.314  53.023 0.0000000000
63151  -37.191  -8.746  53.574 0.0000000000
119272  -36.485  -11.845  56.678 0.0000000000
130418  -40.513  -11.224  56.767 0.0000000000
115917  -40.006  -9.633  56.338 0.0000000000
61315  -39.322  -10.233  56.599 0.0000000000
61331  -38.461  -9.646  56.068 0.0000000000
62246  -39.523  -7.915  55.722 0.0000000000
62245  -38.768  -8.578  55.707 0.0000000000
63135  -38.979  -7.671  55.120 0.0000000000
63942  -41.495  -6.937  55.751 0.0000000000
63954  -41.396  -6.552  55.032 0.0000000000
64757  -42.432  -5.998  54.540 0.0000000000
131567  -9.970  -27.563  75.707 0.0000000000
44016  -8.833  -28.317  75.349 0.0000000000
45016  -9.271  -28.107  74.618 0.0000000000
45045  -9.370  -28.448  72.862 0.0000000000
44047  -8.744  -28.971  73.377 0.0000000000
44061  -8.739  -29.230  72.431 0.0000000000
43123  -7.926  -28.887  77.477 0.0000000000
125810  -7.009  -29.927  76.853 0.0000000000
42224  -6.387  -30.464  77.948 0.0000000000
43113  -6.895  -29.866  79.053 0.0000000000
42220  -6.423  -30.388  79.114 0.0000000000
40387  -5.497  -33.466  77.401 0.0000000000
41264  -5.622  -32.407  77.563 0.0000000000
40377  -5.332  -33.049  78.113 0.0000000000
41253  -5.013  -32.140  79.229 0.0000000000
41254  -5.543  -31.560  79.083 0.0000000000
42216  -6.084  -30.367  79.722 0.0000000000
42213  -5.788  -30.343  79.946 0.0000000000
42215  -5.245  -30.918  79.868 0.0000000000
117614  -4.276  -31.715  79.639 0.0000000000
42211  -5.067  -30.599  79.981 0.0000000000
42210  -4.502  -30.976  79.795 0.0000000000
43097  -4.592  -30.260  79.861 0.0000000000
130097  -3.159  -33.640  79.018 0.0000000000
124685  -30.571  -21.168  61.327 0.0000000000
128260  -23.875  -22.665  65.382 0.0000000000
126046  -23.483  -23.292  64.786 0.0000000000
51172  -23.859  -21.564  65.771 0.0000000000
51171  -23.424  -20.764  65.453 0.0000000000
52168  -23.427  -20.143  65.969 0.0000000000
51191  -29.528  -21.254  64.231 0.0000000000
122101  -28.885  -21.230  64.081 0.0000000000
53088  -25.151  -18.849  71.727 0.0000000000
52110  -24.635  -19.674  70.730 0.0000000000
52125  -24.709  -20.703  70.159 0.0000000000
125744  -24.783  -21.725  69.078 0.0000000000
50281  -24.596  -22.589  67.799 0.0000000000
50290  -24.292  -22.446  66.302 0.0000000000
68162  -42.620  -2.865  48.685 0.0000000000
68996  -45.222  -1.253  47.227 0.0000000000
115603  -29.704  -16.922  59.567 0.0000000000
117457  -14.176  -26.889  69.875 0.0000000000
45949  -13.406  -26.923  70.185 0.0000000000
45102  -11.910  -27.903  68.983 0.0000000000
52159  -32.241  -20.324  67.118 0.0000000000
52173  -33.040  -19.958  66.679 0.0000000000
54015  -34.240  -18.661  68.434 0.0000000000
53090  -27.002  -19.213  71.517 0.0000000000
52113  -29.095  -19.692  70.146 0.0000000000
52116  -31.428  -19.909  70.297 0.0000000000
52130  -31.628  -20.105  69.345 0.0000000000
51137  -31.368  -20.460  68.401 0.0000000000
51148  -31.137  -20.845  67.646 0.0000000000
51149  -31.761  -20.522  67.724 0.0000000000
53074  -28.205  -19.836  72.419 0.0000000000
64756  -41.984  -6.049  54.327 0.0000000000
64770  -41.445  -5.893  53.790 0.0000000000
130077  -45.660  -4.083  52.753 0.0000000000
111907  -45.249  -4.104  52.820 0.0000000000
66488  -45.136  -3.787  52.372 0.0000000000
118053  -44.185  -3.214  51.645 0.0000000000
67347  -45.502  -2.800  51.570 0.0000000000
68146  -45.329  -2.243  51.008 0.0000000000
67348  -46.132  -2.476  51.341 0.0000000000
130829  -30.776  -12.198  61.474 0.0000000000
119431  -32.223  -10.869  60.677 0.0000000000
60340  -35.891  -9.811  60.934 0.0000000000
59446  -34.629  -10.472  59.020 0.0000000000
117171  -35.891  -11.251  57.914 0.0000000000
58567  -36.537  -11.718  57.504 0.0000000000
59449  -37.695  -11.432  58.573 0.0000000000
45973  -21.119  -26.632  69.563 0.0000000000
46008  -19.318  -26.425  67.777 0.0000000000
112222  -17.826  -27.242  65.784 0.0000000000
130392  -16.071  -27.555  66.648 0.0000000000
70665  -52.676  0.490  44.740 0.0000000000
69823  -52.350  -0.457  44.204 0.0000000000
69824  -53.109  -0.039  44.093 0.0000000000
120755  -53.937  0.371  44.044 0.0000000000
115404  -31.457  -19.116  60.282 0.0000000000
54078  -31.357  -18.413  60.504 0.0000000000
54930  -31.458  -17.213  61.482 0.0000000000
123923  -33.223  -18.686  65.622 0.0000000000
111517  -33.363  -18.039  65.911 0.0000000000
121212  -32.928  -17.082  65.642 0.0000000000
113127  -31.603  -15.612  66.725 0.0000000000
56687  -30.952  -16.030  63.598 0.0000000000
118601  -30.539  -14.334  63.465 0.0000000000
127555  -30.846  -13.169  64.278 0.0000000000
118894  -34.211  -10.465  66.061 0.0000000000
49389  -23.095  -24.010  62.859 0.0000000000
124318  -24.907  -19.094  66.964 0.0000000000
53141  -25.714  -19.550  66.592 0.0000000000
53156  -25.592  -19.893  65.744 0.0000000000
52185  -25.612  -20.076  64.871 0.0000000000
52232  -27.344  -20.530  62.500 0.0000000000
52231  -26.606  -20.156  62.081 0.0000000000
46825  -22.835  -26.162  67.909 0.0000000000
47649  -23.256  -25.304  65.576 0.0000000000
46850  -23.059  -25.884  65.762 0.0000000000
46848  -22.986  -26.602  64.989 0.0000000000
46046  -21.930  -27.307  64.200 0.0000000000
46053  -21.582  -27.932  63.310 0.0000000000
128501  -47.132  -0.678  50.256 0.0000000000
109497  -47.488  0.023  49.367 0.0000000000
69802  -48.280  0.504  49.364 0.0000000000
70650  -51.788  1.141  46.760 0.0000000000
70645  -52.431  1.173  47.376 0.0000000000
43146  -7.675  -30.459  73.397 0.0000000000
57643  -29.588  -14.118  57.445 0.0000000000
59497  -38.169  -11.654  57.021 0.0000000000
59498  -38.692  -11.441  57.231 0.0000000000
61301  -41.393  -10.365  56.497 0.0000000000
129295  -40.946  -10.698  56.368 0.0000000000
61317  -40.871  -9.880  56.322 0.0000000000
63119  -40.390  -7.825  56.054 0.0000000000
126010  -12.193  -26.835  73.955 0.0000000000
45018  -10.939  -27.213  74.408 0.0000000000
45017  -10.035  -27.701  74.372 0.0000000000
45062  -9.262  -28.732  71.934 0.0000000000
42231  -6.628  -30.736  76.520 0.0000000000
41265  -6.137  -31.063  77.219 0.0000000000
41258  -5.867  -31.209  78.034 0.0000000000
115771  -5.033  -33.538  78.481 0.0000000000
41249  -5.089  -31.905  79.534 0.0000000000
41248  -4.348  -32.145  79.554 0.0000000000
41247  -3.875  -32.306  79.404 0.0000000000
52117  -32.326  -19.570  70.710 0.0000000000
65583  -43.851  -4.930  54.014 0.0000000000
126134  -45.118  -4.264  53.935 0.0000000000
110254  -45.842  -3.750  53.953 0.0000000000
67330  -46.723  -3.151  53.021 0.0000000000
67334  -47.061  -2.750  52.299 0.0000000000
113697  -33.735  -10.159  63.208 0.0000000000
60323  -34.263  -9.825  62.428 0.0000000000
60324  -35.404  -9.731  62.356 0.0000000000
127950  -35.630  -9.697  61.694 0.0000000000
123864  -20.260  -26.439  66.229 0.0000000000
43106  -7.480  -28.888  80.141 0.0000000000
125621  -31.197  -21.013  60.188 0.0000000000
53198  -31.858  -19.157  61.966 0.0000000000
115617  -31.771  -12.529  66.441 0.0000000000
46866  -23.296  -26.210  63.137 0.0000000000
49375  -23.423  -23.405  64.122 0.0000000000
123902  -23.157  -23.490  63.515 0.0000000000
49388  -22.936  -23.033  62.919 0.0000000000
52188  -28.198  -20.320  66.053 0.0000000000
51203  -28.471  -21.138  63.546 0.0000000000
51218  -27.979  -20.932  62.969 0.0000000000
52244  -27.122  -20.565  61.567 0.0000000000
48421  -23.652  -24.543  68.679 0.0000000000
49345  -23.670  -23.828  67.712 0.0000000000
48438  -23.426  -24.326  66.949 0.0000000000
50286  -24.223  -23.064  67.110 0.0000000000
49353  -23.660  -23.644  66.842 0.0000000000
47650  -23.264  -24.748  66.259 0.0000000000
66496  -41.048  -4.133  50.518 0.0000000000
69003  -46.812  -1.724  45.890 0.0000000000
117117  -49.147  0.121  50.841 0.0000000000
70638  -52.652  1.270  48.821 0.0000000000
58594  -31.130  -13.100  56.567 0.0000000000
59480  -40.447  -11.861  57.873 0.0000000000
59481  -41.244  -11.756  57.875 0.0000000000
60382  -41.660  -11.245  57.519 0.0000000000
61291  -42.022  -10.325  57.121 0.0000000000
62217  -42.065  -9.245  56.876 0.0000000000
63109  -41.826  -8.309  56.797 0.0000000000
121955  -41.747  -7.422  56.473 0.0000000000
111242  -16.396  -27.632  71.193 0.0000000000
45925  -12.432  -26.936  72.466 0.0000000000
45063  -10.766  -27.718  71.332 0.0000000000
52205  -30.758  -20.343  64.214 0.0000000000
53157  -33.220  -19.352  66.071 0.0000000000
54036  -33.692  -18.619  66.456 0.0000000000
54007  -34.217  -18.679  69.376 0.0000000000
53116  -24.047  -19.091  69.052 0.0000000000
129691  -23.968  -18.883  68.328 0.0000000000
127624  -24.325  -18.698  68.821 0.0000000000
54014  -25.451  -18.625  68.991 0.0000000000
54026  -25.277  -18.743  68.233 0.0000000000
112023  -26.121  -19.156  68.441 0.0000000000
53128  -26.870  -19.712  67.849 0.0000000000
52156  -27.673  -19.997  67.266 0.0000000000
52128  -29.802  -19.777  69.436 0.0000000000
52129  -30.500  -19.933  69.624 0.0000000000
52171  -28.414  -20.168  66.680 0.0000000000
51156  -28.901  -20.637  66.195 0.0000000000
115555  -30.094  -21.184  65.999 0.0000000000
51159  -30.892  -21.068  67.068 0.0000000000
51175  -29.903  -21.171  65.075 0.0000000000
113946  -30.599  -21.009  64.926 0.0000000000
53976  -25.793  -18.535  72.790 0.0000000000
53989  -25.275  -18.599  71.355 0.0000000000
115096  -25.167  -18.498  70.856 0.0000000000
64778  -39.551  -6.013  52.860 0.0000000000
64779  -40.588  -5.739  53.141 0.0000000000
65603  -40.119  -5.483  52.233 0.0000000000
65607  -43.505  -4.840  53.448 0.0000000000
65606  -42.905  -4.886  53.169 0.0000000000
66477  -43.616  -4.500  52.952 0.0000000000
112991  -41.872  -4.252  51.905 0.0000000000
129980  -41.424  -4.107  51.185 0.0000000000
67346  -43.551  -2.841  51.128 0.0000000000
67345  -42.753  -2.698  50.324 0.0000000000
68151  -42.846  -2.427  49.419 0.0000000000
68163  -43.197  -2.247  48.674 0.0000000000
68981  -43.716  -1.595  48.871 0.0000000000
68992  -44.313  -1.306  48.364 0.0000000000
68982  -44.383  -1.158  49.273 0.0000000000
68983  -45.084  -1.048  49.695 0.0000000000
68155  -45.965  -1.889  50.831 0.0000000000
68977  -46.527  -1.394  50.657 0.0000000000
126126  -48.466  -0.546  51.273 0.0000000000
69778  -49.191  -0.211  51.350 0.0000000000
56715  -29.615  -15.030  61.388 0.0000000000
58548  -29.676  -13.867  61.045 0.0000000000
58554  -29.748  -13.515  60.098 0.0000000000
58555  -30.474  -12.678  59.473 0.0000000000
60338  -32.915  -10.489  61.078 0.0000000000
59474  -31.574  -12.127  57.891 0.0000000000
59495  -33.578  -11.960  56.515 0.0000000000
58596  -35.323  -11.876  56.038 0.0000000000
58597  -35.887  -11.806  56.507 0.0000000000
58581  -37.117  -12.063  57.325 0.0000000000
58568  -36.986  -11.909  57.587 0.0000000000
58582  -37.322  -11.905  57.622 0.0000000000
58583  -37.870  -11.695  57.765 0.0000000000
59432  -37.949  -10.982  59.444 0.0000000000
110449  -38.192  -11.217  59.096 0.0000000000
59434  -39.256  -10.988  60.090 0.0000000000
58557  -38.707  -11.171  59.312 0.0000000000
115887  -38.511  -11.377  58.771 0.0000000000
58559  -39.537  -11.484  58.841 0.0000000000
59463  -39.510  -11.614  58.232 0.0000000000
59465  -41.108  -11.791  58.565 0.0000000000
116687  -17.915  -27.007  66.621 0.0000000000
45123  -17.411  -27.195  69.293 0.0000000000
45988  -15.516  -27.236  68.130 0.0000000000
46004  -15.686  -27.481  67.164 0.0000000000
122939  -54.412  0.819  44.740 0.0000000000
54947  -30.884  -17.918  59.974 0.0000000000
54946  -30.215  -17.613  59.603 0.0000000000
126061  -31.116  -19.761  64.049 0.0000000000
52222  -31.510  -19.173  63.877 0.0000000000
117462  -32.915  -18.717  64.920 0.0000000000
53185  -31.956  -18.640  63.699 0.0000000000
121622  -32.388  -18.076  62.465 0.0000000000
55796  -32.847  -16.939  64.947 0.0000000000
55787  -32.452  -16.852  65.617 0.0000000000
55810  -32.633  -17.021  64.201 0.0000000000
54925  -32.369  -17.363  62.683 0.0000000000
55823  -31.808  -16.764  62.233 0.0000000000
56701  -30.025  -15.707  62.085 0.0000000000
58534  -30.419  -13.068  62.405 0.0000000000
59408  -30.801  -12.489  62.678 0.0000000000
59383  -31.811  -12.113  65.690 0.0000000000
60297  -32.187  -11.589  65.042 0.0000000000
60294  -33.699  -10.747  65.482 0.0000000000
60307  -33.324  -10.638  63.990 0.0000000000
53126  -23.708  -19.355  67.363 0.0000000000
122812  -23.589  -19.662  66.621 0.0000000000
53153  -23.572  -19.784  65.743 0.0000000000
110119  -24.082  -19.215  66.011 0.0000000000
53154  -23.824  -19.535  65.503 0.0000000000
52201  -23.465  -20.320  64.451 0.0000000000
51217  -23.094  -20.926  62.810 0.0000000000
52203  -26.697  -20.199  64.496 0.0000000000
52218  -25.251  -19.722  63.000 0.0000000000
52217  -24.132  -19.840  62.940 0.0000000000
52228  -23.231  -20.786  61.818 0.0000000000
129118  -21.923  -26.675  68.691 0.0000000000
46832  -22.895  -25.845  67.681 0.0000000000
46831  -22.715  -26.078  67.125 0.0000000000
46840  -22.838  -26.213  66.140 0.0000000000
46024  -22.617  -26.389  66.623 0.0000000000
111925  -20.945  -26.575  65.985 0.0000000000
69798  -44.995  -0.990  48.004 0.0000000000
69805  -45.738  -0.690  47.662 0.0000000000
69800  -46.248  -0.406  48.501 0.0000000000
69810  -46.184  -0.783  46.929 0.0000000000
69001  -47.248  -1.000  46.003 0.0000000000
114264  -48.554  0.374  50.051 0.0000000000
69808  -47.794  0.157  47.075 0.0000000000
69815  -47.907  -1.047  45.846 0.0000000000
69006  -49.023  -1.395  45.448 0.0000000000
115970  -49.452  -0.470  45.335 0.0000000000
70659  -51.896  0.572  45.154 0.0000000000
70652  -53.711  1.281  46.554 0.0000000000
123989  -8.249  -28.741  76.789 0.0000000000
43136  -7.136  -30.647  74.997 0.0000000000
42240  -6.758  -31.044  75.654 0.0000000000
56727  -29.224  -15.208  60.062 0.0000000000
58609  -30.619  -13.750  56.238 0.0000000000
59517  -35.735  -11.942  55.442 0.0000000000
58615  -36.677  -11.796  56.548 0.0000000000
59518  -36.219  -11.790  55.847 0.0000000000
59532  -36.381  -11.529  55.540 0.0000000000
59499  -40.126  -11.623  57.271 0.0000000000
60390  -39.629  -11.300  57.154 0.0000000000
60409  -38.828  -10.997  56.930 0.0000000000
60408  -37.942  -10.939  56.467 0.0000000000
62260  -37.481  -8.657  54.256 0.0000000000
63153  -38.485  -7.441  54.308 0.0000000000
63970  -40.112  -6.660  54.405 0.0000000000
64758  -42.765  -5.842  54.542 0.0000000000
113859  -9.965  -28.158  71.741 0.0000000000
43118  -7.630  -29.106  78.250 0.0000000000
43114  -7.462  -29.281  78.956 0.0000000000
41255  -5.969  -31.015  78.818 0.0000000000
43100  -6.286  -29.706  80.457 0.0000000000
43099  -5.480  -29.858  80.287 0.0000000000
39574  -4.078  -34.712  79.063 0.0000000000
39569  -3.762  -34.204  79.056 0.0000000000
48450  -23.437  -23.957  66.203 0.0000000000
50271  -24.001  -22.894  70.265 0.0000000000
51124  -24.546  -20.822  69.321 0.0000000000
51134  -24.805  -22.138  68.485 0.0000000000
52096  -24.938  -19.272  71.688 0.0000000000
52099  -32.495  -19.345  71.094 0.0000000000
52111  -25.043  -20.702  70.852 0.0000000000
52154  -23.916  -20.306  67.834 0.0000000000
52184  -23.435  -20.235  65.197 0.0000000000
53115  -23.854  -18.917  67.723 0.0000000000
53170  -23.589  -19.896  64.984 0.0000000000
53184  -24.754  -19.852  63.610 0.0000000000
53998  -25.371  -18.418  70.409 0.0000000000
54004  -24.442  -18.762  69.529 0.0000000000
54005  -24.897  -18.421  69.498 0.0000000000
54013  -24.709  -18.571  68.547 0.0000000000
54023  -23.858  -19.107  67.076 0.0000000000
58558  -39.148  -11.331  59.129 0.0000000000
58571  -38.871  -11.463  58.519 0.0000000000
61292  -42.526  -10.208  57.902 0.0000000000
109450  -24.107  -22.831  68.652 0.0000000000
112642  -25.561  -18.576  71.992 0.0000000000
113633  -31.038  -20.015  69.752 0.0000000000
113997  -24.690  -19.284  66.227 0.0000000000
124310  -45.678  -0.997  47.048 0.0000000000
125386  -6.499  -31.322  75.975 0.0000000000
129146  -33.574  -19.329  66.735 0.0000000000
130120  -24.756  -19.686  62.469 0.0000000000
