#!ascii label  , from subject sub-v1s0x0050668_ses-1 vox2ras=TkReg
1227
55886  -39.944  -17.056  56.100 0.0000000000
64799  -52.173  -5.836  50.780 0.0000000000
61341  -44.771  -9.904  53.851 0.0000000000
41309  -13.533  -32.167  75.338 0.0000000000
54948  -34.627  -17.184  59.615 0.0000000000
43155  -28.041  -30.183  72.401 0.0000000000
47597  -30.890  -24.616  71.014 0.0000000000
50292  -35.267  -22.549  65.984 0.0000000000
54046  -36.312  -18.381  65.094 0.0000000000
42299  -20.728  -31.933  68.909 0.0000000000
108989  -23.959  -31.516  74.223 0.0000000000
43211  -24.064  -30.232  67.863 0.0000000000
48451  -29.293  -25.043  65.214 0.0000000000
49369  -31.974  -24.128  65.819 0.0000000000
56693  -40.425  -16.096  62.238 0.0000000000
55845  -44.114  -16.253  61.009 0.0000000000
63167  -48.083  -7.972  52.679 0.0000000000
113012  -42.230  -13.284  55.250 0.0000000000
64847  -50.482  -6.474  46.484 0.0000000000
39596  -10.633  -34.802  77.188 0.0000000000
56673  -36.374  -15.414  63.418 0.0000000000
55875  -36.566  -17.084  57.832 0.0000000000
45143  -28.086  -29.171  66.099 0.0000000000
121008  -29.837  -27.946  70.758 0.0000000000
60360  -45.626  -11.501  59.940 0.0000000000
64070  -57.968  -7.106  41.839 0.0000000000
49393  -34.646  -23.849  63.309 0.0000000000
51223  -35.180  -21.543  62.447 0.0000000000
42317  -22.139  -31.318  68.686 0.0000000000
48492  -30.708  -24.171  62.893 0.0000000000
48482  -33.203  -24.442  63.224 0.0000000000
48454  -34.256  -24.371  65.682 0.0000000000
109774  -40.025  -17.365  58.994 0.0000000000
55817  -42.308  -16.490  62.036 0.0000000000
55868  -41.961  -16.958  58.294 0.0000000000
63992  -50.807  -7.383  51.617 0.0000000000
63957  -50.938  -7.449  54.385 0.0000000000
66499  -54.016  -4.080  49.829 0.0000000000
40461  -10.959  -33.247  72.426 0.0000000000
41278  -12.534  -32.828  76.500 0.0000000000
54933  -35.507  -17.813  61.762 0.0000000000
54912  -35.997  -16.881  64.176 0.0000000000
56703  -35.814  -16.448  61.472 0.0000000000
122580  -37.055  -15.883  60.480 0.0000000000
117253  -35.563  -16.460  58.922 0.0000000000
42271  -26.203  -31.401  73.051 0.0000000000
42243  -26.235  -30.887  76.457 0.0000000000
43139  -27.887  -30.377  75.237 0.0000000000
44055  -29.697  -29.479  74.511 0.0000000000
45152  -26.129  -28.776  64.971 0.0000000000
46054  -27.763  -27.448  62.978 0.0000000000
114150  -30.002  -24.672  67.872 0.0000000000
46828  -30.101  -26.656  68.271 0.0000000000
46813  -30.784  -26.449  70.361 0.0000000000
45076  -31.268  -28.218  71.492 0.0000000000
40474  -16.735  -33.705  71.696 0.0000000000
40436  -19.196  -34.148  74.973 0.0000000000
39614  -18.983  -34.512  76.224 0.0000000000
60423  -43.337  -11.385  54.731 0.0000000000
59482  -43.624  -12.748  57.555 0.0000000000
60393  -44.631  -10.934  56.851 0.0000000000
64915  -59.637  -5.409  40.681 0.0000000000
38867  -13.573  -35.419  75.247 0.0000000000
51138  -36.056  -21.449  68.580 0.0000000000
53131  -36.381  -19.483  67.950 0.0000000000
52191  -35.759  -20.621  65.377 0.0000000000
53193  -35.616  -19.385  62.327 0.0000000000
41346  -20.624  -33.307  71.964 0.0000000000
110359  -22.268  -32.763  75.085 0.0000000000
42276  -21.899  -31.834  71.354 0.0000000000
42289  -23.996  -31.102  70.860 0.0000000000
43185  -26.006  -30.410  69.892 0.0000000000
113631  -27.716  -25.351  62.925 0.0000000000
49391  -28.618  -24.153  63.425 0.0000000000
49367  -30.451  -23.933  65.798 0.0000000000
49339  -31.349  -23.718  68.656 0.0000000000
49341  -33.848  -24.138  68.319 0.0000000000
131988  -35.785  -23.992  68.692 0.0000000000
41388  -18.511  -33.178  68.789 0.0000000000
58518  -39.468  -14.244  64.812 0.0000000000
59375  -41.744  -12.696  67.376 0.0000000000
57592  -41.736  -14.874  63.723 0.0000000000
57594  -43.661  -14.853  63.690 0.0000000000
63155  -46.832  -8.424  53.250 0.0000000000
117598  -46.345  -9.567  56.189 0.0000000000
63123  -49.037  -8.290  55.347 0.0000000000
36340  -9.235  -38.042  80.577 0.0000000000
56759  -41.065  -15.135  55.450 0.0000000000
59552  -42.331  -12.357  52.422 0.0000000000
62294  -45.085  -9.198  50.772 0.0000000000
63186  -46.093  -8.075  50.738 0.0000000000
64795  -47.645  -6.587  50.128 0.0000000000
65634  -49.538  -5.806  49.137 0.0000000000
114118  -51.282  -5.474  49.237 0.0000000000
65659  -48.304  -5.458  47.294 0.0000000000
38849  -13.188  -35.416  77.747 0.0000000000
38834  -12.210  -35.139  79.868 0.0000000000
37198  -11.402  -36.883  80.543 0.0000000000
57537  -38.015  -14.552  69.382 0.0000000000
115385  -36.629  -17.890  67.340 0.0000000000
56649  -36.812  -15.371  66.608 0.0000000000
58496  -37.674  -14.177  66.169 0.0000000000
57607  -38.046  -15.066  63.271 0.0000000000
55855  -38.296  -16.739  59.517 0.0000000000
54972  -38.695  -17.791  57.802 0.0000000000
41286  -23.616  -32.006  76.996 0.0000000000
129783  -25.797  -29.320  66.903 0.0000000000
114204  -27.912  -30.030  69.953 0.0000000000
46025  -29.690  -27.514  66.052 0.0000000000
45128  -29.525  -28.534  68.581 0.0000000000
45055  -29.066  -28.961  71.943 0.0000000000
45058  -30.566  -28.423  73.089 0.0000000000
41341  -12.542  -32.945  72.136 0.0000000000
128461  -14.284  -32.853  71.549 0.0000000000
41311  -14.991  -32.496  74.682 0.0000000000
57637  -42.924  -14.795  57.951 0.0000000000
126190  -44.875  -13.722  60.353 0.0000000000
59409  -47.155  -12.818  62.446 0.0000000000
61286  -46.447  -9.974  58.721 0.0000000000
64823  -52.805  -5.958  48.696 0.0000000000
64839  -55.512  -6.728  48.014 0.0000000000
64851  -57.472  -5.652  46.086 0.0000000000
113959  -56.001  -7.751  43.533 0.0000000000
65693  -59.054  -4.855  44.300 0.0000000000
49408  -34.154  -24.025  62.209 0.0000000000
118997  -34.721  -22.698  61.787 0.0000000000
49426  -33.901  -22.906  60.650 0.0000000000
110277  -31.911  -24.393  61.874 0.0000000000
48495  -33.385  -24.313  62.387 0.0000000000
48496  -34.051  -24.328  62.913 0.0000000000
109744  -40.157  -17.570  58.238 0.0000000000
54963  -41.210  -17.406  58.607 0.0000000000
55876  -41.050  -17.099  57.013 0.0000000000
64788  -51.078  -6.753  51.101 0.0000000000
63984  -51.920  -7.233  52.843 0.0000000000
117501  -52.904  -6.582  51.910 0.0000000000
65616  -53.856  -5.189  51.220 0.0000000000
124922  -52.606  -4.721  50.067 0.0000000000
112626  -12.608  -33.044  74.039 0.0000000000
40433  -11.373  -33.834  74.252 0.0000000000
130136  -12.642  -32.638  75.372 0.0000000000
54937  -34.890  -17.520  60.384 0.0000000000
112788  -35.599  -17.037  61.951 0.0000000000
55837  -35.063  -16.867  60.178 0.0000000000
56716  -35.371  -16.479  60.098 0.0000000000
55851  -34.943  -16.752  59.522 0.0000000000
40421  -20.403  -34.081  75.991 0.0000000000
125696  -26.942  -31.197  72.747 0.0000000000
43147  -27.148  -31.016  74.611 0.0000000000
43148  -27.904  -30.770  74.077 0.0000000000
128525  -28.678  -30.030  75.245 0.0000000000
44053  -28.623  -29.979  73.495 0.0000000000
48414  -30.263  -24.171  69.696 0.0000000000
47617  -30.200  -25.432  69.050 0.0000000000
47609  -30.892  -25.498  70.817 0.0000000000
46814  -31.266  -26.490  70.638 0.0000000000
113126  -19.672  -34.374  73.179 0.0000000000
40437  -20.253  -34.281  74.990 0.0000000000
40420  -19.454  -34.192  75.824 0.0000000000
58465  -39.973  -13.346  69.420 0.0000000000
115009  -44.202  -10.440  54.164 0.0000000000
60411  -43.659  -11.268  55.534 0.0000000000
61319  -44.971  -10.030  55.500 0.0000000000
51150  -35.655  -21.943  67.282 0.0000000000
51162  -35.687  -21.254  66.936 0.0000000000
51179  -35.468  -21.616  65.483 0.0000000000
52223  -35.549  -20.794  62.981 0.0000000000
53199  -34.812  -19.991  61.043 0.0000000000
113652  -35.036  -19.216  61.240 0.0000000000
41377  -20.256  -32.792  70.303 0.0000000000
41364  -21.261  -32.456  71.654 0.0000000000
128258  -21.465  -31.879  70.015 0.0000000000
43198  -23.521  -30.653  68.400 0.0000000000
42302  -23.205  -31.195  69.764 0.0000000000
43182  -23.750  -30.809  69.220 0.0000000000
43172  -24.716  -30.815  70.272 0.0000000000
43184  -25.291  -30.565  69.749 0.0000000000
49405  -27.649  -24.087  62.338 0.0000000000
108816  -31.722  -24.217  65.001 0.0000000000
48464  -30.272  -23.984  64.868 0.0000000000
49368  -31.273  -23.976  65.630 0.0000000000
118486  -31.000  -23.830  67.140 0.0000000000
119477  -31.724  -23.880  67.130 0.0000000000
49340  -32.892  -23.811  68.594 0.0000000000
48431  -33.216  -24.089  67.678 0.0000000000
49360  -35.173  -23.434  66.392 0.0000000000
48444  -35.005  -24.061  66.709 0.0000000000
50282  -35.783  -22.823  67.647 0.0000000000
124583  -36.081  -22.900  68.359 0.0000000000
41389  -19.449  -32.830  69.144 0.0000000000
57590  -39.862  -15.161  63.600 0.0000000000
58519  -40.329  -14.014  64.963 0.0000000000
57591  -40.797  -15.023  63.718 0.0000000000
55829  -43.461  -16.640  61.198 0.0000000000
56677  -43.236  -15.453  63.131 0.0000000000
56696  -43.771  -15.998  62.504 0.0000000000
120397  -45.316  -14.662  63.565 0.0000000000
56709  -45.410  -15.345  62.016 0.0000000000
110812  -47.626  -8.245  53.251 0.0000000000
63139  -47.599  -8.755  54.605 0.0000000000
115740  -48.676  -8.487  54.009 0.0000000000
64747  -51.683  -6.223  55.356 0.0000000000
63174  -45.779  -8.742  51.137 0.0000000000
63196  -45.037  -8.227  49.652 0.0000000000
64023  -46.579  -6.708  49.175 0.0000000000
64818  -46.966  -6.049  48.814 0.0000000000
123879  -48.573  -6.262  50.281 0.0000000000
64820  -48.325  -5.727  48.995 0.0000000000
65633  -48.831  -5.718  48.735 0.0000000000
39625  -10.007  -34.572  75.129 0.0000000000
39595  -10.113  -35.343  77.852 0.0000000000
38056  -13.859  -36.171  75.009 0.0000000000
39612  -13.162  -34.745  77.140 0.0000000000
38043  -13.690  -36.944  76.802 0.0000000000
37206  -13.631  -37.200  78.915 0.0000000000
37200  -12.999  -37.075  80.035 0.0000000000
38032  -11.747  -36.077  80.462 0.0000000000
120253  -12.747  -37.925  80.312 0.0000000000
36343  -12.180  -38.891  80.419 0.0000000000
127057  -36.353  -19.054  66.469 0.0000000000
116527  -36.498  -18.802  67.392 0.0000000000
54038  -36.426  -18.341  65.960 0.0000000000
122686  -36.211  -15.510  63.837 0.0000000000
112248  -36.504  -15.712  65.206 0.0000000000
131781  -36.770  -15.001  65.168 0.0000000000
58495  -37.348  -14.422  65.920 0.0000000000
57573  -37.174  -14.606  64.646 0.0000000000
113187  -37.838  -14.360  64.826 0.0000000000
57606  -37.315  -15.228  63.090 0.0000000000
109245  -36.779  -16.359  59.130 0.0000000000
55839  -38.004  -16.244  60.333 0.0000000000
55867  -37.626  -16.802  58.898 0.0000000000
54960  -38.484  -17.291  58.667 0.0000000000
54959  -37.663  -17.474  58.051 0.0000000000
124125  -23.257  -31.729  74.079 0.0000000000
41300  -23.216  -32.162  75.969 0.0000000000
42241  -23.907  -31.733  76.027 0.0000000000
45153  -26.978  -28.836  65.076 0.0000000000
44160  -26.259  -28.852  65.699 0.0000000000
44147  -27.322  -29.253  66.742 0.0000000000
44120  -26.760  -29.766  68.391 0.0000000000
44133  -27.543  -29.516  67.513 0.0000000000
47662  -28.623  -25.433  64.032 0.0000000000
46859  -28.637  -26.408  63.851 0.0000000000
46842  -29.779  -26.437  66.161 0.0000000000
45978  -29.987  -27.478  69.419 0.0000000000
46013  -29.831  -27.610  67.776 0.0000000000
45111  -29.693  -28.085  69.448 0.0000000000
45089  -29.105  -28.989  70.408 0.0000000000
45074  -29.485  -28.387  71.451 0.0000000000
45056  -29.550  -28.507  72.338 0.0000000000
45939  -29.966  -28.086  71.577 0.0000000000
49307  -34.125  -23.753  71.612 0.0000000000
115393  -15.473  -33.000  71.971 0.0000000000
41327  -15.506  -32.952  72.758 0.0000000000
41326  -14.889  -32.822  73.121 0.0000000000
38049  -19.104  -35.485  76.356 0.0000000000
57653  -41.720  -14.429  55.812 0.0000000000
56752  -42.193  -14.926  56.639 0.0000000000
57654  -42.423  -13.924  56.420 0.0000000000
59467  -44.412  -12.160  58.338 0.0000000000
58573  -44.164  -13.262  59.184 0.0000000000
58561  -44.764  -12.968  59.855 0.0000000000
126364  -45.926  -13.673  61.372 0.0000000000
59437  -46.024  -11.819  60.763 0.0000000000
128055  -47.700  -8.866  56.751 0.0000000000
62219  -46.619  -9.575  57.143 0.0000000000
63087  -47.875  -9.037  59.293 0.0000000000
65661  -50.241  -6.055  48.107 0.0000000000
65644  -51.586  -5.477  48.955 0.0000000000
113152  -51.597  -6.707  47.684 0.0000000000
64028  -53.842  -7.313  47.320 0.0000000000
64029  -54.852  -7.336  47.235 0.0000000000
64840  -56.421  -6.233  47.568 0.0000000000
64040  -56.049  -7.205  45.989 0.0000000000
64068  -56.109  -7.564  42.268 0.0000000000
64873  -55.436  -7.441  42.877 0.0000000000
64059  -56.825  -7.615  43.192 0.0000000000
64868  -57.776  -6.318  44.258 0.0000000000
64875  -58.711  -5.281  43.088 0.0000000000
128021  -59.386  -5.031  42.450 0.0000000000
64916  -60.097  -5.400  40.416 0.0000000000
119882  -35.133  -22.655  64.443 0.0000000000
114942  -35.337  -21.918  64.562 0.0000000000
50313  -35.008  -22.851  63.159 0.0000000000
51241  -34.893  -21.782  61.686 0.0000000000
42300  -21.494  -31.742  69.194 0.0000000000
110336  -31.015  -24.332  62.001 0.0000000000
125431  -31.900  -24.445  63.129 0.0000000000
48466  -32.451  -24.434  64.460 0.0000000000
109612  -33.726  -24.479  66.132 0.0000000000
48468  -34.121  -24.378  64.831 0.0000000000
49378  -34.618  -23.964  64.299 0.0000000000
118875  -40.285  -16.739  60.807 0.0000000000
55816  -41.388  -16.329  62.103 0.0000000000
55841  -41.231  -16.900  60.780 0.0000000000
54940  -42.310  -17.159  59.941 0.0000000000
55857  -42.986  -16.711  59.800 0.0000000000
63982  -49.345  -7.826  52.175 0.0000000000
117873  -50.104  -7.964  54.118 0.0000000000
63973  -50.899  -7.780  53.488 0.0000000000
64759  -52.135  -6.343  54.611 0.0000000000
66508  -54.574  -3.950  49.242 0.0000000000
40415  -10.765  -34.173  74.734 0.0000000000
40389  -11.928  -33.467  77.081 0.0000000000
54062  -35.907  -18.243  63.384 0.0000000000
54913  -36.245  -17.639  64.653 0.0000000000
54922  -35.870  -17.188  63.410 0.0000000000
55815  -35.841  -16.608  62.701 0.0000000000
56688  -36.037  -16.224  62.349 0.0000000000
56690  -36.870  -15.585  62.420 0.0000000000
128169  -36.048  -16.071  61.264 0.0000000000
55853  -35.970  -16.137  59.323 0.0000000000
55866  -36.226  -16.534  58.647 0.0000000000
42261  -24.560  -31.419  73.506 0.0000000000
42251  -25.291  -31.254  75.543 0.0000000000
119382  -25.619  -31.279  74.546 0.0000000000
43130  -27.066  -30.637  76.654 0.0000000000
44026  -29.468  -29.986  75.667 0.0000000000
113223  -27.205  -28.520  63.741 0.0000000000
45166  -27.660  -28.586  64.405 0.0000000000
48429  -29.662  -25.107  66.664 0.0000000000
46834  -29.934  -26.159  66.921 0.0000000000
47623  -30.169  -25.737  68.320 0.0000000000
120275  -30.219  -26.147  68.862 0.0000000000
45955  -30.445  -27.477  70.519 0.0000000000
45940  -30.632  -27.678  71.143 0.0000000000
45956  -30.939  -27.153  70.580 0.0000000000
40507  -17.708  -33.950  69.677 0.0000000000
40475  -17.555  -34.204  71.224 0.0000000000
40434  -17.733  -33.280  74.617 0.0000000000
118663  -18.474  -34.270  75.782 0.0000000000
116287  -18.463  -33.884  75.575 0.0000000000
59521  -42.551  -12.710  54.968 0.0000000000
58601  -42.895  -13.203  56.668 0.0000000000
128746  -43.530  -11.817  56.139 0.0000000000
60383  -44.347  -11.503  57.212 0.0000000000
60376  -45.134  -11.115  58.214 0.0000000000
64854  -50.267  -6.168  45.965 0.0000000000
64848  -51.160  -6.757  46.513 0.0000000000
64855  -51.206  -6.427  45.807 0.0000000000
64098  -57.183  -7.411  41.028 0.0000000000
64084  -58.721  -6.234  41.082 0.0000000000
64099  -57.758  -7.236  40.380 0.0000000000
64934  -58.179  -6.746  39.364 0.0000000000
40403  -14.692  -33.176  75.521 0.0000000000
108864  -13.558  -32.445  76.295 0.0000000000
128811  -36.441  -20.219  69.189 0.0000000000
119153  -36.081  -20.722  68.360 0.0000000000
52192  -36.032  -19.962  66.114 0.0000000000
53158  -35.976  -19.833  65.123 0.0000000000
51193  -35.606  -21.075  64.652 0.0000000000
111166  -35.808  -19.903  63.495 0.0000000000
117481  -35.940  -19.107  63.874 0.0000000000
54067  -35.734  -18.510  62.466 0.0000000000
54073  -35.032  -18.338  61.028 0.0000000000
129009  -20.595  -33.870  73.032 0.0000000000
112797  -21.673  -33.373  75.066 0.0000000000
41347  -21.260  -32.834  72.554 0.0000000000
41331  -22.206  -32.336  73.584 0.0000000000
42260  -23.573  -31.565  73.288 0.0000000000
42301  -22.320  -31.553  69.636 0.0000000000
109749  -23.172  -31.418  70.976 0.0000000000
42270  -24.405  -31.406  72.596 0.0000000000
42280  -25.304  -31.319  71.988 0.0000000000
43163  -25.922  -30.963  71.262 0.0000000000
43164  -26.851  -30.759  71.375 0.0000000000
49390  -28.058  -24.417  63.079 0.0000000000
127179  -28.807  -24.920  64.399 0.0000000000
48491  -29.926  -24.003  63.095 0.0000000000
49377  -29.500  -24.112  64.534 0.0000000000
49354  -29.507  -24.657  65.759 0.0000000000
49346  -30.010  -24.318  67.194 0.0000000000
49338  -30.645  -23.862  68.415 0.0000000000
49314  -30.840  -23.858  70.147 0.0000000000
49304  -31.765  -23.922  71.403 0.0000000000
49315  -31.631  -23.747  70.520 0.0000000000
116839  -33.236  -23.669  70.099 0.0000000000
110083  -34.155  -23.825  69.857 0.0000000000
48432  -34.157  -24.381  67.471 0.0000000000
48424  -35.303  -24.334  68.776 0.0000000000
109259  -35.674  -24.107  70.022 0.0000000000
50272  -36.492  -23.124  70.252 0.0000000000
40491  -18.271  -34.131  70.125 0.0000000000
115467  -38.938  -13.703  66.085 0.0000000000
58508  -40.530  -13.541  65.728 0.0000000000
58509  -41.442  -13.382  65.773 0.0000000000
58521  -42.720  -13.717  64.925 0.0000000000
56676  -42.273  -15.409  63.132 0.0000000000
57593  -42.690  -14.837  63.695 0.0000000000
108844  -45.576  -9.266  53.818 0.0000000000
115298  -45.777  -9.613  55.425 0.0000000000
62249  -46.997  -8.968  54.948 0.0000000000
63110  -47.685  -8.861  56.070 0.0000000000
63935  -48.635  -8.234  56.882 0.0000000000
63956  -49.766  -7.895  55.076 0.0000000000
63944  -49.496  -7.756  55.968 0.0000000000
55921  -39.177  -16.314  54.751 0.0000000000
56750  -40.967  -15.982  55.865 0.0000000000
56767  -40.354  -14.972  54.606 0.0000000000
57678  -40.896  -14.214  54.039 0.0000000000
58628  -41.541  -13.730  54.298 0.0000000000
58645  -41.979  -13.171  53.725 0.0000000000
59544  -42.974  -12.060  53.717 0.0000000000
122764  -43.380  -11.502  53.438 0.0000000000
61349  -44.341  -10.489  52.662 0.0000000000
62270  -44.916  -9.910  52.254 0.0000000000
62271  -45.447  -9.256  52.380 0.0000000000
63175  -46.312  -8.129  51.559 0.0000000000
63176  -46.960  -7.703  51.884 0.0000000000
64012  -46.189  -7.331  49.559 0.0000000000
64001  -47.175  -7.127  50.620 0.0000000000
63990  -48.243  -7.090  51.571 0.0000000000
64002  -48.650  -6.656  51.081 0.0000000000
111387  -49.991  -6.196  50.470 0.0000000000
65624  -50.481  -5.769  50.059 0.0000000000
65625  -51.256  -5.394  49.745 0.0000000000
65635  -50.396  -5.713  49.447 0.0000000000
114050  -49.500  -5.901  48.032 0.0000000000
65660  -49.159  -5.846  47.155 0.0000000000
65679  -48.678  -5.281  45.868 0.0000000000
41279  -13.192  -32.823  76.955 0.0000000000
41260  -12.784  -33.281  77.726 0.0000000000
40379  -12.111  -33.634  78.347 0.0000000000
38040  -13.751  -36.989  77.963 0.0000000000
39580  -12.537  -34.805  79.205 0.0000000000
39585  -11.514  -34.409  79.099 0.0000000000
39571  -11.051  -35.190  80.065 0.0000000000
38825  -10.494  -35.553  80.475 0.0000000000
38029  -9.184  -36.212  81.070 0.0000000000
37196  -9.615  -36.922  80.918 0.0000000000
58477  -38.793  -13.502  68.262 0.0000000000
54879  -36.746  -17.373  68.108 0.0000000000
54903  -36.442  -17.567  65.472 0.0000000000
55783  -36.629  -16.396  66.592 0.0000000000
56644  -37.263  -14.905  67.759 0.0000000000
58487  -37.927  -14.050  66.974 0.0000000000
58497  -38.377  -13.810  66.527 0.0000000000
58517  -38.740  -14.053  65.284 0.0000000000
57589  -38.335  -14.658  64.003 0.0000000000
109548  -38.776  -15.818  62.259 0.0000000000
121041  -37.414  -15.775  61.850 0.0000000000
56706  -38.186  -15.897  61.729 0.0000000000
55840  -39.436  -16.423  61.098 0.0000000000
54949  -39.200  -17.108  59.291 0.0000000000
54961  -39.370  -17.553  58.427 0.0000000000
54990  -39.615  -17.596  56.627 0.0000000000
55864  -34.155  -16.927  58.268 0.0000000000
55874  -34.847  -16.802  57.876 0.0000000000
54970  -35.661  -17.097  57.383 0.0000000000
54988  -35.626  -17.720  56.487 0.0000000000
109524  -36.580  -18.177  55.966 0.0000000000
55010  -37.583  -18.024  55.504 0.0000000000
55011  -38.407  -17.714  55.538 0.0000000000
55901  -38.837  -17.097  55.155 0.0000000000
42232  -24.412  -31.657  77.054 0.0000000000
44144  -24.288  -29.614  66.541 0.0000000000
44145  -25.072  -29.461  66.745 0.0000000000
44118  -24.896  -29.989  68.130 0.0000000000
44105  -26.212  -30.015  69.182 0.0000000000
44091  -26.860  -30.195  69.918 0.0000000000
43165  -27.691  -30.362  71.519 0.0000000000
127998  -28.186  -26.650  63.296 0.0000000000
114395  -28.333  -27.360  63.707 0.0000000000
45155  -28.835  -28.828  65.557 0.0000000000
46843  -29.878  -27.066  66.881 0.0000000000
46026  -29.651  -28.056  66.844 0.0000000000
45135  -28.868  -29.186  67.209 0.0000000000
44122  -28.423  -29.583  68.378 0.0000000000
44093  -28.573  -29.675  70.397 0.0000000000
44081  -28.436  -29.748  71.737 0.0000000000
45040  -29.213  -28.943  73.056 0.0000000000
45041  -29.786  -29.035  73.804 0.0000000000
41340  -11.311  -32.924  71.724 0.0000000000
41324  -13.022  -32.886  73.315 0.0000000000
41359  -14.315  -32.775  70.805 0.0000000000
110257  -12.881  -32.509  70.552 0.0000000000
110715  -13.236  -32.798  71.865 0.0000000000
126399  -13.817  -32.493  73.630 0.0000000000
41310  -14.098  -32.241  74.542 0.0000000000
40404  -15.595  -33.309  75.373 0.0000000000
127359  -18.032  -34.502  75.796 0.0000000000
56744  -41.950  -15.828  56.988 0.0000000000
56738  -42.838  -15.706  58.171 0.0000000000
56731  -43.621  -15.511  59.393 0.0000000000
58585  -43.464  -13.422  58.031 0.0000000000
57629  -43.874  -14.056  59.208 0.0000000000
56721  -44.486  -15.442  60.720 0.0000000000
57616  -45.754  -14.545  61.718 0.0000000000
62218  -45.441  -9.991  56.215 0.0000000000
61293  -45.463  -10.518  57.647 0.0000000000
61277  -46.097  -10.625  59.525 0.0000000000
66514  -52.369  -5.065  49.233 0.0000000000
66515  -53.091  -4.637  49.161 0.0000000000
65647  -54.208  -4.750  48.890 0.0000000000
64836  -52.431  -6.735  47.961 0.0000000000
64824  -53.838  -5.943  48.768 0.0000000000
65648  -55.334  -4.807  48.813 0.0000000000
65663  -56.836  -5.134  47.861 0.0000000000
65675  -58.004  -4.659  46.465 0.0000000000
64053  -54.759  -7.535  44.629 0.0000000000
64867  -57.139  -6.879  44.912 0.0000000000
65692  -58.418  -5.175  44.711 0.0000000000
64895  -60.057  -5.031  41.195 0.0000000000
48507  -33.574  -24.006  61.612 0.0000000000
49417  -34.239  -23.373  61.475 0.0000000000
110519  -32.769  -24.257  61.800 0.0000000000
54991  -40.308  -17.404  56.793 0.0000000000
54974  -40.549  -17.487  57.579 0.0000000000
64798  -51.321  -5.881  50.481 0.0000000000
64789  -52.031  -6.564  51.341 0.0000000000
128068  -52.729  -6.178  51.270 0.0000000000
64790  -53.416  -5.967  51.608 0.0000000000
65615  -52.894  -5.418  50.735 0.0000000000
41308  -12.901  -32.460  75.037 0.0000000000
130850  -35.254  -17.093  60.801 0.0000000000
40408  -20.639  -33.946  76.921 0.0000000000
40438  -21.066  -33.942  75.047 0.0000000000
43154  -27.670  -30.770  73.049 0.0000000000
44039  -28.482  -30.213  74.543 0.0000000000
48404  -30.485  -24.378  70.473 0.0000000000
47608  -30.426  -25.011  70.584 0.0000000000
47610  -31.670  -25.772  71.099 0.0000000000
61334  -44.526  -10.166  54.774 0.0000000000
51161  -35.496  -21.805  66.466 0.0000000000
52260  -34.548  -20.726  60.482 0.0000000000
52248  -35.066  -20.326  61.688 0.0000000000
41378  -20.830  -32.333  70.217 0.0000000000
41391  -20.927  -32.005  69.604 0.0000000000
43199  -24.355  -30.478  68.669 0.0000000000
43183  -24.558  -30.669  69.476 0.0000000000
49357  -31.265  -23.917  66.398 0.0000000000
49358  -32.092  -24.033  66.498 0.0000000000
48441  -32.604  -24.056  67.029 0.0000000000
108822  -32.862  -24.339  66.143 0.0000000000
50287  -35.451  -22.690  66.845 0.0000000000
41406  -19.969  -32.283  68.639 0.0000000000
41390  -20.286  -32.470  69.540 0.0000000000
56692  -39.518  -15.683  62.806 0.0000000000
56674  -40.503  -15.598  63.056 0.0000000000
131275  -44.058  -16.237  61.777 0.0000000000
128570  -44.754  -15.731  62.427 0.0000000000
56708  -44.728  -15.804  61.558 0.0000000000
63157  -48.434  -8.322  53.369 0.0000000000
64738  -51.388  -5.661  57.032 0.0000000000
64819  -47.684  -5.811  48.962 0.0000000000
65640  -47.353  -5.525  48.375 0.0000000000
65641  -48.122  -5.494  48.346 0.0000000000
39611  -10.393  -34.761  76.159 0.0000000000
112839  -9.641  -35.329  76.718 0.0000000000
37214  -13.943  -36.944  75.723 0.0000000000
121139  -13.416  -38.034  79.950 0.0000000000
36344  -13.107  -38.899  80.244 0.0000000000
115371  -36.219  -19.122  65.572 0.0000000000
108952  -36.516  -15.242  64.552 0.0000000000
57572  -36.683  -15.026  64.081 0.0000000000
116223  -36.947  -14.749  64.886 0.0000000000
57588  -37.379  -14.834  63.901 0.0000000000
57587  -36.751  -15.257  63.289 0.0000000000
119779  -36.980  -16.825  58.496 0.0000000000
42249  -23.419  -31.834  74.979 0.0000000000
45142  -27.159  -28.958  65.916 0.0000000000
44148  -28.192  -29.370  66.921 0.0000000000
117506  -29.130  -25.383  64.688 0.0000000000
47651  -29.510  -25.740  65.462 0.0000000000
45090  -29.844  -27.823  70.065 0.0000000000
45938  -29.496  -28.329  70.708 0.0000000000
128735  -16.995  -32.917  75.147 0.0000000000
57680  -41.782  -13.754  55.118 0.0000000000
57666  -42.100  -13.656  55.720 0.0000000000
59454  -45.054  -12.042  59.478 0.0000000000
59453  -44.520  -12.491  58.993 0.0000000000
59436  -45.414  -12.373  60.302 0.0000000000
63101  -48.119  -8.587  57.358 0.0000000000
62202  -47.744  -8.943  58.296 0.0000000000
64834  -49.916  -6.264  47.180 0.0000000000
64821  -51.013  -6.133  48.290 0.0000000000
64835  -50.788  -6.625  47.266 0.0000000000
64039  -55.123  -7.447  46.232 0.0000000000
112352  -57.010  -7.726  42.322 0.0000000000
64069  -57.560  -7.162  42.775 0.0000000000
64881  -58.353  -6.076  42.502 0.0000000000
130687  -58.782  -5.804  41.799 0.0000000000
49394  -34.980  -23.203  63.957 0.0000000000
50349  -34.492  -22.440  61.099 0.0000000000
48505  -31.371  -24.360  60.971 0.0000000000
48494  -32.428  -24.420  62.670 0.0000000000
48481  -32.305  -24.456  63.604 0.0000000000
125054  -33.052  -24.514  63.944 0.0000000000
48467  -33.304  -24.501  64.633 0.0000000000
49379  -34.943  -23.306  64.752 0.0000000000
55856  -39.972  -16.993  59.921 0.0000000000
54938  -40.781  -17.045  60.185 0.0000000000
54951  -41.736  -17.295  59.250 0.0000000000
55843  -42.872  -16.927  60.592 0.0000000000
114220  -42.474  -16.858  59.114 0.0000000000
110476  -50.076  -7.664  51.873 0.0000000000
63972  -49.997  -8.039  52.918 0.0000000000
63983  -51.025  -7.755  52.498 0.0000000000
64773  -52.499  -6.539  53.694 0.0000000000
64760  -53.037  -5.443  54.654 0.0000000000
130531  -54.690  -3.868  50.377 0.0000000000
67350  -54.992  -3.571  49.989 0.0000000000
67349  -54.245  -3.985  49.457 0.0000000000
40416  -11.688  -33.801  75.183 0.0000000000
40400  -11.040  -34.275  75.653 0.0000000000
40401  -11.845  -33.631  76.124 0.0000000000
54926  -35.772  -17.549  62.604 0.0000000000
110738  -35.750  -16.663  61.960 0.0000000000
56672  -36.076  -15.861  63.126 0.0000000000
56704  -36.270  -16.018  61.966 0.0000000000
55852  -35.368  -16.395  59.462 0.0000000000
56728  -35.803  -15.984  59.943 0.0000000000
108935  -35.612  -16.664  58.211 0.0000000000
42262  -25.457  -31.374  73.721 0.0000000000
42263  -26.323  -31.305  74.077 0.0000000000
43138  -27.062  -30.701  75.757 0.0000000000
44040  -29.326  -29.808  75.189 0.0000000000
44041  -29.899  -29.611  75.124 0.0000000000
45175  -27.277  -28.249  63.113 0.0000000000
120445  -27.834  -28.119  63.652 0.0000000000
48430  -29.765  -24.863  67.189 0.0000000000
112426  -29.976  -25.250  67.740 0.0000000000
116729  -30.509  -25.734  70.217 0.0000000000
113627  -30.330  -26.108  69.540 0.0000000000
46812  -30.515  -26.702  70.015 0.0000000000
128309  -31.680  -27.225  70.443 0.0000000000
130660  -17.954  -34.329  70.670 0.0000000000
40490  -17.537  -34.111  70.335 0.0000000000
128845  -19.052  -34.183  73.947 0.0000000000
40435  -18.317  -33.724  74.822 0.0000000000
40407  -19.955  -34.331  76.503 0.0000000000
39615  -19.818  -34.499  76.595 0.0000000000
59534  -42.906  -12.010  54.517 0.0000000000
59522  -43.014  -12.043  55.475 0.0000000000
60392  -44.102  -11.216  56.376 0.0000000000
60375  -44.613  -11.614  57.939 0.0000000000
60384  -44.878  -11.023  57.466 0.0000000000
64913  -56.231  -6.821  41.066 0.0000000000
64914  -56.974  -7.039  40.484 0.0000000000
40417  -14.520  -33.781  75.289 0.0000000000
38065  -14.818  -36.388  73.732 0.0000000000
115959  -36.279  -20.782  69.136 0.0000000000
52174  -35.701  -20.943  66.225 0.0000000000
52175  -35.908  -20.521  66.975 0.0000000000
50334  -35.246  -21.875  63.109 0.0000000000
51206  -35.470  -21.416  63.849 0.0000000000
52235  -35.419  -20.171  62.251 0.0000000000
115715  -35.707  -19.894  62.811 0.0000000000
53187  -35.830  -19.178  63.054 0.0000000000
41330  -21.447  -33.110  73.536 0.0000000000
41365  -21.875  -32.037  72.203 0.0000000000
42268  -22.622  -31.822  72.810 0.0000000000
42277  -22.725  -31.640  71.736 0.0000000000
42288  -23.426  -31.235  70.397 0.0000000000
42278  -23.546  -31.401  71.506 0.0000000000
42279  -24.286  -31.294  71.709 0.0000000000
43173  -25.561  -30.743  70.466 0.0000000000
43174  -26.430  -30.592  70.596 0.0000000000
49406  -28.421  -23.967  62.582 0.0000000000
48479  -28.436  -24.677  63.763 0.0000000000
49376  -28.903  -24.427  64.159 0.0000000000
108941  -30.071  -24.161  62.206 0.0000000000
49366  -29.718  -24.210  65.388 0.0000000000
49365  -29.188  -24.567  64.953 0.0000000000
48440  -29.665  -24.704  66.538 0.0000000000
49355  -29.898  -24.263  66.258 0.0000000000
49348  -31.206  -23.786  67.816 0.0000000000
49347  -30.508  -23.916  67.590 0.0000000000
49327  -30.709  -23.821  69.266 0.0000000000
49328  -31.474  -23.685  69.552 0.0000000000
49330  -33.512  -23.814  69.219 0.0000000000
48443  -34.399  -24.384  66.580 0.0000000000
126761  -35.405  -24.187  68.073 0.0000000000
48415  -35.076  -24.242  69.588 0.0000000000
49331  -35.853  -24.122  69.357 0.0000000000
49332  -36.187  -23.773  70.041 0.0000000000
116412  -36.249  -23.418  69.153 0.0000000000
50283  -35.913  -22.083  68.062 0.0000000000
50276  -36.216  -22.359  68.833 0.0000000000
51127  -36.334  -21.718  69.419 0.0000000000
40509  -18.870  -33.514  69.631 0.0000000000
40478  -20.077  -33.593  71.426 0.0000000000
58507  -39.631  -13.798  65.546 0.0000000000
58498  -39.845  -13.343  66.370 0.0000000000
57576  -41.151  -14.396  64.483 0.0000000000
126739  -41.049  -13.821  65.179 0.0000000000
58520  -41.810  -13.809  65.033 0.0000000000
119759  -42.370  -13.300  65.699 0.0000000000
57577  -42.192  -14.295  64.322 0.0000000000
56694  -41.868  -15.949  62.614 0.0000000000
57578  -43.133  -14.195  64.218 0.0000000000
57579  -44.060  -14.135  64.155 0.0000000000
62263  -46.279  -8.839  53.749 0.0000000000
62248  -46.176  -9.147  54.593 0.0000000000
63140  -48.377  -8.605  54.757 0.0000000000
63121  -47.682  -8.827  55.294 0.0000000000
63122  -48.332  -8.604  55.680 0.0000000000
63111  -48.225  -8.577  56.476 0.0000000000
63943  -48.836  -8.232  56.188 0.0000000000
131168  -50.421  -7.568  54.913 0.0000000000
63937  -49.934  -6.951  56.775 0.0000000000
37194  -7.759  -37.083  80.965 0.0000000000
36339  -8.313  -38.188  80.562 0.0000000000
58643  -40.743  -14.070  53.325 0.0000000000
58644  -41.322  -13.676  53.469 0.0000000000
59551  -41.699  -13.026  52.797 0.0000000000
59543  -42.456  -12.571  53.259 0.0000000000
60436  -43.433  -11.536  52.556 0.0000000000
111438  -43.916  -11.039  52.137 0.0000000000
61348  -43.870  -11.010  53.085 0.0000000000
62282  -44.730  -9.856  51.230 0.0000000000
62283  -45.334  -9.310  51.622 0.0000000000
63187  -46.738  -7.636  51.086 0.0000000000
64013  -46.896  -6.970  49.873 0.0000000000
109667  -47.951  -6.798  50.885 0.0000000000
64807  -48.841  -5.843  49.418 0.0000000000
64796  -49.329  -6.418  50.782 0.0000000000
65623  -49.594  -5.924  49.919 0.0000000000
65642  -48.810  -5.667  48.048 0.0000000000
127655  -49.332  -5.832  48.583 0.0000000000
38848  -9.130  -35.767  77.680 0.0000000000
39613  -13.863  -33.815  75.847 0.0000000000
40402  -13.716  -33.066  76.383 0.0000000000
119205  -13.412  -33.938  76.783 0.0000000000
38859  -13.205  -35.481  76.835 0.0000000000
39597  -13.174  -34.078  77.582 0.0000000000
123090  -13.090  -34.710  77.908 0.0000000000
41259  -12.467  -33.269  77.852 0.0000000000
39587  -12.795  -34.311  78.349 0.0000000000
37210  -14.062  -37.682  77.373 0.0000000000
38036  -13.179  -36.643  79.430 0.0000000000
38826  -12.780  -35.674  79.434 0.0000000000
39579  -12.034  -34.632  79.514 0.0000000000
39578  -11.532  -34.699  79.591 0.0000000000
39572  -11.609  -35.068  80.032 0.0000000000
38031  -10.884  -36.166  80.776 0.0000000000
126917  -11.131  -35.547  80.494 0.0000000000
38030  -10.459  -35.786  80.768 0.0000000000
118267  -9.841  -35.843  80.793 0.0000000000
117889  -10.061  -36.127  80.997 0.0000000000
37197  -10.535  -36.916  80.708 0.0000000000
57538  -38.764  -14.136  69.762 0.0000000000
57546  -38.355  -13.969  68.836 0.0000000000
52147  -36.354  -20.060  68.621 0.0000000000
116466  -36.599  -19.738  69.354 0.0000000000
53120  -36.560  -19.251  68.758 0.0000000000
54016  -36.661  -18.210  68.098 0.0000000000
54873  -36.836  -17.737  68.838 0.0000000000
55798  -36.340  -16.743  64.940 0.0000000000
121129  -36.594  -15.795  65.998 0.0000000000
55773  -36.780  -16.010  67.341 0.0000000000
56632  -36.997  -15.559  68.007 0.0000000000
56643  -36.960  -15.270  67.351 0.0000000000
57560  -37.472  -14.425  66.564 0.0000000000
58506  -38.070  -14.051  65.728 0.0000000000
57608  -38.932  -15.084  63.431 0.0000000000
112885  -38.627  -15.466  62.861 0.0000000000
56705  -36.740  -15.826  61.397 0.0000000000
109458  -37.655  -15.917  61.126 0.0000000000
56719  -38.546  -16.176  61.007 0.0000000000
125673  -38.909  -16.053  61.588 0.0000000000
108818  -39.012  -16.668  60.255 0.0000000000
129326  -39.666  -16.734  60.536 0.0000000000
54973  -39.660  -17.703  57.493 0.0000000000
109377  -38.921  -17.877  56.866 0.0000000000
55873  -34.111  -16.868  57.498 0.0000000000
122641  -34.686  -17.514  56.118 0.0000000000
54989  -37.399  -18.067  56.509 0.0000000000
113482  -21.927  -32.850  74.306 0.0000000000
41298  -21.898  -33.111  75.880 0.0000000000
42242  -24.632  -31.474  76.144 0.0000000000
110133  -25.288  -31.257  76.995 0.0000000000
128507  -25.602  -29.058  66.232 0.0000000000
44131  -25.437  -29.659  67.480 0.0000000000
44119  -25.829  -29.844  68.284 0.0000000000
109539  -27.264  -29.914  69.144 0.0000000000
44092  -27.318  -30.333  70.704 0.0000000000
47669  -28.173  -25.789  63.375 0.0000000000
46851  -29.518  -26.856  65.263 0.0000000000
46860  -29.004  -27.364  64.405 0.0000000000
45167  -28.655  -28.417  64.740 0.0000000000
46037  -29.357  -28.000  65.250 0.0000000000
46835  -30.015  -26.696  67.486 0.0000000000
45136  -29.432  -28.647  67.528 0.0000000000
45145  -29.277  -28.742  66.798 0.0000000000
45127  -28.982  -29.270  68.022 0.0000000000
44107  -28.889  -29.349  68.867 0.0000000000
121370  -28.704  -29.560  69.692 0.0000000000
44082  -28.774  -29.374  71.092 0.0000000000
44067  -28.703  -29.502  72.536 0.0000000000
119774  -30.076  -28.467  73.219 0.0000000000
109113  -29.774  -28.616  73.153 0.0000000000
45042  -30.256  -28.751  73.767 0.0000000000
45075  -30.486  -28.092  72.070 0.0000000000
49305  -32.373  -23.906  71.806 0.0000000000
40489  -16.763  -33.782  70.677 0.0000000000
41375  -16.003  -33.232  69.923 0.0000000000
41361  -15.908  -33.176  71.200 0.0000000000
41360  -14.970  -32.944  71.384 0.0000000000
41372  -13.577  -32.400  70.149 0.0000000000
41358  -13.552  -32.744  71.178 0.0000000000
109390  -13.910  -32.792  72.087 0.0000000000
109299  -14.566  -32.523  73.814 0.0000000000
109391  -14.214  -32.682  72.945 0.0000000000
41281  -15.228  -32.932  75.353 0.0000000000
41296  -15.643  -32.753  75.124 0.0000000000
38861  -18.786  -34.846  76.277 0.0000000000
59363  -41.475  -12.679  68.180 0.0000000000
55888  -41.396  -16.367  56.562 0.0000000000
56751  -41.608  -15.476  56.180 0.0000000000
56745  -42.532  -15.343  57.413 0.0000000000
56730  -43.066  -16.106  59.018 0.0000000000
56739  -43.275  -15.184  58.664 0.0000000000
126129  -43.305  -12.759  56.964 0.0000000000
117365  -43.162  -13.298  57.338 0.0000000000
58560  -44.374  -13.866  59.833 0.0000000000
56732  -44.056  -14.823  59.870 0.0000000000
57623  -44.703  -14.504  60.488 0.0000000000
57615  -45.111  -15.024  61.244 0.0000000000
57624  -45.273  -14.114  60.980 0.0000000000
127038  -46.517  -13.173  61.684 0.0000000000
58543  -46.529  -13.928  62.225 0.0000000000
62232  -46.480  -9.301  55.372 0.0000000000
62208  -46.896  -9.507  58.035 0.0000000000
61294  -46.100  -9.943  57.849 0.0000000000
61285  -45.735  -10.553  58.502 0.0000000000
66498  -52.242  -4.957  49.549 0.0000000000
65645  -52.444  -5.147  49.004 0.0000000000
65646  -53.280  -4.898  48.960 0.0000000000
66516  -53.790  -4.262  49.032 0.0000000000
64026  -51.633  -6.956  46.913 0.0000000000
125070  -52.185  -7.027  47.293 0.0000000000
64838  -54.439  -6.867  48.205 0.0000000000
64825  -54.957  -5.952  48.763 0.0000000000
65662  -55.991  -5.740  48.392 0.0000000000
65649  -56.324  -4.619  48.528 0.0000000000
64850  -56.706  -6.495  46.607 0.0000000000
65674  -57.201  -5.416  47.013 0.0000000000
65684  -58.270  -4.997  45.607 0.0000000000
64058  -55.050  -7.547  43.750 0.0000000000
64054  -55.678  -7.623  44.400 0.0000000000
64048  -56.306  -7.325  45.077 0.0000000000
64055  -56.768  -7.432  44.160 0.0000000000
64874  -58.549  -5.240  43.823 0.0000000000
65685  -58.891  -4.788  45.181 0.0000000000
64100  -58.613  -6.693  40.221 0.0000000000
64894  -59.562  -5.171  41.464 0.0000000000
131194  -34.410  -23.979  62.685 0.0000000000
49409  -34.670  -23.364  62.404 0.0000000000
48506  -32.311  -24.236  61.090 0.0000000000
54950  -40.837  -17.330  59.400 0.0000000000
114261  -40.760  -17.486  58.183 0.0000000000
54975  -41.243  -17.276  57.817 0.0000000000
63993  -51.575  -7.261  51.868 0.0000000000
63994  -52.284  -6.980  52.120 0.0000000000
65608  -53.996  -5.250  52.151 0.0000000000
65617  -54.483  -4.602  51.809 0.0000000000
65627  -53.459  -4.645  50.341 0.0000000000
114542  -53.049  -4.467  49.636 0.0000000000
113716  -11.874  -33.506  73.833 0.0000000000
40447  -10.975  -33.627  73.254 0.0000000000
41307  -12.241  -33.223  74.756 0.0000000000
41291  -12.351  -32.979  75.656 0.0000000000
54932  -35.278  -17.409  61.147 0.0000000000
131757  -35.472  -17.212  61.547 0.0000000000
55824  -35.508  -16.921  61.377 0.0000000000
55838  -35.462  -16.678  60.741 0.0000000000
56717  -35.711  -16.259  60.697 0.0000000000
55865  -34.913  -16.703  58.792 0.0000000000
40391  -20.521  -34.337  77.184 0.0000000000
113345  -27.095  -31.216  73.583 0.0000000000
44024  -28.352  -30.231  75.809 0.0000000000
44054  -29.109  -29.830  74.506 0.0000000000
123196  -30.128  -24.664  69.116 0.0000000000
48422  -30.094  -25.023  68.442 0.0000000000
48413  -30.193  -25.016  69.891 0.0000000000
61332  -43.672  -10.968  53.978 0.0000000000
61333  -43.901  -10.752  54.801 0.0000000000
61318  -44.289  -10.613  55.559 0.0000000000
61302  -44.746  -10.516  56.248 0.0000000000
51151  -35.853  -21.153  67.715 0.0000000000
51242  -35.171  -20.917  62.055 0.0000000000
53200  -35.239  -19.664  61.714 0.0000000000
41363  -20.605  -32.824  71.025 0.0000000000
114454  -21.330  -32.102  70.822 0.0000000000
43181  -22.923  -31.008  68.990 0.0000000000
43171  -23.929  -30.910  70.015 0.0000000000
43162  -24.954  -31.003  71.094 0.0000000000
48480  -31.367  -24.272  63.539 0.0000000000
48463  -30.299  -24.036  63.859 0.0000000000
48465  -31.064  -24.102  64.431 0.0000000000
48452  -30.946  -23.985  65.143 0.0000000000
49356  -30.421  -23.925  66.753 0.0000000000
116838  -32.070  -23.698  68.880 0.0000000000
49349  -32.166  -23.829  67.952 0.0000000000
49359  -34.815  -24.002  65.995 0.0000000000
49350  -35.434  -23.675  67.298 0.0000000000
49342  -35.874  -23.581  68.182 0.0000000000
118540  -39.251  -14.692  64.129 0.0000000000
57575  -40.151  -14.630  64.308 0.0000000000
55828  -42.665  -16.824  61.336 0.0000000000
56695  -42.804  -16.048  62.583 0.0000000000
55818  -43.226  -16.478  61.921 0.0000000000
56678  -44.234  -15.441  63.119 0.0000000000
57595  -44.600  -14.824  63.641 0.0000000000
56679  -45.108  -15.213  63.134 0.0000000000
56697  -45.423  -15.207  62.671 0.0000000000
63138  -47.013  -8.738  54.101 0.0000000000
128817  -47.338  -8.481  53.641 0.0000000000
63156  -47.876  -8.531  53.961 0.0000000000
63946  -50.920  -6.870  55.284 0.0000000000
115320  -51.273  -6.130  55.993 0.0000000000
66532  -57.410  -4.017  48.322 0.0000000000
125256  -42.905  -11.941  52.139 0.0000000000
63184  -44.659  -8.865  50.058 0.0000000000
63185  -45.441  -8.545  50.365 0.0000000000
63197  -45.812  -7.929  49.953 0.0000000000
64806  -47.294  -6.355  49.445 0.0000000000
112158  -48.058  -6.045  49.558 0.0000000000
38860  -13.434  -36.034  76.080 0.0000000000
38042  -13.403  -36.197  77.328 0.0000000000
37207  -13.997  -37.849  78.377 0.0000000000
123818  -13.433  -37.430  79.564 0.0000000000
38033  -12.756  -36.297  79.864 0.0000000000
123332  -11.795  -35.446  80.263 0.0000000000
131158  -12.447  -36.400  80.175 0.0000000000
37199  -12.261  -36.988  80.354 0.0000000000
115489  -11.063  -37.690  80.507 0.0000000000
117669  -11.854  -37.839  80.464 0.0000000000
53144  -36.249  -19.684  67.097 0.0000000000
54028  -36.514  -18.334  66.718 0.0000000000
54896  -36.561  -17.480  66.453 0.0000000000
55797  -36.157  -15.953  64.361 0.0000000000
56654  -36.788  -15.109  65.772 0.0000000000
57559  -37.114  -14.693  66.205 0.0000000000
57566  -37.086  -14.634  65.536 0.0000000000
57567  -37.353  -14.352  65.385 0.0000000000
55854  -37.387  -16.258  59.679 0.0000000000
109525  -38.052  -17.930  57.125 0.0000000000
41312  -22.667  -32.211  74.378 0.0000000000
41313  -22.838  -32.328  75.224 0.0000000000
42233  -26.080  -31.160  77.524 0.0000000000
45165  -26.566  -28.722  64.217 0.0000000000
44146  -26.424  -29.055  66.518 0.0000000000
44132  -26.523  -29.492  67.477 0.0000000000
116760  -27.117  -29.603  67.932 0.0000000000
44121  -27.677  -29.708  68.300 0.0000000000
47663  -29.151  -26.141  64.558 0.0000000000
45998  -29.906  -27.529  68.781 0.0000000000
45110  -29.296  -28.833  69.546 0.0000000000
129620  -29.497  -28.372  70.083 0.0000000000
45073  -29.183  -28.728  71.163 0.0000000000
45057  -29.973  -28.286  72.628 0.0000000000
41345  -16.874  -33.447  72.658 0.0000000000
41344  -16.130  -33.194  72.255 0.0000000000
41343  -14.734  -32.902  72.265 0.0000000000
111511  -15.529  -32.758  73.764 0.0000000000
117897  -16.060  -32.694  74.654 0.0000000000
41282  -16.077  -33.024  75.362 0.0000000000
38862  -19.659  -34.888  76.685 0.0000000000
57644  -42.657  -14.459  57.185 0.0000000000
59483  -44.122  -12.152  57.718 0.0000000000
59466  -43.983  -12.808  58.369 0.0000000000
58549  -45.344  -13.253  60.643 0.0000000000
59421  -45.937  -12.750  61.051 0.0000000000
59422  -46.652  -12.253  61.524 0.0000000000
62220  -47.126  -9.188  56.526 0.0000000000
62209  -47.352  -9.105  57.342 0.0000000000
62201  -47.140  -9.426  58.920 0.0000000000
116108  -50.775  -5.747  48.808 0.0000000000
64822  -51.877  -5.995  48.526 0.0000000000
64849  -55.849  -7.080  47.001 0.0000000000
64879  -55.436  -7.041  42.199 0.0000000000
110385  -56.318  -7.714  42.862 0.0000000000
64060  -57.409  -7.099  43.551 0.0000000000
64880  -58.033  -6.177  43.321 0.0000000000
114080  -59.698  -5.607  39.943 0.0000000000
50301  -35.175  -22.550  65.128 0.0000000000
50314  -35.212  -22.312  63.838 0.0000000000
50333  -34.980  -22.359  62.420 0.0000000000
43196  -21.921  -31.054  67.865 0.0000000000
43210  -23.275  -30.449  67.594 0.0000000000
114971  -29.844  -24.272  60.957 0.0000000000
48504  -30.463  -24.316  61.352 0.0000000000
48493  -31.548  -24.379  62.685 0.0000000000
109304  -31.768  -24.323  64.217 0.0000000000
115797  -32.626  -24.379  65.255 0.0000000000
48453  -33.502  -24.488  65.437 0.0000000000
48483  -33.965  -24.472  63.858 0.0000000000
49370  -34.640  -23.945  65.178 0.0000000000
49371  -35.027  -23.335  65.559 0.0000000000
55825  -40.101  -16.417  61.535 0.0000000000
55826  -40.864  -16.559  61.503 0.0000000000
55827  -41.774  -16.770  61.441 0.0000000000
54939  -41.529  -17.225  60.048 0.0000000000
55842  -42.100  -17.058  60.701 0.0000000000
55844  -43.519  -16.522  60.425 0.0000000000
63981  -48.576  -7.638  52.100 0.0000000000
63168  -48.974  -8.125  52.770 0.0000000000
130614  -51.404  -7.583  53.159 0.0000000000
63974  -51.630  -7.184  53.830 0.0000000000
63958  -51.456  -6.853  54.664 0.0000000000
64748  -52.489  -5.485  55.555 0.0000000000
66490  -55.245  -3.700  52.230 0.0000000000
67357  -55.594  -3.465  49.527 0.0000000000
67364  -55.369  -3.766  49.193 0.0000000000
40432  -10.420  -33.967  73.890 0.0000000000
39638  -9.979  -34.252  74.342 0.0000000000
40388  -11.240  -34.200  76.665 0.0000000000
54057  -36.096  -18.382  64.280 0.0000000000
113110  -35.977  -17.692  63.991 0.0000000000
55811  -35.939  -16.222  63.590 0.0000000000
56689  -36.344  -15.694  62.766 0.0000000000
56718  -36.223  -15.886  60.612 0.0000000000
56729  -36.498  -15.928  59.844 0.0000000000
42250  -24.319  -31.529  75.190 0.0000000000
112050  -24.842  -31.384  74.428 0.0000000000
42252  -26.259  -31.043  75.132 0.0000000000
43124  -26.750  -30.850  77.147 0.0000000000
44025  -28.878  -30.114  75.757 0.0000000000
45154  -27.922  -28.886  65.273 0.0000000000
48439  -29.575  -25.128  66.023 0.0000000000
47641  -29.741  -25.607  66.394 0.0000000000
47631  -29.830  -25.436  67.076 0.0000000000
47632  -30.076  -25.971  67.608 0.0000000000
121620  -30.161  -26.828  69.086 0.0000000000
111050  -30.250  -27.090  69.682 0.0000000000
126013  -30.212  -27.469  70.160 0.0000000000
45091  -31.608  -27.870  70.633 0.0000000000
111322  -32.078  -28.641  70.972 0.0000000000
40506  -16.984  -33.781  69.732 0.0000000000
40462  -17.390  -33.984  72.122 0.0000000000
40419  -17.537  -33.260  75.175 0.0000000000
40406  -19.144  -34.283  76.138 0.0000000000
58616  -42.605  -13.038  55.846 0.0000000000
59500  -43.162  -12.485  56.344 0.0000000000
59501  -43.754  -12.104  56.896 0.0000000000
59468  -44.840  -11.771  58.669 0.0000000000
60369  -45.376  -11.249  59.057 0.0000000000
64043  -51.833  -6.910  46.209 0.0000000000
64893  -55.814  -7.031  41.698 0.0000000000
64082  -56.646  -7.536  41.668 0.0000000000
64083  -57.338  -7.498  41.562 0.0000000000
116614  -57.955  -7.311  40.993 0.0000000000
64933  -57.423  -6.772  39.789 0.0000000000
64114  -58.168  -7.024  39.802 0.0000000000
64935  -58.775  -6.471  39.505 0.0000000000
41294  -13.923  -32.316  75.697 0.0000000000
41280  -14.348  -32.689  75.778 0.0000000000
52161  -36.115  -20.253  67.776 0.0000000000
53175  -36.093  -19.113  64.703 0.0000000000
52208  -35.712  -20.560  63.992 0.0000000000
123821  -35.799  -20.374  64.687 0.0000000000
53174  -35.891  -19.810  64.310 0.0000000000
54074  -35.436  -18.838  61.739 0.0000000000
41348  -21.847  -32.376  72.945 0.0000000000
42259  -22.836  -31.852  73.619 0.0000000000
128598  -22.035  -31.718  70.543 0.0000000000
42287  -22.795  -31.499  70.371 0.0000000000
130155  -22.510  -31.599  71.001 0.0000000000
42269  -23.521  -31.505  72.270 0.0000000000
109732  -25.281  -31.423  72.871 0.0000000000
130679  -25.801  -31.391  72.480 0.0000000000
43153  -26.364  -31.247  72.108 0.0000000000
112779  -27.292  -30.865  72.147 0.0000000000
48490  -27.450  -24.645  62.690 0.0000000000
48478  -28.110  -25.007  63.427 0.0000000000
132005  -28.445  -24.974  63.941 0.0000000000
49407  -29.235  -23.955  62.814 0.0000000000
49392  -29.347  -24.028  63.684 0.0000000000
49337  -30.289  -24.212  68.091 0.0000000000
49326  -30.260  -24.081  68.884 0.0000000000
48405  -31.060  -24.022  70.944 0.0000000000
126603  -31.431  -24.304  71.414 0.0000000000
49316  -32.543  -23.699  70.955 0.0000000000
49329  -32.463  -23.648  69.688 0.0000000000
49317  -33.643  -23.669  70.835 0.0000000000
49318  -34.817  -23.909  70.563 0.0000000000
48442  -33.514  -24.355  66.830 0.0000000000
48433  -34.952  -24.362  67.353 0.0000000000
118831  -34.771  -24.418  68.137 0.0000000000
48423  -34.472  -24.185  68.967 0.0000000000
49319  -35.755  -23.942  70.759 0.0000000000
117875  -17.492  -33.557  68.963 0.0000000000
40492  -19.124  -33.871  70.433 0.0000000000
59373  -40.060  -12.910  67.311 0.0000000000
58500  -42.026  -12.900  66.515 0.0000000000
114781  -41.101  -15.895  62.643 0.0000000000
56675  -41.368  -15.463  63.153 0.0000000000
57580  -44.947  -14.056  64.072 0.0000000000
62247  -45.277  -9.650  54.667 0.0000000000
62233  -47.051  -9.118  55.726 0.0000000000
63928  -48.784  -7.933  57.624 0.0000000000
63158  -49.280  -8.325  53.584 0.0000000000
63141  -49.239  -8.341  54.461 0.0000000000
63945  -50.195  -7.285  55.686 0.0000000000
63936  -49.187  -7.721  56.858 0.0000000000
124530  -8.195  -36.342  81.029 0.0000000000
55902  -39.587  -16.752  55.386 0.0000000000
55887  -40.714  -16.773  56.261 0.0000000000
55903  -40.312  -16.381  55.610 0.0000000000
56758  -40.526  -15.671  55.303 0.0000000000
57679  -41.217  -14.362  54.901 0.0000000000
58629  -42.122  -13.234  54.579 0.0000000000
59533  -42.533  -12.639  54.104 0.0000000000
60430  -43.221  -11.525  54.092 0.0000000000
60429  -43.017  -12.086  52.904 0.0000000000
117043  -44.236  -10.470  53.462 0.0000000000
62261  -44.654  -10.054  53.059 0.0000000000
61363  -44.321  -10.443  51.725 0.0000000000
62262  -45.202  -9.521  53.061 0.0000000000
62272  -45.922  -8.828  52.962 0.0000000000
62284  -45.905  -8.753  51.993 0.0000000000
63165  -46.510  -8.225  52.394 0.0000000000
63166  -47.262  -7.931  52.615 0.0000000000
63177  -47.748  -7.567  52.048 0.0000000000
64011  -45.423  -7.607  49.263 0.0000000000
64000  -46.490  -7.536  50.301 0.0000000000
63989  -47.454  -7.286  51.376 0.0000000000
63991  -49.153  -7.094  51.544 0.0000000000
64787  -50.113  -6.827  51.103 0.0000000000
64797  -50.566  -6.266  50.577 0.0000000000
65626  -51.985  -5.176  50.199 0.0000000000
65643  -50.126  -5.848  48.833 0.0000000000
65673  -48.910  -5.654  46.391 0.0000000000
64833  -49.709  -6.094  46.424 0.0000000000
65680  -49.577  -5.643  45.809 0.0000000000
41293  -13.346  -32.138  76.055 0.0000000000
110779  -13.034  -32.428  76.685 0.0000000000
41268  -13.068  -33.124  77.432 0.0000000000
41266  -12.416  -32.828  77.099 0.0000000000
123340  -11.968  -33.487  77.863 0.0000000000
40378  -11.384  -34.133  77.754 0.0000000000
123333  -14.099  -37.551  76.442 0.0000000000
38039  -13.316  -36.177  78.527 0.0000000000
124137  -12.963  -35.148  78.581 0.0000000000
39586  -12.298  -34.307  78.887 0.0000000000
127608  -11.726  -34.005  78.490 0.0000000000
39584  -11.145  -34.429  78.689 0.0000000000
39583  -10.480  -34.993  78.818 0.0000000000
39570  -10.519  -35.300  79.985 0.0000000000
36341  -10.250  -38.165  80.500 0.0000000000
57539  -39.603  -13.893  69.942 0.0000000000
58464  -39.135  -13.583  69.185 0.0000000000
53101  -36.844  -19.718  70.212 0.0000000000
115095  -36.554  -18.855  68.183 0.0000000000
55788  -36.513  -16.636  65.777 0.0000000000
54887  -36.681  -16.968  67.327 0.0000000000
55761  -36.856  -16.439  68.117 0.0000000000
56633  -37.283  -15.136  68.423 0.0000000000
57545  -37.697  -14.545  68.377 0.0000000000
57552  -37.203  -14.777  66.976 0.0000000000
57553  -37.591  -14.435  67.396 0.0000000000
58476  -38.106  -13.968  67.864 0.0000000000
58488  -38.591  -13.591  67.354 0.0000000000
109947  -39.154  -13.344  66.888 0.0000000000
57574  -38.705  -14.388  64.624 0.0000000000
56691  -37.855  -15.565  62.511 0.0000000000
56707  -39.532  -16.091  61.928 0.0000000000
54958  -34.301  -16.973  58.968 0.0000000000
109618  -36.510  -17.787  56.944 0.0000000000
54971  -37.242  -17.781  57.313 0.0000000000
109376  -38.276  -17.971  56.231 0.0000000000
55012  -39.132  -17.560  55.948 0.0000000000
116863  -21.645  -33.349  76.444 0.0000000000
41299  -22.563  -32.673  75.952 0.0000000000
44129  -23.770  -29.952  67.090 0.0000000000
131927  -25.689  -30.327  69.452 0.0000000000
46047  -28.382  -28.045  64.122 0.0000000000
45156  -29.382  -28.457  66.102 0.0000000000
45144  -28.827  -29.066  66.408 0.0000000000
44134  -28.313  -29.513  67.709 0.0000000000
44106  -28.174  -29.787  69.042 0.0000000000
111758  -28.129  -29.963  70.889 0.0000000000
126923  -29.368  -29.437  73.859 0.0000000000
45027  -30.153  -29.203  74.487 0.0000000000
41323  -11.954  -33.272  72.945 0.0000000000
41325  -13.382  -32.427  74.358 0.0000000000
41374  -15.125  -32.880  70.467 0.0000000000
41357  -12.698  -32.701  71.240 0.0000000000
41342  -13.484  -32.803  72.678 0.0000000000
124245  -14.252  -32.252  75.156 0.0000000000
41295  -14.725  -32.565  75.304 0.0000000000
38870  -18.278  -35.208  75.812 0.0000000000
55877  -41.690  -16.675  57.375 0.0000000000
55878  -42.353  -16.216  57.722 0.0000000000
55869  -42.607  -16.431  58.426 0.0000000000
55858  -43.479  -16.183  59.716 0.0000000000
56720  -43.915  -15.832  60.187 0.0000000000
57655  -42.821  -13.765  57.060 0.0000000000
57645  -42.982  -13.959  57.717 0.0000000000
57638  -43.392  -14.228  58.488 0.0000000000
114196  -43.668  -14.759  59.109 0.0000000000
57609  -45.962  -14.743  62.458 0.0000000000
61303  -45.166  -10.495  56.901 0.0000000000
61304  -45.817  -9.971  56.996 0.0000000000
60361  -46.220  -11.071  60.387 0.0000000000
66506  -52.912  -4.674  49.279 0.0000000000
66507  -53.593  -4.280  49.218 0.0000000000
66517  -54.747  -4.090  49.002 0.0000000000
64027  -52.912  -7.171  47.320 0.0000000000
64837  -53.364  -6.815  48.119 0.0000000000
66518  -55.757  -3.978  48.944 0.0000000000
66519  -56.652  -3.925  48.715 0.0000000000
127235  -57.051  -4.274  48.149 0.0000000000
65664  -57.690  -4.366  47.461 0.0000000000
66541  -58.455  -4.363  46.901 0.0000000000
64046  -54.489  -7.468  45.509 0.0000000000
64047  -55.368  -7.514  45.292 0.0000000000
64858  -56.947  -6.717  45.686 0.0000000000
64859  -57.670  -5.932  45.210 0.0000000000
109485  -60.372  -5.553  41.226 0.0000000000
39577  -10.928  -34.857  79.498 0.0000000000
40373  -11.971  -34.110  78.980 0.0000000000
40380  -12.460  -33.765  78.262 0.0000000000
40381  -13.140  -33.790  77.973 0.0000000000
40390  -13.256  -33.379  77.231 0.0000000000
41267  -12.886  -32.925  77.360 0.0000000000
41292  -12.900  -32.179  75.910 0.0000000000
43200  -25.248  -30.246  69.002 0.0000000000
54962  -40.595  -17.449  58.689 0.0000000000
58572  -43.754  -13.546  58.668 0.0000000000
112243  -10.795  -34.744  78.077 0.0000000000
120198  -36.449  -22.623  69.597 0.0000000000
121074  -12.336  -35.766  80.106 0.0000000000
127037  -30.136  -24.500  68.493 0.0000000000
