#!ascii label  , from subject sub-v1s0x0050668_ses-1 vox2ras=TkReg
2014
7853  -15.902  -75.961  2.191 0.5000000000
6073  -16.264  -78.454  6.393 0.5000000000
5525  -17.467  -79.481  7.819 0.5000000000
5018  -17.802  -80.284  7.191 0.5000000000
8543  -16.032  -74.481  -0.442 0.5000000000
7872  -15.959  -74.990  0.970 0.5000000000
8532  -15.897  -74.231  0.585 0.5000000000
7865  -15.952  -74.906  1.948 0.5000000000
8521  -15.839  -73.960  1.622 0.6000000238
117866  -16.162  -75.926  3.079 0.5000000000
5026  -17.890  -80.342  6.185 0.5000000000
131148  -16.442  -77.320  4.836 0.5000000000
5543  -18.344  -79.713  5.627 0.5000000000
6609  -16.915  -78.078  7.047 0.6000000238
5534  -18.364  -79.807  6.682 0.6000000238
7186  -17.172  -76.585  5.890 0.6000000238
5526  -18.037  -79.195  8.008 0.6000000238
6074  -18.740  -79.334  6.125 0.6999999881
7174  -17.591  -76.589  7.033 0.6999999881
6060  -18.669  -78.662  7.710 0.6999999881
7167  -18.270  -76.416  7.808 0.6999999881
6602  -18.985  -77.848  8.127 0.6999999881
6068  -19.263  -78.488  7.116 0.6999999881
122018  -15.799  -73.639  -0.894 0.5000000000
9252  -15.654  -72.530  0.474 0.6000000238
119947  -15.231  -72.576  -1.120 0.6000000238
10013  -15.830  -71.918  0.532 0.6000000238
7845  -16.466  -75.449  3.793 0.5000000000
5554  -18.342  -79.460  4.746 0.5000000000
5576  -18.208  -78.889  3.275 0.5000000000
6658  -18.689  -77.631  2.691 0.6999999881
6091  -18.611  -78.796  4.192 0.6999999881
6642  -18.673  -78.164  3.386 0.6999999881
7185  -16.802  -76.713  5.022 0.6000000238
7199  -17.178  -75.884  5.112 0.6999999881
6082  -19.084  -78.321  4.893 0.6999999881
7822  -17.546  -75.620  6.040 0.6999999881
7815  -18.068  -75.659  7.029 0.6999999881
7187  -19.870  -77.265  5.553 0.6999999881
7808  -18.827  -75.601  7.798 0.6999999881
7168  -18.923  -76.449  8.217 0.6999999881
6603  -19.485  -77.317  7.786 0.6999999881
7188  -20.360  -76.968  6.272 0.6999999881
7809  -19.633  -75.352  7.900 0.6999999881
7810  -20.409  -75.259  7.728 0.6999999881
7175  -20.688  -76.572  6.973 0.6999999881
7817  -21.824  -75.573  7.101 0.6999999881
10049  -14.831  -72.383  -2.283 0.5000000000
10038  -14.827  -71.436  -2.337 0.6000000238
128400  -15.112  -71.183  -2.586 0.6000000238
10724  -15.537  -70.955  -1.717 0.6000000238
10725  -16.471  -71.103  -1.506 0.6000000238
9232  -15.923  -72.470  1.188 0.6000000238
10717  -16.422  -71.087  -0.298 0.6000000238
127353  -16.345  -73.372  2.743 0.6000000238
113578  -18.652  -77.206  1.948 0.6999999881
8493  -16.614  -74.287  4.015 0.6999999881
6643  -19.177  -77.304  3.425 0.6999999881
7244  -19.049  -76.425  0.946 0.6999999881
7261  -19.624  -76.228  0.341 0.6999999881
9193  -16.734  -73.627  3.787 0.6999999881
6659  -19.132  -76.915  2.538 0.6999999881
121985  -20.243  -76.152  -0.399 0.6999999881
8476  -17.184  -74.288  4.844 0.6999999881
9172  -17.526  -73.874  4.466 0.6999999881
6629  -19.463  -77.392  4.524 0.6999999881
7215  -19.815  -76.715  3.789 0.6999999881
7230  -19.903  -76.472  2.253 0.6999999881
7246  -20.781  -76.342  1.503 0.6999999881
8477  -17.726  -74.765  5.615 0.6999999881
9173  -18.675  -73.883  4.626 0.6999999881
7200  -20.113  -76.727  4.690 0.6999999881
7231  -20.882  -76.381  2.450 0.6999999881
8443  -19.767  -74.264  6.861 0.6999999881
7201  -20.946  -76.530  4.952 0.6999999881
7216  -20.724  -76.446  3.928 0.6999999881
8437  -20.689  -74.556  7.354 0.6999999881
7176  -21.466  -76.148  6.855 0.6999999881
110674  -21.692  -76.488  4.344 0.6999999881
8438  -21.444  -74.688  7.303 0.6999999881
113156  -21.982  -76.320  6.221 0.6999999881
7812  -22.042  -75.032  7.279 0.6999999881
10048  -14.541  -71.958  -2.998 0.5000000000
10735  -14.757  -71.619  -3.295 0.6000000238
10763  -15.385  -72.130  -5.214 0.6000000238
10762  -14.533  -71.713  -5.088 0.5000000000
127143  -16.052  -72.357  -5.700 0.6000000238
10760  -13.406  -72.006  -5.011 0.5000000000
10070  -14.067  -72.322  -4.471 0.5000000000
10748  -15.531  -71.954  -3.975 0.6000000238
10778  -17.276  -72.335  -6.123 0.6000000238
10749  -16.413  -72.280  -3.497 0.6000000238
10071  -16.808  -72.651  -5.811 0.6000000238
10001  -16.186  -71.988  1.039 0.6000000238
9990  -16.586  -72.922  2.578 0.6999999881
10708  -17.049  -71.405  0.212 0.6999999881
9215  -17.238  -73.167  3.038 0.6999999881
10002  -17.188  -72.438  1.626 0.6999999881
7280  -20.911  -76.135  -1.132 0.6999999881
9195  -17.931  -73.674  3.722 0.6999999881
9992  -17.780  -73.077  2.231 0.6999999881
113460  -21.221  -76.345  0.701 0.6999999881
9216  -18.845  -73.533  2.262 0.6999999881
128994  -21.501  -76.389  1.971 0.6999999881
117490  -21.108  -76.293  -0.125 0.6999999881
6739  -20.302  -76.696  -2.481 0.6999999881
116341  -19.799  -73.679  4.329 0.6000000238
7232  -21.795  -76.407  2.753 0.6999999881
111713  -21.746  -76.397  1.240 0.6999999881
7281  -21.788  -76.359  -0.828 0.6999999881
7298  -21.518  -76.372  -1.747 0.6999999881
6726  -20.771  -77.011  -2.565 0.6999999881
8460  -20.036  -73.876  5.895 0.6999999881
7218  -22.459  -76.562  3.638 0.6000000238
7248  -23.228  -76.523  1.853 0.6999999881
112283  -22.664  -76.468  1.061 0.6999999881
9138  -22.200  -73.966  6.297 0.6000000238
7177  -22.454  -76.033  6.573 0.6999999881
7190  -22.941  -76.510  5.834 0.6999999881
7204  -23.658  -76.868  5.064 0.6000000238
7234  -23.732  -76.732  2.665 0.6000000238
8461  -22.979  -74.286  6.065 0.6000000238
7818  -22.854  -75.512  6.832 0.6000000238
7191  -24.085  -76.679  5.671 0.6000000238
6630  -24.389  -77.078  5.118 0.5000000000
7220  -24.109  -77.010  3.548 0.5000000000
7235  -24.786  -77.173  2.783 0.5000000000
8448  -24.229  -75.232  6.118 0.6000000238
7823  -24.917  -75.572  5.911 0.5000000000
7192  -24.832  -76.694  5.726 0.5000000000
113516  -15.499  -71.871  -5.697 0.6000000238
10776  -14.735  -71.345  -5.431 0.6000000238
11422  -16.878  -70.358  -5.540 0.5000000000
12094  -17.629  -69.506  -4.882 0.6999999881
10775  -13.940  -71.488  -5.147 0.5000000000
11428  -13.219  -70.556  -5.171 0.6000000238
12101  -14.441  -70.063  -5.133 0.6000000238
10758  -11.461  -70.800  -5.215 0.6000000238
10773  -12.474  -70.997  -5.234 0.6000000238
11432  -18.291  -70.954  -6.029 0.4000000060
12099  -12.473  -70.071  -4.976 0.6000000238
121674  -17.662  -72.949  -5.943 0.5000000000
9321  -17.261  -73.101  -4.234 0.6000000238
10050  -17.334  -72.818  -2.975 0.6000000238
115488  -17.539  -72.004  0.261 0.6999999881
117107  -17.826  -72.330  -0.840 0.6000000238
10015  -18.050  -73.044  0.545 0.6999999881
112224  -19.908  -73.535  2.552 0.6000000238
9235  -19.626  -73.517  1.806 0.6000000238
9175  -21.103  -73.380  4.942 0.6000000238
115732  -23.683  -76.549  0.962 0.6000000238
7264  -23.088  -76.440  0.115 0.6000000238
7282  -22.570  -76.482  -1.619 0.6999999881
124050  -21.548  -77.123  -2.709 0.6999999881
6151  -20.940  -77.838  -2.127 0.6999999881
9155  -21.657  -73.524  5.623 0.6000000238
125192  -24.203  -76.761  1.845 0.6000000238
6138  -20.265  -78.441  -0.967 0.6999999881
127074  -23.220  -74.045  5.200 0.6000000238
6645  -25.147  -77.470  3.862 0.4000000060
124834  -25.037  -77.140  1.878 0.4000000060
113413  -24.687  -76.863  1.009 0.5000000000
7265  -24.179  -76.654  -0.113 0.6000000238
7317  -22.897  -76.859  -2.334 0.6000000238
5612  -20.948  -78.807  -0.626 0.6000000238
8463  -24.649  -74.908  5.433 0.5000000000
8464  -25.347  -75.025  4.839 0.5000000000
7824  -25.529  -75.947  5.666 0.5000000000
6622  -25.297  -77.082  5.250 0.5000000000
6695  -25.177  -77.220  0.226 0.4000000060
6713  -24.807  -77.163  -0.842 0.6000000238
12782  -16.735  -68.769  -4.073 0.6000000238
12093  -16.796  -69.487  -4.757 0.6000000238
12784  -18.294  -68.839  -4.427 0.6000000238
123000  -13.600  -69.512  -4.419 0.6000000238
12091  -14.661  -69.434  -4.611 0.5000000000
12770  -14.848  -68.564  -3.277 0.6000000238
13503  -13.842  -68.223  -2.299 0.6000000238
123091  -18.343  -69.495  -4.992 0.6000000238
11427  -11.578  -70.002  -5.031 0.6999999881
12768  -12.848  -69.027  -3.121 0.6000000238
13495  -12.649  -68.125  -1.855 0.6000000238
10779  -18.896  -71.766  -6.232 0.5000000000
12102  -18.775  -70.009  -5.431 0.6000000238
12087  -10.280  -70.051  -4.177 0.6000000238
122248  -11.651  -68.931  -2.382 0.6999999881
10083  -18.490  -73.159  -5.986 0.5000000000
12766  -10.948  -69.273  -2.440 0.6999999881
9322  -18.142  -73.529  -3.558 0.6000000238
131934  -9.806  -69.353  -2.037 0.6000000238
9274  -18.400  -73.220  -0.720 0.6000000238
10051  -18.156  -73.260  -2.463 0.6000000238
9306  -18.881  -73.541  -2.027 0.6000000238
9275  -19.531  -73.542  -0.381 0.6000000238
9236  -20.450  -73.444  1.849 0.6000000238
111710  -20.875  -73.425  2.631 0.6000000238
9219  -23.252  -73.959  2.557 0.6000000238
9199  -22.059  -73.486  3.681 0.6000000238
9239  -23.478  -74.012  1.619 0.6000000238
9178  -23.951  -74.221  4.016 0.6000000238
6727  -23.576  -77.078  -2.275 0.6000000238
6162  -22.792  -77.816  -2.524 0.6000000238
118531  -22.440  -78.427  -2.392 0.6000000238
118239  -24.697  -74.431  3.669 0.5000000000
7846  -26.032  -75.223  4.192 0.5000000000
7205  -26.454  -76.778  4.723 0.5000000000
5093  -22.279  -79.950  -0.013 0.6000000238
6696  -25.591  -77.942  -0.360 0.4000000060
6163  -23.578  -78.194  -2.509 0.6000000238
5633  -23.276  -78.851  -2.503 0.6000000238
13507  -17.178  -68.021  -2.916 0.6000000238
14285  -16.876  -67.592  -2.337 0.5000000000
14286  -17.663  -67.388  -2.636 0.6000000238
15012  -18.666  -66.150  -2.938 0.5000000000
115303  -16.071  -68.688  -3.913 0.6000000238
14274  -16.567  -67.112  -1.788 0.6000000238
12773  -17.339  -68.327  -3.635 0.5000000000
109906  -18.683  -67.481  -3.595 0.5000000000
13509  -19.260  -67.582  -4.063 0.5000000000
13498  -15.104  -67.688  -2.083 0.5000000000
13506  -16.333  -68.140  -2.722 0.6000000238
13497  -14.225  -67.740  -1.924 0.5000000000
12095  -19.066  -69.137  -4.827 0.6000000238
12759  -11.065  -68.628  -1.967 0.6999999881
14269  -12.186  -67.608  -1.598 0.6000000238
14255  -11.062  -66.937  -1.496 0.6000000238
10084  -19.358  -73.269  -5.943 0.5000000000
12752  -8.689  -68.771  -1.609 0.5000000000
12753  -9.599  -68.616  -1.755 0.6999999881
113696  -18.966  -73.832  -4.003 0.5000000000
9307  -19.973  -73.735  -2.192 0.5000000000
113916  -20.267  -73.486  0.409 0.6000000238
111153  -22.193  -73.717  0.295 0.6000000238
9257  -21.788  -73.520  1.111 0.5000000000
9258  -22.785  -73.803  0.990 0.6000000238
9238  -22.392  -73.718  1.966 0.6000000238
8494  -24.854  -74.366  2.832 0.5000000000
6714  -25.202  -78.023  -1.343 0.5000000000
6164  -24.241  -78.770  -2.551 0.5000000000
5623  -23.253  -79.798  -2.195 0.6000000238
5094  -22.995  -80.568  -0.508 0.6000000238
14999  -16.996  -66.354  -1.571 0.6000000238
15000  -17.670  -66.076  -1.852 0.6000000238
14260  -16.190  -66.441  -1.415 0.6000000238
15013  -19.485  -65.721  -3.327 0.5000000000
14272  -14.738  -67.087  -1.561 0.6000000238
14258  -14.383  -66.232  -1.093 0.6999999881
13513  -19.874  -67.779  -4.368 0.6000000238
14986  -11.989  -66.483  -1.328 0.6000000238
14270  -12.880  -67.467  -1.556 0.6000000238
12096  -19.944  -69.017  -4.942 0.6000000238
13475  -9.637  -67.170  -1.020 0.6000000238
14243  -11.422  -66.167  -0.770 0.6000000238
10092  -19.030  -72.765  -6.189 0.5000000000
128875  -20.011  -73.833  -3.011 0.5000000000
12746  -7.309  -68.936  -0.851 0.5000000000
13484  -9.051  -67.930  -1.371 0.6000000238
9276  -20.687  -73.554  -0.340 0.5000000000
114878  -22.037  -73.798  -1.240 0.6000000238
115838  -21.162  -73.676  -0.989 0.5000000000
9279  -23.594  -73.775  -0.691 0.5000000000
9259  -23.813  -73.954  0.784 0.5000000000
120031  -24.289  -79.970  -3.020 0.6000000238
5106  -23.814  -80.603  -2.672 0.6000000238
14975  -17.173  -65.456  -0.531 0.6000000238
14992  -17.985  -65.199  -1.527 0.5000000000
15731  -18.625  -64.709  -1.914 0.5000000000
14974  -16.368  -65.550  -0.470 0.6999999881
15002  -19.002  -65.166  -2.619 0.5000000000
14229  -14.423  -65.903  0.206 0.6999999881
14988  -15.153  -65.866  -0.977 0.6000000238
15003  -19.809  -64.778  -2.927 0.5000000000
14257  -13.249  -66.283  -1.016 0.6000000238
14289  -20.090  -66.247  -3.977 0.5000000000
13514  -20.528  -67.544  -4.551 0.6000000238
14226  -11.739  -66.346  0.146 0.6999999881
12104  -20.530  -69.669  -5.447 0.6000000238
13476  -10.016  -66.790  -0.438 0.6000000238
11434  -20.273  -70.476  -5.928 0.6000000238
13450  -8.421  -67.497  0.103 0.6999999881
13474  -8.701  -67.618  -0.698 0.6999999881
9338  -20.335  -73.519  -4.717 0.5000000000
10094  -20.500  -72.793  -6.132 0.5000000000
13473  -7.780  -67.967  -0.489 0.6000000238
111803  -21.107  -73.741  -4.000 0.5000000000
13449  -7.523  -67.721  0.236 0.5000000000
116756  -21.713  -73.557  -3.871 0.6000000238
9308  -20.955  -73.896  -3.102 0.5000000000
12726  -5.538  -68.207  0.573 0.6000000238
115837  -21.269  -73.816  -1.944 0.5000000000
109495  -22.975  -73.954  -1.421 0.6000000238
10042  -23.808  -73.006  -1.789 0.5000000000
14232  -17.566  -66.117  0.681 0.6999999881
121136  -18.473  -65.130  -0.253 0.5000000000
15723  -18.623  -64.755  -0.944 0.5000000000
13458  -16.269  -66.772  1.290 0.8000000119
14231  -16.638  -66.119  0.776 0.6999999881
15724  -19.293  -64.278  -1.471 0.5000000000
15725  -19.971  -63.682  -1.830 0.5000000000
13434  -13.845  -67.432  1.535 0.6999999881
118816  -14.998  -66.241  0.674 0.6999999881
14230  -15.748  -66.183  0.764 0.8000000119
14228  -13.559  -66.067  0.273 0.6999999881
16451  -20.810  -63.248  -2.169 0.5000000000
13432  -11.907  -67.733  1.602 0.6999999881
13455  -13.253  -66.763  0.960 0.6999999881
14290  -21.017  -65.933  -4.170 0.6000000238
15742  -20.690  -64.565  -3.137 0.5000000000
13430  -10.045  -67.452  1.305 0.6000000238
122072  -10.598  -67.155  0.808 0.6000000238
113363  -21.378  -69.500  -5.634 0.6000000238
13429  -9.270  -67.204  1.412 0.6999999881
13452  -10.027  -67.051  0.382 0.6999999881
10086  -20.824  -72.953  -5.854 0.6000000238
10781  -20.951  -71.192  -6.183 0.6000000238
13427  -7.251  -67.006  0.705 0.6000000238
121475  -21.068  -72.519  -5.637 0.6000000238
9325  -22.186  -73.527  -3.420 0.6000000238
120236  -5.112  -67.760  1.004 0.6000000238
9311  -22.717  -73.348  -2.998 0.6000000238
9292  -23.116  -73.680  -2.250 0.5000000000
13437  -16.861  -67.354  1.749 0.6000000238
13460  -18.194  -66.880  1.012 0.5000000000
14233  -18.537  -66.200  0.523 0.5000000000
15717  -20.054  -64.030  -0.709 0.5000000000
13436  -15.822  -67.492  1.821 0.8000000119
16442  -20.920  -63.446  -1.261 0.5000000000
12730  -13.480  -68.054  2.029 0.6999999881
14294  -21.661  -66.573  -4.456 0.6000000238
15611  -4.901  -64.212  6.475 0.6000000238
12728  -11.215  -68.223  2.194 0.8000000119
16381  -5.508  -63.797  5.357 0.6000000238
125475  -9.631  -67.506  2.100 0.6999999881
12727  -10.331  -67.918  2.367 0.8000000119
12787  -21.015  -68.021  -5.038 0.6000000238
14893  -4.751  -65.419  4.989 0.6000000238
13428  -8.378  -66.851  1.363 0.6000000238
10790  -21.422  -71.714  -6.045 0.6000000238
10791  -22.014  -71.219  -5.863 0.6000000238
14193  -5.189  -65.903  2.661 0.6000000238
14216  -5.508  -66.362  1.356 0.6000000238
14217  -6.581  -66.300  1.145 0.6000000238
9340  -21.777  -73.132  -4.056 0.6000000238
10782  -22.139  -71.271  -5.359 0.6000000238
13426  -5.662  -67.128  0.680 0.5000000000
10074  -22.703  -71.822  -3.911 0.5000000000
10059  -22.946  -72.216  -3.188 0.5000000000
10764  -23.449  -70.918  -4.393 0.5000000000
12735  -18.358  -67.891  2.009 0.5000000000
13461  -19.155  -67.075  0.736 0.5000000000
12733  -16.540  -67.909  2.273 0.6000000238
12734  -17.435  -67.819  2.181 0.5000000000
12731  -14.325  -67.981  2.078 0.8000000119
122962  -15.839  -68.081  2.336 0.6999999881
12711  -13.950  -68.484  2.537 0.8000000119
12729  -12.643  -68.158  2.086 0.8000000119
15015  -21.353  -65.160  -3.681 0.6000000238
16452  -21.382  -62.815  -1.856 0.5000000000
17135  -6.242  -62.188  7.801 0.6000000238
12709  -11.515  -68.644  2.863 0.8000000119
15735  -22.392  -64.100  -3.068 0.5000000000
16375  -6.799  -62.718  5.268 0.6999999881
16363  -5.767  -62.874  6.466 0.6000000238
13415  -9.616  -67.527  3.059 0.8000000119
12790  -21.576  -68.647  -5.404 0.6000000238
15024  -21.966  -65.757  -4.177 0.6000000238
16382  -6.272  -63.483  4.945 0.6000000238
12109  -22.023  -70.168  -6.056 0.6000000238
13515  -22.227  -67.162  -4.813 0.6000000238
14918  -5.442  -65.249  3.384 0.6000000238
14207  -7.332  -65.708  1.788 0.6000000238
13414  -9.027  -66.924  2.461 0.5000000000
11441  -22.472  -70.559  -5.952 0.6000000238
14206  -6.264  -65.658  1.724 0.6000000238
10783  -23.108  -70.750  -5.059 0.6000000238
11442  -23.321  -70.152  -5.916 0.6000000238
11436  -23.831  -70.272  -5.447 0.5000000000
10784  -24.344  -70.409  -4.917 0.5000000000
10075  -23.664  -71.191  -3.681 0.5000000000
11437  -25.134  -70.138  -5.416 0.5000000000
12714  -17.069  -68.294  2.760 0.6000000238
12049  -14.978  -68.917  3.094 0.6999999881
17970  -7.465  -61.856  9.530 0.6000000238
17980  -6.719  -61.714  8.294 0.6000000238
12046  -12.782  -69.113  3.224 0.8000000119
16461  -22.463  -63.044  -2.530 0.5000000000
17136  -6.870  -61.620  7.429 0.6000000238
12036  -12.377  -69.423  4.007 0.8000000119
16462  -23.596  -63.025  -2.686 0.5000000000
17153  -7.107  -61.707  6.512 0.6999999881
13403  -9.905  -67.557  4.511 0.8000000119
15025  -22.881  -65.594  -4.267 0.6000000238
130311  -23.032  -64.510  -3.414 0.6000000238
16383  -7.157  -63.222  4.565 0.8000000119
14195  -9.481  -66.998  4.293 0.6999999881
12791  -22.421  -68.504  -5.534 0.6000000238
15026  -23.782  -65.444  -4.408 0.6000000238
16392  -7.434  -63.725  3.891 0.6999999881
15659  -6.888  -64.358  3.592 0.6999999881
120693  -8.692  -65.855  3.467 0.6000000238
12106  -22.853  -69.134  -5.938 0.6000000238
14297  -24.264  -65.868  -4.929 0.6000000238
14919  -6.364  -64.818  3.106 0.6000000238
13521  -24.012  -67.018  -5.695 0.5000000000
117648  -24.283  -69.222  -6.172 0.5000000000
12693  -15.772  -68.889  3.250 0.6000000238
12039  -17.046  -69.014  4.154 0.5000000000
17088  -8.999  -61.789  11.236 0.6000000238
117063  -15.199  -69.265  3.801 0.6999999881
17119  -8.202  -61.803  9.793 0.6000000238
117844  -14.305  -69.259  3.586 0.6999999881
120601  -14.422  -69.625  5.006 0.6000000238
17996  -8.068  -61.357  8.046 0.6000000238
17982  -8.234  -61.680  8.983 0.6000000238
12020  -12.979  -69.498  4.763 0.6000000238
11997  -12.485  -69.108  5.466 0.6999999881
18011  -7.925  -61.207  6.062 0.8000000119
12679  -11.264  -68.777  4.693 0.6999999881
115614  -11.777  -68.182  5.578 0.6000000238
17171  -7.384  -61.909  5.629 0.8000000119
13391  -9.966  -67.102  4.602 0.8000000119
125495  -11.243  -66.621  4.093 0.6999999881
16384  -8.033  -62.977  4.122 0.6999999881
15660  -7.799  -64.387  3.478 0.6999999881
14922  -9.045  -65.590  3.573 0.6000000238
121715  -10.512  -66.253  3.729 0.8000000119
17089  -10.019  -61.528  11.072 0.6000000238
17120  -9.302  -61.997  9.367 0.6000000238
17997  -9.784  -61.821  7.632 0.6999999881
14162  -13.062  -67.339  5.607 0.6000000238
18012  -8.547  -61.014  6.363 0.6999999881
18023  -9.084  -60.979  5.726 0.6999999881
14161  -12.231  -67.333  5.344 0.6999999881
14196  -12.107  -66.537  4.019 0.6000000238
17172  -8.384  -61.420  5.282 0.8000000119
120509  -9.424  -62.076  4.049 0.6000000238
16385  -8.891  -62.862  3.732 0.5000000000
14924  -11.574  -65.992  3.211 0.6999999881
14925  -12.590  -65.932  3.352 0.6999999881
14908  -13.991  -66.131  3.937 0.6000000238
17190  -8.643  -62.104  4.398 0.8000000119
16395  -9.843  -63.683  2.526 0.6000000238
14941  -10.747  -65.422  2.764 0.6000000238
17078  -11.416  -61.957  11.784 0.6000000238
17962  -11.162  -61.605  10.410 0.6000000238
17121  -10.512  -62.777  8.857 0.6999999881
17105  -10.401  -62.237  9.699 0.6000000238
17137  -9.910  -62.266  8.488 0.6999999881
17154  -10.489  -62.099  6.919 0.6999999881
18013  -9.471  -61.408  6.625 0.6999999881
17174  -10.569  -61.512  5.245 0.6000000238
14179  -13.493  -66.738  4.772 0.6000000238
110007  -10.245  -61.809  4.287 0.6000000238
17204  -10.425  -62.926  3.085 0.6000000238
14180  -14.391  -66.643  4.765 0.5000000000
14943  -13.603  -65.330  2.720 0.6000000238
14927  -14.629  -65.664  3.358 0.5000000000
15663  -15.959  -65.465  3.237 0.5000000000
15678  -13.842  -64.686  2.129 0.6000000238
15679  -15.178  -65.221  2.724 0.5000000000
17957  -13.321  -61.121  11.797 0.6000000238
17955  -11.867  -61.601  11.100 0.6000000238
17106  -11.303  -62.526  9.626 0.6999999881
17971  -11.955  -62.003  9.626 0.6999999881
123338  -12.000  -63.699  8.644 0.6999999881
16340  -11.308  -63.324  8.396 0.6999999881
126695  -11.775  -63.403  7.140 0.6000000238
122896  -11.295  -62.646  6.623 0.5000000000
17175  -11.921  -62.198  5.333 0.6999999881
113879  -13.493  -61.972  4.809 0.6000000238
17193  -11.579  -61.890  4.212 0.6000000238
115787  -11.935  -61.975  3.498 0.6000000238
129895  -12.877  -62.051  2.384 0.6000000238
15693  -12.566  -64.253  1.664 0.6000000238
15695  -14.083  -64.044  1.375 0.5000000000
116121  -14.771  -63.920  1.367 0.5000000000
15697  -16.239  -64.417  1.654 0.5000000000
19612  -11.263  -59.244  10.365 0.6999999881
122637  -11.253  -59.561  9.522 0.6999999881
19629  -10.469  -59.545  8.525 0.6999999881
18789  -13.145  -59.905  10.186 0.6000000238
19622  -12.711  -59.391  9.982 0.6999999881
19635  -10.342  -59.404  7.414 0.6999999881
20460  -10.312  -58.996  6.603 0.6999999881
114712  -11.093  -57.226  7.062 0.6000000238
17963  -12.403  -61.292  10.307 0.6999999881
126233  -12.331  -60.206  9.014 0.6999999881
19630  -12.201  -60.670  7.548 0.6999999881
19636  -10.953  -59.564  6.877 0.6999999881
110612  -12.480  -61.925  8.975 0.6999999881
113111  -12.441  -60.817  9.448 0.6999999881
19637  -11.774  -59.974  6.756 0.6999999881
16364  -12.428  -63.852  7.286 0.6999999881
17156  -13.048  -63.618  6.597 0.6000000238
117792  -12.590  -62.755  5.871 0.6000000238
17196  -14.393  -61.918  4.780 0.6000000238
18044  -14.643  -61.645  3.919 0.6000000238
122794  -12.855  -61.679  3.720 0.6000000238
17195  -13.785  -61.660  3.824 0.6000000238
18056  -14.862  -61.629  3.013 0.6000000238
113157  -14.510  -62.020  2.220 0.5000000000
118648  -15.113  -62.092  2.121 0.6000000238
18070  -16.423  -61.773  1.372 0.6000000238
17228  -13.910  -62.570  1.511 0.5000000000
16416  -15.260  -63.339  1.224 0.5000000000
17230  -16.077  -62.762  1.081 0.5000000000
19611  -9.810  -59.364  10.298 0.6999999881
20452  -9.741  -59.166  7.848 0.6999999881
21307  -10.120  -58.097  7.050 0.6000000238
22135  -11.312  -56.522  7.604 0.6000000238
22136  -11.870  -56.524  7.240 0.6000000238
22147  -13.249  -56.561  6.179 0.4000000060
19653  -12.873  -59.430  5.539 0.6000000238
21316  -11.591  -58.348  5.934 0.5000000000
116928  -12.638  -57.153  6.230 0.5000000000
22148  -13.993  -56.132  5.660 0.4000000060
22988  -14.968  -54.899  5.793 0.5000000000
16330  -11.996  -63.245  9.204 0.6999999881
17984  -13.034  -62.442  8.467 0.8000000119
18825  -12.712  -60.662  6.541 0.6999999881
19654  -13.502  -59.139  5.487 0.5000000000
21325  -13.829  -57.866  5.484 0.4000000060
22159  -14.679  -56.784  5.547 0.4000000060
22999  -14.873  -55.832  5.432 0.4000000060
113440  -16.489  -56.054  4.628 0.4000000060
17123  -13.303  -63.316  8.546 0.8000000119
17999  -14.823  -62.367  8.071 0.8000000119
18812  -13.442  -61.310  7.150 0.8000000119
18826  -13.838  -60.655  6.424 0.8000000119
19645  -14.660  -59.855  6.350 0.6000000238
20466  -15.356  -58.992  6.475 0.5000000000
21326  -15.286  -57.495  5.832 0.4000000060
22160  -15.525  -56.754  5.381 0.4000000060
16342  -13.344  -63.830  8.202 0.6999999881
130134  -13.631  -63.905  7.051 0.8000000119
17158  -15.073  -63.193  7.294 0.6999999881
17179  -15.891  -62.310  5.886 0.5000000000
20475  -16.019  -58.303  6.288 0.5000000000
21328  -16.629  -57.549  5.076 0.4000000060
22169  -16.613  -56.757  4.588 0.4000000060
17157  -14.140  -63.422  6.576 0.6000000238
131507  -15.059  -62.405  5.469 0.5000000000
18035  -15.942  -61.521  5.132 0.5000000000
18046  -15.721  -60.698  3.293 0.6000000238
18057  -15.253  -61.419  2.672 0.6000000238
18058  -15.908  -61.062  2.167 0.6000000238
19628  -9.605  -59.244  8.846 0.6000000238
20443  -8.895  -58.913  8.967 0.5000000000
22134  -10.651  -56.983  7.678 0.5000000000
22126  -11.043  -56.121  8.062 0.4000000060
22972  -11.737  -55.864  7.804 0.5000000000
22973  -12.490  -55.691  7.404 0.5000000000
22986  -13.556  -55.630  6.361 0.5000000000
23899  -14.592  -54.520  6.473 0.5000000000
125874  -15.201  -54.312  6.296 0.5000000000
118900  -15.750  -53.700  6.479 0.5000000000
23000  -15.565  -55.254  5.352 0.5000000000
23913  -17.442  -53.205  5.560 0.5000000000
18813  -14.656  -61.454  7.589 0.6999999881
18827  -15.272  -60.506  7.239 0.6000000238
18830  -17.202  -59.937  6.570 0.5000000000
20467  -16.334  -59.063  6.775 0.5000000000
23014  -16.807  -55.374  4.759 0.5000000000
113189  -18.158  -54.330  4.720 0.5000000000
17140  -14.715  -63.089  8.052 0.8000000119
17141  -15.565  -62.454  7.713 0.6999999881
17160  -16.404  -61.979  6.699 0.6000000238
19648  -17.181  -59.258  6.282 0.5000000000
20482  -16.879  -58.184  4.803 0.4000000060
21334  -16.826  -57.460  4.284 0.5000000000
23028  -17.775  -56.202  4.131 0.4000000060
23029  -18.462  -55.730  4.201 0.5000000000
127298  -16.604  -61.012  5.321 0.5000000000
18849  -16.965  -60.346  5.019 0.5000000000
19656  -17.288  -59.774  5.734 0.6000000238
19669  -16.920  -58.868  4.188 0.5000000000
20489  -17.428  -58.353  3.477 0.5000000000
128665  -19.020  -57.608  3.205 0.5000000000
18848  -16.049  -60.756  4.454 0.5000000000
19674  -16.907  -59.778  3.159 0.5000000000
128872  -16.921  -59.499  3.832 0.5000000000
20496  -17.881  -58.854  3.000 0.5000000000
18863  -16.388  -60.346  2.714 0.6000000238
19682  -18.043  -60.047  2.023 0.6000000238
21289  -8.594  -57.207  9.428 0.5000000000
22115  -9.271  -56.645  9.092 0.5000000000
22125  -10.349  -56.553  8.289 0.5000000000
22960  -11.334  -55.201  8.243 0.4000000060
22961  -12.061  -54.926  7.952 0.4000000060
22106  -8.865  -56.130  9.680 0.5000000000
22947  -10.205  -55.054  9.091 0.4000000060
23881  -12.842  -54.659  7.764 0.5000000000
23882  -13.535  -54.243  7.462 0.6000000238
23883  -14.296  -53.963  7.187 0.5000000000
24761  -15.067  -53.823  6.958 0.5000000000
24762  -15.818  -53.060  7.468 0.4000000060
24778  -17.290  -52.550  6.251 0.4000000060
25686  -17.912  -52.112  6.672 0.4000000060
23848  -10.539  -54.131  9.505 0.4000000060
22948  -10.887  -54.536  8.765 0.4000000060
23865  -11.653  -54.222  8.508 0.4000000060
23866  -12.421  -53.969  8.301 0.5000000000
23867  -13.174  -53.624  8.101 0.5000000000
24729  -14.279  -52.764  8.483 0.5000000000
24706  -12.214  -52.955  9.255 0.4000000060
24690  -13.991  -52.924  10.163 0.4000000060
111414  -14.166  -52.617  9.144 0.5000000000
25654  -15.095  -52.625  8.851 0.4000000060
25655  -15.988  -52.665  8.735 0.4000000060
25670  -16.969  -52.136  7.908 0.4000000060
124218  -18.127  -52.617  7.711 0.4000000060
23829  -10.153  -53.903  10.224 0.4000000060
23830  -10.946  -53.403  10.194 0.4000000060
23849  -11.347  -53.555  9.217 0.4000000060
24651  -11.502  -53.120  11.900 0.4000000060
23784  -12.252  -53.684  11.724 0.4000000060
24689  -12.860  -53.130  10.202 0.4000000060
23832  -13.464  -53.781  11.095 0.4000000060
23833  -14.346  -54.013  11.046 0.5000000000
24709  -15.526  -53.199  9.766 0.5000000000
24710  -16.285  -53.425  9.517 0.4000000060
24730  -16.888  -53.081  8.924 0.4000000060
23812  -14.519  -55.011  11.459 0.4000000060
122389  -16.008  -54.884  10.941 0.4000000060
23850  -16.758  -54.575  10.226 0.4000000060
24711  -17.167  -54.145  9.329 0.4000000060
24731  -17.528  -53.650  8.732 0.4000000060
25584  -10.900  -52.453  12.379 0.4000000060
24631  -11.974  -52.685  12.594 0.3000000119
23785  -12.929  -54.495  12.087 0.3000000119
22916  -13.662  -55.256  11.848 0.4000000060
25547  -12.787  -51.957  14.216 0.4000000060
24632  -12.867  -53.085  12.804 0.3000000119
24653  -13.155  -54.190  12.451 0.3000000119
23768  -13.887  -54.443  12.656 0.4000000060
23770  -15.773  -54.308  12.859 0.5000000000
22899  -16.677  -55.149  11.938 0.4000000060
22920  -17.113  -55.103  11.372 0.4000000060
22921  -17.943  -55.128  11.213 0.4000000060
23853  -19.419  -54.814  9.276 0.3000000119
24618  -15.832  -52.951  14.077 0.5000000000
24636  -16.338  -53.562  13.491 0.5000000000
23790  -17.231  -54.712  12.474 0.4000000060
129630  -18.309  -54.833  11.716 0.4000000060
23813  -18.760  -54.907  11.190 0.3000000119
25567  -12.477  -52.096  13.344 0.4000000060
25531  -12.952  -52.235  15.100 0.4000000060
25548  -13.546  -52.341  14.386 0.4000000060
24617  -14.908  -52.852  13.874 0.5000000000
24635  -15.348  -53.578  13.362 0.5000000000
25532  -13.789  -52.409  15.268 0.4000000060
25550  -15.300  -52.604  14.721 0.5000000000
25551  -16.165  -52.677  14.830 0.5000000000
24619  -16.919  -52.947  14.324 0.4000000060
114019  -18.106  -53.462  13.542 0.4000000060
130560  -18.906  -54.541  11.871 0.3000000119
25513  -16.817  -52.320  16.454 0.3000000119
116148  -17.574  -52.093  15.773 0.3000000119
25552  -17.749  -52.420  14.870 0.3000000119
25546  -12.004  -51.375  13.957 0.4000000060
25510  -14.097  -52.504  16.163 0.3000000119
120878  -15.436  -52.468  17.249 0.4000000060
25569  -18.945  -52.129  13.544 0.3000000119
115834  -13.475  -52.521  16.844 0.3000000119
25472  -14.552  -52.110  18.763 0.3000000119
119760  -15.362  -71.246  -5.742 0.6000000238
114863  -16.008  -69.274  -4.547 0.5000000000
15677  -12.971  -64.884  2.232 0.6000000238
16402  -11.121  -63.557  1.581 0.6000000238
121930  -16.870  -80.115  7.674 0.5000000000
6610  -17.549  -77.665  7.499 0.6000000238
7854  -16.199  -74.875  2.989 0.5000000000
6601  -18.285  -78.135  7.961 0.6999999881
6075  -19.190  -78.689  6.050 0.6999999881
6619  -19.566  -77.944  6.310 0.6999999881
8458  -18.331  -74.542  6.126 0.6999999881
6612  -20.068  -77.135  7.110 0.6999999881
6604  -20.090  -76.548  7.657 0.6999999881
10738  -16.842  -71.775  -2.260 0.5000000000
111397  -20.294  -76.448  3.101 0.6999999881
9196  -19.115  -73.658  3.388 0.6999999881
8459  -19.007  -74.109  5.838 0.6999999881
115383  -21.039  -76.373  3.144 0.6999999881
9137  -21.416  -73.827  6.440 0.6999999881
11430  -16.076  -71.363  -5.989 0.6000000238
7247  -22.291  -76.425  1.924 0.6999999881
9197  -20.426  -73.485  3.507 0.6000000238
9156  -22.460  -73.713  5.421 0.6000000238
7819  -23.837  -75.682  6.453 0.5000000000
12089  -12.814  -69.517  -4.125 0.6999999881
114376  -21.236  -73.346  4.084 0.6000000238
7299  -23.535  -76.726  -1.837 0.6000000238
115544  -21.967  -77.700  -2.572 0.6000000238
130489  -23.375  -74.001  4.422 0.5000000000
112715  -25.477  -74.680  3.441 0.5000000000
6728  -24.293  -77.243  -1.850 0.5000000000
12779  -13.480  -69.160  -3.707 0.6000000238
12085  -11.461  -69.380  -3.068 0.6999999881
11433  -19.312  -70.673  -5.921 0.6000000238
9256  -20.856  -73.400  1.130 0.5000000000
9217  -21.740  -73.519  2.727 0.5000000000
9218  -22.499  -73.692  2.898 0.5000000000
9201  -23.974  -74.225  3.122 0.5000000000
5100  -22.650  -79.964  -1.225 0.6000000238
115367  -24.017  -79.201  -2.760 0.6000000238
6165  -25.149  -79.478  -2.527 0.5000000000
14244  -12.204  -65.948  -0.567 0.6000000238
15734  -21.618  -63.602  -2.633 0.5000000000
15610  -4.772  -64.846  5.850 0.6000000238
13412  -4.768  -67.435  2.318 0.6000000238
9341  -22.342  -72.893  -3.575 0.6000000238
14894  -5.078  -64.487  5.127 0.6000000238
12692  -10.985  -68.814  3.811 0.8000000119
15658  -5.988  -64.516  3.819 0.6000000238
13516  -23.133  -66.873  -5.209 0.6000000238
14939  -6.917  -65.048  2.317 0.6000000238
12111  -23.564  -69.413  -6.117 0.6000000238
13393  -10.966  -67.414  5.100 0.8000000119
15744  -23.799  -64.422  -3.496 0.6000000238
14921  -8.282  -65.157  3.338 0.6999999881
16394  -9.081  -63.673  3.177 0.6000000238
17205  -11.139  -62.541  3.240 0.6000000238
128066  -11.565  -65.252  2.478 0.6999999881
17215  -11.593  -62.645  2.236 0.6000000238
111535  -14.713  -64.588  1.999 0.5000000000
17176  -13.328  -62.788  5.757 0.5000000000
17216  -12.539  -62.589  1.900 0.6000000238
16417  -16.140  -63.810  1.155 0.5000000000
19613  -12.468  -58.940  10.600 0.6999999881
124695  -13.187  -59.264  10.720 0.6000000238
123823  -11.374  -60.013  7.874 0.6999999881
18811  -12.875  -61.471  7.595 0.8000000119
116202  -12.986  -60.169  5.794 0.6000000238
21298  -9.398  -58.027  8.196 0.6000000238
22158  -13.846  -57.005  5.557 0.5000000000
20472  -13.062  -58.507  5.455 0.5000000000
22177  -17.787  -56.836  3.819 0.5000000000
22124  -9.666  -57.112  8.544 0.5000000000
23912  -16.295  -54.768  5.228 0.5000000000
18815  -16.422  -61.000  7.652 0.6000000238
122320  -17.087  -60.641  6.142 0.6000000238
19675  -17.607  -59.572  2.766 0.5000000000
22946  -9.535  -55.598  9.389 0.5000000000
24747  -14.913  -53.274  7.944 0.5000000000
24728  -13.557  -52.805  8.543 0.6000000238
24650  -10.280  -53.047  11.548 0.4000000060
24671  -11.159  -53.302  11.158 0.4000000060
24688  -11.856  -53.230  10.191 0.4000000060
24652  -12.434  -53.681  12.244 0.3000000119
23831  -12.675  -53.687  11.179 0.4000000060
23834  -15.177  -54.544  11.001 0.5000000000
24692  -15.809  -54.092  10.294 0.4000000060
22897  -14.612  -55.473  12.011 0.4000000060
22918  -15.178  -55.238  11.639 0.4000000060
23851  -17.708  -54.888  9.841 0.4000000060
23869  -18.805  -54.756  8.640 0.4000000060
24633  -13.626  -53.419  13.012 0.3000000119
24634  -14.429  -53.559  13.207 0.5000000000
23769  -14.786  -54.418  12.775 0.4000000060
23771  -16.774  -54.211  12.976 0.5000000000
23788  -15.180  -55.101  12.325 0.4000000060
23852  -18.600  -55.008  9.559 0.4000000060
24620  -17.928  -52.911  14.070 0.5000000000
24637  -17.310  -53.552  13.578 0.4000000060
23791  -18.306  -54.482  12.431 0.4000000060
25533  -14.732  -52.505  15.455 0.5000000000
25511  -15.077  -52.560  16.389 0.5000000000
25534  -15.856  -52.585  15.706 0.4000000060
25553  -18.515  -52.068  14.300 0.4000000060
127249  -15.929  -52.499  16.651 0.4000000060
25489  -13.838  -52.536  17.710 0.3000000119
25473  -15.348  -51.898  18.453 0.3000000119
25491  -15.807  -52.159  17.845 0.3000000119
3581  -21.799  -83.242  1.096 0.5000000000
3573  -21.588  -82.707  2.152 0.5000000000
109026  -22.766  -83.650  3.393 0.5000000000
3549  -22.397  -82.570  3.606 0.5000000000
3550  -22.871  -83.073  4.314 0.5000000000
3535  -22.768  -82.251  4.186 0.5000000000
4007  -23.764  -82.490  5.735 0.6000000238
4065  -21.050  -82.536  0.660 0.5000000000
118647  -21.103  -82.411  1.542 0.5000000000
4043  -21.681  -82.035  3.075 0.5000000000
122677  -22.261  -81.828  3.663 0.5000000000
4008  -24.367  -82.116  6.306 0.6000000238
4022  -23.395  -82.278  4.563 0.6000000238
4079  -21.002  -82.594  -0.347 0.4000000060
6169  -19.284  -77.973  -3.970 0.4000000060
5632  -19.795  -79.214  -3.266 0.4000000060
4600  -20.748  -80.719  -3.280 0.5000000000
4593  -20.326  -80.997  -2.162 0.5000000000
4089  -20.686  -81.818  -1.762 0.5000000000
4587  -20.073  -81.130  -1.155 0.5000000000
5099  -19.771  -80.465  -1.557 0.5000000000
4090  -21.112  -82.546  -1.344 0.5000000000
4579  -19.846  -80.992  -0.076 0.5000000000
4501  -25.116  -81.786  6.504 0.6000000238
3996  -26.357  -81.970  6.504 0.6000000238
115365  -20.405  -81.805  0.330 0.5000000000
4054  -20.961  -81.668  2.271 0.5000000000
5072  -20.474  -80.250  1.664 0.5000000000
4009  -24.887  -81.672  5.904 0.6000000238
4548  -21.463  -81.157  2.839 0.5000000000
4540  -23.021  -81.667  3.799 0.6000000238
4033  -24.040  -82.176  4.286 0.6000000238
109075  -26.202  -81.092  5.728 0.6000000238
4034  -25.060  -82.209  3.861 0.6000000238
112101  -26.407  -81.054  4.898 0.6000000238
4527  -26.937  -80.860  5.318 0.6999999881
4541  -25.749  -81.649  4.361 0.6000000238
4542  -26.713  -81.356  3.849 0.6999999881
7295  -18.549  -75.922  -2.136 0.6000000238
7313  -18.815  -76.064  -2.885 0.6000000238
116845  -19.972  -75.857  -1.523 0.6000000238
6748  -19.052  -77.284  -3.577 0.5000000000
6160  -19.439  -77.570  -3.145 0.5000000000
6725  -19.942  -77.112  -2.753 0.6000000238
5105  -19.824  -80.004  -2.515 0.5000000000
130156  -19.486  -78.237  -2.710 0.5000000000
5620  -19.585  -78.925  -1.178 0.5000000000
5092  -19.625  -80.278  -0.651 0.5000000000
5091  -19.621  -79.501  -0.449 0.5000000000
4571  -20.029  -80.763  1.030 0.5000000000
3537  -27.069  -83.401  5.308 0.6999999881
3997  -27.149  -81.961  6.225 0.6000000238
3523  -28.295  -82.378  5.158 0.8000000119
5057  -21.594  -80.441  2.546 0.5000000000
4563  -22.320  -80.587  2.529 0.5000000000
4550  -22.710  -81.165  3.126 0.6000000238
4514  -27.342  -81.381  5.915 0.6999999881
4515  -28.015  -81.236  5.314 0.6999999881
128906  -27.573  -80.998  3.795 0.6999999881
4045  -25.252  -82.539  2.897 0.6000000238
4035  -25.913  -82.104  3.390 0.6000000238
4058  -26.415  -82.611  1.689 0.6999999881
4552  -27.455  -81.269  2.994 0.6999999881
131278  -28.237  -80.898  2.663 0.6000000238
7294  -17.801  -76.574  -1.888 0.5000000000
120647  -19.052  -75.672  -1.409 0.6000000238
7297  -20.152  -76.108  -2.238 0.6000000238
127137  -19.845  -78.472  -1.194 0.6000000238
5600  -20.023  -79.295  0.531 0.5000000000
5601  -20.775  -79.257  0.570 0.6000000238
3538  -27.880  -83.174  4.898 0.6999999881
5587  -20.606  -79.651  1.242 0.5000000000
5602  -21.498  -79.456  0.408 0.5000000000
3539  -28.688  -82.754  4.411 0.5000000000
3562  -29.176  -83.596  2.349 0.6000000238
5073  -21.110  -79.918  2.002 0.6000000238
4564  -23.187  -81.231  2.296 0.5000000000
4025  -28.947  -82.013  4.651 0.6000000238
4056  -23.728  -81.999  2.368 0.5000000000
5037  -27.647  -80.883  4.958 0.6999999881
5039  -28.861  -80.940  4.171 0.6000000238
111591  -24.425  -82.463  2.357 0.5000000000
5049  -28.748  -80.760  3.595 0.6000000238
5076  -29.497  -80.725  1.981 0.6000000238
4068  -25.783  -83.075  1.007 0.5000000000
4069  -26.796  -82.812  0.869 0.6000000238
4565  -28.187  -81.422  1.352 0.5000000000
4082  -27.910  -82.725  -0.403 0.5000000000
4582  -30.390  -81.517  -0.547 0.5000000000
128343  -18.511  -76.763  0.635 0.6000000238
7260  -18.929  -76.259  0.106 0.6000000238
112638  -18.246  -77.513  1.202 0.4000000060
5613  -21.828  -79.402  -0.894 0.5000000000
3553  -29.550  -82.801  2.965 0.6000000238
5085  -22.052  -79.845  1.139 0.5000000000
4036  -29.427  -82.295  3.808 0.5000000000
4055  -23.906  -82.168  1.631 0.5000000000
4543  -29.880  -81.484  3.073 0.5000000000
4038  -30.314  -81.828  2.493 0.5000000000
3563  -30.103  -83.159  1.970 0.5000000000
118137  -24.722  -82.973  0.239 0.5000000000
5060  -29.751  -80.828  2.603 0.5000000000
5061  -30.095  -80.867  1.902 0.5000000000
3583  -25.333  -83.262  0.215 0.6000000238
3594  -25.729  -83.537  -0.860 0.6000000238
4566  -29.085  -80.926  1.285 0.5000000000
4574  -30.158  -81.222  0.348 0.6000000238
3595  -26.915  -83.424  -0.945 0.6000000238
4092  -28.041  -83.212  -1.560 0.5000000000
6103  -18.357  -78.336  2.746 0.4000000060
4580  -23.438  -81.216  -0.085 0.5000000000
3564  -30.859  -82.998  1.167 0.5000000000
4080  -23.850  -81.940  0.053 0.5000000000
4081  -24.435  -82.621  -0.447 0.5000000000
4567  -30.464  -81.380  1.338 0.5000000000
3587  -31.932  -83.154  0.462 0.5000000000
3588  -32.713  -82.978  0.578 0.5000000000
4050  -33.991  -82.655  1.910 0.5000000000
115969  -34.531  -81.365  3.834 0.5000000000
4091  -25.104  -82.965  -2.103 0.6000000238
3600  -25.671  -83.489  -1.922 0.6000000238
4575  -30.926  -81.676  0.249 0.5000000000
3609  -26.924  -83.597  -2.691 0.6000000238
4097  -32.244  -81.610  -1.099 0.5000000000
3610  -27.528  -83.358  -3.055 0.5000000000
112548  -29.019  -82.543  -3.331 0.5000000000
5645  -24.622  -80.546  -3.331 0.5000000000
4072  -31.661  -82.503  0.105 0.5000000000
3589  -33.418  -82.474  0.640 0.5000000000
4060  -33.927  -82.226  1.114 0.5000000000
4557  -34.428  -81.473  2.343 0.5000000000
5107  -24.278  -80.981  -3.330 0.5000000000
4610  -25.180  -81.381  -3.775 0.6000000238
4073  -32.266  -82.357  -0.078 0.5000000000
4074  -33.074  -82.211  0.037 0.5000000000
5079  -34.289  -81.026  1.868 0.5000000000
5050  -34.446  -80.691  3.693 0.5000000000
5041  -35.371  -80.211  4.992 0.5000000000
3615  -27.071  -83.373  -3.305 0.5000000000
4086  -32.005  -81.951  -0.852 0.5000000000
5095  -32.768  -80.840  -0.606 0.5000000000
5646  -25.434  -80.820  -3.544 0.5000000000
5578  -33.195  -79.750  2.465 0.5000000000
5062  -33.862  -80.559  2.062 0.5000000000
5579  -33.858  -80.140  3.004 0.5000000000
5556  -35.742  -79.409  4.827 0.4000000060
5568  -33.352  -79.142  3.457 0.4000000060
9335  -14.001  -73.084  -4.474 0.4000000060
16350  -5.530  -63.408  7.762 0.5000000000
17086  -7.430  -62.765  10.706 0.5000000000
126138  -6.530  -62.448  9.304 0.5000000000
17076  -9.513  -61.944  11.875 0.5000000000
17087  -8.159  -62.345  11.218 0.5000000000
16339  -5.805  -63.199  8.619 0.5000000000
19599  -11.747  -58.921  11.381 0.5000000000
19598  -10.486  -59.280  11.243 0.5000000000
19619  -9.239  -59.207  9.523 0.5000000000
4588  -23.843  -81.333  -1.759 0.5000000000
4581  -23.884  -81.807  -0.801 0.5000000000
4023  -24.189  -82.057  5.411 0.6000000238
4539  -22.435  -81.394  3.517 0.6000000238
4024  -24.929  -81.904  4.919 0.6000000238
4551  -23.555  -81.836  3.166 0.6000000238
128234  -26.632  -81.828  2.982 0.6999999881
7314  -19.497  -76.251  -2.717 0.6000000238
5075  -22.617  -80.469  1.668 0.5000000000
4057  -25.430  -82.779  1.927 0.6000000238
4059  -27.343  -82.089  1.485 0.6000000238
4070  -27.813  -82.215  0.626 0.6000000238
3551  -28.115  -83.536  3.913 0.6999999881
4572  -23.429  -81.425  0.976 0.5000000000
4067  -24.753  -82.940  1.168 0.5000000000
3584  -26.234  -83.280  0.076 0.6000000238
114825  -27.133  -82.994  0.087 0.6000000238
4583  -31.115  -81.717  -0.674 0.5000000000
4556  -30.256  -81.328  2.251 0.5000000000
110576  -31.163  -82.191  0.871 0.5000000000
3599  -24.985  -83.215  -1.216 0.5000000000
3603  -27.765  -83.423  -2.475 0.5000000000
110386  -24.445  -82.311  -1.734 0.5000000000
4103  -25.986  -83.289  -3.261 0.5000000000
4101  -24.846  -82.417  -2.873 0.5000000000
5078  -34.089  -80.887  1.124 0.5000000000
4585  -33.252  -81.386  -0.180 0.5000000000
4577  -33.812  -81.211  0.519 0.5000000000
5555  -34.846  -80.074  4.507 0.5000000000
5088  -33.324  -80.656  0.348 0.4000000060
114723  -34.696  -79.148  4.512 0.4000000060
3105  -31.497  -84.681  3.359 0.5000000000
2691  -31.093  -85.382  2.094 0.6000000238
3123  -31.309  -84.882  1.292 0.6000000238
2702  -30.838  -85.385  1.255 0.6000000238
2700  -29.674  -85.628  0.895 0.4000000060
3565  -32.627  -84.002  2.028 0.4000000060
3131  -31.015  -84.238  0.712 0.4000000060
3124  -32.000  -84.292  1.270 0.5000000000
2709  -30.782  -84.949  0.869 0.6000000238
3575  -30.350  -84.136  0.829 0.5000000000
3585  -30.902  -84.011  0.641 0.4000000060
3121  -29.057  -85.103  0.895 0.5000000000
3113  -28.582  -84.459  1.627 0.6000000238
3092  -27.097  -83.950  4.325 0.6000000238
3079  -26.245  -83.959  5.435 0.6000000238
3507  -25.971  -82.637  6.554 0.6000000238
3066  -24.944  -84.028  6.855 0.6000000238
3506  -25.161  -82.955  6.953 0.5000000000
3505  -24.432  -83.317  6.942 0.5000000000
3519  -23.491  -83.191  5.946 0.4000000060
3090  -23.174  -83.669  5.137 0.5000000000
5042  -36.316  -79.787  5.392 0.3000000119
3561  -22.225  -83.141  2.767 0.4000000060
16463  -24.609  -63.128  -2.655 0.4000000060
16472  -25.120  -63.978  -2.922 0.4000000060
15752  -24.267  -64.891  -3.986 0.5000000000
17231  -17.041  -62.468  0.851 0.5000000000
18071  -17.264  -61.564  1.058 0.5000000000
124267  -19.265  -62.416  0.577 0.5000000000
18880  -19.240  -61.073  0.352 0.4000000060
19683  -18.730  -59.745  1.635 0.4000000060
18060  -21.781  -61.483  2.650 0.4000000060
20504  -19.049  -59.065  2.080 0.4000000060
19685  -20.262  -59.146  0.635 0.4000000060
130689  -19.780  -59.839  0.536 0.4000000060
20497  -19.241  -58.254  2.594 0.4000000060
20505  -19.773  -58.687  1.660 0.4000000060
18883  -22.520  -60.396  0.767 0.4000000060
127279  -19.724  -57.423  2.806 0.4000000060
21355  -20.691  -57.615  1.650 0.4000000060
20513  -23.540  -58.469  0.215 0.4000000060
22179  -19.324  -56.828  3.495 0.4000000060
21349  -20.396  -57.159  2.247 0.4000000060
109165  -19.190  -56.000  3.949 0.4000000060
22185  -20.169  -56.671  2.957 0.4000000060
25697  -18.206  -52.600  5.793 0.3000000119
131978  -18.662  -53.566  4.767 0.4000000060
24732  -18.251  -53.801  8.214 0.3000000119
24764  -18.943  -52.930  6.678 0.3000000119
112611  -19.561  -53.121  5.061 0.3000000119
25698  -19.027  -52.810  5.556 0.3000000119
18073  -20.993  -62.037  0.868 0.4000000060
18874  -21.234  -61.325  0.711 0.4000000060
18881  -19.876  -60.535  0.350 0.4000000060
125677  -20.253  -61.458  0.503 0.4000000060
18882  -21.478  -60.435  0.419 0.4000000060
19692  -21.171  -59.489  0.077 0.4000000060
19677  -23.197  -60.118  2.069 0.4000000060
111490  -22.118  -59.685  0.237 0.4000000060
129890  -22.574  -58.381  -0.090 0.4000000060
119124  -20.549  -58.300  1.263 0.4000000060
3941  -37.676  -81.848  12.331 0.3000000119
3949  -37.461  -82.203  11.641 0.3000000119
3940  -36.947  -82.870  12.430 0.4000000060
3948  -36.934  -83.067  11.350 0.3000000119
3960  -37.201  -82.455  10.921 0.4000000060
3042  -35.833  -84.458  9.857 0.3000000119
3475  -36.449  -83.747  10.267 0.3000000119
3969  -36.429  -83.423  9.828 0.4000000060
2623  -35.278  -85.228  10.016 0.3000000119
3484  -36.230  -83.993  9.894 0.3000000119
3483  -35.965  -83.933  9.378 0.3000000119
2622  -34.617  -85.412  9.413 0.3000000119
3041  -35.331  -84.463  9.184 0.3000000119
3490  -35.068  -84.052  8.414 0.3000000119
2632  -34.091  -85.255  8.777 0.3000000119
2640  -33.536  -85.047  8.255 0.3000000119
3057  -33.827  -84.349  7.827 0.3000000119
2639  -32.723  -85.561  7.903 0.3000000119
3055  -32.046  -85.079  7.229 0.3000000119
3056  -32.958  -84.677  7.629 0.3000000119
2280  -31.907  -87.169  7.450 0.3000000119
2281  -32.548  -86.615  8.015 0.3000000119
2638  -32.005  -86.176  7.345 0.3000000119
3067  -31.522  -84.732  6.253 0.3000000119
2291  -31.405  -86.846  6.638 0.4000000060
111934  -36.750  -82.625  10.259 0.3000000119
3022  -36.146  -84.549  11.271 0.4000000060
3968  -36.019  -83.253  9.118 0.4000000060
3030  -35.717  -84.976  10.544 0.3000000119
3491  -35.517  -83.734  8.662 0.4000000060
117255  -33.994  -86.023  9.149 0.3000000119
3058  -34.495  -84.054  7.929 0.4000000060
125106  -33.447  -84.186  7.212 0.4000000060
2273  -33.636  -87.055  9.252 0.3000000119
3068  -32.492  -84.252  6.733 0.4000000060
117162  -32.354  -87.452  8.046 0.3000000119
2272  -32.930  -87.233  8.590 0.4000000060
129366  -31.296  -84.611  5.292 0.4000000060
2670  -30.569  -85.981  4.446 0.3000000119
1907  -32.488  -88.085  8.532 0.3000000119
4472  -37.578  -81.653  11.257 0.3000000119
4990  -37.830  -80.879  11.430 0.3000000119
4979  -38.137  -80.758  11.852 0.3000000119
4482  -36.323  -81.641  9.899 0.3000000119
3011  -35.161  -85.543  13.251 0.4000000060
4481  -35.782  -82.225  9.125 0.3000000119
4490  -35.101  -81.614  8.457 0.3000000119
2613  -35.287  -86.020  10.985 0.3000000119
3021  -35.680  -85.360  11.454 0.4000000060
3497  -35.119  -83.337  8.075 0.4000000060
3983  -34.731  -83.055  7.379 0.3000000119
3070  -34.415  -83.469  7.062 0.4000000060
2264  -34.233  -86.506  9.679 0.3000000119
1882  -34.328  -87.616  10.980 0.3000000119
109466  -33.542  -83.877  6.499 0.4000000060
3082  -33.668  -83.707  5.508 0.4000000060
127097  -34.005  -87.365  9.877 0.3000000119
1881  -33.681  -88.152  11.331 0.3000000119
3094  -32.558  -83.883  4.887 0.4000000060
3107  -33.016  -83.982  3.853 0.5000000000
1894  -33.973  -87.955  10.522 0.3000000119
3093  -31.596  -84.291  4.618 0.4000000060
119956  -32.058  -84.063  3.930 0.4000000060
3106  -32.363  -84.155  2.976 0.5000000000
1577  -31.479  -88.907  8.194 0.3000000119
4998  -36.807  -80.701  10.448 0.3000000119
112320  -37.958  -80.174  11.461 0.3000000119
2595  -34.841  -86.088  12.800 0.4000000060
4493  -34.612  -82.109  7.023 0.4000000060
128913  -34.447  -82.718  5.770 0.4000000060
2241  -34.505  -86.955  12.069 0.4000000060
3524  -34.147  -83.419  5.592 0.4000000060
3540  -34.022  -83.441  4.840 0.5000000000
3567  -34.011  -83.062  2.995 0.4000000060
2240  -33.985  -87.409  12.174 0.3000000119
3554  -33.245  -83.722  2.946 0.4000000060
124824  -33.494  -87.941  11.900 0.3000000119
3566  -33.390  -83.374  2.034 0.4000000060
3576  -32.706  -83.611  1.270 0.4000000060
1551  -33.321  -88.575  10.781 0.3000000119
1573  -32.475  -88.854  9.280 0.3000000119
1572  -31.798  -89.364  9.197 0.3000000119
4997  -35.512  -80.897  9.179 0.3000000119
2232  -34.112  -86.718  12.565 0.4000000060
4012  -34.504  -82.189  5.208 0.5000000000
4039  -34.412  -82.449  3.550 0.4000000060
120809  -33.618  -87.128  12.220 0.4000000060
2251  -32.284  -86.793  10.967 0.3000000119
122824  -32.999  -87.224  11.801 0.3000000119
2252  -32.755  -88.086  11.509 0.3000000119
1879  -32.363  -88.759  11.023 0.3000000119
1257  -31.137  -89.682  9.718 0.3000000119
1892  -32.013  -89.272  10.718 0.3000000119
4494  -34.828  -81.294  7.678 0.3000000119
4516  -34.582  -81.882  6.065 0.4000000060
4026  -34.452  -82.410  4.434 0.4000000060
2621  -31.560  -86.251  10.131 0.3000000119
121688  -31.876  -87.703  10.830 0.3000000119
2263  -31.413  -88.595  10.559 0.3000000119
122946  -31.397  -89.408  10.325 0.3000000119
2620  -30.884  -85.719  9.321 0.3000000119
2262  -30.468  -87.530  9.729 0.3000000119
114820  -31.069  -86.994  9.931 0.3000000119
113078  -30.444  -88.862  10.135 0.3000000119
131183  -35.900  -80.209  5.933 0.3000000119
4531  -34.777  -81.291  5.340 0.4000000060
2271  -29.825  -86.854  9.112 0.3000000119
1891  -29.001  -87.594  9.123 0.3000000119
126416  -37.398  -79.518  7.926 0.3000000119
5011  -36.304  -80.061  7.163 0.3000000119
5028  -35.500  -80.300  5.489 0.3000000119
5020  -36.645  -80.150  6.250 0.3000000119
5021  -37.629  -80.221  5.899 0.3000000119
18871  -17.729  -60.785  1.375 0.5000000000
23923  -18.891  -54.350  4.471 0.5000000000
125179  -19.643  -55.441  3.943 0.4000000060
18873  -19.105  -60.256  0.766 0.4000000060
3104  -28.314  -83.921  2.780 0.6000000238
3114  -29.500  -84.311  1.234 0.5000000000
126431  -31.512  -83.837  0.736 0.4000000060
4544  -34.511  -81.794  3.209 0.4000000060
111312  -34.526  -81.941  3.923 0.4000000060
130408  -34.941  -80.869  4.968 0.4000000060
16420  -19.396  -63.104  0.883 0.5000000000
17233  -20.206  -62.526  0.867 0.4000000060
18875  -22.120  -61.135  1.093 0.4000000060
3469  -36.521  -83.801  10.912 0.3000000119
2631  -33.379  -86.102  8.571 0.3000000119
111237  -35.820  -85.076  12.308 0.4000000060
3081  -32.790  -83.869  5.907 0.4000000060
115285  -35.332  -85.756  12.441 0.4000000060
130454  -34.939  -86.615  11.593 0.3000000119
129762  -34.617  -87.054  10.637 0.3000000119
3510  -34.344  -83.233  6.060 0.4000000060
1880  -33.045  -88.479  11.324 0.3000000119
3556  -34.236  -83.053  4.157 0.4000000060
1550  -32.564  -88.944  10.783 0.3000000119
2611  -32.638  -86.004  11.201 0.3000000119
5019  -35.598  -80.362  6.525 0.3000000119
2261  -29.707  -87.676  9.403 0.3000000119
3065  -24.230  -84.159  6.895 0.5000000000
2649  -24.430  -84.909  6.679 0.5000000000
2659  -25.074  -84.921  6.216 0.5000000000
2669  -26.057  -84.542  4.243 0.5000000000
3112  -27.576  -84.706  1.989 0.4000000060
5115  -25.276  -81.094  -3.720 0.4000000060
2690  -30.474  -85.881  1.663 0.5000000000
2680  -30.458  -86.087  2.599 0.3000000119
2310  -30.219  -86.785  4.222 0.3000000119
2681  -30.792  -85.527  3.380 0.4000000060
2301  -30.918  -86.495  5.818 0.3000000119
130319  -30.678  -86.236  5.200 0.3000000119
2601  -33.167  -86.423  11.902 0.3000000119
3020  -33.609  -85.386  12.374 0.3000000119
3009  -33.978  -85.956  12.888 0.3000000119
3460  -36.399  -84.015  12.068 0.3000000119
3467  -33.362  -84.290  11.697 0.3000000119
3458  -34.016  -84.914  12.999 0.3000000119
3010  -34.485  -85.744  13.198 0.3000000119
2998  -35.264  -84.986  13.958 0.3000000119
2999  -35.771  -84.576  13.902 0.3000000119
2984  -35.069  -84.623  14.340 0.3000000119
3459  -34.314  -83.745  13.190 0.3000000119
129196  -34.449  -84.664  13.582 0.3000000119
2997  -34.733  -85.119  13.750 0.3000000119
3439  -34.970  -83.933  14.640 0.3000000119
111105  -36.338  -84.007  13.266 0.3000000119
3926  -36.641  -83.214  13.599 0.3000000119
114545  -36.408  -83.561  14.519 0.3000000119
3441  -35.971  -84.055  15.048 0.3000000119
3089  -23.029  -84.197  4.198 0.3000000119
3120  -28.157  -85.243  1.027 0.5000000000
3102  -26.642  -84.705  3.025 0.4000000060
3091  -25.616  -84.738  5.295 0.5000000000
119571  -30.392  -86.243  3.537 0.3000000119
20499  -24.055  -59.076  1.393 0.3000000119
19687  -23.579  -59.488  0.920 0.3000000119
22187  -21.296  -56.129  2.117 0.3000000119
3077  -23.416  -84.221  5.960 0.4000000060
2290  -23.975  -86.276  6.320 0.4000000060
1612  -24.491  -88.211  1.607 0.4000000060
1938  -24.392  -87.523  3.990 0.4000000060
2317  -25.008  -86.422  3.164 0.4000000060
2678  -25.445  -85.796  3.063 0.4000000060
2679  -25.853  -85.078  3.379 0.4000000060
121206  -24.759  -86.209  5.380 0.4000000060
2299  -25.147  -85.535  5.342 0.4000000060
2668  -25.479  -85.234  4.239 0.4000000060
1314  -24.662  -89.752  1.694 0.3000000119
1323  -24.733  -88.522  1.529 0.4000000060
117786  -25.248  -86.543  1.925 0.4000000060
2298  -24.539  -85.763  6.138 0.4000000060
1603  -24.353  -87.799  2.503 0.4000000060
2308  -24.591  -86.835  4.879 0.4000000060
1322  -24.348  -89.453  1.550 0.3000000119
1954  -24.797  -87.459  1.691 0.4000000060
2316  -24.757  -87.083  2.805 0.4000000060
2309  -25.005  -86.081  4.282 0.4000000060
111165  -25.998  -85.431  2.418 0.4000000060
1304  -25.600  -89.616  2.643 0.3000000119
1315  -25.181  -88.977  1.611 0.3000000119
1955  -25.277  -87.318  1.225 0.3000000119
1613  -25.943  -88.541  1.673 0.3000000119
2335  -27.462  -86.766  0.915 0.3000000119
2698  -27.809  -85.968  0.811 0.3000000119
2323  -25.999  -86.035  1.413 0.3000000119
2336  -28.420  -86.607  0.978 0.3000000119
2338  -29.944  -86.254  1.368 0.3000000119
2699  -28.726  -85.852  0.863 0.3000000119
2688  -26.737  -85.395  1.738 0.3000000119
2689  -27.417  -85.474  1.155 0.3000000119
2600  -23.945  -84.783  11.068 0.3000000119
3018  -24.247  -84.012  11.375 0.3000000119
127043  -31.377  -84.207  9.329 0.3000000119
3956  -25.871  -82.183  10.447 0.3000000119
3964  -26.302  -82.772  9.895 0.3000000119
3973  -27.671  -82.360  8.980 0.3000000119
3974  -28.404  -82.606  8.662 0.3000000119
3975  -29.349  -82.289  8.586 0.3000000119
3976  -30.253  -82.753  8.691 0.3000000119
3481  -31.009  -83.423  8.965 0.3000000119
4475  -26.435  -81.848  9.949 0.3000000119
4476  -27.282  -81.629  9.321 0.3000000119
4486  -27.992  -81.893  8.860 0.3000000119
4487  -28.646  -81.693  8.673 0.3000000119
4488  -29.441  -81.415  8.644 0.3000000119
2333  -25.739  -86.769  1.198 0.3000000119
3027  -24.733  -84.477  10.631 0.3000000119
3480  -26.920  -83.469  9.368 0.3000000119
3473  -25.535  -82.999  10.509 0.3000000119
3479  -26.179  -83.634  9.835 0.3000000119
3965  -27.044  -82.538  9.383 0.3000000119
4993  -28.000  -80.224  9.200 0.3000000119
1565  -32.067  -89.344  10.154 0.3000000119
1566  -32.923  -88.829  10.099 0.3000000119
1578  -32.065  -88.690  8.558 0.3000000119
1620  -25.480  -88.045  1.336 0.3000000119
1872  -34.117  -87.658  11.741 0.3000000119
1906  -31.818  -88.054  7.812 0.3000000119
1963  -24.941  -87.867  1.328 0.4000000060
2233  -34.566  -86.475  12.513 0.4000000060
2242  -35.076  -86.260  12.034 0.4000000060
2253  -34.733  -86.996  11.219 0.3000000119
2265  -34.378  -87.152  10.259 0.3000000119
2334  -26.453  -86.679  1.008 0.3000000119
2337  -29.234  -86.467  1.146 0.3000000119
2594  -34.383  -86.200  12.804 0.4000000060
2602  -33.617  -86.239  12.368 0.4000000060
2612  -34.774  -86.319  10.268 0.3000000119
2647  -23.479  -85.805  6.308 0.4000000060
2648  -24.052  -85.573  6.569 0.4000000060
2650  -31.434  -85.807  6.494 0.3000000119
2660  -30.932  -85.498  5.429 0.3000000119
2671  -30.970  -84.962  4.412 0.4000000060
2697  -26.907  -85.999  0.921 0.3000000119
2701  -30.372  -85.561  1.026 0.6000000238
2708  -30.257  -85.150  0.788 0.6000000238
2985  -35.521  -84.443  14.414 0.3000000119
2986  -36.132  -84.140  14.234 0.3000000119
3012  -35.803  -84.807  13.208 0.3000000119
3031  -36.170  -84.308  10.434 0.3000000119
3049  -34.167  -84.601  8.356 0.3000000119
3050  -34.674  -84.582  8.701 0.3000000119
3069  -34.053  -83.884  7.168 0.4000000060
3078  -25.557  -84.262  6.137 0.5000000000
3080  -31.875  -84.086  5.679 0.4000000060
3095  -33.493  -83.728  4.594 0.5000000000
3103  -27.549  -84.154  3.232 0.6000000238
3115  -31.867  -84.638  2.041 0.6000000238
3122  -29.910  -84.923  0.742 0.6000000238
3130  -30.534  -84.654  0.737 0.5000000000
3132  -31.393  -84.379  0.920 0.5000000000
3133  -32.045  -83.803  0.781 0.4000000060
3449  -34.703  -84.446  14.023 0.3000000119
3472  -24.858  -83.579  10.922 0.3000000119
3496  -34.811  -83.626  7.900 0.4000000060
3504  -23.824  -83.711  6.620 0.4000000060
3508  -26.714  -82.435  6.268 0.6000000238
3509  -34.085  -83.587  6.321 0.4000000060
3520  -25.737  -83.499  6.432 0.6000000238
3521  -26.566  -83.135  6.038 0.6000000238
3522  -27.412  -82.635  5.719 0.6999999881
3525  -34.372  -83.025  5.149 0.4000000060
3536  -23.263  -82.763  5.009 0.6000000238
3552  -28.923  -83.143  3.451 0.6000000238
3555  -33.728  -83.521  3.908 0.4000000060
3577  -33.431  -82.952  1.211 0.5000000000
3586  -31.433  -83.339  0.576 0.5000000000
3593  -24.983  -83.253  -0.399 0.5000000000
3601  -26.398  -83.686  -1.900 0.6000000238
3602  -27.189  -83.604  -1.978 0.6000000238
3607  -26.172  -83.588  -2.672 0.6000000238
3608  -26.503  -83.428  -3.260 0.5000000000
3959  -36.755  -83.207  10.553 0.4000000060
3977  -35.484  -82.870  8.469 0.4000000060
3984  -34.881  -82.416  7.826 0.3000000119
3993  -23.985  -82.785  6.562 0.6000000238
3994  -24.707  -82.438  6.846 0.6000000238
3995  -25.494  -82.128  6.737 0.6000000238
3998  -34.506  -82.831  6.520 0.4000000060
4010  -27.837  -81.897  5.661 0.6999999881
4011  -28.431  -81.798  5.147 0.6999999881
4021  -22.713  -81.786  3.935 0.5000000000
4032  -21.940  -81.401  3.315 0.6000000238
4037  -29.996  -82.213  2.935 0.5000000000
4044  -24.463  -82.311  3.332 0.6000000238
4046  -26.109  -82.399  2.514 0.6000000238
4047  -26.987  -81.997  2.295 0.6999999881
4048  -30.444  -82.333  2.120 0.5000000000
4049  -30.666  -81.934  1.793 0.5000000000
4051  -34.371  -82.252  2.579 0.4000000060
4061  -34.297  -81.898  1.695 0.5000000000
4064  -20.563  -81.706  1.347 0.5000000000
4066  -24.186  -82.383  0.604 0.5000000000
4075  -33.687  -81.827  0.479 0.5000000000
4078  -20.464  -81.881  -0.732 0.5000000000
4085  -31.397  -81.710  -1.120 0.5000000000
4087  -32.625  -81.833  -0.553 0.5000000000
4102  -25.537  -83.159  -2.782 0.5000000000
4104  -28.330  -82.996  -3.074 0.5000000000
4112  -26.177  -83.035  -3.782 0.5000000000
4114  -27.676  -83.051  -3.769 0.5000000000
4115  -29.249  -82.304  -3.684 0.5000000000
4461  -37.888  -81.414  11.800 0.3000000119
4471  -37.129  -81.760  10.651 0.3000000119
4477  -27.999  -81.166  8.957 0.3000000119
4502  -25.996  -81.476  6.347 0.6000000238
4503  -26.736  -81.519  6.275 0.6999999881
4512  -25.526  -81.377  6.080 0.6000000238
4513  -26.741  -81.101  5.894 0.6999999881
4517  -35.077  -80.828  5.969 0.4000000060
4526  -25.593  -81.394  5.353 0.6000000238
4528  -27.253  -80.883  4.551 0.6999999881
4529  -28.703  -81.409  4.707 0.6000000238
4530  -29.340  -81.529  3.964 0.5000000000
4549  -22.060  -80.897  3.103 0.5000000000
4553  -27.797  -81.410  2.116 0.6999999881
4554  -28.631  -80.876  2.023 0.6000000238
4555  -29.340  -80.855  3.431 0.5000000000
4561  -20.511  -80.995  1.800 0.5000000000
4562  -20.904  -80.648  2.336 0.5000000000
4568  -34.153  -81.509  1.015 0.5000000000
4569  -34.300  -81.322  1.546 0.5000000000
4573  -29.358  -81.165  0.539 0.5000000000
4576  -31.638  -82.100  -0.499 0.5000000000
4584  -32.585  -81.266  -0.886 0.5000000000
4595  -24.236  -81.539  -2.822 0.5000000000
4602  -24.813  -81.635  -3.518 0.6000000238
4980  -38.189  -80.168  11.854 0.3000000119
4989  -37.491  -80.105  10.895 0.3000000119
5009  -17.637  -79.938  7.755 0.5000000000
5017  -17.144  -80.622  7.408 0.5000000000
5027  -27.315  -80.989  5.505 0.6999999881
5029  -36.633  -80.013  5.726 0.3000000119
5038  -28.296  -81.006  4.683 0.6999999881
5040  -34.716  -80.842  4.451 0.4000000060
5048  -28.130  -80.886  4.187 0.6999999881
5058  -28.230  -80.799  3.357 0.6999999881
5059  -28.966  -80.621  2.826 0.6000000238
5063  -34.301  -80.819  2.719 0.5000000000
5074  -21.807  -79.954  2.014 0.6000000238
5077  -30.001  -80.844  1.191 0.6000000238
5083  -19.736  -79.392  0.070 0.5000000000
5084  -19.689  -79.976  0.312 0.5000000000
5086  -22.836  -80.521  0.571 0.5000000000
5087  -30.389  -81.215  0.821 0.6000000238
5098  -19.543  -79.689  -1.374 0.5000000000
5101  -23.305  -80.581  -1.559 0.6000000238
5113  -24.255  -80.447  -3.207 0.6000000238
5114  -24.608  -80.966  -3.527 0.5000000000
5527  -18.209  -79.558  7.549 0.6000000238
5535  -37.580  -80.074  6.684 0.3000000119
5569  -34.185  -79.829  3.875 0.5000000000
5588  -21.305  -79.606  1.358 0.6000000238
5591  -33.341  -80.201  1.400 0.5000000000
5610  -19.806  -78.882  -0.329 0.5000000000
5611  -20.328  -78.859  -0.043 0.6999999881
5621  -21.682  -78.642  -1.939 0.6000000238
5622  -22.496  -79.210  -1.992 0.6000000238
5631  -19.497  -78.938  -2.295 0.5000000000
5634  -23.891  -79.744  -2.808 0.6000000238
5635  -24.677  -79.903  -3.029 0.6000000238
5643  -19.532  -78.454  -3.503 0.4000000060
6061  -19.210  -78.075  7.692 0.6999999881
6065  -16.814  -79.073  7.505 0.5000000000
6066  -17.558  -78.685  7.804 0.5000000000
6067  -18.834  -79.187  7.011 0.6999999881
6081  -18.759  -79.079  5.240 0.6999999881
6092  -19.011  -78.006  4.058 0.6999999881
6094  -33.917  -78.954  4.189 0.4000000060
6114  -18.320  -78.050  2.044 0.6999999881
6149  -19.656  -78.146  -2.120 0.6000000238
6150  -20.138  -77.777  -1.944 0.6000000238
6152  -24.650  -78.338  -2.104 0.5000000000
6161  -22.279  -77.079  -2.647 0.6000000238
6597  -19.089  -77.101  8.227 0.6999999881
6611  -19.631  -77.788  7.157 0.6999999881
6617  -16.638  -77.479  5.810 0.6000000238
6618  -17.139  -77.260  6.640 0.6000000238
6620  -19.910  -77.425  6.485 0.6999999881
6621  -24.742  -77.046  5.350 0.5000000000
6623  -25.943  -76.976  5.016 0.5000000000
6631  -25.015  -77.346  4.804 0.4000000060
6644  -24.311  -77.126  4.468 0.5000000000
6675  -19.144  -76.636  1.741 0.6999999881
6694  -18.075  -77.367  0.233 0.4000000060
6712  -18.389  -76.576  -0.248 0.6000000238
6738  -19.479  -76.841  -2.980 0.6000000238
6740  -21.380  -77.007  -2.585 0.6999999881
6741  -23.169  -77.330  -2.459 0.6000000238
6742  -23.890  -77.697  -2.351 0.6000000238
7169  -19.460  -76.532  8.104 0.6999999881
7170  -20.769  -75.832  7.411 0.6999999881
7178  -23.448  -76.173  6.301 0.6999999881
7179  -24.319  -76.262  6.159 0.5000000000
7180  -25.003  -76.181  6.051 0.5000000000
7189  -21.098  -76.546  6.032 0.6999999881
7193  -25.445  -76.576  5.528 0.5000000000
7198  -16.764  -76.115  4.369 0.5000000000
7202  -21.881  -76.474  5.379 0.6999999881
7203  -22.667  -76.657  4.760 0.6999999881
7217  -21.545  -76.425  3.542 0.6999999881
7219  -23.413  -76.847  4.155 0.6000000238
7233  -22.805  -76.499  2.684 0.6999999881
7245  -19.780  -76.342  1.259 0.6999999881
7262  -20.452  -76.280  0.568 0.6999999881
7263  -22.023  -76.403  0.240 0.6999999881
7278  -18.371  -76.180  -1.175 0.6000000238
7279  -19.399  -75.936  -0.585 0.6000000238
7283  -23.377  -76.504  -0.914 0.6000000238
7284  -24.102  -76.734  -1.193 0.6000000238
7296  -19.365  -75.774  -2.263 0.6000000238
7315  -21.041  -76.428  -2.223 0.6999999881
7316  -21.993  -76.723  -2.276 0.6999999881
7327  -18.977  -76.633  -3.269 0.5000000000
7811  -21.242  -75.173  7.484 0.6999999881
7816  -18.517  -74.954  6.941 0.6999999881
7825  -26.038  -76.376  5.172 0.5000000000
7832  -16.873  -75.103  4.582 0.6999999881
7833  -17.302  -75.065  5.225 0.6999999881
7834  -25.910  -75.644  5.077 0.5000000000
7835  -26.607  -76.141  4.559 0.5000000000
7864  -15.827  -75.699  1.319 0.5000000000
7880  -16.024  -75.070  0.097 0.5000000000
8435  -19.239  -74.813  7.397 0.6999999881
8436  -19.948  -74.767  7.591 0.6999999881
8444  -20.667  -73.945  6.629 0.6999999881
8445  -21.853  -74.392  6.953 0.6000000238
8446  -22.589  -74.698  6.766 0.6000000238
8447  -23.430  -74.966  6.447 0.6000000238
8457  -18.021  -75.076  6.340 0.6999999881
8462  -23.772  -74.606  5.769 0.6000000238
8478  -18.018  -74.210  5.270 0.6999999881
8479  -23.959  -74.336  4.916 0.5000000000
8480  -24.666  -74.555  4.519 0.5000000000
8507  -16.024  -73.913  2.505 0.6000000238
8531  -15.698  -73.459  0.143 0.6000000238
9153  -19.575  -73.857  5.142 0.6999999881
9154  -20.871  -73.570  5.805 0.6999999881
9171  -16.960  -73.753  4.268 0.6999999881
9174  -20.342  -73.630  5.065 0.6000000238
9176  -21.870  -73.409  4.702 0.6000000238
9177  -22.686  -73.672  4.489 0.5000000000
9194  -17.097  -73.463  3.840 0.6999999881
9198  -21.277  -73.411  3.319 0.6000000238
9200  -23.105  -73.851  3.585 0.5000000000
9214  -16.713  -73.294  3.268 0.6999999881
9220  -24.188  -74.185  2.216 0.6000000238
9233  -15.961  -73.064  2.039 0.6000000238
9234  -18.830  -73.443  1.327 0.6999999881
9237  -21.354  -73.462  1.895 0.6000000238
9253  -15.716  -73.163  1.131 0.6000000238
9254  -19.207  -73.494  0.486 0.6000000238
9255  -19.912  -73.484  1.154 0.6000000238
9273  -15.469  -72.760  -0.277 0.6000000238
9277  -21.626  -73.662  -0.385 0.5000000000
9278  -22.619  -73.861  -0.538 0.6000000238
9289  -19.156  -73.609  -1.295 0.6000000238
9290  -20.297  -73.666  -1.167 0.5000000000
9291  -22.434  -73.900  -2.169 0.6000000238
9309  -21.933  -73.869  -2.792 0.5000000000
9310  -22.475  -73.734  -2.911 0.6000000238
9323  -20.000  -73.883  -3.852 0.5000000000
9324  -21.895  -73.740  -3.426 0.6000000238
9336  -18.274  -73.572  -4.772 0.6000000238
9337  -19.383  -73.679  -4.765 0.5000000000
9339  -21.084  -73.249  -4.595 0.6000000238
9348  -18.903  -73.443  -5.481 0.5000000000
9349  -19.798  -73.377  -5.432 0.5000000000
9350  -20.542  -73.131  -5.409 0.6000000238
9351  -21.260  -72.649  -4.795 0.6000000238
9991  -17.028  -72.696  2.303 0.6999999881
10003  -17.894  -72.935  1.412 0.6999999881
10014  -17.396  -72.151  0.879 0.6999999881
10025  -15.483  -71.897  -0.316 0.6000000238
10026  -17.479  -71.649  -0.397 0.6999999881
10027  -17.901  -72.649  -0.229 0.6999999881
10039  -15.064  -71.575  -1.354 0.6000000238
10040  -17.549  -72.443  -2.044 0.6000000238
10041  -18.072  -72.980  -1.461 0.6000000238
10052  -23.352  -72.626  -2.511 0.5000000000
10057  -14.392  -72.352  -3.908 0.5000000000
10058  -16.334  -72.610  -4.983 0.6000000238
10068  -13.075  -72.742  -4.884 0.5000000000
10069  -13.612  -72.604  -4.710 0.5000000000
10072  -17.378  -73.117  -5.316 0.6000000238
10073  -21.929  -72.324  -4.286 0.6000000238
10085  -20.187  -73.201  -5.888 0.5000000000
10087  -21.558  -71.956  -5.086 0.6000000238
10088  -22.390  -71.447  -4.665 0.6000000238
10093  -19.771  -73.014  -6.138 0.5000000000
10095  -21.146  -72.480  -5.994 0.6000000238
10096  -21.491  -71.915  -5.756 0.6000000238
10699  -16.802  -71.905  1.002 0.6000000238
10707  -16.362  -71.544  0.438 0.6000000238
10716  -15.888  -71.421  -0.027 0.6000000238
10718  -16.899  -71.056  -0.663 0.6000000238
10726  -17.369  -71.671  -1.288 0.5000000000
10736  -15.117  -71.473  -3.259 0.6000000238
10737  -15.781  -71.397  -2.604 0.6000000238
10746  -14.483  -71.962  -4.341 0.5000000000
10747  -14.887  -71.778  -4.177 0.6000000238
10759  -12.797  -71.915  -5.111 0.6000000238
10761  -13.927  -71.952  -4.787 0.5000000000
10774  -13.326  -71.335  -5.221 0.6000000238
10777  -16.383  -72.138  -6.083 0.6000000238
10780  -19.995  -71.391  -6.223 0.6000000238
10788  -19.806  -72.299  -6.269 0.5000000000
10789  -20.705  -72.019  -6.231 0.6000000238
10792  -22.805  -70.695  -5.597 0.6000000238
11421  -15.869  -70.320  -5.388 0.6000000238
11423  -17.846  -70.235  -5.542 0.6000000238
11429  -14.906  -70.678  -5.464 0.6000000238
11431  -17.162  -71.386  -6.107 0.6000000238
11435  -21.196  -70.352  -6.024 0.6000000238
11440  -21.751  -70.942  -6.093 0.6000000238
11443  -24.332  -69.794  -5.891 0.5000000000
11996  -11.777  -68.692  5.289 0.6999999881
12019  -12.012  -69.224  4.764 0.8000000119
12021  -13.907  -69.548  4.408 0.6000000238
12022  -14.646  -69.490  4.284 0.6000000238
12035  -11.620  -69.236  4.151 0.8000000119
12037  -13.331  -69.407  3.803 0.6000000238
12045  -11.880  -69.140  3.423 0.8000000119
12047  -13.650  -68.980  3.081 0.8000000119
12048  -14.330  -68.840  2.949 0.8000000119
12084  -10.659  -69.682  -3.256 0.6000000238
12088  -11.185  -69.661  -4.207 0.6999999881
12090  -14.144  -69.597  -4.702 0.6000000238
12092  -15.191  -69.731  -4.969 0.5000000000
12100  -13.765  -70.052  -5.064 0.6000000238
12103  -19.664  -69.804  -5.351 0.6000000238
12105  -22.180  -69.311  -5.784 0.6000000238
12110  -22.783  -69.879  -6.049 0.6000000238
12664  -12.328  -68.572  5.762 0.6000000238
12690  -9.614  -67.433  3.959 0.8000000119
12691  -10.524  -68.188  4.593 0.8000000119
12694  -16.638  -68.747  3.378 0.6000000238
12708  -10.133  -68.103  3.667 0.8000000119
12710  -13.151  -68.589  2.585 0.8000000119
12712  -14.708  -68.460  2.577 0.6999999881
12713  -15.455  -68.494  2.674 0.6999999881
12715  -17.935  -68.186  2.681 0.5000000000
12732  -15.160  -67.991  2.192 0.8000000119
12741  -6.025  -68.722  0.154 0.6000000238
12747  -8.187  -68.275  -1.170 0.6000000238
12751  -7.952  -68.990  -1.435 0.5000000000
12757  -9.097  -69.405  -1.947 0.5000000000
12758  -10.381  -69.010  -1.987 0.6000000238
12760  -12.373  -68.661  -2.391 0.6999999881
12761  -13.164  -68.455  -2.382 0.6000000238
12765  -10.220  -69.585  -2.491 0.6999999881
12767  -12.109  -69.154  -2.853 0.6000000238
12769  -13.850  -68.646  -3.049 0.6000000238
12771  -15.763  -68.486  -3.309 0.6000000238
12772  -16.591  -68.401  -3.382 0.6000000238
12774  -17.931  -68.286  -3.985 0.5000000000
12778  -12.065  -69.400  -3.627 0.6999999881
12780  -14.262  -69.095  -3.978 0.5000000000
12781  -15.252  -68.922  -4.144 0.5000000000
12783  -17.480  -68.835  -4.251 0.6999999881
12785  -19.425  -68.363  -4.420 0.6000000238
12786  -20.273  -68.282  -4.703 0.6000000238
12789  -20.758  -68.829  -5.212 0.6000000238
12792  -23.302  -68.453  -5.808 0.6000000238
12798  -23.991  -68.762  -6.166 0.6000000238
12799  -24.626  -68.633  -6.175 0.5000000000
13381  -11.642  -67.644  5.366 0.6000000238
13382  -12.389  -67.878  5.810 0.6000000238
13392  -10.407  -67.521  4.957 0.8000000119
13402  -9.232  -66.956  3.625 0.6999999881
13413  -4.916  -66.492  1.947 0.6000000238
13425  -4.861  -67.081  1.281 0.6000000238
13431  -10.899  -67.702  1.473 0.8000000119
13433  -12.914  -67.560  1.508 0.6999999881
13435  -14.793  -67.410  1.641 0.8000000119
13438  -17.831  -67.407  1.569 0.6000000238
13439  -18.774  -67.631  1.284 0.5000000000
13448  -6.463  -67.891  0.296 0.5000000000
13451  -9.317  -67.198  -0.021 0.6999999881
13453  -11.351  -67.008  0.879 0.6000000238
13454  -12.293  -66.874  0.977 0.6999999881
13456  -14.303  -66.631  0.955 0.6999999881
13457  -15.317  -66.794  1.217 0.6999999881
13459  -17.236  -66.769  1.211 0.6999999881
13485  -9.758  -67.732  -1.539 0.6999999881
13486  -10.343  -67.252  -1.499 0.6000000238
13492  -10.368  -68.169  -1.757 0.6999999881
13493  -11.050  -67.822  -1.697 0.6000000238
13494  -11.807  -68.235  -1.879 0.6000000238
13496  -13.417  -67.925  -1.825 0.6000000238
13499  -16.006  -67.685  -2.176 0.6000000238
13504  -14.553  -68.213  -2.514 0.5000000000
13505  -15.442  -68.187  -2.636 0.6000000238
13508  -17.984  -67.815  -3.363 0.5000000000
13510  -19.914  -67.099  -4.201 0.6000000238
13519  -21.850  -67.870  -5.172 0.6000000238
13520  -22.706  -67.724  -5.368 0.6000000238
14177  -11.552  -67.011  4.931 0.6999999881
14178  -12.571  -66.887  4.828 0.6999999881
14194  -8.754  -66.334  3.192 0.6000000238
14197  -13.038  -66.334  4.048 0.6000000238
14208  -8.236  -66.241  2.172 0.6000000238
14218  -7.619  -66.358  1.371 0.6000000238
14225  -10.747  -66.557  -0.067 0.6000000238
14227  -12.660  -66.242  0.247 0.6000000238
14242  -10.596  -66.569  -1.051 0.6000000238
14245  -13.002  -65.918  -0.472 0.6000000238
14246  -13.858  -65.818  -0.492 0.6999999881
14256  -11.447  -66.408  -1.245 0.6000000238
14259  -15.330  -66.407  -1.281 0.6000000238
14268  -11.579  -67.541  -1.603 0.6000000238
14271  -13.690  -67.091  -1.443 0.6000000238
14273  -15.676  -67.136  -1.671 0.6000000238
14275  -17.383  -66.960  -1.990 0.5000000000
14276  -18.038  -66.623  -2.389 0.6000000238
14287  -18.352  -67.056  -3.088 0.5000000000
14288  -19.196  -66.778  -3.596 0.5000000000
14293  -20.747  -66.772  -4.386 0.6000000238
14295  -22.545  -66.368  -4.570 0.6000000238
14296  -23.379  -66.088  -4.763 0.6000000238
14299  -23.866  -66.405  -5.287 0.6000000238
14906  -4.908  -65.549  4.099 0.6000000238
14907  -5.265  -64.866  4.315 0.6000000238
14909  -14.924  -66.109  4.095 0.5000000000
14920  -7.380  -64.843  3.141 0.6000000238
14923  -9.810  -65.551  3.360 0.8000000119
14926  -13.382  -65.807  3.359 0.6000000238
14928  -15.315  -65.695  3.508 0.5000000000
14938  -5.885  -65.281  2.421 0.6000000238
14940  -8.035  -65.553  2.836 0.6000000238
14942  -12.311  -65.420  2.655 0.6999999881
14944  -14.337  -65.226  2.668 0.5000000000
14958  -15.236  -65.772  0.192 0.8000000119
14959  -16.070  -65.700  0.223 0.6999999881
14960  -16.954  -65.680  0.188 0.6999999881
14961  -17.904  -65.509  0.105 0.5000000000
14970  -11.990  -66.039  -1.144 0.6000000238
14971  -12.557  -66.069  -0.926 0.6000000238
14972  -14.748  -65.752  -0.475 0.6999999881
14973  -15.556  -65.638  -0.453 0.6000000238
14976  -17.869  -65.144  -0.704 0.5000000000
14977  -19.086  -64.898  -0.122 0.5000000000
14985  -11.752  -66.957  -1.463 0.6000000238
14987  -12.479  -66.413  -1.183 0.6000000238
14989  -15.852  -65.820  -1.073 0.6000000238
14990  -16.635  -65.754  -1.159 0.6000000238
14991  -17.350  -65.580  -1.275 0.5000000000
14997  -12.369  -66.989  -1.389 0.6000000238
14998  -12.930  -66.855  -1.301 0.6000000238
15001  -18.293  -65.625  -2.219 0.5000000000
15014  -20.390  -65.369  -3.603 0.5000000000
15016  -22.379  -64.968  -3.640 0.6000000238
15017  -23.344  -64.988  -3.857 0.6000000238
15027  -24.754  -65.344  -4.486 0.6000000238
15641  -5.750  -64.158  4.608 0.6000000238
15642  -6.554  -63.894  4.191 0.6999999881
15661  -8.571  -64.529  3.296 0.6999999881
15662  -9.329  -64.601  3.046 0.6000000238
15674  -10.165  -64.597  2.519 0.6000000238
15675  -11.106  -64.522  2.008 0.6999999881
15676  -12.074  -64.741  2.059 0.6000000238
15692  -11.852  -63.968  1.477 0.6000000238
15694  -13.277  -64.146  1.544 0.6000000238
15696  -15.467  -64.287  1.578 0.5000000000
15732  -19.379  -64.277  -2.252 0.5000000000
15733  -20.188  -63.972  -2.477 0.5000000000
15743  -21.582  -64.418  -3.143 0.5000000000
15745  -24.753  -64.393  -3.520 0.5000000000
16300  -10.096  -62.503  12.236 0.5000000000
16329  -11.274  -63.203  9.115 0.6999999881
16338  -5.841  -62.730  8.050 0.5000000000
16341  -12.651  -63.612  8.659 0.6999999881
16351  -11.899  -63.767  7.894 0.6999999881
16352  -12.612  -64.020  8.110 0.6999999881
16353  -14.105  -63.732  7.635 0.8000000119
16362  -5.280  -63.476  6.913 0.5000000000
16365  -13.214  -64.066  7.505 0.8000000119
16373  -5.263  -63.525  6.071 0.6000000238
16374  -5.927  -63.078  5.656 0.6999999881
16393  -8.302  -63.675  3.597 0.6999999881
16396  -10.636  -63.217  2.214 0.6000000238
16401  -10.463  -63.930  1.943 0.6000000238
16403  -11.879  -63.187  1.448 0.6000000238
16413  -12.674  -63.486  1.409 0.6000000238
16414  -13.569  -63.403  1.249 0.5000000000
16415  -14.381  -63.319  1.123 0.5000000000
16419  -18.637  -63.552  0.971 0.5000000000
16453  -22.175  -62.438  -1.857 0.5000000000
16454  -23.035  -62.513  -2.222 0.5000000000
16464  -25.533  -63.600  -2.308 0.4000000060
16470  -23.236  -63.788  -3.107 0.6000000238
16471  -24.212  -63.705  -3.145 0.4000000060
17075  -8.818  -62.301  11.805 0.5000000000
17077  -10.392  -61.851  11.819 0.6000000238
17101  -6.237  -62.998  9.518 0.5000000000
17102  -6.919  -62.453  9.914 0.5000000000
17103  -7.715  -62.124  10.341 0.5000000000
17104  -8.528  -61.825  10.461 0.6000000238
17117  -6.221  -62.387  8.701 0.5000000000
17118  -6.777  -61.966  9.113 0.5000000000
17122  -12.593  -62.997  9.097 0.6999999881
17124  -14.053  -62.899  8.346 0.8000000119
17138  -10.551  -62.664  7.989 0.6999999881
17139  -11.230  -63.087  7.508 0.6999999881
17142  -16.187  -62.097  7.339 0.6999999881
17151  -5.750  -62.766  7.318 0.6000000238
17152  -6.342  -62.242  6.938 0.6000000238
17155  -12.072  -63.028  6.390 0.6000000238
17159  -15.860  -62.646  6.895 0.6999999881
17170  -6.540  -62.433  6.069 0.6999999881
17173  -9.496  -61.395  4.882 0.8000000119
17177  -14.278  -62.618  5.601 0.5000000000
17178  -15.192  -62.930  6.308 0.6000000238
17189  -7.728  -62.381  4.861 0.8000000119
17191  -9.848  -62.777  3.474 0.6000000238
17192  -10.783  -62.268  3.819 0.6000000238
17194  -12.497  -61.997  4.833 0.6000000238
17206  -12.483  -61.983  2.722 0.6000000238
17207  -13.286  -61.648  2.806 0.6000000238
17217  -13.828  -61.958  2.305 0.5000000000
17227  -13.187  -62.855  1.569 0.6000000238
17229  -14.760  -62.645  1.501 0.5000000000
17232  -18.603  -62.698  0.666 0.5000000000
17241  -17.881  -62.158  0.739 0.5000000000
17954  -10.880  -61.585  11.272 0.6000000238
17956  -12.977  -61.209  11.153 0.6000000238
17964  -13.343  -60.452  10.991 0.6000000238
17981  -7.366  -61.587  8.654 0.6000000238
17983  -9.069  -61.722  8.324 0.6000000238
17995  -7.736  -61.105  7.066 0.6000000238
17998  -13.786  -62.070  7.979 0.8000000119
18000  -16.120  -61.628  7.807 0.6000000238
18001  -16.511  -61.417  7.308 0.6000000238
18014  -16.773  -61.245  6.704 0.6000000238
18024  -10.034  -61.382  5.906 0.6999999881
18025  -16.571  -61.550  5.973 0.5000000000
18034  -15.225  -61.865  4.870 0.5000000000
18045  -15.260  -61.288  4.015 0.6000000238
18055  -14.151  -61.554  2.982 0.6000000238
18069  -15.681  -61.973  1.749 0.6000000238
18072  -17.956  -61.402  0.788 0.5000000000
18074  -21.583  -61.720  1.590 0.4000000060
18079  -18.664  -61.743  0.553 0.5000000000
18080  -19.504  -61.833  0.455 0.4000000060
18801  -12.493  -61.313  8.330 0.8000000119
18814  -15.855  -61.094  7.833 0.6999999881
18828  -16.365  -60.407  7.441 0.6000000238
18829  -16.897  -60.577  7.126 0.6000000238
18864  -17.279  -60.285  2.383 0.6000000238
18865  -22.246  -61.167  2.106 0.4000000060
18870  -16.854  -60.982  1.893 0.6000000238
18872  -18.452  -60.887  0.690 0.4000000060
18876  -22.736  -60.675  1.622 0.4000000060
19581  -12.050  -59.201  12.280 0.5000000000
19620  -10.230  -59.448  9.482 0.6999999881
19621  -11.854  -59.727  9.207 0.6999999881
19642  -11.260  -59.165  6.106 0.6999999881
19643  -12.236  -59.752  5.883 0.6000000238
19644  -13.616  -59.809  5.739 0.6000000238
19646  -15.954  -59.648  7.098 0.5000000000
19647  -16.891  -59.628  7.021 0.5000000000
19655  -14.233  -59.154  5.812 0.5000000000
19662  -17.119  -59.589  4.646 0.6000000238
19670  -17.179  -59.018  3.452 0.5000000000
19676  -18.321  -59.338  2.385 0.5000000000
19678  -23.516  -59.662  1.584 0.4000000060
19684  -19.443  -59.451  1.208 0.4000000060
19686  -23.192  -60.109  1.221 0.4000000060
19691  -20.474  -59.999  0.204 0.4000000060
19693  -22.961  -59.674  0.533 0.4000000060
19694  -23.364  -59.105  0.402 0.4000000060
20451  -9.260  -58.867  8.301 0.6000000238
20458  -9.584  -58.512  7.663 0.6000000238
20459  -9.756  -58.949  7.134 0.6999999881
20465  -12.131  -58.915  5.617 0.6000000238
20468  -16.796  -58.912  6.546 0.5000000000
20473  -13.840  -58.601  5.508 0.5000000000
20474  -14.745  -58.227  5.927 0.4000000060
20488  -16.894  -58.206  3.885 0.5000000000
20490  -18.198  -58.070  3.141 0.4000000060
20506  -21.162  -58.681  0.444 0.4000000060
20507  -23.941  -58.854  0.648 0.4000000060
20511  -21.993  -58.463  0.150 0.4000000060
20512  -22.724  -58.911  -0.009 0.4000000060
21299  -9.899  -57.540  7.874 0.5000000000
21308  -10.913  -58.245  6.426 0.6000000238
21309  -11.844  -57.368  6.487 0.6000000238
21317  -12.340  -57.945  5.762 0.5000000000
21318  -13.144  -57.471  5.722 0.5000000000
21327  -16.140  -57.578  5.637 0.4000000060
21340  -17.391  -57.548  3.690 0.5000000000
21341  -18.366  -57.235  3.545 0.5000000000
21348  -20.075  -57.915  2.081 0.4000000060
22116  -9.931  -56.049  8.795 0.5000000000
22146  -12.517  -56.521  6.744 0.6000000238
22161  -16.038  -56.381  4.883 0.4000000060
22170  -17.201  -56.791  4.106 0.4000000060
22178  -18.511  -56.497  3.901 0.4000000060
22186  -20.727  -56.539  2.384 0.4000000060
22895  -13.347  -55.072  11.966 0.4000000060
22896  -13.819  -55.410  11.991 0.4000000060
22898  -15.659  -55.326  11.962 0.4000000060
22900  -17.602  -54.962  11.869 0.4000000060
22917  -14.168  -55.404  11.853 0.4000000060
22919  -16.233  -55.177  11.504 0.4000000060
22933  -9.860  -54.696  9.785 0.4000000060
22934  -16.724  -55.019  10.944 0.4000000060
22935  -17.436  -55.108  10.668 0.4000000060
22959  -10.624  -55.562  8.527 0.5000000000
22974  -13.169  -55.150  7.064 0.5000000000
22985  -12.978  -55.905  6.751 0.5000000000
22987  -14.256  -55.279  5.998 0.5000000000
23001  -16.095  -55.645  4.925 0.4000000060
23015  -17.718  -55.317  4.534 0.5000000000
23016  -18.452  -55.018  4.424 0.5000000000
23041  -19.911  -56.030  3.527 0.4000000060
23772  -17.756  -54.102  13.086 0.4000000060
23786  -13.461  -55.047  12.229 0.4000000060
23787  -14.201  -55.217  12.305 0.4000000060
23789  -16.217  -54.896  12.391 0.4000000060
23792  -19.303  -53.770  12.369 0.3000000119
23809  -12.845  -54.227  11.763 0.4000000060
23810  -13.278  -54.698  11.701 0.4000000060
23811  -13.823  -54.936  11.564 0.4000000060
23835  -18.308  -55.125  10.463 0.4000000060
23868  -17.982  -54.533  8.989 0.4000000060
23898  -13.830  -54.758  6.675 0.5000000000
23900  -15.673  -54.415  5.760 0.5000000000
23901  -16.538  -53.639  5.804 0.5000000000
23922  -17.242  -54.269  5.022 0.5000000000
23937  -19.061  -55.209  4.201 0.5000000000
23938  -19.713  -54.603  4.212 0.5000000000
24616  -14.052  -52.747  13.700 0.5000000000
24621  -18.709  -52.823  13.634 0.4000000060
24672  -11.932  -53.512  11.094 0.4000000060
24687  -10.458  -53.500  10.788 0.4000000060
24691  -14.974  -53.513  10.336 0.5000000000
24707  -13.219  -52.721  9.283 0.6000000238
24708  -14.899  -52.751  9.558 0.5000000000
24726  -12.023  -53.403  8.771 0.4000000060
24727  -12.702  -53.029  8.657 0.4000000060
24746  -13.932  -53.209  7.865 0.5000000000
24748  -18.715  -53.272  7.424 0.3000000119
24763  -16.461  -52.855  6.738 0.5000000000
24791  -18.090  -53.345  5.120 0.4000000060
24792  -18.835  -52.961  5.106 0.3000000119
25474  -16.071  -51.628  18.056 0.3000000119
25490  -14.853  -52.423  18.014 0.3000000119
25512  -16.315  -52.255  17.253 0.4000000060
25535  -18.182  -51.803  15.213 0.3000000119
25549  -14.381  -52.499  14.546 0.5000000000
25568  -13.267  -52.538  13.551 0.4000000060
25636  -15.682  -52.763  9.233 0.4000000060
25637  -16.308  -52.775  9.025 0.4000000060
25656  -16.655  -52.599  8.518 0.4000000060
25657  -17.456  -52.662  8.255 0.4000000060
25668  -15.670  -52.812  8.303 0.5000000000
25669  -16.305  -52.536  8.124 0.4000000060
25671  -17.711  -52.084  7.493 0.4000000060
25672  -18.344  -52.361  7.064 0.4000000060
25684  -16.535  -52.399  7.502 0.4000000060
25685  -17.130  -52.067  7.090 0.4000000060
25687  -18.567  -52.541  6.320 0.3000000119
108825  -11.368  -62.071  5.745 0.5000000000
109046  -29.412  -88.483  9.592 0.3000000119
109091  -9.712  -66.468  4.112 0.8000000119
109680  -16.848  -58.364  5.797 0.5000000000
109985  -19.122  -73.816  -2.980 0.5000000000
110766  -16.492  -60.072  3.865 0.5000000000
110844  -17.086  -56.083  4.421 0.4000000060
111225  -17.200  -58.984  5.313 0.5000000000
111657  -23.468  -81.134  -0.925 0.5000000000
111709  -21.229  -73.494  0.382 0.5000000000
112118  -16.478  -72.429  1.725 0.6999999881
112660  -15.712  -71.121  -0.749 0.6000000238
113199  -17.997  -77.200  7.874 0.6999999881
113285  -19.960  -75.917  7.965 0.6999999881
113321  -34.476  -81.232  3.129 0.5000000000
113869  -34.606  -81.588  4.589 0.4000000060
113901  -23.204  -73.897  0.149 0.5000000000
113942  -20.006  -79.905  1.068 0.5000000000
113973  -14.035  -70.843  -5.361 0.6000000238
113980  -12.003  -69.625  -4.450 0.6999999881
114006  -35.147  -83.732  8.276 0.4000000060
114619  -25.301  -75.405  5.426 0.5000000000
114891  -22.576  -76.410  -0.597 0.6999999881
114957  -18.616  -77.218  8.142 0.6999999881
115216  -8.155  -67.251  0.658 0.6000000238
115318  -13.272  -62.273  2.090 0.6000000238
115504  -14.097  -52.414  18.396 0.3000000119
115795  -5.457  -65.844  1.936 0.6000000238
115974  -11.157  -61.699  4.718 0.6000000238
116117  -18.614  -68.073  -4.071 0.6000000238
116122  -12.127  -59.220  9.944 0.6999999881
116158  -8.788  -61.352  7.325 0.6999999881
116365  -14.457  -52.564  17.069 0.4000000060
116758  -19.621  -76.720  3.031 0.6999999881
117022  -9.397  -61.766  10.364 0.6000000238
117058  -21.351  -67.320  -4.710 0.6000000238
117101  -21.224  -74.226  7.001 0.6999999881
117311  -16.388  -73.825  3.268 0.6000000238
117491  -18.932  -74.463  6.671 0.6999999881
117564  -14.461  -57.441  5.640 0.4000000060
117871  -36.368  -82.753  9.609 0.4000000060
117946  -37.470  -81.047  10.969 0.3000000119
118213  -10.537  -66.916  4.682 0.8000000119
118626  -9.169  -66.403  3.821 0.6999999881
118629  -21.575  -62.832  -2.184 0.5000000000
119591  -23.445  -67.596  -5.612 0.5000000000
119839  -8.884  -67.230  0.723 0.6999999881
120090  -20.955  -63.948  -2.692 0.5000000000
120138  -19.694  -67.780  1.086 0.5000000000
120370  -25.265  -74.729  4.142 0.5000000000
120476  -19.371  -75.958  8.171 0.6999999881
120587  -15.567  -55.977  5.098 0.4000000060
121565  -12.991  -65.505  2.841 0.6999999881
121649  -16.143  -57.039  5.045 0.4000000060
121671  -15.500  -61.770  7.897 0.6999999881
122142  -17.814  -63.081  0.712 0.5000000000
122147  -18.162  -72.546  -6.160 0.5000000000
122383  -12.331  -68.681  2.704 0.8000000119
122515  -16.222  -68.444  2.742 0.6999999881
122589  -16.906  -52.517  15.369 0.3000000119
122744  -19.427  -77.910  5.443 0.6999999881
123238  -7.298  -61.345  7.894 0.6000000238
123299  -13.172  -69.895  -4.813 0.6000000238
123869  -20.642  -60.740  0.405 0.4000000060
124146  -20.609  -73.450  4.369 0.6000000238
124171  -23.504  -73.646  -1.467 0.5000000000
124338  -17.912  -71.821  -6.224 0.4000000060
124517  -13.026  -60.617  10.382 0.6999999881
124536  -8.473  -60.991  5.797 0.8000000119
124970  -9.523  -67.209  0.753 0.6999999881
125136  -13.999  -65.641  3.202 0.6000000238
125146  -18.567  -58.743  2.686 0.4000000060
125627  -18.183  -73.544  2.900 0.6999999881
125837  -10.797  -61.836  6.089 0.6000000238
126099  -20.887  -72.870  -5.371 0.6000000238
126147  -24.507  -75.789  6.222 0.5000000000
126194  -18.134  -73.290  -5.591 0.5000000000
126317  -25.244  -89.492  1.942 0.3000000119
126844  -10.808  -68.409  2.962 0.8000000119
126937  -14.428  -73.366  -4.153 0.4000000060
127010  -11.944  -68.290  2.266 0.8000000119
127447  -23.300  -76.696  3.328 0.6000000238
127744  -4.984  -64.113  5.757 0.6000000238
127845  -24.765  -86.801  3.868 0.4000000060
128419  -16.234  -70.890  -0.967 0.6000000238
128489  -11.054  -68.090  5.267 0.6999999881
128580  -35.955  -84.765  10.852 0.3000000119
128697  -15.325  -64.760  2.152 0.5000000000
128749  -18.674  -76.847  1.325 0.6999999881
128784  -30.900  -82.689  8.958 0.3000000119
128839  -15.371  -62.577  1.483 0.6000000238
128871  -9.725  -59.255  8.363 0.6000000238
128927  -20.738  -76.079  -1.908 0.6999999881
129493  -11.995  -70.457  -5.194 0.6000000238
129995  -25.641  -85.929  2.118 0.3000000119
130433  -18.339  -73.291  1.813 0.6999999881
130446  -20.434  -76.777  5.467 0.6999999881
130545  -8.978  -57.913  8.771 0.5000000000
130671  -18.398  -60.338  1.246 0.4000000060
130726  -18.574  -73.329  -0.077 0.6999999881
130777  -29.731  -81.874  3.512 0.5000000000
130813  -25.467  -77.469  4.386 0.4000000060
131142  -13.947  -63.384  8.224 0.8000000119
131396  -21.833  -59.071  0.025 0.4000000060
131452  -18.807  -75.990  -0.647 0.6000000238
131458  -18.865  -68.585  -4.402 0.6000000238
131547  -34.216  -80.420  3.317 0.5000000000
131720  -36.087  -80.419  9.752 0.3000000119
