#!ascii label  , from subject sub-v1s0x0050668_ses-1 vox2ras=TkReg
1594
4096  -31.645  -81.555  -1.534 0.5000000000
4084  -29.630  -81.961  -1.229 0.6000000238
5544  -37.427  -79.880  5.459 0.3000000119
129782  -28.597  -81.409  0.744 0.5000000000
6083  -34.327  -78.393  4.279 0.4000000060
6084  -35.216  -78.501  4.477 0.4000000060
5558  -38.123  -79.734  4.913 0.4000000060
5557  -36.984  -79.409  5.041 0.3000000119
6636  -35.558  -78.018  4.317 0.4000000060
5116  -30.591  -80.815  -3.400 0.5000000000
4606  -30.794  -81.198  -3.070 0.5000000000
4095  -30.989  -81.704  -1.809 0.5000000000
4614  -29.891  -81.407  -4.139 0.6000000238
4116  -29.674  -82.197  -3.206 0.5000000000
4094  -29.559  -82.411  -2.072 0.6000000238
5529  -38.606  -79.781  7.094 0.3000000119
126239  -28.949  -82.685  -1.675 0.5000000000
6106  -32.311  -78.238  2.492 0.5000000000
5577  -32.566  -78.877  2.721 0.5000000000
5536  -38.516  -80.229  6.186 0.3000000119
4093  -28.660  -83.028  -2.311 0.6000000238
114735  -28.779  -82.276  -0.879 0.5000000000
6664  -33.863  -77.479  3.158 0.5000000000
6649  -34.008  -77.835  3.924 0.4000000060
6085  -37.673  -79.086  4.410 0.4000000060
5545  -38.381  -80.140  5.453 0.3000000119
6682  -33.425  -77.192  2.133 0.4000000060
6651  -35.435  -77.636  3.818 0.4000000060
6095  -37.105  -78.298  3.927 0.4000000060
6665  -34.833  -77.383  3.219 0.4000000060
6755  -30.302  -77.444  -4.782 0.6999999881
6172  -30.053  -78.252  -4.246 0.6999999881
6167  -30.269  -78.267  -3.353 0.6999999881
116796  -32.292  -80.920  -1.379 0.5000000000
6185  -29.440  -77.904  -6.076 0.6999999881
126705  -29.578  -78.276  -5.528 0.6999999881
5654  -29.838  -79.877  -4.500 0.8000000119
113352  -30.290  -80.232  -3.815 0.5000000000
5121  -29.657  -81.132  -4.653 0.6999999881
5617  -32.448  -80.181  -0.167 0.5000000000
5658  -28.970  -79.619  -5.792 0.6999999881
5603  -31.636  -79.300  0.498 0.4000000060
5589  -31.808  -78.950  1.470 0.5000000000
5530  -38.779  -79.048  7.965 0.3000000119
4612  -28.892  -81.880  -4.951 0.6000000238
6131  -31.296  -78.353  0.906 0.5000000000
6105  -32.137  -77.810  2.098 0.5000000000
6062  -39.180  -78.516  7.762 0.3000000119
4125  -29.074  -82.176  -4.241 0.5000000000
6681  -32.471  -77.300  1.798 0.5000000000
113474  -34.251  -76.996  1.247 0.4000000060
6652  -36.482  -77.739  3.471 0.4000000060
5570  -38.743  -79.477  4.217 0.4000000060
117938  -35.140  -77.130  1.247 0.3000000119
6683  -34.677  -77.213  2.235 0.4000000060
119419  -30.728  -74.847  -7.132 0.5000000000
7356  -30.512  -75.611  -7.022 0.6000000238
7919  -31.811  -75.135  -6.235 0.6000000238
7344  -30.612  -76.419  -5.989 0.6000000238
112345  -30.657  -76.826  -5.255 0.6000000238
9353  -30.804  -73.529  -5.644 0.5000000000
8589  -30.191  -74.196  -6.457 0.5000000000
8595  -30.009  -74.798  -7.070 0.6000000238
7350  -30.176  -76.285  -6.764 0.6000000238
6759  -29.865  -77.065  -6.470 0.6999999881
5639  -30.625  -79.956  -3.064 0.6000000238
6584  -37.654  -78.107  10.600 0.3000000119
8585  -28.890  -74.006  -4.586 0.6999999881
8588  -29.218  -74.530  -5.578 0.6000000238
7924  -28.466  -75.797  -6.528 0.6000000238
118237  -29.313  -76.128  -7.108 0.6000000238
7354  -28.955  -76.673  -7.135 0.6999999881
6758  -29.171  -77.520  -6.712 0.6999999881
6156  -30.571  -78.515  -1.470 0.6000000238
5627  -30.911  -79.329  -1.663 0.6000000238
5616  -31.665  -79.642  -0.568 0.5000000000
9343  -29.281  -73.226  -4.380 0.6999999881
8584  -28.309  -74.811  -5.007 0.6000000238
7912  -27.754  -75.356  -5.037 0.6000000238
7927  -27.953  -76.348  -6.748 0.6000000238
6187  -27.470  -77.731  -7.004 0.6999999881
5662  -27.798  -79.317  -6.614 0.6999999881
6143  -30.971  -78.792  -0.009 0.5000000000
5520  -38.764  -78.175  8.450 0.3000000119
9342  -28.495  -73.420  -3.891 0.6999999881
8578  -27.655  -74.465  -3.506 0.6000000238
7906  -27.526  -75.249  -3.823 0.6999999881
7343  -27.599  -76.684  -5.932 0.6000000238
6756  -27.313  -77.874  -6.590 0.6000000238
4621  -28.659  -81.280  -5.639 0.6999999881
6715  -30.633  -77.767  -0.857 0.5000000000
6698  -31.306  -77.471  0.545 0.5000000000
7911  -27.541  -75.618  -4.678 0.6000000238
6749  -27.325  -77.003  -4.297 0.6000000238
5661  -27.421  -79.249  -6.395 0.6000000238
4620  -27.700  -81.416  -5.706 0.6000000238
4132  -27.520  -82.166  -5.122 0.6000000238
7267  -31.724  -76.855  -0.080 0.5000000000
6069  -39.627  -78.717  7.046 0.3000000119
122920  -27.302  -74.795  -3.247 0.6999999881
7896  -27.175  -75.543  -2.701 0.6000000238
7910  -27.368  -76.057  -4.278 0.6000000238
6754  -27.225  -77.863  -5.133 0.6000000238
109480  -27.282  -78.092  -5.938 0.5000000000
6179  -27.276  -78.692  -6.055 0.5000000000
4131  -26.837  -82.250  -4.846 0.5000000000
4124  -28.207  -82.472  -4.599 0.5000000000
7269  -33.153  -76.653  0.264 0.5000000000
6703  -36.957  -77.297  0.299 0.3000000119
6702  -35.972  -77.223  0.819 0.3000000119
6685  -36.696  -77.407  1.570 0.3000000119
6653  -37.592  -78.032  3.046 0.4000000060
6107  -38.407  -78.803  3.512 0.4000000060
4122  -26.484  -82.724  -4.311 0.5000000000
126812  -36.150  -77.196  -0.090 0.3000000119
6701  -35.168  -77.045  0.277 0.3000000119
6667  -36.900  -77.606  2.595 0.4000000060
10091  -32.718  -72.947  -5.092 0.5000000000
9358  -31.594  -73.591  -6.629 0.5000000000
9355  -33.014  -73.470  -5.714 0.5000000000
8594  -32.417  -73.900  -6.735 0.5000000000
10754  -31.304  -71.644  -3.201 0.5000000000
10080  -31.366  -72.222  -4.230 0.5000000000
10089  -31.116  -72.775  -4.863 0.5000000000
9361  -30.950  -74.023  -7.076 0.5000000000
7925  -32.256  -74.401  -6.663 0.5000000000
7346  -32.153  -75.533  -5.442 0.6000000238
7338  -31.416  -76.192  -5.171 0.6000000238
10079  -30.533  -72.218  -4.186 0.5000000000
111140  -30.875  -76.675  -4.393 0.6000000238
6744  -30.517  -77.461  -2.822 0.8000000119
116109  -36.848  -77.621  12.136 0.3000000119
10770  -30.045  -71.475  -4.073 0.6000000238
10078  -29.634  -72.427  -4.222 0.6000000238
9344  -30.180  -73.013  -4.664 0.6000000238
7330  -31.680  -76.296  -3.437 0.4000000060
6575  -37.032  -77.485  11.436 0.3000000119
125045  -28.865  -72.729  -4.214 0.6999999881
7301  -30.912  -76.806  -2.293 0.5000000000
116173  -30.377  -78.310  -2.428 0.6000000238
6590  -37.797  -77.627  9.807 0.3000000119
113595  -38.241  -77.519  9.179 0.3000000119
10077  -28.220  -72.536  -4.000 0.6999999881
7303  -32.573  -76.448  -2.009 0.4000000060
6598  -38.616  -77.665  8.701 0.3000000119
9327  -27.497  -73.510  -3.175 0.6000000238
8577  -27.290  -74.086  -2.953 0.6999999881
123761  -32.311  -76.523  -0.920 0.4000000060
6070  -39.844  -78.790  6.316 0.3000000119
9326  -27.113  -73.110  -2.948 0.6000000238
9312  -27.108  -73.627  -2.367 0.6999999881
7318  -27.263  -76.317  -3.287 0.6000000238
6743  -27.882  -78.217  -2.924 0.5000000000
6171  -27.734  -79.172  -3.291 0.5000000000
5127  -27.122  -81.048  -5.636 0.6000000238
7304  -33.429  -76.595  -1.498 0.4000000060
7286  -33.259  -76.607  -0.599 0.4000000060
7289  -37.262  -76.773  -1.352 0.3000000119
6718  -36.723  -77.162  -0.742 0.3000000119
6704  -37.880  -77.377  0.312 0.3000000119
6686  -38.296  -77.692  1.076 0.3000000119
120332  -37.844  -77.876  1.863 0.4000000060
6076  -39.951  -79.103  5.572 0.3000000119
7889  -27.438  -75.927  -1.403 0.6000000238
111334  -28.243  -78.120  -1.944 0.5000000000
6166  -28.076  -79.064  -2.327 0.5000000000
6177  -27.338  -79.126  -4.366 0.5000000000
129695  -26.827  -80.806  -4.829 0.5000000000
4618  -26.282  -81.469  -4.296 0.6000000238
4121  -25.967  -82.567  -4.070 0.5000000000
7287  -34.714  -76.874  -0.534 0.3000000119
6717  -35.766  -77.098  -0.890 0.3000000119
7300  -28.074  -77.000  -1.455 0.5000000000
5638  -27.598  -79.817  -2.613 0.5000000000
5647  -26.668  -80.750  -3.732 0.5000000000
5624  -26.364  -80.056  -2.196 0.5000000000
10731  -31.942  -72.369  -2.248 0.5000000000
10743  -31.803  -72.146  -2.973 0.5000000000
10082  -33.564  -73.070  -5.056 0.5000000000
10065  -34.211  -73.233  -4.661 0.5000000000
9356  -33.680  -73.479  -5.523 0.5000000000
7926  -33.036  -74.107  -5.988 0.5000000000
11417  -30.953  -71.067  -3.040 0.5000000000
10081  -32.060  -72.467  -4.348 0.5000000000
7920  -33.678  -74.787  -5.416 0.4000000060
10771  -30.765  -71.535  -3.729 0.5000000000
7347  -33.134  -75.425  -5.115 0.4000000060
6564  -37.193  -78.127  12.705 0.3000000119
6563  -36.424  -77.357  12.800 0.3000000119
11416  -30.425  -70.477  -3.145 0.6000000238
7340  -33.497  -75.821  -4.466 0.4000000060
7331  -32.670  -76.039  -3.970 0.4000000060
112883  -29.589  -70.726  -4.282 0.6000000238
111970  -29.021  -71.851  -4.334 0.6000000238
7149  -36.545  -76.905  11.038 0.3000000119
127158  -36.837  -76.914  10.385 0.3000000119
10768  -28.011  -71.656  -4.471 0.6000000238
7320  -32.873  -76.356  -3.080 0.4000000060
7322  -34.675  -76.652  -2.826 0.4000000060
7305  -34.418  -76.735  -1.941 0.4000000060
6605  -38.694  -77.552  8.112 0.3000000119
10076  -27.471  -72.016  -3.946 0.6999999881
7288  -35.070  -76.857  -1.436 0.3000000119
6732  -36.519  -76.907  -1.627 0.3000000119
10054  -32.557  -72.755  -2.883 0.5000000000
111265  -33.194  -73.027  -3.506 0.5000000000
9329  -34.003  -73.320  -3.787 0.5000000000
9330  -34.936  -73.613  -4.327 0.4000000060
10742  -31.138  -71.378  -2.749 0.5000000000
9357  -34.420  -73.693  -5.347 0.4000000060
8590  -34.118  -74.216  -5.584 0.4000000060
10721  -30.947  -71.967  -0.764 0.6000000238
7914  -34.870  -75.588  -4.774 0.4000000060
120075  -34.466  -75.950  -4.371 0.4000000060
7143  -36.200  -76.966  11.960 0.3000000119
7134  -35.679  -76.551  12.898 0.3000000119
11424  -29.073  -70.008  -4.741 0.6000000238
7332  -33.788  -76.192  -3.819 0.4000000060
7321  -34.012  -76.458  -3.198 0.4000000060
7333  -34.859  -76.359  -3.730 0.4000000060
7323  -35.638  -76.543  -3.185 0.4000000060
7306  -35.342  -76.792  -2.309 0.3000000119
7307  -37.108  -76.433  -2.241 0.3000000119
10752  -26.497  -71.559  -3.242 0.6000000238
10045  -32.005  -72.697  -1.562 0.5000000000
9296  -33.290  -73.351  -2.090 0.5000000000
117892  -34.003  -73.708  -2.064 0.4000000060
9297  -34.683  -73.788  -2.811 0.4000000060
10031  -31.561  -72.554  -0.882 0.5000000000
10032  -31.845  -73.098  -0.334 0.5000000000
9315  -35.973  -73.786  -4.113 0.4000000060
11406  -30.425  -70.536  -1.951 0.6000000238
10711  -30.554  -72.073  -0.118 0.6000000238
10018  -31.134  -72.628  -0.035 0.6000000238
9331  -35.733  -73.873  -4.542 0.4000000060
11411  -30.324  -70.251  -2.701 0.6000000238
11403  -30.134  -70.740  -1.045 0.6000000238
7916  -36.803  -74.423  -4.447 0.4000000060
7907  -36.168  -75.312  -4.553 0.4000000060
12081  -29.804  -69.885  -2.928 0.6000000238
7334  -35.939  -76.049  -3.987 0.4000000060
7908  -36.808  -75.295  -4.124 0.4000000060
7335  -36.577  -76.116  -3.481 0.4000000060
7324  -37.588  -75.561  -2.843 0.4000000060
111271  -36.649  -76.716  9.699 0.3000000119
7148  -35.913  -76.352  10.435 0.3000000119
12098  -29.137  -69.492  -4.342 0.6000000238
124891  -37.007  -76.111  -2.991 0.4000000060
131740  -37.060  -76.826  8.115 0.3000000119
10787  -27.819  -70.886  -5.251 0.6000000238
10767  -26.823  -71.435  -4.211 0.6000000238
12108  -28.358  -69.305  -6.071 0.6999999881
12079  -28.174  -69.310  -2.586 0.6999999881
130523  -27.768  -70.581  -5.916 0.6000000238
111439  -27.885  -68.748  -5.292 0.6999999881
12763  -27.436  -68.809  -3.275 0.6999999881
12115  -27.775  -69.210  -6.235 0.6000000238
12756  -27.150  -68.977  -2.377 0.6999999881
12067  -26.470  -69.350  -0.645 0.6000000238
12796  -27.543  -68.368  -5.650 0.6999999881
12762  -26.404  -68.200  -2.934 0.6999999881
9295  -32.623  -73.214  -1.452 0.5000000000
9283  -33.301  -73.695  -1.245 0.5000000000
9263  -31.594  -73.167  0.337 0.5000000000
9264  -32.269  -73.633  0.237 0.5000000000
9282  -32.527  -73.461  -0.682 0.5000000000
8546  -34.223  -74.473  -0.369 0.5000000000
8558  -34.944  -74.182  -2.138 0.4000000060
10710  -30.083  -71.735  0.238 0.6000000238
10017  -30.547  -72.341  0.608 0.6000000238
10006  -31.091  -72.978  0.909 0.6000000238
8510  -31.806  -74.235  1.894 0.6000000238
8569  -37.033  -73.801  -3.917 0.4000000060
11405  -29.858  -70.211  -1.493 0.6000000238
10005  -30.478  -72.531  1.380 0.6000000238
9242  -30.872  -73.118  1.776 0.6000000238
8580  -36.692  -73.980  -4.289 0.4000000060
12076  -29.531  -69.835  -2.031 0.6000000238
115070  -29.517  -70.446  -0.712 0.6000000238
10709  -29.449  -71.364  0.646 0.6000000238
9993  -29.631  -72.185  2.421 0.6000000238
9981  -30.065  -72.880  2.960 0.6000000238
7909  -37.384  -74.341  -3.932 0.4000000060
8560  -38.287  -73.724  -2.678 0.4000000060
12070  -29.198  -70.008  -1.188 0.6000000238
11399  -28.766  -70.751  0.556 0.6000000238
10700  -28.819  -71.209  1.467 0.6000000238
9980  -29.398  -72.480  3.385 0.6000000238
9180  -29.722  -73.323  4.754 0.6000000238
7899  -37.911  -74.320  -3.368 0.4000000060
7900  -38.308  -73.953  -2.870 0.4000000060
12080  -29.084  -69.526  -2.796 0.6000000238
12069  -28.421  -69.778  -0.965 0.5000000000
11396  -28.303  -70.661  1.165 0.6000000238
10680  -28.915  -71.844  2.945 0.6000000238
9970  -29.192  -72.760  4.304 0.6000000238
9179  -29.026  -73.082  5.079 0.6999999881
12097  -28.566  -69.456  -5.297 0.6999999881
12075  -28.785  -69.635  -1.840 0.6000000238
11398  -28.024  -70.153  0.528 0.6000000238
11388  -28.187  -70.841  1.775 0.6000000238
9979  -28.683  -72.112  3.863 0.6000000238
9158  -29.511  -73.423  5.730 0.6000000238
110067  -29.891  -73.628  6.891 0.6000000238
10689  -27.719  -71.114  2.938 0.6000000238
10670  -27.888  -71.797  4.246 0.6000000238
9157  -28.478  -73.043  5.846 0.6000000238
9140  -29.044  -73.432  6.691 0.6000000238
12062  -27.269  -69.692  0.014 0.6000000238
11395  -27.551  -70.452  1.456 0.6000000238
10678  -27.223  -71.266  3.711 0.5000000000
9968  -27.440  -72.102  5.058 0.6000000238
9958  -27.676  -72.772  6.245 0.6000000238
110770  -26.786  -70.549  2.112 0.5000000000
13512  -27.156  -68.045  -4.554 0.6999999881
12750  -25.740  -68.722  -1.338 0.6999999881
12066  -25.417  -69.116  -0.348 0.5000000000
12055  -25.910  -69.945  1.083 0.6000000238
11386  -26.014  -70.533  2.736 0.5000000000
10677  -26.299  -71.231  4.441 0.5000000000
11385  -25.185  -70.156  2.544 0.6000000238
14964  -21.986  -64.838  0.978 0.6000000238
15709  -22.052  -63.816  0.709 0.6000000238
129557  -22.045  -62.913  -0.416 0.6000000238
9265  -33.165  -74.092  -0.251 0.5000000000
8533  -32.863  -74.268  0.619 0.5000000000
8534  -33.753  -74.592  0.680 0.5000000000
8547  -35.106  -74.474  -1.189 0.5000000000
8559  -36.019  -74.358  -2.187 0.4000000060
9222  -30.680  -73.313  2.596 0.5000000000
110747  -31.907  -74.532  2.827 0.5000000000
8496  -32.445  -74.859  3.905 0.5000000000
117394  -36.894  -74.085  -2.232 0.4000000060
8549  -37.235  -74.011  -1.604 0.4000000060
111025  -31.516  -74.479  3.770 0.5000000000
8483  -32.440  -74.633  4.890 0.5000000000
8570  -37.715  -73.828  -3.574 0.4000000060
113313  -37.922  -73.623  -2.871 0.4000000060
9284  -38.275  -73.513  -1.890 0.4000000060
9159  -30.292  -73.724  5.245 0.5000000000
112520  -31.239  -74.302  5.006 0.5000000000
8481  -31.107  -74.239  4.407 0.5000000000
8571  -38.036  -73.750  -3.195 0.4000000060
111922  -30.297  -73.741  6.126 0.6000000238
8449  -31.075  -73.967  6.240 0.6000000238
130226  -29.698  -73.548  6.368 0.6000000238
9141  -30.567  -73.752  6.801 0.5000000000
9113  -29.675  -73.405  8.532 0.4000000060
9114  -30.555  -73.399  8.584 0.4000000060
9917  -31.676  -72.852  9.140 0.4000000060
9947  -27.175  -72.671  6.949 0.6000000238
9123  -28.444  -73.291  7.546 0.6000000238
9916  -29.164  -72.989  9.142 0.5000000000
9895  -30.382  -72.419  9.827 0.4000000060
9896  -31.222  -72.358  9.895 0.4000000060
10592  -31.246  -71.010  10.335 0.4000000060
12795  -26.917  -67.792  -5.747 0.6999999881
9957  -26.940  -72.302  5.979 0.6000000238
9894  -28.295  -72.580  8.903 0.5000000000
115290  -29.989  -71.786  9.961 0.4000000060
12749  -24.931  -68.372  -0.760 0.6000000238
11364  -25.435  -70.678  4.313 0.5000000000
10657  -26.048  -71.635  6.030 0.5000000000
9915  -27.483  -72.301  8.379 0.5000000000
10613  -28.472  -71.778  9.236 0.5000000000
10601  -29.230  -71.770  9.593 0.4000000060
11306  -30.102  -70.670  9.332 0.4000000060
12060  -25.203  -69.436  0.589 0.6000000238
10656  -25.594  -71.088  6.043 0.5000000000
14219  -21.495  -66.695  1.469 0.6999999881
111430  -22.391  -65.050  1.925 0.6000000238
14199  -22.223  -65.992  3.275 0.6999999881
15699  -22.519  -64.160  1.423 0.6000000238
126668  -22.449  -65.591  3.952 0.6000000238
16432  -22.434  -62.936  0.215 0.6000000238
112546  -22.869  -64.238  2.126 0.6000000238
15646  -23.238  -64.587  4.156 0.6000000238
14913  -22.904  -65.075  4.453 0.6000000238
15628  -23.461  -64.603  5.436 0.6000000238
16444  -22.630  -62.574  -0.780 0.5000000000
16422  -23.576  -63.021  1.364 0.6000000238
16407  -23.850  -63.366  2.057 0.6000000238
15667  -24.010  -63.987  3.445 0.6000000238
15647  -23.650  -64.287  4.250 0.6000000238
119387  -35.159  -74.581  -0.352 0.5000000000
17254  -23.247  -62.389  -1.577 0.5000000000
17242  -23.898  -62.271  0.248 0.5000000000
15685  -24.732  -63.799  2.909 0.5000000000
15648  -24.340  -64.211  4.360 0.5000000000
8511  -32.538  -74.668  2.033 0.4000000060
8512  -33.488  -74.804  2.211 0.5000000000
8536  -35.649  -74.514  0.162 0.5000000000
8548  -36.071  -74.509  -1.090 0.4000000060
17248  -24.534  -62.471  -0.408 0.5000000000
16434  -24.784  -62.667  0.517 0.5000000000
120500  -25.831  -64.148  2.972 0.5000000000
15668  -25.010  -64.107  3.686 0.5000000000
8497  -33.400  -74.790  3.748 0.5000000000
9266  -37.142  -73.822  0.211 0.4000000060
9246  -37.692  -73.293  0.738 0.4000000060
9247  -38.468  -72.946  0.539 0.4000000060
17255  -24.255  -62.544  -1.332 0.5000000000
16435  -25.963  -63.404  0.304 0.5000000000
16409  -25.212  -63.409  1.771 0.6000000238
15687  -26.822  -64.278  2.113 0.6000000238
9267  -38.119  -73.388  -0.549 0.4000000060
16436  -26.700  -64.062  -0.934 0.6000000238
15711  -26.972  -64.282  0.021 0.6000000238
15701  -26.133  -63.822  1.556 0.6999999881
8466  -31.665  -74.316  5.495 0.4000000060
8450  -31.793  -73.960  6.393 0.5000000000
15030  -25.202  -65.756  -4.943 0.6000000238
108924  -31.871  -73.621  7.272 0.5000000000
9918  -32.520  -72.680  8.904 0.4000000060
14301  -26.175  -66.073  -5.142 0.6000000238
9126  -31.201  -73.568  7.917 0.4000000060
14298  -26.982  -66.385  -5.045 0.6000000238
13501  -26.311  -67.233  -3.549 0.6000000238
10604  -32.484  -71.553  10.134 0.4000000060
13478  -24.897  -67.400  -1.002 0.6000000238
12059  -24.615  -69.042  1.005 0.6000000238
12050  -24.550  -69.317  2.957 0.6000000238
11373  -24.735  -69.967  3.213 0.5000000000
11363  -25.007  -70.375  4.891 0.5000000000
14198  -21.684  -66.845  3.127 0.6999999881
112203  -22.020  -66.359  4.013 0.6999999881
128667  -22.148  -66.382  5.535 0.6000000238
14184  -22.414  -65.815  4.869 0.6000000238
14168  -22.564  -65.677  5.968 0.6000000238
14899  -23.221  -64.965  6.029 0.6000000238
14876  -23.731  -65.216  6.630 0.6999999881
14877  -24.697  -65.201  6.576 0.6000000238
15629  -24.744  -64.477  5.161 0.6000000238
8498  -34.607  -74.471  3.031 0.5000000000
8513  -34.397  -74.672  2.146 0.5000000000
8535  -34.744  -74.651  0.495 0.5000000000
8526  -35.224  -74.511  1.327 0.5000000000
15630  -25.907  -64.567  5.229 0.6000000238
15614  -25.247  -64.792  5.911 0.5000000000
8514  -35.193  -74.347  2.379 0.5000000000
8527  -36.205  -74.241  0.768 0.5000000000
9226  -37.269  -73.116  1.818 0.4000000060
15669  -27.873  -64.943  3.028 0.6000000238
117516  -26.164  -64.343  3.730 0.6000000238
15615  -26.441  -64.703  5.971 0.5000000000
121871  -33.076  -74.761  4.428 0.5000000000
15753  -25.262  -64.949  -3.970 0.6000000238
15736  -25.960  -64.377  -2.601 0.4000000060
16465  -26.508  -64.015  -2.093 0.6000000238
14966  -27.836  -65.374  0.977 0.6000000238
15688  -27.587  -64.798  2.346 0.6000000238
15651  -27.885  -64.528  4.635 0.6000000238
9160  -32.512  -74.211  5.729 0.4000000060
9182  -33.837  -74.009  5.099 0.4000000060
15747  -26.140  -65.132  -2.986 0.5000000000
115986  -26.923  -64.305  -1.973 0.5000000000
15719  -27.026  -64.586  -0.811 0.6000000238
14965  -27.433  -65.128  0.527 0.6999999881
124896  -27.774  -65.660  0.882 0.6000000238
14953  -28.100  -65.797  1.344 0.6000000238
129735  -28.192  -65.697  2.748 0.6000000238
117653  -32.655  -73.670  6.614 0.5000000000
15018  -25.981  -65.347  -3.808 0.6000000238
14248  -26.423  -65.668  -0.589 0.6000000238
14237  -26.932  -65.666  0.447 0.6000000238
14211  -27.396  -66.761  1.999 0.6000000238
14200  -28.095  -66.352  3.077 0.6000000238
14185  -28.275  -66.089  4.137 0.6000000238
9127  -32.548  -73.354  7.458 0.4000000060
15004  -26.194  -65.505  -2.770 0.5000000000
110057  -26.276  -65.629  -2.174 0.6000000238
14220  -26.179  -66.467  0.866 0.6000000238
13419  -26.551  -67.195  2.521 0.6000000238
13406  -26.803  -67.433  3.355 0.6000000238
14291  -26.349  -66.307  -3.725 0.6000000238
14278  -25.992  -66.433  -2.999 0.6000000238
14261  -25.417  -66.818  -1.498 0.6000000238
13465  -25.122  -66.749  0.580 0.6000000238
13418  -25.320  -67.488  2.223 0.6000000238
12737  -24.567  -68.302  1.356 0.6000000238
12748  -24.584  -67.870  -0.088 0.6000000238
11362  -24.747  -69.940  4.566 0.5000000000
11352  -25.313  -70.534  5.656 0.5000000000
13404  -21.182  -67.537  3.377 0.6999999881
13395  -21.492  -67.180  4.029 0.6999999881
12681  -19.467  -68.668  4.707 0.6999999881
12667  -20.127  -68.591  5.379 0.6999999881
129088  -20.757  -68.173  4.880 0.6999999881
13384  -21.660  -67.106  5.659 0.6999999881
14167  -22.023  -66.516  6.333 0.6000000238
14122  -22.441  -66.343  7.697 0.6000000238
14102  -23.480  -66.410  8.712 0.5000000000
14859  -23.410  -65.685  7.291 0.6999999881
14124  -23.859  -66.096  7.942 0.5000000000
14125  -24.793  -66.174  7.934 0.5000000000
14861  -25.268  -65.682  7.269 0.5000000000
127334  -35.232  -74.096  3.136 0.4000000060
9224  -35.804  -73.789  2.751 0.5000000000
9982  -36.961  -72.806  3.407 0.5000000000
9995  -37.057  -72.963  2.712 0.5000000000
9996  -37.748  -72.630  2.313 0.4000000060
8484  -33.795  -74.421  4.424 0.4000000060
9206  -35.602  -73.651  3.591 0.4000000060
15631  -27.124  -64.468  5.309 0.6000000238
124362  -28.073  -64.782  3.868 0.6000000238
14900  -28.474  -64.775  5.199 0.6000000238
13397  -27.766  -67.089  4.573 0.6000000238
14186  -28.597  -65.407  5.030 0.6000000238
13405  -25.655  -67.732  3.155 0.6000000238
12701  -25.941  -67.977  3.975 0.6000000238
14169  -28.320  -66.296  5.017 0.6000000238
12719  -24.601  -68.192  2.162 0.6000000238
12686  -27.096  -67.976  4.969 0.5000000000
12699  -24.620  -68.829  3.413 0.6000000238
12684  -25.302  -68.711  4.593 0.5000000000
12005  -24.814  -69.453  4.639 0.5000000000
12665  -18.684  -68.925  4.968 0.6999999881
12666  -19.546  -68.993  6.142 0.6999999881
12649  -20.332  -68.554  6.394 0.6999999881
110080  -20.988  -67.969  5.775 0.6999999881
110081  -21.138  -67.692  7.294 0.6000000238
130465  -21.469  -67.222  7.240 0.6999999881
14100  -21.839  -66.794  8.240 0.4000000060
12003  -17.789  -69.526  6.046 0.6999999881
11980  -18.996  -69.392  6.788 0.6999999881
12632  -19.783  -69.076  7.035 0.6000000238
12618  -20.307  -68.373  8.365 0.6000000238
14101  -22.563  -66.567  8.736 0.5000000000
11977  -16.258  -69.612  6.595 0.6999999881
11978  -17.206  -69.673  6.690 0.6999999881
111807  -24.214  -66.654  10.059 0.5000000000
125381  -15.295  -69.453  6.537 0.6999999881
14088  -24.795  -66.663  9.526 0.5000000000
12630  -15.069  -68.585  7.362 0.6000000238
13344  -14.566  -67.990  7.094 0.6000000238
14146  -14.903  -67.360  6.479 0.6000000238
14910  -15.903  -66.088  4.097 0.5000000000
14911  -16.848  -66.132  4.383 0.5000000000
113253  -36.633  -72.870  3.888 0.4000000060
9983  -37.527  -72.505  3.152 0.4000000060
13385  -27.865  -67.208  5.597 0.6000000238
13330  -20.668  -67.937  8.870 0.5000000000
13348  -21.401  -67.218  7.794 0.5000000000
11979  -18.115  -69.600  6.730 0.6000000238
11939  -18.836  -69.368  8.241 0.6000000238
117405  -19.798  -68.618  8.781 0.6000000238
13318  -20.271  -67.973  9.609 0.6000000238
14085  -21.778  -67.079  9.334 0.5000000000
14086  -22.410  -66.787  9.713 0.5000000000
14087  -23.275  -66.648  9.700 0.5000000000
11954  -16.593  -69.531  7.474 0.6999999881
11937  -16.979  -69.412  8.211 0.6000000238
12616  -18.344  -69.141  8.969 0.6000000238
12601  -18.742  -68.640  9.604 0.6000000238
13303  -18.676  -67.476  10.612 0.6000000238
14072  -24.481  -66.437  10.680 0.5000000000
12631  -15.758  -68.679  7.843 0.6999999881
12614  -16.573  -68.757  8.574 0.6000000238
126922  -16.971  -67.602  9.342 0.6000000238
121063  -17.300  -67.083  9.677 0.6000000238
14066  -18.254  -66.642  10.681 0.6000000238
13345  -15.527  -68.049  7.682 0.6000000238
13346  -16.136  -67.717  8.116 0.6000000238
14098  -16.606  -67.039  8.187 0.6000000238
14084  -17.295  -66.363  9.370 0.6000000238
13366  -15.405  -67.512  7.070 0.6000000238
14148  -17.183  -66.478  6.727 0.6000000238
14120  -17.205  -66.381  7.708 0.6000000238
14857  -17.613  -65.636  8.133 0.6000000238
14164  -15.635  -66.931  5.826 0.5000000000
14182  -16.263  -66.528  4.992 0.5000000000
14166  -17.407  -66.309  5.908 0.5000000000
14874  -17.997  -65.813  6.367 0.6000000238
125791  -17.879  -65.400  7.613 0.6000000238
9973  -37.216  -72.406  3.985 0.4000000060
15680  -15.953  -64.902  2.333 0.5000000000
14912  -17.609  -65.922  4.618 0.5000000000
127799  -18.186  -65.339  5.689 0.6000000238
15612  -18.235  -64.645  6.334 0.6000000238
15681  -17.409  -64.688  2.461 0.5000000000
15665  -18.501  -64.816  3.605 0.5000000000
15643  -18.049  -65.395  4.108 0.4000000060
15626  -18.461  -64.743  5.347 0.5000000000
16376  -18.561  -63.873  5.740 0.6000000238
14069  -21.259  -67.267  10.187 0.6000000238
14054  -21.945  -66.417  11.221 0.5000000000
14070  -22.675  -66.668  10.535 0.5000000000
13305  -20.420  -67.463  10.373 0.6000000238
129228  -21.252  -66.333  11.357 0.5000000000
14056  -23.885  -66.194  11.218 0.5000000000
116054  -18.700  -65.922  11.032 0.6999999881
14052  -19.704  -66.028  11.402 0.6999999881
125161  -17.550  -65.817  9.740 0.6000000238
14829  -18.430  -64.984  10.524 0.6999999881
15584  -17.790  -65.024  9.662 0.6000000238
15585  -18.412  -64.169  9.778 0.6999999881
15596  -18.114  -64.121  8.320 0.6000000238
111819  -18.298  -63.825  9.033 0.6999999881
16354  -18.382  -63.423  7.622 0.6000000238
16343  -18.516  -63.300  8.505 0.6999999881
118588  -16.957  -63.462  0.859 0.5000000000
15682  -18.258  -64.569  2.775 0.5000000000
15645  -19.028  -64.375  3.911 0.4000000060
16377  -18.902  -63.257  5.207 0.6000000238
16366  -18.414  -63.635  6.676 0.6000000238
16405  -18.643  -64.039  2.042 0.5000000000
16398  -19.526  -63.863  3.411 0.4000000060
16387  -19.286  -63.588  4.343 0.5000000000
14055  -23.005  -66.322  11.276 0.5000000000
14803  -22.439  -65.816  11.753 0.5000000000
14053  -20.650  -66.256  11.420 0.6000000238
15562  -21.230  -64.986  11.887 0.5000000000
16303  -22.354  -63.920  12.733 0.5000000000
15560  -19.667  -64.619  11.254 0.6999999881
15571  -19.146  -64.150  10.621 0.6999999881
127067  -19.302  -63.342  10.106 0.6000000238
17125  -18.749  -62.667  7.908 0.6999999881
17107  -19.433  -62.674  9.544 0.6000000238
16367  -18.712  -62.994  6.064 0.6000000238
17143  -19.160  -62.124  7.390 0.6000000238
17218  -19.990  -63.169  1.584 0.5000000000
17197  -19.924  -63.071  3.946 0.4000000060
17180  -19.443  -62.725  4.847 0.6000000238
127190  -20.987  -62.294  1.552 0.4000000060
17209  -20.596  -62.595  3.461 0.4000000060
18047  -21.037  -61.847  3.982 0.5000000000
17198  -20.195  -62.111  4.582 0.5000000000
15561  -20.395  -64.604  11.585 0.6000000238
127170  -21.441  -63.628  12.295 0.5000000000
130520  -20.061  -63.487  11.132 0.6000000238
118952  -20.951  -63.253  11.667 0.5000000000
16317  -19.728  -63.429  10.757 0.6000000238
17108  -19.893  -62.006  9.842 0.6000000238
17091  -20.333  -62.160  10.587 0.5000000000
17972  -20.165  -61.266  9.348 0.6000000238
17985  -19.592  -61.603  7.882 0.6999999881
17986  -19.993  -61.130  8.393 0.5000000000
18015  -19.751  -61.568  6.145 0.6000000238
18027  -20.269  -61.331  5.481 0.5000000000
18059  -21.249  -62.075  2.737 0.4000000060
18036  -20.746  -61.426  4.746 0.5000000000
24804  -20.122  -53.941  4.407 0.4000000060
24805  -20.890  -53.796  4.270 0.3000000119
23939  -21.492  -54.085  3.568 0.4000000060
110634  -21.345  -61.955  12.282 0.5000000000
23042  -20.724  -55.863  2.946 0.3000000119
23951  -21.933  -54.614  2.820 0.4000000060
113236  -20.295  -61.577  10.123 0.5000000000
17959  -21.130  -61.189  11.594 0.5000000000
22191  -21.160  -56.927  1.621 0.3000000119
23044  -22.425  -55.052  2.079 0.4000000060
18795  -20.486  -60.548  9.404 0.5000000000
21361  -22.437  -57.922  0.108 0.3000000119
18816  -20.376  -60.514  7.982 0.6000000238
18016  -20.184  -60.934  6.477 0.6999999881
18831  -20.492  -60.406  7.101 0.6000000238
18037  -21.339  -61.087  4.425 0.5000000000
18850  -20.969  -60.814  5.201 0.5000000000
109577  -21.672  -60.408  4.925 0.4000000060
19657  -21.908  -59.677  5.395 0.4000000060
25688  -19.327  -53.064  5.985 0.3000000119
25713  -20.370  -53.382  4.970 0.3000000119
24794  -21.594  -53.426  4.319 0.3000000119
130984  -21.515  -53.655  3.951 0.3000000119
24817  -22.354  -53.851  2.919 0.4000000060
18785  -21.222  -60.245  11.276 0.5000000000
22193  -22.675  -56.284  1.047 0.4000000060
23952  -22.773  -54.316  2.226 0.4000000060
18790  -20.916  -59.953  10.497 0.5000000000
22199  -23.429  -56.953  0.398 0.4000000060
23062  -23.751  -56.080  0.686 0.4000000060
18802  -20.321  -60.690  8.747 0.5000000000
18796  -20.754  -59.852  9.641 0.5000000000
21363  -23.864  -57.669  0.247 0.4000000060
18817  -20.753  -59.916  7.587 0.5000000000
18832  -20.953  -59.900  6.719 0.5000000000
112036  -21.069  -59.420  7.147 0.5000000000
18859  -22.636  -60.515  2.610 0.3000000119
19671  -22.401  -60.206  3.544 0.4000000060
19649  -21.552  -59.340  6.380 0.4000000060
24749  -19.407  -53.949  7.106 0.3000000119
25700  -20.934  -53.591  5.368 0.3000000119
25715  -22.331  -52.929  4.244 0.4000000060
24807  -22.955  -53.141  2.790 0.4000000060
125833  -23.237  -60.274  13.318 0.4000000060
24818  -23.050  -53.652  2.242 0.4000000060
111141  -23.088  -59.568  12.975 0.4000000060
23052  -22.991  -55.506  1.318 0.4000000060
23953  -23.625  -53.873  1.414 0.4000000060
130003  -21.629  -59.703  11.591 0.4000000060
23965  -24.520  -54.279  0.674 0.4000000060
19631  -20.896  -59.158  9.069 0.5000000000
22200  -24.583  -56.612  0.326 0.4000000060
20508  -24.435  -58.514  0.855 0.3000000119
19638  -20.965  -59.173  8.012 0.5000000000
20491  -23.189  -58.915  3.266 0.3000000119
24766  -20.521  -53.854  6.131 0.3000000119
25701  -22.031  -53.367  5.404 0.3000000119
124821  -22.062  -53.280  4.755 0.3000000119
25716  -22.682  -52.111  4.102 0.4000000060
25725  -22.807  -52.613  3.478 0.4000000060
119577  -23.252  -52.083  2.211 0.3000000119
19585  -24.684  -59.467  12.851 0.4000000060
20412  -26.333  -58.689  12.445 0.4000000060
25743  -24.533  -52.523  0.785 0.4000000060
19603  -22.246  -59.437  12.229 0.4000000060
19614  -21.313  -59.565  10.970 0.4000000060
23064  -25.092  -55.841  0.124 0.3000000119
19623  -21.209  -59.120  10.170 0.4000000060
111236  -24.843  -57.412  0.518 0.3000000119
22201  -25.171  -56.540  0.425 0.3000000119
21350  -24.841  -57.816  1.578 0.3000000119
20476  -22.050  -58.779  5.703 0.4000000060
24750  -21.509  -53.523  7.618 0.3000000119
25702  -22.482  -52.558  4.952 0.4000000060
26548  -22.540  -51.328  4.643 0.4000000060
26559  -22.736  -51.191  3.610 0.4000000060
20423  -26.957  -59.221  12.125 0.4000000060
118896  -25.496  -59.064  12.628 0.4000000060
124475  -23.879  -52.032  1.131 0.4000000060
129415  -23.934  -58.402  12.500 0.4000000060
130216  -24.925  -53.734  0.512 0.4000000060
20422  -22.478  -58.560  11.824 0.4000000060
20410  -23.307  -58.263  12.202 0.4000000060
23966  -25.206  -54.254  0.479 0.3000000119
20436  -22.138  -58.160  11.167 0.4000000060
22188  -25.395  -56.210  1.530 0.3000000119
20444  -21.326  -58.438  9.385 0.5000000000
114745  -25.308  -57.148  0.926 0.3000000119
21344  -25.028  -56.894  2.083 0.3000000119
21300  -21.424  -57.982  8.675 0.5000000000
21335  -22.790  -57.578  4.528 0.3000000119
110244  -21.856  -58.306  6.591 0.4000000060
20484  -22.663  -58.465  4.194 0.4000000060
25673  -22.167  -52.848  7.133 0.3000000119
27397  -23.375  -49.533  2.045 0.3000000119
27407  -24.406  -50.176  1.340 0.3000000119
20413  -27.183  -58.357  12.281 0.4000000060
25744  -25.152  -52.206  0.796 0.3000000119
20411  -25.547  -58.167  12.562 0.4000000060
21260  -26.415  -57.683  12.491 0.3000000119
25745  -25.528  -52.803  1.142 0.3000000119
21269  -22.729  -57.831  11.495 0.4000000060
21258  -24.815  -57.617  12.419 0.4000000060
23045  -25.566  -55.239  1.805 0.3000000119
112794  -25.061  -55.757  2.902 0.3000000119
130924  -21.804  -57.164  9.454 0.4000000060
21343  -24.229  -57.467  2.812 0.3000000119
22171  -22.942  -56.843  4.853 0.3000000119
21330  -22.442  -57.274  5.489 0.3000000119
22149  -22.117  -56.810  7.016 0.3000000119
26578  -24.832  -50.852  0.957 0.3000000119
28200  -24.573  -49.530  1.621 0.3000000119
112568  -25.448  -51.804  1.266 0.3000000119
21259  -25.541  -57.412  12.459 0.3000000119
21271  -24.148  -56.978  11.957 0.4000000060
22084  -25.902  -56.805  12.423 0.4000000060
126924  -25.426  -54.356  3.492 0.3000000119
22094  -22.839  -57.067  11.203 0.4000000060
121376  -23.417  -56.765  11.484 0.4000000060
22180  -24.400  -56.616  3.164 0.3000000119
21336  -23.550  -56.936  3.959 0.3000000119
22117  -21.721  -57.169  8.766 0.3000000119
21320  -22.439  -56.674  6.272 0.3000000119
25717  -25.506  -52.965  4.055 0.3000000119
23018  -24.589  -55.198  4.095 0.3000000119
22096  -23.751  -56.168  11.527 0.3000000119
115926  -24.526  -56.159  11.955 0.3000000119
23017  -23.907  -55.444  4.769 0.3000000119
22936  -22.538  -55.934  10.178 0.3000000119
22162  -22.908  -56.331  5.574 0.3000000119
22127  -22.046  -56.263  8.519 0.3000000119
25703  -25.041  -52.624  4.920 0.3000000119
26540  -25.011  -51.675  5.166 0.3000000119
23914  -24.563  -53.985  5.301 0.3000000119
22922  -23.390  -55.445  11.204 0.3000000119
24780  -24.702  -53.127  5.545 0.3000000119
25691  -24.731  -52.349  5.842 0.3000000119
20477  -22.284  -58.137  5.063 0.4000000060
20492  -23.988  -58.462  2.341 0.3000000119
21342  -23.350  -57.953  3.562 0.3000000119
129026  -30.343  -78.993  -2.986 0.6000000238
5640  -31.164  -80.022  -2.205 0.5000000000
4597  -31.182  -81.245  -2.563 0.5000000000
4596  -30.449  -81.648  -3.025 0.5000000000
5102  -31.790  -80.598  -1.833 0.5000000000
5590  -32.454  -79.361  1.943 0.5000000000
111446  -29.539  -79.032  -5.094 0.6999999881
7329  -30.896  -76.736  -3.356 0.6999999881
6184  -28.838  -78.511  -6.358 0.6999999881
5128  -29.246  -80.654  -5.324 0.6999999881
5604  -32.524  -79.767  0.896 0.4000000060
5134  -28.604  -80.329  -6.009 0.6999999881
6680  -31.730  -77.617  1.431 0.5000000000
6606  -39.211  -78.023  7.561 0.3000000119
6699  -32.189  -76.916  0.818 0.5000000000
7270  -34.066  -76.808  0.352 0.3000000119
7345  -31.364  -75.759  -5.853 0.6000000238
117427  -32.660  -74.788  -5.765 0.5000000000
9352  -29.765  -73.772  -5.138 0.6000000238
128407  -28.863  -77.210  -7.048 0.6999999881
6583  -37.355  -77.434  10.621 0.3000000119
7337  -27.469  -76.210  -5.105 0.6000000238
7352  -27.767  -76.706  -6.971 0.6000000238
6188  -27.865  -77.974  -7.047 0.6999999881
6731  -30.891  -77.063  -1.252 0.5000000000
6130  -30.798  -78.008  0.034 0.6000000238
5628  -31.559  -79.872  -1.459 0.5000000000
6181  -27.396  -78.480  -6.529 0.6000000238
109829  -27.609  -80.044  -6.358 0.6999999881
7328  -27.466  -77.325  -3.432 0.5000000000
5657  -27.208  -79.950  -5.299 0.5000000000
6613  -38.533  -77.360  7.074 0.3000000119
8556  -27.062  -74.190  -1.583 0.6000000238
5653  -27.219  -80.146  -4.580 0.5000000000
129159  -31.228  -76.555  -2.894 0.5000000000
6614  -39.715  -78.474  5.795 0.3000000119
5637  -26.984  -80.424  -2.811 0.5000000000
7922  -35.549  -74.513  -5.066 0.4000000060
7142  -35.627  -76.354  11.350 0.3000000119
10719  -29.758  -71.083  -0.274 0.6000000238
12777  -28.604  -69.029  -4.206 0.6999999881
12074  -27.851  -69.417  -1.662 0.6000000238
12061  -26.180  -69.619  0.242 0.6000000238
10702  -30.005  -72.008  1.054 0.6000000238
110578  -32.961  -74.854  2.960 0.5000000000
113073  -37.130  -73.834  -3.215 0.4000000060
9202  -29.873  -73.138  3.845 0.6000000238
9203  -30.512  -73.505  3.432 0.5000000000
10679  -28.176  -71.528  3.364 0.6000000238
9125  -30.346  -73.633  7.657 0.4000000060
13511  -26.881  -66.925  -4.411 0.6000000238
13500  -25.854  -67.378  -2.672 0.6999999881
16421  -22.818  -63.366  1.046 0.6000000238
127232  -33.851  -74.771  1.571 0.4000000060
8467  -33.183  -74.401  5.077 0.4000000060
9897  -32.099  -72.268  9.754 0.4000000060
9946  -26.393  -72.025  6.792 0.4000000060
13523  -25.922  -67.614  -6.021 0.6000000238
14945  -22.464  -65.378  2.886 0.6000000238
16408  -24.550  -63.488  2.192 0.6000000238
9244  -35.937  -74.052  1.813 0.5000000000
16446  -25.510  -63.033  -0.357 0.5000000000
15650  -26.656  -64.416  4.520 0.6000000238
16456  -25.868  -63.508  -1.699 0.4000000060
13477  -24.835  -66.960  -0.099 0.5000000000
9161  -33.388  -73.802  5.838 0.5000000000
13443  -26.397  -66.859  1.682 0.6000000238
14247  -25.415  -66.533  -0.817 0.5000000000
12648  -14.197  -68.642  6.829 0.6000000238
113406  -16.836  -65.208  3.009 0.5000000000
12587  -19.766  -67.909  10.122 0.5000000000
12599  -17.062  -68.341  9.236 0.6000000238
13317  -18.289  -68.100  10.103 0.6000000238
14068  -20.035  -66.835  11.108 0.6000000238
120336  -16.642  -66.855  7.356 0.6000000238
15698  -17.011  -64.281  1.466 0.5000000000
14802  -21.443  -65.823  11.661 0.5000000000
120728  -19.226  -62.165  8.164 0.6000000238
113259  -19.388  -63.857  2.656 0.5000000000
18002  -19.624  -61.526  6.955 0.6000000238
23030  -20.285  -55.233  3.665 0.3000000119
17081  -20.885  -62.273  11.407 0.5000000000
18858  -22.176  -60.964  3.135 0.3000000119
18775  -22.444  -60.224  12.993 0.4000000060
18774  -21.697  -60.412  12.226 0.4000000060
19663  -22.143  -59.927  4.449 0.4000000060
20498  -23.520  -59.380  2.296 0.3000000119
110214  -21.376  -58.800  7.220 0.5000000000
19584  -23.797  -58.998  12.744 0.4000000060
24767  -21.606  -53.700  6.684 0.3000000119
23054  -25.450  -55.603  0.892 0.3000000119
21291  -21.919  -57.279  10.037 0.4000000060
21329  -22.099  -57.956  5.825 0.3000000119
24819  -25.811  -53.436  1.941 0.3000000119
21310  -21.596  -57.687  7.939 0.4000000060
26518  -22.123  -51.751  7.490 0.3000000119
24808  -25.780  -53.224  3.075 0.3000000119
22107  -22.394  -56.748  10.497 0.4000000060
24795  -25.013  -53.439  4.638 0.3000000119
6676  -25.695  -77.610  1.297 0.5000000000
130440  -25.889  -77.955  0.469 0.5000000000
6139  -26.139  -78.915  -0.768 0.5000000000
6154  -26.730  -79.613  -1.318 0.4000000060
128849  -25.455  -77.566  3.149 0.5000000000
6660  -25.781  -77.707  2.492 0.5000000000
6677  -26.618  -78.172  1.908 0.5000000000
6126  -26.444  -78.642  0.123 0.5000000000
6140  -27.006  -79.253  -0.387 0.5000000000
5625  -27.237  -80.040  -1.925 0.4000000060
6646  -25.952  -77.611  4.089 0.4000000060
6647  -26.674  -77.635  3.529 0.5000000000
6116  -27.231  -78.373  1.320 0.5000000000
5614  -27.519  -79.519  -1.113 0.4000000060
130648  -27.010  -77.293  3.891 0.5000000000
6662  -27.574  -77.598  2.325 0.5000000000
6104  -27.203  -78.096  2.156 0.5000000000
7236  -27.580  -76.731  2.852 0.5000000000
6678  -27.965  -77.576  1.586 0.5000000000
7249  -27.985  -76.968  1.922 0.5000000000
7285  -28.298  -77.541  0.515 0.5000000000
122363  -28.330  -77.471  -0.322 0.4000000060
7847  -26.854  -75.746  3.780 0.5000000000
7867  -27.613  -76.022  2.054 0.5000000000
111391  -27.873  -76.393  1.236 0.5000000000
7882  -27.737  -76.173  -0.473 0.5000000000
118893  -24.135  -73.718  0.085 0.5000000000
8509  -26.281  -75.078  3.229 0.5000000000
8508  -25.692  -74.564  2.618 0.5000000000
125690  -26.399  -74.908  2.481 0.5000000000
122379  -26.047  -74.363  1.772 0.5000000000
7866  -27.283  -75.437  1.239 0.5000000000
8522  -26.635  -74.538  1.188 0.5000000000
7874  -27.563  -75.803  0.475 0.5000000000
127567  -25.108  -73.662  0.890 0.5000000000
9280  -24.499  -73.108  -0.499 0.5000000000
10060  -23.832  -71.481  -2.924 0.5000000000
9261  -25.575  -73.198  0.424 0.5000000000
10043  -24.634  -72.213  -1.230 0.5000000000
10739  -24.787  -71.031  -2.708 0.5000000000
9262  -26.419  -73.211  0.166 0.5000000000
10029  -26.007  -72.099  -0.693 0.5000000000
10044  -25.572  -71.760  -1.212 0.5000000000
9281  -26.854  -73.511  -0.719 0.5000000000
10030  -26.438  -72.579  -0.646 0.5000000000
8544  -26.930  -74.218  -0.124 0.5000000000
7881  -27.186  -75.024  -0.928 0.5000000000
7888  -27.214  -75.241  -1.927 0.5000000000
12112  -24.914  -69.254  -6.062 0.5000000000
12113  -25.794  -69.286  -5.939 0.6000000238
10765  -24.839  -70.610  -4.263 0.5000000000
10751  -25.699  -70.924  -3.368 0.5000000000
11438  -26.284  -70.416  -5.386 0.5000000000
111145  -26.452  -71.300  -3.847 0.5000000000
10786  -26.626  -70.779  -4.847 0.5000000000
9294  -26.872  -72.971  -1.505 0.5000000000
130547  -26.887  -72.224  -2.992 0.5000000000
129191  -27.006  -74.238  -0.851 0.5000000000
12793  -24.180  -67.937  -6.031 0.5000000000
12794  -25.004  -67.968  -6.184 0.5000000000
11444  -26.008  -70.018  -5.788 0.6000000238
14978  -19.798  -64.710  0.044 0.5000000000
15707  -20.616  -64.597  0.179 0.6000000238
121949  -19.541  -65.353  0.201 0.5000000000
14963  -20.398  -65.622  0.339 0.5000000000
14952  -21.830  -65.795  1.239 0.6000000238
13463  -20.930  -67.094  0.871 0.6000000238
13462  -20.096  -67.141  0.677 0.5000000000
127025  -20.491  -67.657  1.084 0.6000000238
12736  -19.341  -68.083  1.916 0.5000000000
120217  -21.149  -67.507  2.645 0.6000000238
12718  -20.072  -68.202  2.454 0.6000000238
12716  -18.750  -68.216  2.603 0.5000000000
12697  -19.858  -68.298  3.189 0.6000000238
127519  -20.258  -68.253  3.728 0.6000000238
12695  -17.630  -68.585  3.439 0.5000000000
110013  -18.855  -68.639  4.160 0.5000000000
130438  -15.988  -69.493  4.810 0.5000000000
12001  -15.910  -69.605  5.567 0.6000000238
124724  -12.805  -68.376  6.149 0.6000000238
11998  -13.250  -69.359  5.656 0.5000000000
123924  -17.327  -69.286  4.842 0.6000000238
12680  -17.987  -68.936  4.343 0.5000000000
11976  -14.412  -69.253  6.491 0.5000000000
108827  -13.885  -67.062  5.451 0.6000000238
13383  -13.915  -67.552  6.330 0.6000000238
14181  -15.310  -66.601  4.867 0.6000000238
6624  -39.290  -77.779  5.495 0.3000000119
6638  -39.621  -77.541  4.626 0.3000000119
6108  -39.089  -78.741  2.964 0.3000000119
8486  -39.110  -75.302  4.665 0.3000000119
6669  -39.285  -78.343  2.394 0.3000000119
6096  -39.261  -79.081  3.586 0.3000000119
6086  -39.399  -79.385  4.320 0.3000000119
128359  -28.253  -78.362  -0.511 0.4000000060
10741  -26.439  -71.723  -2.448 0.5000000000
15718  -21.566  -63.391  -0.182 0.5000000000
6141  -27.795  -78.862  -0.229 0.4000000060
6129  -28.234  -78.196  0.244 0.5000000000
7856  -27.112  -75.625  2.866 0.5000000000
9240  -24.552  -74.010  1.309 0.5000000000
9221  -25.142  -74.202  1.988 0.5000000000
10053  -24.167  -71.770  -2.100 0.5000000000
10028  -25.363  -72.482  -0.427 0.5000000000
128287  -25.636  -70.780  -3.921 0.5000000000
6625  -39.832  -78.442  5.021 0.3000000119
117444  -40.144  -77.493  3.239 0.3000000119
7206  -39.445  -76.668  4.453 0.3000000119
6639  -39.946  -78.166  4.037 0.3000000119
6654  -39.930  -78.217  3.362 0.3000000119
7207  -39.982  -76.954  3.785 0.3000000119
111290  -25.344  -56.082  12.250 0.3000000119
4071  -28.643  -81.829  0.047 0.5000000000
4083  -29.502  -81.544  -0.310 0.5000000000
4105  -29.229  -82.560  -2.777 0.6000000238
4106  -30.210  -81.987  -2.435 0.6000000238
4107  -31.034  -81.566  -2.272 0.5000000000
4111  -25.515  -82.633  -3.564 0.5000000000
4113  -26.823  -83.139  -3.847 0.5000000000
4123  -27.223  -82.744  -4.493 0.5000000000
4133  -28.240  -81.938  -5.302 0.6000000238
4589  -30.533  -81.788  -1.483 0.6000000238
4590  -32.102  -81.261  -1.531 0.5000000000
4598  -31.799  -81.032  -2.059 0.5000000000
4603  -25.597  -81.981  -3.943 0.5000000000
4604  -29.759  -81.852  -3.785 0.6000000238
4605  -30.300  -81.337  -3.602 0.5000000000
4611  -26.277  -82.176  -4.409 0.5000000000
4613  -29.478  -81.664  -4.489 0.6999999881
4619  -26.760  -81.577  -5.023 0.6000000238
4622  -29.274  -81.369  -5.052 0.6000000238
5108  -31.193  -80.789  -2.627 0.5000000000
5120  -26.547  -80.988  -4.303 0.5000000000
5122  -30.069  -80.840  -4.127 0.5000000000
5126  -27.018  -80.651  -5.334 0.6000000238
5129  -29.659  -80.538  -4.753 0.6999999881
5131  -27.209  -80.158  -5.990 0.6999999881
5132  -27.465  -80.694  -6.042 0.6999999881
5133  -28.040  -80.701  -6.182 0.6000000238
5537  -39.344  -79.299  7.192 0.3000000119
5546  -39.243  -80.053  5.702 0.3000000119
5547  -39.721  -79.407  6.355 0.3000000119
5559  -38.973  -79.964  4.824 0.3000000119
5560  -39.620  -79.625  5.064 0.3000000119
5567  -32.870  -78.321  3.196 0.5000000000
5615  -30.930  -79.109  -0.911 0.5000000000
5626  -27.777  -79.534  -1.865 0.4000000060
5629  -32.221  -80.407  -1.097 0.5000000000
5636  -25.882  -80.434  -3.048 0.5000000000
5648  -27.411  -80.087  -3.588 0.5000000000
5659  -29.398  -79.817  -5.188 0.6999999881
5660  -27.247  -79.464  -6.005 0.6000000238
5663  -28.425  -79.438  -6.398 0.6999999881
6093  -33.569  -78.379  3.830 0.4000000060
6097  -39.591  -78.547  3.104 0.3000000119
6115  -26.533  -78.319  0.960 0.5000000000
6117  -27.679  -78.044  1.534 0.5000000000
6118  -31.833  -78.247  1.812 0.5000000000
6127  -27.179  -78.800  0.492 0.5000000000
6128  -27.751  -78.376  0.726 0.5000000000
6142  -30.694  -78.416  -0.597 0.6000000238
6153  -25.718  -79.208  -1.693 0.4000000060
6155  -28.135  -78.873  -1.293 0.4000000060
6176  -27.215  -78.925  -5.379 0.5000000000
6178  -29.794  -78.217  -5.010 0.6999999881
6180  -29.277  -78.864  -5.677 0.6999999881
6182  -27.504  -78.396  -6.805 0.6999999881
6183  -28.121  -78.593  -6.799 0.6999999881
6186  -27.319  -77.923  -6.846 0.6000000238
6189  -28.507  -77.841  -6.941 0.6999999881
6589  -37.384  -77.207  10.010 0.3000000119
6632  -25.707  -77.327  4.681 0.4000000060
6633  -26.445  -77.284  4.353 0.4000000060
6634  -26.935  -76.885  4.278 0.5000000000
6635  -34.808  -77.905  4.226 0.4000000060
6637  -36.154  -77.947  4.121 0.4000000060
6648  -33.374  -77.903  3.404 0.4000000060
6650  -34.554  -77.617  3.741 0.4000000060
6661  -26.638  -77.944  2.759 0.5000000000
6663  -32.807  -77.707  2.697 0.5000000000
6666  -35.806  -77.397  2.724 0.4000000060
6668  -38.585  -78.370  2.547 0.3000000119
6670  -39.875  -77.834  2.601 0.3000000119
6679  -28.190  -77.221  1.146 0.5000000000
6684  -35.655  -77.250  1.721 0.3000000119
6697  -28.110  -77.894  0.985 0.5000000000
6700  -33.163  -76.843  1.183 0.5000000000
6705  -38.555  -77.312  0.589 0.3000000119
6716  -30.984  -77.312  -0.339 0.5000000000
6719  -37.479  -77.060  -0.476 0.3000000119
6729  -28.345  -78.019  -1.095 0.4000000060
6730  -30.518  -77.566  -1.815 0.5000000000
6750  -27.451  -78.130  -3.934 0.5000000000
6751  -30.419  -77.402  -3.836 0.6999999881
6757  -30.065  -77.447  -5.656 0.6999999881
6760  -27.286  -77.516  -6.934 0.6999999881
6761  -27.617  -77.210  -7.037 0.6999999881
6762  -28.191  -77.351  -7.090 0.6999999881
6763  -29.455  -76.803  -6.943 0.6999999881
7158  -37.685  -77.226  9.425 0.3000000119
7165  -38.063  -77.267  8.703 0.3000000119
7172  -37.747  -77.031  7.650 0.3000000119
7221  -27.266  -76.897  3.698 0.5000000000
7266  -28.153  -76.770  0.449 0.5000000000
7268  -32.508  -76.641  -0.073 0.5000000000
7302  -31.497  -76.570  -1.603 0.5000000000
7319  -27.714  -77.177  -2.549 0.5000000000
7336  -27.356  -76.843  -5.181 0.6000000238
7339  -32.434  -75.777  -4.706 0.4000000060
7341  -35.323  -75.851  -4.422 0.4000000060
7342  -27.388  -77.260  -6.672 0.6000000238
7348  -27.399  -77.103  -6.922 0.6000000238
7349  -27.612  -76.765  -6.658 0.6000000238
7351  -31.002  -75.689  -6.589 0.6000000238
7353  -28.279  -76.762  -7.090 0.6000000238
7355  -29.695  -76.183  -7.049 0.6999999881
7836  -27.099  -76.408  4.023 0.5000000000
7838  -39.599  -75.954  4.107 0.3000000119
7848  -27.267  -76.278  3.484 0.5000000000
7855  -26.879  -75.074  1.946 0.5000000000
7873  -26.992  -74.882  0.537 0.5000000000
7897  -27.372  -76.172  -2.230 0.6000000238
7898  -37.311  -75.325  -3.583 0.4000000060
7905  -27.275  -75.433  -3.321 0.6000000238
7913  -34.127  -75.506  -4.904 0.4000000060
7915  -35.514  -75.217  -4.838 0.4000000060
7917  -27.682  -75.956  -5.433 0.6000000238
7918  -28.097  -75.571  -5.695 0.6000000238
7921  -34.732  -74.903  -5.159 0.4000000060
7923  -27.874  -76.204  -6.231 0.6000000238
7928  -28.338  -76.218  -7.017 0.6000000238
7929  -29.153  -75.680  -7.015 0.6000000238
7930  -29.906  -75.565  -7.097 0.6000000238
7931  -31.478  -74.927  -7.024 0.5000000000
7932  -31.984  -74.240  -7.066 0.5000000000
8465  -30.915  -74.040  5.522 0.5000000000
8482  -31.729  -74.575  4.589 0.5000000000
8495  -30.918  -74.030  3.803 0.5000000000
8523  -32.211  -74.113  1.161 0.5000000000
8524  -33.103  -74.622  1.378 0.5000000000
8525  -34.416  -74.705  1.282 0.5000000000
8537  -36.595  -74.273  -0.384 0.4000000060
8538  -37.485  -73.821  -0.862 0.4000000060
8545  -27.264  -75.213  -0.103 0.5000000000
8557  -34.148  -74.167  -1.299 0.5000000000
8567  -27.175  -74.694  -2.616 0.6999999881
8568  -35.865  -74.000  -3.249 0.4000000060
8579  -28.270  -74.300  -3.983 0.6000000238
8583  -27.858  -74.990  -4.256 0.6999999881
8586  -36.151  -74.211  -4.673 0.4000000060
8587  -28.672  -75.170  -5.904 0.6000000238
8591  -34.885  -74.225  -5.300 0.4000000060
8592  -29.294  -75.015  -6.561 0.6000000238
8593  -31.859  -73.805  -7.050 0.5000000000
8596  -31.435  -74.321  -7.114 0.5000000000
9101  -30.001  -73.077  9.288 0.4000000060
9102  -30.853  -72.959  9.280 0.4000000060
9112  -28.766  -73.229  8.414 0.6000000238
9115  -32.023  -73.291  8.223 0.4000000060
9122  -27.740  -72.979  7.455 0.6000000238
9124  -29.350  -73.522  7.653 0.4000000060
9139  -28.033  -73.147  6.794 0.6000000238
9142  -31.135  -73.771  7.047 0.5000000000
9181  -30.453  -73.731  4.342 0.5000000000
9204  -31.087  -73.995  3.086 0.5000000000
9207  -36.381  -73.265  3.262 0.4000000060
9223  -31.258  -73.811  2.247 0.6000000238
9225  -36.508  -73.423  2.276 0.5000000000
9241  -26.103  -73.818  0.871 0.5000000000
9243  -31.472  -73.595  1.445 0.6000000238
9245  -36.761  -73.622  1.300 0.5000000000
9260  -24.715  -73.637  0.632 0.5000000000
9293  -24.071  -73.292  -1.164 0.5000000000
9298  -38.727  -73.568  -2.036 0.4000000060
9313  -34.017  -73.423  -2.861 0.4000000060
9314  -34.887  -73.696  -3.609 0.4000000060
9328  -27.980  -73.850  -3.483 0.6999999881
9345  -34.190  -73.282  -5.132 0.5000000000
9346  -34.813  -73.571  -4.835 0.4000000060
9347  -35.322  -73.960  -4.969 0.4000000060
9354  -32.310  -73.375  -5.805 0.5000000000
9359  -32.373  -73.669  -6.553 0.5000000000
9360  -32.884  -73.824  -5.975 0.5000000000
9931  -26.706  -72.215  7.457 0.4000000060
9932  -27.262  -72.563  7.777 0.5000000000
9933  -27.956  -72.894  8.137 0.5000000000
9934  -32.934  -72.960  8.044 0.4000000060
9969  -28.365  -72.502  4.850 0.6000000238
9994  -30.297  -72.682  2.138 0.6000000238
10004  -30.009  -72.200  1.728 0.6000000238
10016  -26.011  -72.564  -0.154 0.5000000000
10046  -32.604  -72.941  -2.160 0.5000000000
10055  -33.291  -73.134  -2.868 0.5000000000
10061  -27.125  -72.250  -3.445 0.6999999881
10062  -27.784  -72.988  -3.510 0.6000000238
10063  -32.602  -72.731  -3.636 0.5000000000
10064  -33.434  -73.067  -4.251 0.5000000000
10090  -31.961  -72.735  -5.025 0.5000000000
10602  -30.784  -71.713  10.191 0.4000000060
10603  -31.628  -71.652  10.251 0.4000000060
10642  -25.846  -71.330  6.682 0.5000000000
10658  -26.536  -71.705  5.213 0.6000000238
10668  -25.604  -71.088  5.266 0.5000000000
10669  -27.095  -71.632  4.518 0.6000000238
10690  -28.404  -71.246  2.435 0.6000000238
10691  -29.098  -71.609  2.194 0.6000000238
10701  -29.538  -71.739  1.612 0.6000000238
10720  -30.360  -71.445  -0.551 0.6000000238
10727  -25.067  -71.318  -1.873 0.5000000000
10728  -25.853  -71.492  -1.902 0.5000000000
10729  -30.675  -71.270  -1.366 0.6000000238
10730  -31.323  -71.976  -1.639 0.5000000000
10740  -25.753  -71.184  -2.618 0.5000000000
10750  -24.721  -70.817  -3.507 0.5000000000
10753  -30.822  -71.158  -3.304 0.5000000000
10755  -31.962  -72.305  -3.706 0.5000000000
10766  -26.129  -70.794  -4.335 0.5000000000
10769  -28.670  -70.887  -4.783 0.6000000238
10772  -31.395  -71.893  -3.682 0.5000000000
10785  -25.647  -70.430  -4.870 0.5000000000
11295  -30.425  -71.124  10.066 0.4000000060
11351  -24.927  -69.995  5.215 0.5000000000
11374  -25.291  -70.418  3.409 0.5000000000
11375  -26.192  -70.828  3.587 0.5000000000
11376  -26.970  -70.823  2.900 0.5000000000
11387  -27.637  -70.834  2.266 0.6000000238
11394  -25.846  -70.246  1.911 0.6000000238
11402  -28.791  -70.190  -0.269 0.5000000000
11407  -30.905  -71.238  -2.159 0.6000000238
11410  -29.999  -70.025  -2.140 0.6000000238
11412  -30.692  -70.745  -2.657 0.5000000000
11415  -29.878  -69.916  -3.627 0.6000000238
11425  -29.693  -69.973  -4.108 0.6000000238
11426  -30.262  -70.581  -3.705 0.6000000238
11439  -28.398  -70.124  -5.695 0.6000000238
11445  -26.742  -70.390  -6.043 0.6000000238
11446  -27.644  -70.080  -6.211 0.6999999881
11938  -17.924  -69.486  8.263 0.6000000238
11952  -14.877  -69.052  7.025 0.6000000238
11953  -15.657  -69.198  7.375 0.6999999881
11955  -17.534  -69.647  7.502 0.6000000238
11956  -18.455  -69.568  7.507 0.6000000238
11957  -19.197  -69.359  7.517 0.6000000238
11974  -12.930  -68.908  6.057 0.6000000238
11975  -13.627  -69.077  6.330 0.5000000000
11999  -14.027  -69.505  5.777 0.5000000000
12000  -14.889  -69.580  5.713 0.5000000000
12002  -17.013  -69.571  5.684 0.6000000238
12004  -18.631  -69.260  5.896 0.6999999881
12023  -16.579  -69.420  4.847 0.5000000000
12024  -17.922  -69.291  5.279 0.6999999881
12038  -16.087  -69.193  4.126 0.5000000000
12040  -24.634  -69.537  3.880 0.5000000000
12051  -24.737  -69.708  2.466 0.6000000238
12053  -24.532  -69.058  2.024 0.6000000238
12054  -25.047  -69.742  1.626 0.6000000238
12056  -26.972  -70.002  0.807 0.6000000238
12063  -28.075  -69.812  -0.247 0.6000000238
12068  -27.529  -69.526  -0.806 0.6000000238
12073  -26.834  -69.136  -1.506 0.6000000238
12086  -29.286  -69.348  -3.751 0.6000000238
12107  -28.066  -68.766  -6.043 0.6000000238
12114  -26.841  -69.494  -6.155 0.6000000238
12586  -19.110  -68.105  10.202 0.6000000238
12600  -17.871  -68.625  9.521 0.6000000238
12602  -19.570  -68.399  9.511 0.5000000000
12613  -16.110  -68.300  8.205 0.6000000238
12615  -17.421  -69.076  8.881 0.6000000238
12617  -19.722  -68.993  8.051 0.6000000238
12633  -20.473  -68.399  7.408 0.6000000238
12647  -13.388  -68.525  6.461 0.6000000238
12668  -25.258  -69.436  5.365 0.5000000000
12682  -20.209  -68.379  4.440 0.6000000238
12683  -24.722  -68.942  4.096 0.6000000238
12696  -19.045  -68.432  3.324 0.6000000238
12698  -20.626  -68.043  3.087 0.6000000238
12700  -24.822  -68.160  2.940 0.6000000238
12717  -19.414  -68.260  2.681 0.5000000000
12743  -24.565  -68.313  0.617 0.6000000238
12744  -24.763  -68.772  0.125 0.6000000238
12754  -25.729  -68.092  -2.088 0.6999999881
12755  -26.304  -68.628  -2.098 0.6999999881
12764  -28.490  -69.135  -3.493 0.6999999881
12775  -26.877  -68.054  -3.883 0.6999999881
12776  -27.733  -68.699  -4.025 0.6999999881
12788  -27.809  -68.759  -4.682 0.6999999881
12797  -28.261  -68.939  -5.691 0.6999999881
12800  -25.413  -68.535  -6.129 0.5000000000
12801  -26.416  -68.522  -6.022 0.6999999881
12802  -27.365  -68.640  -6.005 0.6999999881
13302  -17.879  -67.310  10.256 0.6000000238
13304  -19.518  -67.489  10.675 0.6000000238
13315  -16.874  -66.992  9.036 0.6000000238
13316  -17.510  -67.875  9.767 0.6000000238
13319  -20.992  -67.601  9.524 0.5000000000
13329  -16.509  -67.811  8.753 0.6000000238
13331  -21.286  -67.419  8.630 0.5000000000
13347  -20.871  -67.812  8.055 0.6000000238
13365  -13.750  -68.106  6.762 0.6000000238
13367  -20.923  -68.032  6.691 0.6999999881
13368  -21.450  -67.323  6.609 0.6999999881
13394  -20.893  -67.983  4.038 0.6999999881
13396  -26.987  -67.678  4.167 0.5000000000
13407  -27.726  -67.044  3.610 0.6000000238
13416  -20.677  -67.935  2.296 0.6000000238
13417  -24.736  -67.646  1.584 0.6000000238
13420  -27.601  -66.950  2.704 0.6000000238
13440  -20.276  -68.022  1.691 0.6000000238
13441  -21.028  -67.520  1.703 0.6000000238
13442  -25.249  -67.027  1.313 0.6000000238
13464  -24.675  -67.494  0.756 0.6000000238
13487  -25.433  -67.429  -1.817 0.6000000238
13517  -27.077  -67.328  -5.416 0.6999999881
13518  -27.326  -68.135  -5.133 0.6999999881
13522  -24.932  -67.273  -5.920 0.5000000000
14057  -24.680  -66.094  11.130 0.5000000000
14065  -17.612  -66.479  10.083 0.6000000238
14067  -19.105  -66.782  11.077 0.6999999881
14071  -23.607  -66.546  10.636 0.5000000000
14099  -17.180  -66.335  8.589 0.6000000238
14103  -24.381  -66.449  8.694 0.5000000000
14119  -16.073  -67.383  7.527 0.6000000238
14121  -21.844  -66.709  7.266 0.4000000060
14123  -23.050  -66.119  7.925 0.5000000000
14147  -16.166  -67.024  6.667 0.6000000238
14149  -22.451  -66.078  6.868 0.6000000238
14163  -14.663  -67.025  5.629 0.6000000238
14165  -16.621  -66.604  5.870 0.5000000000
14183  -21.901  -66.782  4.818 0.6000000238
14209  -21.513  -66.977  2.252 0.6999999881
14210  -22.009  -66.152  2.278 0.6999999881
14212  -28.072  -66.333  2.056 0.6000000238
14221  -27.509  -66.254  1.263 0.6000000238
14234  -19.593  -66.234  0.386 0.5000000000
14235  -20.476  -66.515  0.541 0.5000000000
14236  -25.757  -66.305  0.040 0.6000000238
14277  -25.796  -66.643  -2.192 0.6000000238
14300  -24.868  -66.421  -5.394 0.6000000238
14302  -26.661  -66.860  -5.520 0.6000000238
14789  -22.019  -65.177  12.124 0.5000000000
14800  -19.897  -65.243  11.458 0.6999999881
14801  -20.553  -65.547  11.592 0.6999999881
14804  -23.339  -65.760  11.747 0.5000000000
14814  -17.935  -65.774  10.386 0.6000000238
14815  -19.198  -65.149  11.168 0.6999999881
14843  -17.458  -65.636  9.051 0.6000000238
14858  -22.866  -65.901  7.279 0.6999999881
14860  -24.249  -65.641  7.274 0.6999999881
14875  -22.993  -65.502  6.695 0.6999999881
14878  -25.839  -65.186  6.610 0.5000000000
14895  -17.143  -66.333  5.169 0.5000000000
14896  -17.867  -66.010  5.424 0.5000000000
14897  -18.144  -65.432  4.929 0.5000000000
14898  -22.988  -65.052  5.282 0.6000000238
14901  -28.726  -65.072  5.693 0.6000000238
14914  -28.486  -65.000  4.361 0.6000000238
14929  -16.582  -65.704  3.729 0.5000000000
14930  -17.325  -65.624  3.869 0.5000000000
14931  -22.872  -65.024  3.597 0.6000000238
14932  -28.275  -65.432  3.515 0.6000000238
14946  -28.081  -65.473  2.119 0.6000000238
14962  -18.836  -65.471  0.183 0.5000000000
14979  -27.132  -65.015  -0.271 0.6000000238
14993  -26.803  -65.083  -1.286 0.6000000238
15028  -25.759  -65.437  -4.530 0.6000000238
15029  -26.454  -65.818  -4.494 0.6000000238
15547  -21.748  -64.368  12.359 0.5000000000
15595  -17.758  -64.909  8.716 0.6000000238
15604  -18.034  -65.148  7.131 0.6000000238
15605  -18.117  -64.263  7.318 0.6000000238
15613  -24.064  -64.646  5.872 0.6000000238
15616  -27.587  -64.577  6.011 0.6000000238
15627  -23.342  -64.560  4.804 0.6000000238
15644  -18.556  -64.893  4.433 0.4000000060
15649  -25.433  -64.377  4.463 0.5000000000
15664  -17.773  -65.072  3.323 0.5000000000
15666  -23.368  -64.341  3.510 0.6000000238
15683  -22.921  -64.641  2.778 0.6000000238
15684  -23.481  -63.920  2.638 0.6000000238
15686  -25.540  -63.753  2.302 0.5000000000
15700  -23.191  -63.663  1.778 0.6000000238
15702  -27.104  -64.614  1.065 0.6000000238
15703  -27.761  -65.105  1.592 0.6000000238
15708  -21.396  -64.310  0.392 0.5000000000
15710  -26.397  -63.862  0.830 0.6999999881
15716  -19.364  -64.495  -0.616 0.5000000000
15726  -26.940  -64.423  -1.510 0.6000000238
15737  -26.611  -64.660  -2.323 0.5000000000
15746  -25.587  -64.714  -3.275 0.4000000060
16292  -21.827  -63.188  12.813 0.5000000000
16308  -19.855  -63.962  11.185 0.6000000238
16309  -20.474  -63.688  11.438 0.6000000238
16310  -21.060  -64.114  11.879 0.6000000238
16318  -20.331  -62.969  11.056 0.6000000238
16331  -18.866  -63.389  9.374 0.6999999881
16386  -18.834  -64.156  4.827 0.6000000238
16397  -19.023  -64.381  3.059 0.4000000060
16404  -17.829  -64.311  1.953 0.5000000000
16406  -19.356  -63.535  1.812 0.5000000000
16418  -17.833  -63.931  1.111 0.5000000000
16423  -24.461  -62.979  1.485 0.6000000238
16424  -25.506  -63.289  1.119 0.5000000000
16433  -23.311  -62.669  0.667 0.6000000238
16443  -21.780  -62.921  -1.112 0.6000000238
16445  -23.169  -62.447  -0.013 0.5000000000
16447  -26.112  -63.494  -1.043 0.6000000238
16455  -24.933  -62.932  -1.970 0.4000000060
16457  -26.660  -63.988  -1.656 0.6000000238
17082  -21.318  -62.811  12.233 0.5000000000
17090  -19.794  -62.726  10.354 0.6000000238
17126  -19.082  -62.677  8.723 0.6000000238
17127  -19.612  -61.905  8.859 0.6000000238
17161  -18.703  -62.792  7.003 0.6000000238
17162  -19.215  -62.204  6.369 0.6000000238
17208  -20.041  -63.366  2.740 0.5000000000
17219  -20.588  -62.723  2.159 0.4000000060
17247  -23.645  -62.336  -0.622 0.5000000000
17256  -25.222  -62.915  -1.152 0.5000000000
17260  -23.949  -62.652  -2.139 0.5000000000
17958  -20.653  -61.501  10.738 0.5000000000
17965  -20.493  -61.015  10.061 0.5000000000
17966  -20.802  -60.709  10.715 0.5000000000
18003  -20.016  -60.977  7.471 0.6000000238
18026  -19.610  -62.037  5.475 0.6000000238
18048  -21.599  -61.366  3.541 0.4000000060
18776  -23.909  -59.892  13.200 0.4000000060
18803  -20.665  -60.004  8.623 0.5000000000
18840  -20.669  -60.692  5.865 0.5000000000
18841  -21.280  -60.156  5.847 0.4000000060
19583  -22.946  -58.921  12.471 0.4000000060
19602  -21.746  -58.909  11.228 0.4000000060
19664  -22.558  -59.369  3.879 0.4000000060
20453  -21.128  -58.601  8.608 0.5000000000
20461  -21.303  -58.379  7.944 0.5000000000
20483  -22.224  -59.036  4.764 0.4000000060
20500  -24.552  -58.433  1.283 0.3000000119
21257  -24.035  -57.864  12.285 0.4000000060
21270  -23.410  -57.461  11.768 0.4000000060
21282  -21.730  -58.146  10.332 0.4000000060
21283  -22.264  -57.520  10.809 0.4000000060
21290  -21.644  -57.697  9.443 0.4000000060
21319  -22.115  -57.432  6.386 0.3000000119
21356  -21.430  -57.842  0.882 0.3000000119
21357  -24.944  -58.034  0.777 0.3000000119
21362  -23.080  -58.168  -0.128 0.4000000060
21364  -24.343  -58.192  0.534 0.3000000119
22083  -25.030  -56.834  12.265 0.4000000060
22095  -22.930  -56.182  11.056 0.3000000119
22118  -22.061  -56.572  9.546 0.3000000119
22137  -21.830  -56.913  7.814 0.4000000060
22192  -21.822  -56.409  1.456 0.3000000119
22194  -25.372  -56.335  0.802 0.3000000119
22198  -22.250  -57.098  0.727 0.3000000119
23004  -24.339  -54.725  4.927 0.3000000119
23031  -25.556  -54.793  2.796 0.3000000119
23043  -21.574  -55.401  2.541 0.4000000060
23051  -22.048  -55.754  1.744 0.4000000060
23053  -24.057  -55.250  0.794 0.4000000060
23063  -24.688  -55.778  0.232 0.4000000060
23065  -25.272  -55.922  0.395 0.3000000119
23902  -20.175  -54.225  6.919 0.3000000119
23924  -19.395  -53.550  4.653 0.4000000060
23925  -24.906  -54.307  4.257 0.3000000119
23926  -25.486  -53.733  3.779 0.3000000119
23940  -25.135  -54.893  3.549 0.3000000119
23941  -25.775  -54.005  2.864 0.3000000119
23950  -21.082  -54.934  3.254 0.4000000060
23954  -25.740  -54.307  1.828 0.3000000119
23964  -23.351  -54.716  1.419 0.4000000060
23967  -25.496  -54.697  0.910 0.3000000119
23975  -24.969  -55.097  0.200 0.3000000119
23976  -25.192  -55.238  0.358 0.3000000119
24733  -21.031  -53.693  8.399 0.3000000119
24765  -19.608  -53.593  6.406 0.3000000119
24779  -21.523  -53.679  5.953 0.3000000119
24793  -20.153  -53.511  4.737 0.3000000119
24806  -22.183  -53.382  3.656 0.3000000119
24830  -24.457  -53.382  0.783 0.4000000060
24831  -25.143  -53.213  0.670 0.4000000060
24832  -25.570  -53.755  1.003 0.3000000119
25689  -22.213  -53.121  6.275 0.3000000119
25699  -19.853  -53.282  5.375 0.3000000119
25714  -21.313  -53.448  4.849 0.3000000119
25735  -23.624  -52.934  1.501 0.4000000060
26560  -22.981  -50.868  2.285 0.3000000119
26577  -23.883  -51.108  1.386 0.3000000119
26579  -25.210  -50.904  1.132 0.3000000119
27398  -23.696  -50.217  1.664 0.3000000119
27399  -25.045  -49.736  1.692 0.3000000119
27408  -25.012  -50.165  1.220 0.3000000119
109044  -30.617  -79.168  -2.306 0.6000000238
109248  -21.843  -66.841  10.354 0.5000000000
109417  -36.318  -76.633  -2.553 0.3000000119
109967  -31.711  -73.459  0.806 0.5000000000
110147  -34.162  -76.732  -1.067 0.4000000060
110444  -27.786  -72.563  5.587 0.6000000238
110469  -27.385  -77.433  -5.993 0.6000000238
110628  -32.750  -72.809  -4.393 0.5000000000
110896  -25.748  -66.813  -5.623 0.5000000000
110898  -33.685  -76.575  -2.442 0.4000000060
110960  -21.856  -57.564  7.170 0.4000000060
111010  -39.738  -78.776  3.823 0.3000000119
111117  -33.844  -74.709  2.978 0.5000000000
111337  -26.830  -64.839  -2.033 0.5000000000
111567  -31.627  -73.219  -5.605 0.5000000000
111610  -26.958  -64.485  2.963 0.6000000238
111677  -27.365  -64.498  3.778 0.6000000238
111809  -24.028  -66.587  9.355 0.5000000000
111857  -28.615  -82.642  -3.807 0.5000000000
112063  -25.033  -68.364  3.731 0.6000000238
112665  -20.848  -63.864  -0.236 0.5000000000
112696  -20.598  -54.436  3.941 0.4000000060
112747  -27.237  -77.397  3.231 0.5000000000
112786  -17.988  -64.365  9.120 0.6999999881
112853  -26.875  -72.556  -2.340 0.5000000000
112896  -31.392  -71.789  -2.368 0.5000000000
112977  -24.111  -56.010  3.950 0.3000000119
113282  -23.853  -64.304  5.045 0.6000000238
113328  -21.296  -65.307  0.621 0.6000000238
113348  -35.052  -75.732  10.859 0.3000000119
113966  -39.349  -78.070  6.517 0.3000000119
114133  -20.843  -53.531  4.654 0.3000000119
114661  -21.935  -60.680  4.036 0.4000000060
114726  -31.678  -76.449  -2.536 0.5000000000
114950  -19.198  -68.972  8.921 0.6000000238
114968  -28.825  -76.317  -7.103 0.6000000238
115062  -17.775  -65.878  7.289 0.6000000238
115368  -23.992  -62.511  0.923 0.6000000238
115647  -21.036  -66.803  10.965 0.5000000000
115779  -29.239  -70.760  -0.047 0.6000000238
116024  -32.082  -73.041  -0.994 0.5000000000
116244  -24.548  -68.713  2.706 0.6000000238
116286  -33.893  -76.710  -0.325 0.3000000119
116356  -27.093  -77.796  2.826 0.5000000000
116406  -25.988  -77.761  3.360 0.5000000000
116611  -30.807  -74.035  4.923 0.5000000000
116809  -19.285  -68.881  5.416 0.6999999881
117290  -16.681  -64.680  2.195 0.5000000000
117489  -37.276  -73.945  -4.016 0.4000000060
117843  -26.388  -71.970  -1.475 0.5000000000
118173  -26.625  -70.257  1.468 0.5000000000
118280  -23.063  -57.594  0.057 0.4000000060
118369  -18.372  -68.579  3.680 0.5000000000
118371  -27.245  -71.250  -4.728 0.6000000238
118640  -19.099  -62.594  5.567 0.6000000238
118717  -29.600  -72.463  9.608 0.5000000000
118755  -22.964  -51.813  3.237 0.4000000060
118960  -35.436  -76.291  12.108 0.3000000119
119242  -15.321  -69.543  4.741 0.6000000238
119513  -22.963  -59.786  2.992 0.3000000119
120328  -26.679  -66.179  -4.370 0.6000000238
120350  -20.709  -60.376  6.393 0.5000000000
120393  -26.229  -65.813  -3.691 0.6000000238
120573  -24.656  -51.666  0.867 0.4000000060
120701  -17.967  -64.920  7.880 0.6000000238
121047  -31.672  -76.128  -4.291 0.6000000238
121106  -29.802  -78.964  -4.564 0.6999999881
121127  -27.106  -81.717  -5.334 0.5000000000
121152  -39.825  -78.984  4.640 0.3000000119
121196  -26.057  -66.050  -1.497 0.6000000238
121230  -27.151  -70.730  -5.590 0.6000000238
121272  -30.147  -79.262  -3.808 0.6999999881
122007  -21.322  -67.597  4.855 0.6999999881
122016  -26.353  -63.624  -0.418 0.6000000238
122039  -25.118  -51.451  0.870 0.3000000119
122158  -19.619  -68.445  3.924 0.6000000238
122343  -36.335  -78.611  4.515 0.4000000060
122537  -22.472  -50.582  3.961 0.4000000060
122622  -33.622  -73.819  -5.721 0.5000000000
122634  -24.801  -70.210  4.066 0.5000000000
122739  -37.598  -77.538  0.965 0.3000000119
122817  -13.716  -69.573  5.126 0.5000000000
122933  -13.163  -67.929  6.311 0.6000000238
123045  -25.230  -69.724  -5.748 0.6000000238
123153  -31.270  -73.276  8.637 0.4000000060
123846  -31.387  -76.801  -0.802 0.5000000000
123976  -21.605  -58.146  7.355 0.5000000000
124309  -21.149  -66.241  0.755 0.6000000238
124540  -16.221  -69.128  8.032 0.6000000238
124756  -36.142  -74.710  -4.816 0.4000000060
124826  -28.106  -80.028  -6.448 0.6999999881
126082  -37.515  -77.979  11.127 0.3000000119
126504  -31.615  -81.316  -2.047 0.5000000000
126721  -25.432  -73.884  1.177 0.5000000000
126841  -28.969  -69.190  -4.286 0.6999999881
126850  -32.104  -78.691  2.148 0.5000000000
127152  -20.142  -68.290  9.036 0.6000000238
127203  -21.548  -61.250  12.485 0.4000000060
127599  -39.193  -79.898  6.540 0.3000000119
127725  -38.975  -77.934  8.192 0.3000000119
128002  -28.516  -69.137  -4.871 0.6999999881
128032  -18.353  -68.392  3.137 0.5000000000
128081  -26.607  -74.047  0.575 0.5000000000
128175  -25.220  -68.033  -1.452 0.6000000238
129085  -18.900  -63.739  9.981 0.6000000238
129274  -30.937  -73.795  -6.656 0.5000000000
129435  -39.736  -79.606  5.684 0.3000000119
129623  -35.823  -76.933  -1.786 0.3000000119
129718  -28.923  -72.393  9.376 0.4000000060
129918  -21.833  -63.794  12.595 0.5000000000
129963  -27.167  -67.204  -4.986 0.6999999881
130059  -24.623  -58.514  12.621 0.4000000060
130061  -31.214  -76.403  -3.891 0.6000000238
130071  -24.900  -73.109  0.116 0.5000000000
130187  -15.523  -67.205  6.501 0.6000000238
130720  -33.651  -74.129  -0.801 0.5000000000
130797  -30.172  -70.131  -3.168 0.6000000238
130828  -38.285  -73.205  0.097 0.4000000060
130909  -20.646  -60.407  10.071 0.5000000000
130910  -28.008  -64.541  5.439 0.6000000238
131181  -24.068  -63.637  2.675 0.5000000000
131381  -33.317  -73.452  6.483 0.5000000000
131423  -16.147  -68.760  8.188 0.6000000238
132028  -22.491  -65.486  3.434 0.6000000238
