#!ascii label  , from subject sub-v1s0x0050668_ses-1 vox2ras=TkReg
546
8206  -45.678  -74.135  26.909 0.0000000000
10538  -48.029  -71.701  17.019 0.0000000000
11163  -42.351  -71.140  22.382 0.0000000000
8944  -45.824  -73.752  21.818 0.0000000000
13224  -46.798  -67.567  19.899 0.0000000000
12412  -44.740  -68.276  28.097 0.0000000000
13930  -38.278  -66.687  23.511 0.0000000000
17734  -34.522  -61.538  26.455 0.0000000000
121523  -41.001  -69.609  19.378 0.0000000000
11839  -44.276  -69.486  20.289 0.0000000000
13247  -42.899  -67.491  18.199 0.0000000000
13153  -41.710  -68.125  25.975 0.0000000000
15384  -38.711  -64.699  26.644 0.0000000000
20223  -32.993  -58.456  25.155 0.0000000000
18597  -35.303  -60.444  23.675 0.0000000000
7015  -42.030  -76.591  25.089 0.0000000000
10517  -46.217  -71.673  19.538 0.0000000000
8312  -42.627  -74.825  19.248 0.0000000000
8342  -43.438  -74.912  17.227 0.0000000000
9695  -44.734  -72.414  25.546 0.0000000000
8237  -45.896  -74.254  24.436 0.0000000000
11822  -48.506  -69.458  22.414 0.0000000000
12524  -49.805  -68.112  19.367 0.0000000000
11772  -43.015  -69.643  25.739 0.0000000000
12471  -40.204  -69.142  22.985 0.0000000000
13203  -38.018  -67.897  20.542 0.0000000000
16111  -35.898  -64.035  28.138 0.0000000000
16894  -36.747  -62.725  25.293 0.0000000000
15424  -36.074  -64.098  22.255 0.0000000000
126280  -36.943  -64.134  19.313 0.0000000000
7673  -42.117  -75.245  22.144 0.0000000000
14028  -45.819  -66.851  15.904 0.0000000000
11242  -46.075  -70.926  16.361 0.0000000000
9844  -45.056  -73.141  13.149 0.0000000000
126692  -40.296  -67.847  18.136 0.0000000000
12521  -42.014  -68.787  18.825 0.0000000000
7628  -43.564  -76.040  26.021 0.0000000000
10528  -46.459  -72.055  18.315 0.0000000000
128590  -44.530  -73.863  18.070 0.0000000000
9012  -46.380  -73.224  17.030 0.0000000000
8356  -43.648  -75.034  16.327 0.0000000000
9026  -46.035  -73.506  15.993 0.0000000000
124618  -43.052  -71.758  23.816 0.0000000000
10478  -43.729  -71.629  22.514 0.0000000000
12504  -45.322  -68.387  19.946 0.0000000000
126237  -46.116  -69.235  21.349 0.0000000000
12493  -48.025  -68.207  21.557 0.0000000000
12495  -49.184  -68.282  21.287 0.0000000000
13225  -48.991  -67.222  20.535 0.0000000000
11101  -45.289  -69.828  27.614 0.0000000000
12428  -44.274  -68.694  27.168 0.0000000000
13151  -39.956  -67.461  25.309 0.0000000000
12437  -40.833  -68.462  24.867 0.0000000000
13167  -39.477  -67.935  23.699 0.0000000000
12482  -39.284  -68.823  21.669 0.0000000000
13178  -38.290  -67.443  22.247 0.0000000000
124994  -35.290  -62.787  27.179 0.0000000000
131948  -36.682  -63.037  26.449 0.0000000000
17736  -35.925  -61.991  25.969 0.0000000000
17789  -35.312  -60.636  22.051 0.0000000000
16161  -36.045  -62.834  22.755 0.0000000000
16179  -35.987  -63.167  21.375 0.0000000000
15453  -36.145  -64.307  20.684 0.0000000000
8269  -45.608  -74.350  22.754 0.0000000000
7676  -44.110  -75.380  22.578 0.0000000000
7685  -43.950  -75.235  21.792 0.0000000000
8974  -40.560  -73.611  19.503 0.0000000000
109034  -45.164  -66.336  15.439 0.0000000000
109433  -46.283  -68.428  16.677 0.0000000000
11262  -43.490  -70.949  14.363 0.0000000000
11199  -41.066  -70.320  20.707 0.0000000000
11182  -43.366  -70.913  21.275 0.0000000000
11219  -42.279  -69.873  19.851 0.0000000000
12502  -43.481  -68.676  19.290 0.0000000000
13249  -44.675  -67.565  18.941 0.0000000000
13143  -42.743  -67.947  26.792 0.0000000000
13898  -39.996  -66.216  26.296 0.0000000000
13912  -38.908  -66.173  25.218 0.0000000000
19393  -33.190  -59.726  26.202 0.0000000000
18582  -35.417  -60.872  25.154 0.0000000000
19411  -33.667  -59.063  24.595 0.0000000000
19421  -34.286  -58.973  23.431 0.0000000000
19446  -34.898  -59.120  21.820 0.0000000000
9758  -46.014  -72.753  20.875 0.0000000000
8301  -44.117  -74.629  20.725 0.0000000000
130221  -44.350  -73.753  19.541 0.0000000000
8323  -42.674  -74.860  18.381 0.0000000000
9024  -41.654  -74.240  16.663 0.0000000000
9032  -41.704  -74.249  15.779 0.0000000000
8371  -42.381  -74.831  14.503 0.0000000000
8384  -42.840  -75.136  13.378 0.0000000000
9697  -45.992  -73.052  26.294 0.0000000000
8219  -45.094  -74.815  25.662 0.0000000000
8914  -46.759  -73.054  24.252 0.0000000000
9735  -47.366  -72.182  23.252 0.0000000000
116039  -45.174  -70.373  21.632 0.0000000000
11164  -47.517  -70.732  23.147 0.0000000000
10497  -48.259  -71.162  22.544 0.0000000000
122487  -48.634  -70.137  21.687 0.0000000000
11220  -47.575  -70.451  19.536 0.0000000000
11865  -48.761  -70.047  17.845 0.0000000000
10431  -45.087  -71.696  27.035 0.0000000000
114360  -43.473  -70.769  25.862 0.0000000000
11139  -42.043  -70.588  23.878 0.0000000000
12439  -42.375  -68.588  25.830 0.0000000000
12450  -41.301  -69.216  24.273 0.0000000000
127548  -41.057  -70.169  22.713 0.0000000000
11819  -40.278  -69.843  21.237 0.0000000000
122276  -39.310  -68.827  19.835 0.0000000000
127275  -38.768  -67.714  18.817 0.0000000000
16121  -37.747  -63.898  27.080 0.0000000000
15396  -38.054  -64.222  26.021 0.0000000000
14674  -37.458  -64.986  24.417 0.0000000000
16908  -36.303  -61.903  24.290 0.0000000000
110502  -36.621  -63.721  23.991 0.0000000000
14687  -37.082  -65.759  22.617 0.0000000000
13955  -36.766  -66.086  21.138 0.0000000000
13982  -37.003  -66.323  19.589 0.0000000000
7642  -43.549  -75.854  24.239 0.0000000000
7659  -42.838  -75.876  23.023 0.0000000000
7694  -42.519  -74.990  20.724 0.0000000000
8281  -41.109  -74.176  21.025 0.0000000000
13985  -50.030  -66.765  19.433 0.0000000000
12540  -49.659  -68.467  17.850 0.0000000000
11874  -48.546  -70.147  16.926 0.0000000000
12555  -47.648  -68.745  16.716 0.0000000000
11243  -47.431  -71.407  16.207 0.0000000000
10559  -46.051  -72.493  15.489 0.0000000000
9830  -45.283  -73.214  14.351 0.0000000000
13260  -39.976  -67.285  17.946 0.0000000000
13261  -40.755  -67.378  17.841 0.0000000000
7616  -43.693  -75.907  27.094 0.0000000000
8205  -45.118  -74.773  26.539 0.0000000000
10529  -47.545  -71.918  17.524 0.0000000000
9785  -46.955  -72.621  17.267 0.0000000000
9013  -46.595  -73.189  16.301 0.0000000000
9794  -47.064  -72.856  16.599 0.0000000000
10460  -42.501  -71.323  23.291 0.0000000000
10461  -43.410  -71.848  23.169 0.0000000000
10493  -43.124  -71.345  21.956 0.0000000000
13223  -45.595  -67.689  19.492 0.0000000000
12505  -46.307  -68.109  20.284 0.0000000000
127569  -47.461  -67.898  20.704 0.0000000000
127251  -48.561  -67.727  21.113 0.0000000000
120716  -47.998  -67.348  20.356 0.0000000000
12400  -45.501  -68.656  28.868 0.0000000000
11741  -45.062  -69.000  27.585 0.0000000000
12411  -44.121  -68.321  27.323 0.0000000000
13923  -39.236  -66.957  24.853 0.0000000000
13160  -39.669  -67.697  24.514 0.0000000000
13159  -38.969  -67.224  24.001 0.0000000000
13166  -38.745  -67.499  23.034 0.0000000000
18557  -33.087  -60.833  27.280 0.0000000000
17725  -32.697  -61.308  27.986 0.0000000000
17727  -34.115  -61.922  27.131 0.0000000000
16884  -34.486  -62.575  27.460 0.0000000000
16889  -34.888  -62.174  26.801 0.0000000000
16890  -35.689  -62.362  26.521 0.0000000000
17735  -35.319  -61.762  26.185 0.0000000000
17809  -35.692  -61.050  21.379 0.0000000000
112945  -35.589  -61.474  22.098 0.0000000000
16194  -36.189  -62.938  20.730 0.0000000000
17833  -36.158  -61.538  20.696 0.0000000000
8932  -46.195  -73.762  22.577 0.0000000000
8268  -44.699  -74.850  22.233 0.0000000000
8285  -45.298  -74.340  21.982 0.0000000000
12553  -44.481  -68.812  16.283 0.0000000000
11252  -43.617  -70.856  15.190 0.0000000000
11837  -41.380  -70.061  19.913 0.0000000000
11854  -41.682  -69.605  19.473 0.0000000000
13246  -42.315  -68.139  18.433 0.0000000000
12501  -42.698  -68.732  18.979 0.0000000000
12522  -43.238  -68.122  18.686 0.0000000000
12523  -44.065  -68.098  19.061 0.0000000000
13248  -43.833  -67.376  18.488 0.0000000000
14665  -39.335  -65.851  25.916 0.0000000000
14648  -39.090  -65.246  26.248 0.0000000000
19392  -32.743  -59.365  26.619 0.0000000000
19403  -32.815  -59.011  25.968 0.0000000000
19404  -33.408  -59.405  25.387 0.0000000000
19430  -34.631  -59.254  22.596 0.0000000000
119959  -41.362  -75.757  24.604 0.0000000000
121402  -45.736  -72.249  20.058 0.0000000000
8976  -44.978  -72.968  19.992 0.0000000000
8325  -43.899  -74.422  17.863 0.0000000000
8993  -44.051  -74.069  18.787 0.0000000000
8341  -42.799  -74.982  17.580 0.0000000000
8354  -42.280  -74.760  17.110 0.0000000000
9023  -41.064  -73.587  16.210 0.0000000000
8366  -43.720  -75.077  15.451 0.0000000000
111288  -42.376  -74.806  15.350 0.0000000000
8372  -43.049  -75.238  14.821 0.0000000000
125049  -42.802  -75.151  14.065 0.0000000000
121778  -43.310  -75.204  13.933 0.0000000000
125954  -45.455  -72.469  26.571 0.0000000000
112269  -47.083  -72.603  23.635 0.0000000000
10463  -47.073  -72.117  23.499 0.0000000000
11202  -43.751  -70.304  20.695 0.0000000000
11183  -44.317  -70.702  21.378 0.0000000000
11203  -44.721  -70.037  20.980 0.0000000000
11820  -46.759  -69.549  22.094 0.0000000000
11185  -47.472  -69.972  22.786 0.0000000000
11165  -48.233  -70.893  23.152 0.0000000000
11186  -48.468  -70.256  22.591 0.0000000000
10508  -48.406  -70.749  21.943 0.0000000000
11842  -48.830  -69.374  20.362 0.0000000000
11858  -49.382  -68.661  20.199 0.0000000000
11221  -48.272  -69.931  19.157 0.0000000000
11866  -49.306  -69.024  18.562 0.0000000000
11114  -43.890  -69.991  26.447 0.0000000000
11128  -42.923  -70.954  25.147 0.0000000000
11127  -42.296  -69.981  24.718 0.0000000000
13142  -42.082  -67.655  26.587 0.0000000000
12426  -42.880  -68.368  26.431 0.0000000000
12458  -40.659  -68.893  23.951 0.0000000000
114067  -41.175  -68.783  24.701 0.0000000000
11795  -41.242  -69.842  23.536 0.0000000000
11794  -40.786  -69.509  23.344 0.0000000000
11806  -40.481  -69.754  22.373 0.0000000000
11818  -39.882  -69.305  22.044 0.0000000000
12481  -38.649  -68.366  21.141 0.0000000000
12490  -39.188  -68.916  20.752 0.0000000000
12489  -38.611  -68.427  20.177 0.0000000000
126543  -38.805  -68.284  19.437 0.0000000000
13221  -38.064  -67.796  19.530 0.0000000000
115629  -37.179  -63.902  27.428 0.0000000000
16892  -37.078  -63.145  26.059 0.0000000000
16126  -37.625  -63.705  26.417 0.0000000000
16135  -37.189  -63.370  25.420 0.0000000000
15412  -37.504  -64.050  25.177 0.0000000000
124007  -37.020  -64.181  24.403 0.0000000000
18585  -35.510  -60.670  24.485 0.0000000000
17745  -36.059  -61.377  24.831 0.0000000000
17766  -35.878  -61.307  23.804 0.0000000000
16166  -36.133  -63.682  22.788 0.0000000000
16162  -36.323  -63.221  23.446 0.0000000000
117567  -36.321  -64.401  22.824 0.0000000000
14673  -36.725  -64.593  23.636 0.0000000000
14686  -36.667  -65.099  22.807 0.0000000000
13939  -36.903  -65.980  21.890 0.0000000000
14697  -36.517  -65.461  21.515 0.0000000000
114191  -36.418  -64.031  19.929 0.0000000000
14714  -36.593  -65.596  19.862 0.0000000000
14715  -37.068  -65.617  19.162 0.0000000000
13993  -37.493  -66.403  18.970 0.0000000000
8220  -45.856  -74.235  25.260 0.0000000000
8236  -45.116  -74.854  24.750 0.0000000000
7643  -44.445  -75.368  24.232 0.0000000000
7675  -43.311  -75.552  22.216 0.0000000000
7660  -43.441  -75.725  23.167 0.0000000000
7674  -42.667  -75.571  22.333 0.0000000000
8251  -41.316  -74.898  23.365 0.0000000000
114896  -41.508  -74.711  22.176 0.0000000000
8300  -43.442  -74.881  20.347 0.0000000000
7695  -43.138  -75.184  20.843 0.0000000000
8299  -42.909  -74.962  20.093 0.0000000000
8973  -39.603  -73.017  19.829 0.0000000000
8958  -40.243  -73.432  20.606 0.0000000000
14001  -48.678  -66.190  19.118 0.0000000000
14002  -49.745  -66.255  19.005 0.0000000000
120723  -49.595  -68.209  17.057 0.0000000000
11875  -49.049  -69.349  17.326 0.0000000000
114746  -49.236  -68.741  16.885 0.0000000000
121925  -45.999  -69.976  16.812 0.0000000000
11872  -46.746  -69.434  16.856 0.0000000000
11230  -47.227  -70.494  16.523 0.0000000000
10546  -46.745  -71.904  15.796 0.0000000000
10568  -44.888  -72.432  14.112 0.0000000000
9042  -44.858  -73.653  13.752 0.0000000000
12519  -40.336  -68.514  18.558 0.0000000000
11863  -41.513  -69.188  19.018 0.0000000000
13245  -40.865  -68.022  18.138 0.0000000000
13262  -41.622  -67.627  17.986 0.0000000000
13996  -42.346  -66.936  17.770 0.0000000000
21059  -33.136  -57.543  24.708 0.0000000000
115350  -43.329  -76.151  25.225 0.0000000000
113246  -46.964  -71.197  18.768 0.0000000000
9773  -45.511  -72.374  19.101 0.0000000000
9784  -45.864  -72.815  17.984 0.0000000000
8994  -45.321  -73.502  17.610 0.0000000000
112834  -44.777  -74.063  17.393 0.0000000000
8343  -44.460  -74.486  16.762 0.0000000000
9025  -45.297  -74.053  16.013 0.0000000000
9034  -45.747  -73.547  15.500 0.0000000000
10451  -43.346  -71.783  24.561 0.0000000000
9722  -43.903  -72.207  23.915 0.0000000000
9734  -44.606  -72.002  23.245 0.0000000000
117304  -44.544  -71.554  22.521 0.0000000000
12491  -45.024  -68.923  20.279 0.0000000000
11840  -45.266  -69.367  20.814 0.0000000000
12492  -45.972  -68.711  20.770 0.0000000000
11841  -47.194  -68.864  21.675 0.0000000000
12483  -48.408  -68.781  22.127 0.0000000000
11823  -48.867  -68.823  21.957 0.0000000000
12494  -48.804  -68.249  21.621 0.0000000000
13204  -49.149  -67.731  20.974 0.0000000000
13226  -49.531  -67.270  20.219 0.0000000000
11758  -44.499  -69.353  27.094 0.0000000000
11757  -43.685  -68.980  26.544 0.0000000000
13152  -40.840  -67.953  25.582 0.0000000000
13161  -40.284  -68.077  24.931 0.0000000000
12449  -40.244  -68.366  24.266 0.0000000000
12457  -39.918  -68.565  23.423 0.0000000000
12470  -39.573  -68.705  22.550 0.0000000000
13179  -39.327  -68.175  22.964 0.0000000000
12469  -38.835  -68.140  22.172 0.0000000000
13190  -38.165  -67.693  21.488 0.0000000000
16118  -34.858  -63.206  27.810 0.0000000000
16119  -35.646  -63.403  27.607 0.0000000000
16120  -36.478  -63.660  27.491 0.0000000000
16885  -36.183  -63.024  26.877 0.0000000000
16891  -36.422  -62.552  26.108 0.0000000000
113510  -35.492  -60.967  22.890 0.0000000000
16943  -35.858  -61.871  22.815 0.0000000000
16956  -35.785  -62.443  21.947 0.0000000000
16165  -35.963  -63.408  22.097 0.0000000000
15439  -36.008  -64.065  21.473 0.0000000000
15452  -36.152  -63.609  20.706 0.0000000000
16208  -36.939  -63.393  19.491 0.0000000000
8253  -45.818  -74.293  23.581 0.0000000000
8252  -45.114  -74.904  23.864 0.0000000000
117520  -44.969  -74.952  23.014 0.0000000000
7684  -43.377  -75.309  21.465 0.0000000000
8311  -41.939  -74.680  19.371 0.0000000000
12564  -44.308  -67.832  15.837 0.0000000000
13276  -45.056  -67.232  15.827 0.0000000000
13268  -45.975  -67.539  16.298 0.0000000000
13267  -45.228  -68.120  16.274 0.0000000000
11887  -44.829  -69.971  16.566 0.0000000000
11241  -44.849  -70.873  16.201 0.0000000000
10545  -45.543  -71.614  15.769 0.0000000000
10557  -44.409  -71.654  14.726 0.0000000000
10574  -44.268  -71.550  13.931 0.0000000000
11180  -41.737  -70.644  21.112 0.0000000000
11181  -42.459  -70.949  21.504 0.0000000000
11201  -42.669  -70.500  20.607 0.0000000000
11838  -43.252  -69.821  20.062 0.0000000000
11864  -42.183  -69.260  19.269 0.0000000000
11855  -42.919  -69.282  19.511 0.0000000000
12503  -44.357  -68.690  19.708 0.0000000000
13222  -44.794  -68.091  19.410 0.0000000000
13131  -43.935  -67.898  27.621 0.0000000000
13141  -41.244  -67.417  26.377 0.0000000000
13899  -40.748  -66.603  26.693 0.0000000000
13914  -40.363  -67.086  26.054 0.0000000000
13913  -39.603  -66.623  25.639 0.0000000000
13922  -38.545  -66.439  24.384 0.0000000000
18572  -32.863  -60.014  26.968 0.0000000000
18573  -33.474  -60.478  26.514 0.0000000000
17739  -34.960  -61.187  25.784 0.0000000000
18580  -33.848  -60.156  25.733 0.0000000000
19405  -34.319  -59.823  24.918 0.0000000000
18584  -34.960  -60.014  24.303 0.0000000000
20236  -33.964  -58.774  24.024 0.0000000000
120111  -34.352  -59.373  24.139 0.0000000000
123778  -34.768  -59.707  23.512 0.0000000000
18596  -35.045  -60.154  22.792 0.0000000000
19431  -34.996  -59.833  21.921 0.0000000000
18627  -35.496  -60.217  21.298 0.0000000000
9746  -46.404  -73.146  21.715 0.0000000000
8302  -44.918  -74.210  21.243 0.0000000000
8960  -45.426  -73.502  21.025 0.0000000000
8959  -44.531  -73.951  20.410 0.0000000000
8313  -43.173  -74.807  19.518 0.0000000000
126753  -43.005  -74.861  18.814 0.0000000000
118821  -41.052  -73.767  17.897 0.0000000000
8365  -42.998  -75.201  15.837 0.0000000000
9041  -41.734  -74.308  14.885 0.0000000000
9040  -41.101  -73.663  14.207 0.0000000000
9052  -41.743  -74.275  13.487 0.0000000000
8383  -42.348  -74.705  12.849 0.0000000000
8883  -46.028  -73.525  26.494 0.0000000000
118778  -45.746  -74.182  26.083 0.0000000000
8899  -46.061  -73.570  25.702 0.0000000000
113019  -46.264  -73.575  24.942 0.0000000000
9711  -46.452  -73.067  24.634 0.0000000000
8913  -46.490  -73.494  24.199 0.0000000000
8923  -46.889  -73.064  23.861 0.0000000000
8933  -47.024  -73.040  23.179 0.0000000000
8945  -46.612  -73.283  22.390 0.0000000000
10494  -43.989  -71.281  21.898 0.0000000000
11204  -45.663  -69.796  21.503 0.0000000000
11184  -46.255  -70.306  22.362 0.0000000000
10481  -47.633  -71.433  23.194 0.0000000000
9736  -47.834  -71.628  22.934 0.0000000000
9747  -47.236  -72.569  22.558 0.0000000000
10496  -47.639  -71.935  22.100 0.0000000000
10507  -47.778  -71.294  21.464 0.0000000000
10518  -47.001  -71.041  20.173 0.0000000000
127411  -48.851  -69.597  21.315 0.0000000000
113641  -48.344  -69.998  20.532 0.0000000000
10530  -48.168  -71.035  17.939 0.0000000000
11232  -48.312  -71.007  17.010 0.0000000000
9669  -46.262  -72.766  27.622 0.0000000000
9682  -45.912  -72.552  27.116 0.0000000000
10441  -44.687  -72.105  26.224 0.0000000000
10420  -45.409  -70.850  27.561 0.0000000000
10430  -44.168  -71.228  26.400 0.0000000000
10440  -43.823  -71.771  25.539 0.0000000000
10450  -42.558  -71.166  24.245 0.0000000000
11151  -41.679  -70.573  23.144 0.0000000000
13144  -43.402  -68.153  27.024 0.0000000000
12427  -43.520  -68.481  26.768 0.0000000000
12440  -42.941  -68.711  26.096 0.0000000000
12438  -41.428  -68.507  25.348 0.0000000000
12451  -41.777  -68.827  25.192 0.0000000000
11771  -42.345  -69.017  25.389 0.0000000000
11796  -41.673  -69.831  24.070 0.0000000000
125157  -41.652  -70.692  22.075 0.0000000000
11179  -40.969  -70.340  21.700 0.0000000000
11836  -40.563  -69.864  20.118 0.0000000000
115663  -39.672  -69.292  21.245 0.0000000000
11835  -39.826  -69.373  20.423 0.0000000000
11853  -40.158  -69.183  19.387 0.0000000000
12500  -39.449  -68.476  19.004 0.0000000000
111556  -39.639  -67.881  18.410 0.0000000000
16125  -37.049  -63.409  26.835 0.0000000000
16122  -38.133  -64.152  26.697 0.0000000000
15397  -38.550  -64.846  25.993 0.0000000000
14663  -38.097  -64.838  25.348 0.0000000000
14675  -38.230  -65.638  24.816 0.0000000000
13921  -37.850  -65.914  23.946 0.0000000000
17740  -35.712  -61.491  25.560 0.0000000000
17741  -36.264  -61.994  25.447 0.0000000000
17746  -36.433  -62.098  24.855 0.0000000000
16929  -36.205  -62.294  23.557 0.0000000000
117502  -36.566  -62.739  24.316 0.0000000000
16154  -36.964  -63.449  24.759 0.0000000000
14680  -37.190  -65.449  23.439 0.0000000000
13929  -37.633  -66.181  23.075 0.0000000000
13940  -37.416  -66.410  22.278 0.0000000000
13189  -37.734  -67.050  21.866 0.0000000000
13202  -37.508  -67.189  20.922 0.0000000000
14706  -36.464  -65.531  20.698 0.0000000000
13971  -36.759  -66.202  20.355 0.0000000000
13972  -37.132  -66.855  20.161 0.0000000000
13220  -37.483  -67.023  19.465 0.0000000000
13994  -38.155  -66.409  18.552 0.0000000000
7629  -44.204  -75.521  25.149 0.0000000000
7661  -44.259  -75.428  23.440 0.0000000000
7641  -42.828  -76.084  24.022 0.0000000000
7640  -42.309  -75.905  23.940 0.0000000000
127503  -41.668  -75.438  23.828 0.0000000000
8284  -44.425  -74.760  21.490 0.0000000000
7683  -42.735  -75.308  21.552 0.0000000000
8297  -41.343  -74.276  20.001 0.0000000000
119333  -41.823  -74.675  20.608 0.0000000000
8282  -41.824  -74.827  21.421 0.0000000000
114041  -42.080  -66.083  17.555 0.0000000000
124132  -44.555  -67.021  18.517 0.0000000000
116207  -45.295  -67.070  18.811 0.0000000000
13250  -46.285  -67.064  19.215 0.0000000000
14000  -47.184  -66.439  19.001 0.0000000000
13983  -48.384  -66.825  19.798 0.0000000000
13984  -49.394  -66.742  19.807 0.0000000000
12507  -49.945  -67.371  19.837 0.0000000000
14003  -50.170  -66.352  18.611 0.0000000000
12525  -50.107  -67.543  18.805 0.0000000000
126009  -46.899  -67.867  16.542 0.0000000000
13269  -47.898  -67.751  16.476 0.0000000000
12556  -48.690  -68.426  16.635 0.0000000000
11873  -48.002  -69.916  16.642 0.0000000000
11231  -48.103  -70.866  16.513 0.0000000000
10548  -47.898  -71.634  16.517 0.0000000000
10547  -47.437  -72.131  16.061 0.0000000000
9815  -46.456  -73.028  15.745 0.0000000000
9033  -45.356  -73.568  14.955 0.0000000000
9814  -45.752  -73.108  15.133 0.0000000000
121125  -44.755  -74.138  14.547 0.0000000000
8386  -44.148  -74.645  13.664 0.0000000000
7016  -42.715  -76.390  25.124 0.0000000000
7617  -44.503  -75.264  27.015 0.0000000000
7658  -42.157  -75.510  22.996 0.0000000000
8267  -41.617  -74.971  22.672 0.0000000000
8283  -43.719  -75.033  21.096 0.0000000000
8298  -42.257  -74.778  19.983 0.0000000000
8314  -43.782  -74.431  19.760 0.0000000000
8324  -43.158  -74.846  18.106 0.0000000000
8357  -44.461  -74.654  15.859 0.0000000000
8367  -45.038  -74.101  15.341 0.0000000000
8373  -43.892  -74.946  14.607 0.0000000000
8922  -46.442  -73.648  23.379 0.0000000000
9009  -40.902  -73.541  17.142 0.0000000000
9011  -45.621  -73.755  16.687 0.0000000000
9724  -46.613  -72.719  24.146 0.0000000000
9759  -46.692  -71.896  20.838 0.0000000000
9804  -47.177  -72.724  16.094 0.0000000000
9816  -46.921  -72.501  15.816 0.0000000000
10477  -42.986  -71.558  22.598 0.0000000000
10480  -46.925  -71.474  23.346 0.0000000000
10537  -47.598  -72.298  16.618 0.0000000000
11115  -44.643  -70.518  27.090 0.0000000000
11187  -48.781  -69.470  22.060 0.0000000000
11200  -41.828  -70.345  20.393 0.0000000000
11205  -47.944  -70.604  20.919 0.0000000000
11782  -41.834  -69.254  24.770 0.0000000000
11807  -48.207  -70.117  22.919 0.0000000000
11821  -47.943  -69.394  22.556 0.0000000000
11843  -49.105  -68.983  21.382 0.0000000000
11856  -43.645  -69.189  19.762 0.0000000000
11857  -48.905  -69.378  19.179 0.0000000000
11862  -40.852  -69.101  18.878 0.0000000000
12413  -45.451  -68.769  27.986 0.0000000000
12506  -49.589  -67.773  20.477 0.0000000000
12520  -41.354  -68.530  18.495 0.0000000000
12539  -48.638  -69.310  16.770 0.0000000000
12554  -45.518  -69.103  16.732 0.0000000000
13154  -42.336  -68.249  26.193 0.0000000000
13242  -37.988  -67.124  18.883 0.0000000000
13251  -47.304  -67.076  19.612 0.0000000000
13252  -50.231  -66.943  18.262 0.0000000000
13263  -49.754  -67.723  16.877 0.0000000000
13941  -37.994  -66.888  22.675 0.0000000000
13956  -37.208  -66.566  21.495 0.0000000000
13998  -44.094  -66.564  18.134 0.0000000000
14664  -38.702  -65.417  25.597 0.0000000000
15417  -36.362  -63.963  23.348 0.0000000000
15440  -36.190  -64.864  21.104 0.0000000000
15460  -36.678  -64.838  19.488 0.0000000000
16968  -35.974  -62.393  21.087 0.0000000000
17726  -33.376  -61.632  27.504 0.0000000000
17733  -33.761  -61.236  26.811 0.0000000000
18574  -34.164  -60.890  26.080 0.0000000000
18581  -34.659  -60.529  25.408 0.0000000000
19447  -35.356  -59.394  21.287 0.0000000000
20208  -32.599  -58.215  26.040 0.0000000000
20235  -33.528  -58.263  24.328 0.0000000000
110117  -42.362  -74.811  13.730 0.0000000000
111854  -36.246  -64.813  22.040 0.0000000000
111901  -45.285  -72.568  14.785 0.0000000000
112317  -35.059  -60.330  24.872 0.0000000000
113882  -45.107  -72.952  13.731 0.0000000000
114183  -41.988  -68.511  25.700 0.0000000000
115790  -36.293  -64.881  20.256 0.0000000000
117527  -46.206  -73.060  26.917 0.0000000000
120575  -37.540  -67.433  20.073 0.0000000000
120941  -44.383  -75.391  26.230 0.0000000000
121211  -36.659  -65.437  22.186 0.0000000000
121342  -37.535  -63.641  25.817 0.0000000000
124304  -46.854  -72.510  21.646 0.0000000000
125233  -42.305  -67.554  18.071 0.0000000000
126117  -44.727  -68.603  27.623 0.0000000000
127843  -37.034  -66.607  20.812 0.0000000000
129846  -41.862  -74.424  14.159 0.0000000000
131623  -46.985  -68.374  20.977 0.0000000000
131716  -40.777  -68.667  24.456 0.0000000000
