#!ascii label  , from subject sub-v1s0x0050668_ses-1 vox2ras=TkReg
575
44103  22.034  -32.737  73.330 0.0000000000
57122  43.730  -18.817  61.427 0.0000000000
56351  50.930  -20.202  59.451 0.0000000000
51330  41.637  -25.204  68.623 0.0000000000
46781  28.331  -31.056  72.371 0.0000000000
44098  26.243  -33.373  73.970 0.0000000000
57929  47.841  -17.890  61.718 0.0000000000
118230  46.409  -21.221  64.393 0.0000000000
52103  37.767  -25.031  70.479 0.0000000000
47672  31.978  -29.559  73.785 0.0000000000
64411  53.180  -9.044  55.984 0.0000000000
60365  51.584  -14.713  59.070 0.0000000000
110628  39.620  -24.160  66.428 0.0000000000
118615  43.223  -21.101  66.444 0.0000000000
45838  25.325  -32.244  73.341 0.0000000000
44101  23.681  -33.530  73.619 0.0000000000
57931  45.538  -18.003  61.931 0.0000000000
56315  47.438  -19.139  63.386 0.0000000000
57089  45.509  -18.529  64.414 0.0000000000
48666  38.011  -28.928  71.415 0.0000000000
46754  29.405  -31.482  74.012 0.0000000000
47691  30.195  -30.121  72.304 0.0000000000
45816  31.029  -31.092  74.209 0.0000000000
64403  51.829  -9.239  56.998 0.0000000000
62056  52.982  -12.277  56.054 0.0000000000
62037  52.585  -12.116  57.757 0.0000000000
57949  50.061  -17.078  59.449 0.0000000000
59574  50.125  -15.753  58.696 0.0000000000
115895  50.887  -17.291  59.179 0.0000000000
57986  51.893  -17.587  56.940 0.0000000000
55560  51.438  -20.399  57.786 0.0000000000
52100  39.627  -24.808  69.748 0.0000000000
52862  38.555  -24.256  68.656 0.0000000000
53662  40.395  -23.427  68.503 0.0000000000
54601  41.488  -22.264  66.714 0.0000000000
52858  42.977  -22.946  67.894 0.0000000000
52872  44.072  -22.966  67.050 0.0000000000
50503  43.701  -26.579  66.799 0.0000000000
45836  27.297  -31.893  73.700 0.0000000000
57162  47.926  -18.685  59.234 0.0000000000
57119  49.239  -18.922  61.083 0.0000000000
54645  48.927  -21.065  61.849 0.0000000000
54647  47.962  -22.091  62.464 0.0000000000
50432  34.521  -27.121  72.644 0.0000000000
50429  36.700  -26.672  72.499 0.0000000000
49582  38.668  -27.431  71.007 0.0000000000
48678  40.451  -28.333  68.918 0.0000000000
48706  42.762  -28.743  67.116 0.0000000000
49586  32.134  -27.995  71.196 0.0000000000
113197  33.854  -28.450  73.350 0.0000000000
64433  52.672  -9.390  53.628 0.0000000000
129733  51.125  -12.744  58.059 0.0000000000
60379  52.649  -14.577  57.747 0.0000000000
127105  51.750  -17.927  55.680 0.0000000000
56308  43.718  -19.455  64.383 0.0000000000
55489  44.822  -21.038  66.247 0.0000000000
52887  45.679  -23.600  64.808 0.0000000000
44115  22.492  -33.393  73.221 0.0000000000
120779  22.739  -32.928  73.485 0.0000000000
43334  23.111  -33.960  73.167 0.0000000000
57932  44.692  -18.443  61.674 0.0000000000
57908  45.379  -18.054  63.483 0.0000000000
57100  44.580  -18.456  63.267 0.0000000000
45817  30.316  -31.365  74.182 0.0000000000
64404  51.033  -9.627  56.654 0.0000000000
63622  52.254  -10.549  57.587 0.0000000000
62828  51.599  -11.049  57.763 0.0000000000
57939  49.853  -18.262  59.869 0.0000000000
57948  50.152  -17.504  59.466 0.0000000000
57144  50.852  -19.212  59.125 0.0000000000
57161  51.294  -19.193  58.387 0.0000000000
51313  40.996  -25.316  69.152 0.0000000000
52110  40.358  -24.265  69.302 0.0000000000
52846  41.188  -23.702  68.806 0.0000000000
52859  41.655  -23.017  68.385 0.0000000000
52119  42.385  -24.133  68.219 0.0000000000
52129  43.592  -24.394  67.219 0.0000000000
51329  42.475  -25.668  67.689 0.0000000000
45837  26.293  -32.094  73.586 0.0000000000
44083  26.590  -32.941  74.235 0.0000000000
44923  27.360  -32.741  74.184 0.0000000000
57132  46.890  -18.427  60.902 0.0000000000
110897  47.175  -19.145  59.077 0.0000000000
57131  47.766  -18.175  60.949 0.0000000000
57941  48.832  -18.206  60.654 0.0000000000
57120  48.624  -18.436  61.515 0.0000000000
56323  48.850  -19.279  61.672 0.0000000000
57108  48.200  -18.364  62.200 0.0000000000
56306  46.958  -19.644  63.913 0.0000000000
55520  47.598  -20.305  63.249 0.0000000000
120731  47.409  -22.247  63.081 0.0000000000
52906  46.864  -23.075  62.835 0.0000000000
53724  46.811  -22.623  63.502 0.0000000000
49559  35.189  -27.686  73.206 0.0000000000
50444  35.635  -26.594  72.367 0.0000000000
48641  36.853  -27.841  72.901 0.0000000000
48665  38.549  -28.425  71.066 0.0000000000
48664  39.689  -28.159  69.694 0.0000000000
47681  30.748  -30.005  73.282 0.0000000000
48656  31.002  -29.027  71.481 0.0000000000
48643  32.206  -28.465  72.657 0.0000000000
49573  33.289  -27.973  73.087 0.0000000000
48633  32.725  -28.850  73.473 0.0000000000
66038  52.418  -7.721  56.189 0.0000000000
64420  53.234  -8.822  55.298 0.0000000000
61254  52.758  -13.120  55.807 0.0000000000
59573  50.729  -15.386  59.023 0.0000000000
60382  49.217  -15.088  56.911 0.0000000000
60380  50.541  -14.295  58.230 0.0000000000
61245  49.833  -13.522  56.400 0.0000000000
61226  51.400  -14.060  58.784 0.0000000000
61224  52.220  -13.674  58.482 0.0000000000
59561  51.990  -14.643  58.960 0.0000000000
111882  51.744  -19.484  56.421 0.0000000000
58006  52.028  -17.419  56.470 0.0000000000
51315  36.409  -25.778  70.128 0.0000000000
52122  37.135  -24.950  68.952 0.0000000000
52874  39.235  -24.186  67.258 0.0000000000
128175  37.975  -24.396  66.709 0.0000000000
54600  42.102  -21.964  66.940 0.0000000000
54623  41.389  -22.383  64.819 0.0000000000
55504  42.514  -21.176  65.785 0.0000000000
55514  42.763  -20.533  64.373 0.0000000000
56286  43.518  -20.323  65.536 0.0000000000
118166  44.138  -20.019  65.540 0.0000000000
55491  43.784  -20.918  66.493 0.0000000000
52138  44.651  -24.570  66.225 0.0000000000
52879  45.046  -23.665  65.941 0.0000000000
52144  45.294  -24.604  65.231 0.0000000000
52152  45.411  -24.658  64.607 0.0000000000
44926  24.513  -32.885  74.026 0.0000000000
44100  24.438  -33.555  73.829 0.0000000000
43332  24.803  -34.006  73.406 0.0000000000
43333  23.951  -34.040  73.327 0.0000000000
120333  47.003  -17.872  61.688 0.0000000000
57109  47.599  -18.112  62.759 0.0000000000
57918  46.681  -17.764  63.048 0.0000000000
57099  46.603  -18.233  63.900 0.0000000000
57079  45.710  -19.088  64.737 0.0000000000
46767  28.873  -31.514  73.809 0.0000000000
46780  29.308  -30.661  72.055 0.0000000000
127795  29.564  -31.022  73.752 0.0000000000
46765  30.384  -30.686  73.899 0.0000000000
46751  31.305  -30.570  74.089 0.0000000000
46750  32.594  -29.756  73.817 0.0000000000
45832  32.437  -31.108  73.729 0.0000000000
64401  52.776  -9.313  56.496 0.0000000000
63648  53.015  -10.705  55.866 0.0000000000
63621  52.693  -10.790  57.236 0.0000000000
62036  52.976  -12.290  57.224 0.0000000000
61242  52.922  -13.262  57.208 0.0000000000
57960  48.970  -17.609  58.836 0.0000000000
58727  49.905  -16.492  58.930 0.0000000000
59564  50.664  -16.025  59.228 0.0000000000
117866  51.186  -15.805  59.138 0.0000000000
109702  52.193  -15.856  58.223 0.0000000000
57957  51.749  -16.753  58.205 0.0000000000
57187  51.789  -19.355  56.968 0.0000000000
52102  38.403  -24.903  70.413 0.0000000000
115711  38.289  -24.669  70.068 0.0000000000
114396  39.108  -24.190  69.614 0.0000000000
52861  39.469  -23.913  68.298 0.0000000000
117873  39.800  -23.842  67.358 0.0000000000
52881  40.272  -23.813  65.982 0.0000000000
53674  41.135  -22.727  67.939 0.0000000000
54583  41.809  -22.312  67.615 0.0000000000
54591  42.887  -21.817  67.319 0.0000000000
54590  43.676  -21.907  67.295 0.0000000000
52873  43.611  -23.375  67.425 0.0000000000
51340  44.208  -25.015  66.627 0.0000000000
50518  44.409  -26.224  66.049 0.0000000000
129656  25.968  -31.946  72.873 0.0000000000
114034  26.698  -31.761  72.810 0.0000000000
46782  27.518  -31.467  72.612 0.0000000000
45835  28.143  -31.859  73.962 0.0000000000
44081  28.558  -32.644  74.128 0.0000000000
57950  49.269  -17.819  59.744 0.0000000000
57940  49.440  -18.096  60.020 0.0000000000
56340  49.908  -19.555  60.593 0.0000000000
55537  50.191  -20.554  60.599 0.0000000000
114268  49.676  -21.475  60.837 0.0000000000
54656  49.034  -21.826  61.219 0.0000000000
56314  48.055  -19.733  62.734 0.0000000000
55519  48.322  -21.027  62.510 0.0000000000
50461  34.005  -27.002  70.939 0.0000000000
50460  34.969  -26.639  70.784 0.0000000000
51288  36.379  -25.908  71.127 0.0000000000
51286  37.563  -25.865  71.335 0.0000000000
49568  37.561  -27.538  72.281 0.0000000000
50427  37.797  -26.932  71.880 0.0000000000
51285  38.059  -25.870  71.129 0.0000000000
50458  39.213  -26.196  70.454 0.0000000000
50473  40.483  -26.095  69.267 0.0000000000
50472  41.035  -26.794  68.617 0.0000000000
50487  42.436  -26.803  67.480 0.0000000000
111568  41.857  -28.481  67.621 0.0000000000
50447  33.316  -27.480  71.328 0.0000000000
49560  33.932  -27.973  73.207 0.0000000000
48632  35.198  -28.285  73.301 0.0000000000
46762  33.253  -29.801  73.669 0.0000000000
46761  34.132  -29.639  73.388 0.0000000000
65233  53.742  -8.237  53.840 0.0000000000
62836  50.815  -11.226  56.930 0.0000000000
62039  51.737  -12.370  58.270 0.0000000000
61233  52.621  -13.687  57.900 0.0000000000
60391  52.667  -14.838  56.889 0.0000000000
59581  52.423  -15.858  57.561 0.0000000000
58757  52.234  -16.497  56.364 0.0000000000
58774  51.925  -16.296  55.624 0.0000000000
129080  37.462  -24.784  68.460 0.0000000000
56317  42.876  -19.811  62.989 0.0000000000
56325  43.159  -19.227  62.548 0.0000000000
57082  44.393  -19.116  64.693 0.0000000000
56296  45.182  -19.513  65.279 0.0000000000
113521  45.364  -21.057  65.615 0.0000000000
53683  44.762  -21.957  66.591 0.0000000000
111663  45.117  -22.514  65.969 0.0000000000
53711  45.654  -22.644  65.124 0.0000000000
52895  46.013  -23.743  64.054 0.0000000000
129363  43.612  -27.254  66.696 0.0000000000
49665  44.042  -27.121  65.971 0.0000000000
44116  21.673  -33.284  72.873 0.0000000000
44937  22.370  -32.533  73.406 0.0000000000
57110  44.202  -18.567  62.331 0.0000000000
63624  51.322  -10.380  57.216 0.0000000000
57129  50.242  -19.180  59.878 0.0000000000
57145  50.366  -18.218  59.406 0.0000000000
56350  51.332  -19.950  58.756 0.0000000000
56363  51.209  -20.434  58.629 0.0000000000
52109  41.106  -24.558  69.166 0.0000000000
52120  41.775  -24.247  68.641 0.0000000000
112815  42.222  -24.771  68.207 0.0000000000
44084  25.753  -33.082  74.242 0.0000000000
44924  26.196  -32.784  74.155 0.0000000000
129327  47.407  -18.006  61.354 0.0000000000
122110  48.337  -18.103  61.093 0.0000000000
57916  48.225  -18.039  61.875 0.0000000000
55513  46.412  -20.155  64.463 0.0000000000
55512  47.017  -20.780  63.796 0.0000000000
54620  46.970  -21.820  63.666 0.0000000000
54621  46.339  -22.231  64.311 0.0000000000
48631  35.919  -27.705  73.218 0.0000000000
47688  36.147  -28.431  73.099 0.0000000000
47680  31.489  -29.542  73.437 0.0000000000
47690  30.843  -29.564  72.369 0.0000000000
48644  31.480  -29.028  72.617 0.0000000000
48655  31.780  -28.477  71.788 0.0000000000
48634  32.173  -28.997  73.357 0.0000000000
48642  32.746  -28.453  73.198 0.0000000000
48622  32.452  -29.191  73.611 0.0000000000
65198  53.094  -8.410  56.082 0.0000000000
66037  53.015  -7.737  56.051 0.0000000000
65209  53.420  -8.222  55.627 0.0000000000
60372  50.986  -14.795  58.959 0.0000000000
60373  50.289  -15.047  58.449 0.0000000000
61219  51.863  -14.275  58.958 0.0000000000
56398  51.590  -19.653  55.867 0.0000000000
57198  51.766  -18.790  55.829 0.0000000000
51301  37.096  -25.525  70.728 0.0000000000
52104  37.144  -25.215  69.917 0.0000000000
52891  38.952  -24.412  65.647 0.0000000000
55484  42.622  -21.414  66.504 0.0000000000
55503  42.956  -20.631  65.294 0.0000000000
55492  43.113  -20.828  65.999 0.0000000000
113890  43.671  -20.520  65.977 0.0000000000
51361  44.727  -25.605  65.615 0.0000000000
51348  44.947  -24.963  65.689 0.0000000000
51360  45.125  -25.142  65.164 0.0000000000
44927  23.746  -32.868  73.761 0.0000000000
45824  24.151  -32.676  73.656 0.0000000000
44086  24.101  -33.147  73.974 0.0000000000
44085  24.893  -33.148  74.179 0.0000000000
109572  45.314  -18.445  61.146 0.0000000000
115882  45.260  -18.916  60.493 0.0000000000
57121  46.145  -18.084  61.405 0.0000000000
57930  46.415  -17.761  62.235 0.0000000000
57898  45.691  -18.113  63.966 0.0000000000
57907  46.147  -17.917  63.621 0.0000000000
57897  46.151  -18.194  64.119 0.0000000000
57088  46.225  -18.526  64.274 0.0000000000
113605  45.765  -18.556  64.455 0.0000000000
113698  28.974  -30.984  73.198 0.0000000000
46752  30.695  -30.840  74.121 0.0000000000
47673  31.229  -30.160  73.974 0.0000000000
46764  31.763  -30.729  74.110 0.0000000000
65201  51.253  -8.796  56.425 0.0000000000
65200  52.064  -8.515  56.623 0.0000000000
64402  52.372  -9.187  56.916 0.0000000000
120865  52.798  -10.145  56.774 0.0000000000
63639  52.495  -9.968  57.106 0.0000000000
62826  52.415  -11.296  57.767 0.0000000000
62825  52.758  -11.562  57.412 0.0000000000
61232  52.721  -12.847  57.651 0.0000000000
57959  49.603  -17.162  59.138 0.0000000000
58728  49.180  -16.904  58.419 0.0000000000
58721  50.712  -16.595  59.245 0.0000000000
58720  51.186  -16.396  59.143 0.0000000000
58726  51.373  -16.768  58.840 0.0000000000
56362  51.551  -20.079  58.079 0.0000000000
112366  51.634  -19.087  57.596 0.0000000000
56375  51.665  -19.975  57.407 0.0000000000
56387  51.679  -19.947  56.877 0.0000000000
55571  51.449  -20.316  57.149 0.0000000000
51299  39.091  -25.364  70.350 0.0000000000
52101  38.988  -24.682  70.081 0.0000000000
52847  40.381  -23.691  69.027 0.0000000000
52848  39.688  -23.875  69.096 0.0000000000
53687  40.410  -23.313  67.833 0.0000000000
52860  41.054  -23.158  68.432 0.0000000000
114486  42.177  -23.422  68.361 0.0000000000
53673  41.644  -22.558  68.071 0.0000000000
53672  42.267  -22.647  68.081 0.0000000000
54582  42.267  -22.217  67.656 0.0000000000
53671  42.975  -22.287  67.667 0.0000000000
51341  43.544  -25.575  67.080 0.0000000000
113979  44.161  -25.975  66.505 0.0000000000
45854  24.445  -32.193  72.724 0.0000000000
45853  25.364  -31.976  72.364 0.0000000000
45821  26.674  -32.390  74.030 0.0000000000
45820  27.594  -32.325  74.111 0.0000000000
57961  48.238  -18.208  58.480 0.0000000000
57146  48.643  -18.113  59.334 0.0000000000
57927  48.964  -18.391  60.905 0.0000000000
57130  49.545  -18.648  60.462 0.0000000000
56332  49.590  -19.986  61.095 0.0000000000
55527  49.261  -20.527  61.518 0.0000000000
54655  49.328  -21.374  61.351 0.0000000000
57098  47.178  -18.235  63.407 0.0000000000
57097  47.805  -18.692  62.808 0.0000000000
54633  47.616  -21.461  63.111 0.0000000000
53755  48.304  -22.176  61.753 0.0000000000
53756  47.569  -22.572  62.302 0.0000000000
50445  34.847  -26.784  71.931 0.0000000000
51273  36.362  -26.270  72.012 0.0000000000
51287  37.032  -25.887  71.379 0.0000000000
51272  37.086  -26.263  71.893 0.0000000000
48654  37.508  -28.418  72.186 0.0000000000
49583  38.168  -27.525  71.628 0.0000000000
50442  38.236  -26.620  71.334 0.0000000000
50441  38.750  -26.640  70.832 0.0000000000
51284  38.615  -25.942  70.842 0.0000000000
50457  39.756  -26.761  69.799 0.0000000000
49611  40.379  -27.319  69.138 0.0000000000
49610  40.898  -27.688  68.565 0.0000000000
48693  41.605  -27.459  67.912 0.0000000000
121555  41.114  -28.414  68.274 0.0000000000
47704  29.171  -30.421  70.947 0.0000000000
47703  29.912  -30.121  71.305 0.0000000000
49597  31.996  -27.912  70.283 0.0000000000
49596  32.705  -27.704  70.741 0.0000000000
49585  32.749  -27.803  71.496 0.0000000000
49549  33.251  -28.507  73.360 0.0000000000
117066  34.537  -28.016  73.263 0.0000000000
127548  34.398  -28.520  73.337 0.0000000000
46777  34.900  -29.666  72.898 0.0000000000
64432  53.207  -8.787  54.255 0.0000000000
62844  53.060  -11.494  56.327 0.0000000000
58734  49.405  -16.191  58.079 0.0000000000
109221  48.941  -15.863  57.221 0.0000000000
61244  50.511  -12.953  57.136 0.0000000000
110936  50.002  -12.852  56.229 0.0000000000
62049  50.394  -12.161  56.521 0.0000000000
62048  51.147  -11.968  57.673 0.0000000000
60371  52.343  -14.450  58.478 0.0000000000
111040  52.789  -14.050  57.259 0.0000000000
58733  52.079  -16.697  57.531 0.0000000000
58007  51.988  -17.248  55.931 0.0000000000
121716  51.582  -17.251  55.295 0.0000000000
52112  38.521  -24.352  69.497 0.0000000000
52121  37.884  -24.592  68.895 0.0000000000
52863  37.829  -24.602  68.116 0.0000000000
126813  40.836  -23.034  66.157 0.0000000000
54634  41.812  -21.765  64.317 0.0000000000
56309  43.086  -19.877  63.931 0.0000000000
55521  42.558  -20.452  63.411 0.0000000000
56316  43.452  -19.336  63.453 0.0000000000
57091  44.130  -18.891  63.884 0.0000000000
56284  44.639  -20.265  65.854 0.0000000000
56297  44.651  -19.613  65.334 0.0000000000
55502  45.223  -20.313  65.569 0.0000000000
53684  44.068  -22.308  67.222 0.0000000000
54589  44.270  -21.864  67.044 0.0000000000
53700  44.430  -22.538  66.856 0.0000000000
52888  45.365  -24.034  65.358 0.0000000000
53712  45.299  -23.279  65.618 0.0000000000
53725  46.214  -23.106  64.170 0.0000000000
51386  45.457  -24.638  63.850 0.0000000000
117727  42.572  -27.793  67.320 0.0000000000
115677  43.244  -27.178  67.066 0.0000000000
48705  43.272  -27.892  66.890 0.0000000000
44928  22.995  -32.690  73.556 0.0000000000
44087  23.399  -33.061  73.696 0.0000000000
44102  23.091  -33.381  73.466 0.0000000000
57134  44.464  -18.834  60.720 0.0000000000
57920  45.014  -18.144  62.577 0.0000000000
44921  29.118  -32.216  74.164 0.0000000000
45818  29.608  -31.663  74.126 0.0000000000
44920  29.998  -31.995  74.237 0.0000000000
44935  30.353  -32.334  73.943 0.0000000000
64387  51.738  -9.852  57.285 0.0000000000
64386  52.142  -9.849  57.352 0.0000000000
63623  51.939  -10.402  57.688 0.0000000000
62827  52.095  -11.076  58.019 0.0000000000
122323  50.867  -18.338  58.853 0.0000000000
57958  51.268  -17.869  58.276 0.0000000000
51314  40.396  -25.041  69.474 0.0000000000
52118  42.949  -23.775  67.842 0.0000000000
52130  42.847  -24.710  67.669 0.0000000000
45822  25.805  -32.497  73.925 0.0000000000
128419  26.886  -32.703  74.173 0.0000000000
110013  46.512  -19.089  60.167 0.0000000000
57148  47.349  -18.889  59.976 0.0000000000
57147  48.386  -18.216  60.226 0.0000000000
57928  48.486  -18.164  61.361 0.0000000000
55528  48.627  -20.153  62.068 0.0000000000
53737  47.232  -22.667  62.876 0.0000000000
53738  46.551  -23.190  63.414 0.0000000000
50431  35.176  -26.931  72.747 0.0000000000
49558  35.590  -27.164  73.009 0.0000000000
49570  36.379  -27.164  72.940 0.0000000000
49569  37.004  -27.157  72.701 0.0000000000
118435  39.050  -28.124  70.502 0.0000000000
49595  39.164  -27.213  70.389 0.0000000000
48679  40.109  -28.949  69.217 0.0000000000
48667  31.538  -28.444  70.811 0.0000000000
49574  32.433  -28.052  72.030 0.0000000000
117122  32.745  -28.083  72.714 0.0000000000
48620  33.325  -28.841  73.458 0.0000000000
64421  52.864  -9.512  54.681 0.0000000000
59582  49.631  -15.449  57.786 0.0000000000
60381  49.847  -14.669  57.539 0.0000000000
60392  49.538  -14.314  56.619 0.0000000000
61235  50.115  -13.851  57.332 0.0000000000
61234  50.820  -13.477  58.085 0.0000000000
62028  51.596  -13.208  58.484 0.0000000000
61225  51.956  -13.719  58.779 0.0000000000
61218  52.070  -14.172  58.791 0.0000000000
57186  51.853  -18.500  56.534 0.0000000000
52875  38.481  -24.384  67.579 0.0000000000
52883  37.907  -24.207  65.818 0.0000000000
54611  41.403  -22.270  65.792 0.0000000000
54610  42.017  -21.750  66.249 0.0000000000
54622  41.918  -21.711  65.330 0.0000000000
55515  42.344  -21.108  64.852 0.0000000000
55522  42.198  -21.103  63.852 0.0000000000
56299  43.333  -20.032  64.840 0.0000000000
56298  43.948  -19.791  65.154 0.0000000000
131491  43.853  -20.190  65.590 0.0000000000
56285  44.161  -20.369  65.981 0.0000000000
55490  44.290  -20.870  66.489 0.0000000000
52880  44.639  -23.559  66.461 0.0000000000
52137  45.027  -24.294  65.813 0.0000000000
52896  45.582  -24.199  64.664 0.0000000000
45839  24.528  -32.417  73.423 0.0000000000
45823  24.933  -32.580  73.854 0.0000000000
44925  25.349  -32.847  74.137 0.0000000000
44099  25.287  -33.507  73.961 0.0000000000
43331  25.679  -33.895  73.426 0.0000000000
57917  47.735  -17.921  62.359 0.0000000000
109591  47.221  -17.765  62.421 0.0000000000
57905  47.224  -17.867  62.992 0.0000000000
57919  45.862  -17.832  62.853 0.0000000000
57906  46.713  -17.992  63.598 0.0000000000
57087  46.794  -18.676  63.935 0.0000000000
56307  46.331  -19.185  64.434 0.0000000000
47700  36.846  -28.756  72.461 0.0000000000
46792  28.463  -30.804  71.363 0.0000000000
46766  29.877  -30.619  73.153 0.0000000000
46753  29.991  -31.149  74.123 0.0000000000
127534  31.942  -30.031  74.027 0.0000000000
46763  32.492  -30.305  73.912 0.0000000000
65199  52.641  -8.466  56.402 0.0000000000
121267  53.021  -9.927  56.289 0.0000000000
63647  52.980  -10.746  56.619 0.0000000000
62835  53.025  -11.474  56.963 0.0000000000
62047  53.094  -12.071  56.646 0.0000000000
61253  53.036  -12.816  56.579 0.0000000000
61243  52.804  -13.843  56.482 0.0000000000
59563  51.206  -15.291  59.141 0.0000000000
59562  51.641  -15.172  59.040 0.0000000000
59572  51.645  -15.884  58.832 0.0000000000
57968  51.681  -17.760  57.489 0.0000000000
57173  51.770  -18.529  57.037 0.0000000000
55583  51.456  -20.171  56.353 0.0000000000
52113  37.799  -24.750  69.669 0.0000000000
124489  39.045  -23.955  69.153 0.0000000000
52111  39.652  -24.207  69.479 0.0000000000
53701  40.349  -23.514  66.872 0.0000000000
53686  40.983  -22.757  67.252 0.0000000000
54593  41.610  -22.332  67.375 0.0000000000
128102  41.983  -22.191  67.315 0.0000000000
54592  42.323  -21.988  67.227 0.0000000000
55482  43.398  -21.421  66.901 0.0000000000
53685  43.642  -22.571  67.501 0.0000000000
52128  44.157  -23.960  66.804 0.0000000000
51349  44.572  -25.409  66.110 0.0000000000
46793  27.656  -31.132  71.672 0.0000000000
45852  26.917  -31.484  71.902 0.0000000000
46768  28.201  -31.498  73.305 0.0000000000
45819  28.724  -31.932  74.088 0.0000000000
44922  28.205  -32.501  74.150 0.0000000000
56339  50.472  -20.163  60.160 0.0000000000
55545  50.553  -20.790  60.007 0.0000000000
54666  50.166  -21.168  60.491 0.0000000000
55538  49.878  -20.980  61.049 0.0000000000
56324  48.339  -19.162  62.301 0.0000000000
54646  48.692  -21.688  61.802 0.0000000000
50474  34.367  -26.868  69.844 0.0000000000
51303  35.150  -26.495  69.969 0.0000000000
50459  35.645  -26.297  71.530 0.0000000000
51302  35.704  -26.153  70.564 0.0000000000
126105  37.541  -25.535  70.992 0.0000000000
48653  38.003  -28.186  71.779 0.0000000000
50428  37.307  -26.776  72.222 0.0000000000
50443  37.645  -26.357  71.644 0.0000000000
114158  37.998  -25.364  70.916 0.0000000000
51300  38.486  -25.326  70.631 0.0000000000
51298  39.724  -25.663  69.865 0.0000000000
114492  41.160  -25.919  68.758 0.0000000000
50488  41.690  -26.294  68.127 0.0000000000
130503  41.330  -29.067  68.008 0.0000000000
48707  41.899  -29.310  67.479 0.0000000000
50462  33.284  -27.402  70.533 0.0000000000
50446  33.965  -27.215  72.075 0.0000000000
49584  33.198  -27.719  72.264 0.0000000000
49572  33.947  -27.531  72.846 0.0000000000
49571  34.708  -27.461  73.037 0.0000000000
47671  32.449  -29.466  73.709 0.0000000000
47670  33.016  -29.297  73.621 0.0000000000
47679  33.793  -29.034  73.504 0.0000000000
47678  34.674  -28.989  73.414 0.0000000000
44938  21.664  -32.140  73.307 0.0000000000
65241  53.928  -8.387  52.805 0.0000000000
113073  51.818  -11.618  58.126 0.0000000000
62038  52.191  -11.990  58.179 0.0000000000
62027  52.104  -12.953  58.499 0.0000000000
62026  52.387  -12.880  58.111 0.0000000000
60401  52.460  -14.763  56.012 0.0000000000
59571  52.122  -15.150  58.727 0.0000000000
111667  52.467  -15.166  58.109 0.0000000000
58746  52.267  -16.633  56.962 0.0000000000
59591  52.496  -15.773  56.926 0.0000000000
59601  52.373  -15.603  56.241 0.0000000000
58775  51.339  -16.465  54.805 0.0000000000
57112  42.944  -19.160  61.664 0.0000000000
114026  42.008  -21.013  62.901 0.0000000000
56326  42.612  -19.678  62.165 0.0000000000
57111  43.516  -18.875  62.183 0.0000000000
57101  43.807  -18.878  62.951 0.0000000000
57090  44.986  -18.500  64.199 0.0000000000
120860  44.445  -19.484  65.143 0.0000000000
57081  44.917  -18.967  64.818 0.0000000000
57080  45.266  -18.948  64.809 0.0000000000
56295  45.757  -19.722  64.947 0.0000000000
55501  45.812  -20.657  65.035 0.0000000000
55481  44.009  -21.366  66.903 0.0000000000
54599  44.423  -21.398  66.768 0.0000000000
53699  44.881  -22.908  66.326 0.0000000000
54609  45.231  -21.785  65.838 0.0000000000
54608  45.788  -21.614  65.064 0.0000000000
52907  46.239  -23.614  63.414 0.0000000000
52151  45.794  -24.159  64.017 0.0000000000
50504  43.168  -26.398  67.206 0.0000000000
128780  43.303  -28.437  66.652 0.0000000000
49639  43.636  -27.723  66.412 0.0000000000
50502  43.965  -26.815  66.414 0.0000000000
48621  32.851  -29.009  73.547 0.0000000000
50430  36.051  -26.731  72.683 0.0000000000
52837  38.702  -24.533  69.980 0.0000000000
55483  42.791  -21.551  66.886 0.0000000000
110706  52.591  -15.228  57.480 0.0000000000
124321  35.630  -26.829  72.754 0.0000000000
129490  51.914  -18.005  56.112 0.0000000000
131168  42.469  -21.747  66.897 0.0000000000
131208  31.129  -29.498  72.981 0.0000000000
