#!ascii label  , from subject sub-v1s0x0050668_ses-1 vox2ras=TkReg
1723
4152  18.733  -87.442  -3.476 0.5000000000
11516  12.189  -75.261  -4.628 0.6000000238
11478  11.756  -75.645  -3.007 0.6000000238
11498  10.957  -76.239  -3.924 0.6000000238
11479  10.665  -76.130  -2.960 0.6999999881
11499  10.085  -76.286  -3.632 0.6000000238
10716  11.871  -76.335  -1.474 0.6999999881
10732  10.409  -76.207  -2.181 0.6000000238
6752  13.950  -82.065  -4.054 0.5000000000
7309  13.642  -81.644  -0.449 0.6000000238
7333  14.405  -81.500  -2.085 0.6000000238
6753  13.326  -82.212  -3.410 0.5000000000
7280  14.694  -81.971  1.780 0.5000000000
7295  14.449  -81.621  1.043 0.4000000060
6730  12.811  -81.954  -0.779 0.5000000000
6743  12.693  -82.075  -1.736 0.6000000238
10819  11.593  -76.324  -11.563 0.5000000000
5041  17.480  -85.326  0.729 0.4000000060
11604  11.522  -75.755  -11.140 0.5000000000
11619  11.319  -76.107  -11.477 0.5000000000
11603  11.938  -75.187  -10.592 0.6000000238
12409  12.374  -74.704  -7.246 0.6000000238
12373  12.665  -74.340  -4.846 0.6000000238
12354  13.299  -74.580  -3.722 0.6999999881
12384  12.354  -74.971  -5.396 0.6000000238
11497  12.630  -75.099  -3.411 0.6999999881
11460  14.201  -75.955  -1.910 0.6000000238
10729  13.293  -75.958  -1.997 0.6999999881
10692  14.960  -76.932  -0.564 0.6000000238
10693  14.039  -76.826  -0.734 0.6000000238
10715  12.803  -76.362  -1.439 0.6999999881
119093  14.895  -77.328  0.051 0.6999999881
10733  9.783  -76.105  -2.113 0.6000000238
7980  15.099  -81.037  -7.478 0.5000000000
131086  14.004  -81.827  -3.371 0.6000000238
7348  14.405  -81.816  -4.776 0.5000000000
7308  14.569  -81.427  -0.029 0.6000000238
113766  15.106  -81.221  -1.730 0.6999999881
7341  14.461  -81.480  -2.959 0.6000000238
6675  15.068  -82.468  2.344 0.4000000060
12473  13.035  -74.900  -11.296 0.5000000000
11618  12.298  -75.623  -11.394 0.5000000000
4606  18.178  -86.822  -1.913 0.5000000000
12457  12.666  -74.532  -10.832 0.5000000000
14040  12.812  -72.779  -7.165 0.6999999881
113469  12.462  -74.046  -9.361 0.6000000238
14030  12.929  -72.841  -6.267 0.6999999881
13220  12.572  -73.685  -6.662 0.6000000238
13236  12.567  -73.627  -7.680 0.6000000238
13209  12.675  -73.791  -5.677 0.6999999881
12396  12.362  -74.749  -6.270 0.6000000238
12372  13.195  -74.067  -4.341 0.6999999881
11475  14.722  -75.377  -2.471 0.6000000238
12353  14.161  -74.554  -3.412 0.6000000238
11459  15.123  -75.939  -1.829 0.6000000238
11476  13.796  -75.497  -2.502 0.6000000238
123514  16.615  -77.036  -0.595 0.6000000238
9942  16.255  -77.325  -0.087 0.6999999881
10675  10.191  -76.523  0.251 0.6999999881
11481  8.877  -75.178  -1.891 0.5000000000
9945  13.531  -77.070  -0.176 0.6999999881
10695  12.332  -76.662  -0.769 0.6999999881
121996  9.713  -76.121  -0.892 0.6000000238
115943  15.091  -79.861  -6.515 0.5000000000
7979  15.358  -80.511  -7.098 0.5000000000
7989  15.471  -80.492  -7.757 0.5000000000
7945  14.873  -80.679  -3.631 0.6999999881
7963  14.881  -80.742  -5.658 0.6000000238
7318  16.078  -81.076  -0.818 0.5000000000
131705  15.682  -80.975  -1.434 0.6999999881
7934  15.209  -80.593  -2.705 0.6999999881
7332  15.009  -81.138  -2.511 0.6000000238
7951  14.752  -80.663  -4.651 0.6000000238
7268  16.355  -81.943  2.574 0.4000000060
117373  15.994  -81.485  1.528 0.4000000060
126645  15.137  -81.445  0.629 0.5000000000
12472  13.987  -74.777  -11.432 0.5000000000
13271  13.453  -72.788  -10.230 0.5000000000
13284  13.734  -73.958  -10.886 0.5000000000
13272  12.852  -73.747  -10.261 0.5000000000
14039  13.235  -71.974  -6.868 0.6000000238
14066  12.832  -72.940  -9.673 0.5000000000
14029  13.567  -72.084  -5.896 0.6999999881
13196  15.879  -72.868  -4.006 0.6000000238
112319  14.976  -73.109  -4.206 0.6999999881
14017  13.718  -72.742  -5.148 0.6999999881
112400  16.721  -74.246  -3.265 0.6000000238
13176  15.450  -73.696  -3.745 0.6000000238
13177  14.586  -73.898  -3.882 0.6999999881
10727  18.244  -76.295  -1.938 0.6999999881
12327  16.227  -74.864  -2.816 0.6000000238
12328  15.372  -74.845  -2.866 0.6000000238
113906  19.359  -77.327  -0.485 0.6000000238
10710  17.419  -76.412  -1.587 0.6999999881
10711  16.514  -76.533  -1.219 0.6999999881
9914  20.142  -77.504  0.999 0.6000000238
9916  18.892  -77.503  0.176 0.6000000238
121228  17.820  -77.236  -0.560 0.6999999881
11436  8.762  -75.130  0.614 0.6000000238
9941  17.126  -77.367  -0.122 0.6999999881
10673  11.892  -76.930  0.029 0.6999999881
115579  9.164  -75.738  -0.600 0.6000000238
9893  20.496  -77.362  1.715 0.6999999881
115976  18.324  -77.581  0.936 0.6000000238
9917  17.390  -77.567  0.785 0.8000000119
9897  15.772  -77.602  1.185 0.6999999881
9920  14.494  -77.460  0.542 0.6999999881
116091  13.133  -77.211  0.354 0.6999999881
8624  15.526  -79.850  -7.456 0.6000000238
8573  15.419  -79.858  -2.832 0.6999999881
8586  14.652  -79.096  -4.665 0.6999999881
8602  14.748  -80.071  -4.883 0.6000000238
7914  16.288  -80.533  -1.491 0.5000000000
7933  15.847  -80.126  -2.128 0.6999999881
7292  17.619  -81.318  0.904 0.4000000060
7306  16.576  -81.234  0.045 0.5000000000
11616  14.651  -75.733  -11.609 0.5000000000
10817  15.077  -76.519  -11.505 0.5000000000
12456  14.603  -74.300  -11.329 0.5000000000
14769  13.594  -70.902  -9.195 0.6000000238
14751  14.752  -70.332  -6.522 0.6000000238
14761  13.470  -71.149  -7.830 0.6999999881
14055  13.065  -71.778  -8.630 0.6999999881
14744  15.286  -70.701  -5.545 0.6999999881
14745  14.390  -71.217  -5.750 0.6999999881
13174  17.190  -73.495  -3.599 0.6000000238
14016  15.411  -72.219  -4.483 0.6000000238
14028  14.943  -71.626  -5.059 0.6999999881
11472  19.378  -75.889  -2.871 0.6999999881
114692  18.523  -75.721  -2.563 0.6999999881
12350  17.588  -74.298  -3.346 0.6999999881
12291  9.464  -74.503  1.870 0.6000000238
9960  20.851  -77.059  -1.160 0.6000000238
117004  19.055  -76.308  -2.211 0.6999999881
12326  17.115  -74.927  -2.815 0.6999999881
10655  22.320  -76.334  1.663 0.6000000238
9913  21.391  -77.051  0.626 0.6000000238
9936  22.017  -76.857  0.102 0.6000000238
9938  20.433  -77.265  -0.416 0.6000000238
10709  18.808  -76.661  -1.655 0.6999999881
11427  9.412  -75.271  1.834 0.6000000238
9892  21.201  -77.081  1.508 0.6000000238
114465  20.671  -77.335  0.339 0.6000000238
9876  13.654  -77.325  2.585 0.6999999881
130529  11.981  -76.902  2.487 0.6000000238
111724  11.077  -76.808  1.804 0.6999999881
10676  9.649  -76.208  0.706 0.6000000238
11426  22.801  -75.788  2.085 0.5000000000
9868  20.926  -76.997  2.372 0.6000000238
9869  20.073  -77.210  2.513 0.8000000119
9871  18.207  -77.409  2.693 0.8000000119
121808  16.823  -77.577  2.242 0.8000000119
121806  15.176  -77.585  2.023 0.8000000119
121805  14.276  -77.527  1.918 0.6999999881
9900  12.410  -77.247  1.427 0.6999999881
9895  18.718  -77.544  1.798 0.8000000119
9896  16.707  -77.605  1.451 0.8000000119
8617  14.505  -79.011  -5.682 0.6999999881
9316  15.178  -78.984  -7.443 0.6999999881
9333  15.655  -78.655  -9.016 0.6999999881
121948  15.703  -79.592  -9.094 0.6000000238
130735  15.820  -79.332  -2.641 0.6999999881
10045  16.055  -78.219  -10.033 0.6000000238
8560  16.173  -79.503  -2.304 0.6000000238
9375  15.778  -78.134  -10.675 0.5000000000
10816  15.650  -76.587  -11.140 0.5000000000
120771  13.617  -69.936  0.413 0.6000000238
12455  15.327  -74.326  -11.211 0.5000000000
15380  14.033  -70.607  -0.304 0.5000000000
13283  14.832  -73.601  -10.950 0.5000000000
13130  14.098  -73.076  -0.927 0.6000000238
14772  15.025  -70.544  -10.108 0.6999999881
14773  13.979  -70.932  -10.129 0.6000000238
14750  15.805  -70.188  -6.472 0.6999999881
114723  13.939  -70.360  -8.531 0.6999999881
13101  11.892  -73.580  1.324 0.6000000238
13195  16.770  -72.713  -3.880 0.6999999881
14027  15.830  -71.329  -4.887 0.6000000238
10744  20.270  -76.232  -3.225 0.6999999881
12348  19.310  -74.632  -3.823 0.6999999881
12349  18.476  -74.421  -3.528 0.6999999881
12277  10.718  -74.742  2.899 0.6000000238
13080  10.938  -74.041  2.514 0.6000000238
118382  20.594  -76.756  -2.555 0.6000000238
11493  18.890  -75.198  -3.226 0.6999999881
11405  11.842  -75.693  3.779 0.6000000238
13102  10.424  -73.658  1.913 0.6000000238
113919  23.167  -76.443  -0.985 0.6000000238
126421  22.245  -76.878  -0.832 0.6000000238
10620  13.455  -76.496  3.893 0.6999999881
10622  11.598  -76.229  3.345 0.6000000238
125710  10.366  -75.758  2.587 0.6000000238
9912  22.385  -76.477  0.729 0.6000000238
10615  18.153  -76.609  4.134 0.6000000238
9850  15.882  -77.145  3.671 0.6000000238
9851  14.939  -77.080  3.557 0.6999999881
9853  13.038  -76.902  3.215 0.6000000238
10643  10.451  -76.333  2.195 0.6000000238
118206  19.859  -76.197  3.855 0.6000000238
9873  16.397  -77.490  2.959 0.8000000119
10614  19.553  -76.860  3.290 0.6000000238
9847  18.654  -77.028  3.440 0.6999999881
9874  15.510  -77.481  2.906 0.8000000119
9280  14.557  -78.162  -5.004 0.6999999881
9299  14.507  -78.137  -6.925 0.6999999881
10039  15.036  -77.708  -8.360 0.6999999881
9262  15.410  -77.965  -3.930 0.6999999881
123501  15.130  -78.732  -3.758 0.6999999881
10038  15.521  -77.505  -9.207 0.6000000238
10052  15.893  -77.148  -10.639 0.6000000238
110828  13.571  -70.476  3.025 0.6000000238
16058  12.869  -69.837  3.108 0.6000000238
15349  14.026  -70.620  2.258 0.6000000238
16091  13.442  -69.507  1.375 0.6000000238
11602  16.043  -75.243  -10.895 0.6000000238
15365  14.337  -71.045  0.034 0.5000000000
14063  15.916  -71.392  -10.321 0.6999999881
14064  14.874  -71.713  -10.413 0.6999999881
13945  15.062  -72.783  -0.316 0.4000000060
14678  15.088  -72.036  -0.625 0.5000000000
15468  16.112  -69.948  -7.488 0.6999999881
14759  15.992  -70.032  -8.459 0.8000000119
13118  14.003  -73.708  0.310 0.5000000000
14026  16.812  -71.360  -4.998 0.6000000238
15470  14.853  -69.970  -7.467 0.6999999881
131451  12.621  -73.752  1.572 0.6000000238
12370  18.094  -73.572  -3.779 0.6999999881
14014  17.219  -72.003  -4.356 0.6999999881
12261  13.149  -74.546  3.894 0.6999999881
12275  12.510  -74.170  3.259 0.6000000238
112348  21.520  -77.079  -3.710 0.6999999881
11491  20.381  -75.730  -4.051 0.6999999881
11384  14.205  -75.518  4.485 0.5000000000
12276  11.535  -74.381  3.206 0.6000000238
10707  23.277  -76.724  -1.977 0.6000000238
9975  22.498  -77.191  -2.385 0.6000000238
10743  21.089  -76.851  -3.126 0.6999999881
11386  12.633  -75.599  4.162 0.6999999881
130064  22.676  -76.931  -1.561 0.6000000238
115117  22.092  -77.096  -1.629 0.6000000238
10592  15.950  -76.113  4.467 0.5000000000
10593  14.562  -76.087  4.374 0.6000000238
10688  22.722  -76.534  -0.125 0.6000000238
127131  19.204  -75.998  4.306 0.6000000238
10616  17.241  -76.656  4.184 0.5000000000
10619  14.350  -76.544  4.020 0.6999999881
10587  20.307  -75.359  3.995 0.6000000238
10022  14.417  -77.273  -6.294 0.6999999881
10030  14.522  -77.253  -7.399 0.6999999881
10794  15.407  -76.293  -9.132 0.6000000238
10802  15.958  -76.211  -10.332 0.6000000238
116182  13.506  -70.622  4.680 0.4000000060
15333  12.340  -70.070  4.055 0.5000000000
12438  16.092  -74.188  -10.350 0.6000000238
118899  14.234  -70.905  2.884 0.5000000000
16832  12.331  -69.081  2.697 0.6000000238
129439  16.218  -73.726  -9.699 0.6999999881
13269  16.793  -72.300  -9.748 0.6999999881
13282  15.655  -73.578  -10.670 0.6000000238
114469  14.799  -71.533  0.531 0.5000000000
14758  16.747  -70.490  -8.083 0.6999999881
13117  14.886  -73.485  0.300 0.4000000060
12382  20.692  -74.092  -5.456 0.6999999881
13208  19.269  -72.522  -5.091 0.6999999881
14024  18.653  -71.941  -5.434 0.6999999881
12288  13.916  -74.139  2.010 0.6000000238
110653  21.510  -76.543  -4.975 0.6999999881
11532  20.724  -74.836  -5.212 0.6999999881
13193  18.636  -72.776  -4.418 0.6999999881
14025  17.722  -71.606  -5.285 0.6999999881
12273  14.530  -74.225  2.835 0.5000000000
12274  13.494  -74.129  3.160 0.5000000000
9996  22.100  -77.407  -3.942 0.6000000238
10754  21.656  -77.051  -4.314 0.6999999881
11514  20.530  -75.253  -4.691 0.6999999881
11515  19.965  -74.940  -4.261 0.6999999881
12260  14.062  -74.448  3.872 0.5000000000
11456  23.892  -76.049  -1.617 0.5000000000
10724  23.307  -76.911  -2.908 0.6000000238
9987  21.887  -77.301  -3.118 0.6000000238
11567  14.818  -75.794  -7.370 0.6999999881
11580  15.290  -75.354  -8.260 0.6999999881
15309  12.990  -70.287  5.264 0.4000000060
11566  15.291  -75.131  -7.317 0.6999999881
11591  15.827  -75.222  -9.653 0.6999999881
16034  12.315  -69.771  5.379 0.4000000060
12423  15.834  -74.369  -8.906 0.6999999881
16047  11.694  -69.612  4.593 0.6000000238
13251  16.992  -72.586  -8.641 0.8000000119
13252  16.266  -73.423  -8.960 0.6999999881
117983  18.485  -71.402  -7.356 0.6000000238
14046  17.444  -71.392  -8.222 0.6000000238
16807  10.395  -67.831  4.429 0.6000000238
13207  19.881  -72.820  -5.390 0.6999999881
14037  19.018  -71.597  -6.626 0.6999999881
14038  18.229  -71.295  -6.369 0.6000000238
11531  21.117  -75.003  -5.956 0.6000000238
10762  22.136  -76.841  -5.866 0.6000000238
18385  9.013  -66.358  4.300 0.5000000000
10742  23.283  -77.024  -3.830 0.6000000238
10753  22.305  -77.208  -4.829 0.6999999881
11490  23.921  -76.252  -3.434 0.5000000000
120037  15.923  -74.149  -8.106 0.6999999881
118984  12.711  -68.493  5.709 0.4000000060
13235  16.446  -73.700  -7.986 0.8000000119
16035  11.570  -69.280  5.202 0.5000000000
13233  18.166  -72.413  -8.002 0.8000000119
17584  12.022  -67.443  5.147 0.4000000060
17565  11.880  -68.264  5.442 0.4000000060
14045  17.948  -71.592  -7.930 0.6999999881
18383  11.307  -66.895  4.842 0.4000000060
16795  11.226  -68.611  5.220 0.5000000000
11548  21.620  -75.722  -6.615 0.6000000238
13206  20.437  -73.278  -5.854 0.6000000238
13219  20.054  -72.539  -6.328 0.6999999881
19197  11.717  -66.043  4.372 0.4000000060
10772  22.017  -76.424  -6.703 0.6000000238
10763  21.543  -76.155  -5.943 0.6000000238
19217  10.077  -65.347  4.308 0.4000000060
117423  9.705  -66.878  4.408 0.6000000238
11530  23.628  -76.637  -5.165 0.6000000238
111876  24.327  -75.842  -4.089 0.5000000000
12347  24.892  -75.192  -3.972 0.5000000000
18367  13.511  -67.715  5.544 0.4000000060
12407  16.842  -74.038  -7.425 0.8000000119
17583  12.973  -67.170  4.947 0.4000000060
13234  17.319  -72.865  -8.020 0.6999999881
18382  12.346  -66.628  4.625 0.4000000060
13231  19.722  -72.239  -7.613 0.6000000238
14044  19.096  -71.836  -7.607 0.6999999881
12392  21.533  -74.637  -6.993 0.6000000238
13218  20.680  -72.922  -6.852 0.6000000238
19996  12.852  -65.148  3.356 0.4000000060
19216  11.215  -65.392  4.090 0.4000000060
119711  23.604  -76.585  -6.093 0.6000000238
19998  10.889  -64.666  3.631 0.4000000060
127107  24.271  -76.028  -5.402 0.4000000060
18380  14.648  -66.548  4.838 0.4000000060
12405  18.040  -73.794  -7.685 0.6999999881
19196  14.163  -66.206  4.238 0.4000000060
14053  19.806  -72.627  -8.353 0.6999999881
128815  19.301  -72.414  -8.063 0.6000000238
19214  13.579  -65.727  3.782 0.4000000060
118544  22.059  -74.894  -7.746 0.6000000238
13229  21.713  -73.782  -7.890 0.6000000238
20018  12.463  -64.395  2.791 0.4000000060
11547  23.684  -76.321  -7.031 0.6000000238
20779  11.248  -63.499  2.451 0.3000000119
11529  24.414  -75.870  -6.275 0.4000000060
12381  24.905  -75.295  -5.518 0.4000000060
12391  25.159  -75.025  -6.393 0.4000000060
19230  13.903  -65.072  3.198 0.4000000060
112878  12.969  -63.961  2.347 0.4000000060
11562  22.589  -75.661  -7.999 0.6000000238
11561  23.284  -75.774  -8.406 0.6000000238
11577  23.463  -75.387  -9.053 0.6000000238
12403  25.324  -74.631  -7.390 0.4000000060
110940  25.771  -73.920  -7.953 0.5000000000
12390  25.723  -74.181  -6.468 0.4000000060
23321  10.443  -60.434  3.581 0.3000000119
13228  26.346  -73.450  -7.481 0.4000000060
20775  16.560  -63.497  2.735 0.4000000060
23334  12.027  -59.678  2.276 0.3000000119
131791  7.518  -61.465  6.326 0.4000000060
20774  17.317  -63.133  2.805 0.4000000060
21587  16.363  -61.986  1.366 0.4000000060
24295  13.738  -58.947  1.463 0.3000000119
23344  14.207  -59.773  0.740 0.3000000119
24261  10.884  -59.647  4.248 0.3000000119
24280  11.649  -59.112  3.094 0.3000000119
22392  9.274  -60.786  5.521 0.3000000119
22439  16.969  -61.543  1.499 0.4000000060
22440  16.411  -60.916  0.975 0.4000000060
22457  15.787  -60.747  0.479 0.4000000060
24279  12.332  -58.766  2.762 0.3000000119
131711  11.422  -59.078  3.928 0.3000000119
19138  6.134  -65.803  8.363 0.4000000060
17524  6.384  -67.531  9.969 0.3000000119
16765  6.927  -68.300  10.441 0.3000000119
24244  10.752  -59.735  4.841 0.3000000119
22374  8.778  -61.186  6.036 0.3000000119
24292  16.234  -58.417  0.772 0.4000000060
24308  15.413  -59.222  0.164 0.4000000060
24294  14.627  -58.633  0.469 0.3000000119
24278  13.111  -58.676  2.372 0.3000000119
24260  12.008  -58.632  3.529 0.3000000119
20698  7.338  -63.900  7.125 0.3000000119
23310  11.355  -59.528  4.817 0.3000000119
18334  7.204  -66.702  8.752 0.3000000119
22391  10.215  -60.863  5.572 0.3000000119
18333  7.878  -66.648  8.516 0.4000000060
17534  7.689  -67.284  9.078 0.3000000119
127535  8.641  -67.298  8.876 0.3000000119
16764  7.880  -68.446  10.369 0.3000000119
25256  15.121  -57.774  1.056 0.4000000060
25244  14.647  -57.897  1.993 0.4000000060
24259  13.749  -58.765  3.384 0.3000000119
19933  7.905  -64.691  7.385 0.4000000060
119313  12.290  -59.504  4.433 0.3000000119
19946  8.983  -63.793  6.956 0.3000000119
19136  8.059  -66.004  8.014 0.4000000060
19932  8.717  -64.653  7.319 0.4000000060
17521  9.155  -68.077  9.542 0.3000000119
25243  15.514  -57.527  1.960 0.4000000060
25225  14.124  -58.301  2.804 0.4000000060
23309  13.439  -59.537  3.856 0.4000000060
22407  12.506  -60.711  4.692 0.4000000060
23295  11.572  -60.437  5.135 0.3000000119
21515  11.152  -62.650  6.204 0.3000000119
19945  9.992  -63.933  6.925 0.3000000119
19931  9.547  -64.615  7.268 0.3000000119
115633  9.957  -65.283  7.522 0.5000000000
19151  9.223  -65.345  7.564 0.4000000060
18332  9.295  -66.762  8.366 0.4000000060
16751  9.045  -68.578  10.862 0.3000000119
23308  14.412  -59.612  3.744 0.4000000060
117671  14.096  -60.519  3.834 0.4000000060
21550  13.002  -61.937  4.728 0.3000000119
20712  12.042  -63.303  6.177 0.3000000119
19943  12.167  -63.986  6.747 0.3000000119
19149  11.833  -65.655  7.700 0.3000000119
22389  12.015  -61.574  5.298 0.3000000119
20737  11.985  -62.519  5.729 0.3000000119
128894  11.577  -64.238  7.004 0.3000000119
19150  10.789  -65.661  7.679 0.3000000119
18343  11.542  -66.487  8.178 0.3000000119
122597  11.388  -63.581  6.635 0.3000000119
18344  10.707  -66.503  8.139 0.3000000119
17533  9.658  -67.560  8.932 0.3000000119
17504  9.159  -67.579  11.595 0.3000000119
26127  16.619  -57.319  4.093 0.3000000119
25206  15.670  -57.583  4.378 0.3000000119
23307  15.080  -59.528  4.355 0.3000000119
22388  14.852  -62.001  4.942 0.3000000119
20734  14.120  -63.386  6.112 0.3000000119
110702  13.142  -65.148  7.557 0.3000000119
114421  14.831  -60.477  4.002 0.3000000119
21534  14.226  -62.858  5.388 0.3000000119
20711  12.839  -63.736  6.266 0.3000000119
19942  12.966  -64.367  6.964 0.3000000119
18342  12.571  -66.405  8.303 0.3000000119
17531  12.084  -67.207  8.838 0.3000000119
18330  11.141  -67.213  8.631 0.3000000119
128195  11.201  -67.817  9.862 0.3000000119
17520  9.986  -67.966  9.591 0.3000000119
16749  10.288  -67.750  10.605 0.3000000119
25205  17.235  -57.255  4.815 0.3000000119
24231  15.349  -58.731  5.175 0.3000000119
22404  15.225  -60.834  4.853 0.3000000119
21533  14.946  -62.449  5.708 0.3000000119
19927  13.781  -64.620  7.419 0.3000000119
18329  12.940  -66.852  9.194 0.3000000119
17530  12.210  -67.324  9.632 0.3000000119
17513  10.879  -67.451  10.530 0.3000000119
18307  9.484  -66.831  11.460 0.3000000119
19147  13.927  -65.450  8.030 0.3000000119
19134  13.326  -66.436  8.682 0.3000000119
18313  11.518  -67.022  10.506 0.3000000119
19121  10.827  -66.126  10.795 0.3000000119
18306  9.959  -67.247  11.269 0.3000000119
19122  9.911  -65.586  10.981 0.3000000119
19132  14.595  -65.612  8.788 0.3000000119
18328  13.596  -66.444  9.122 0.3000000119
18319  12.729  -66.880  9.883 0.3000000119
19925  15.331  -64.349  7.919 0.3000000119
19124  14.565  -65.584  9.662 0.3000000119
19118  13.471  -65.652  10.253 0.3000000119
19119  12.389  -65.724  10.390 0.3000000119
116671  11.331  -65.376  10.483 0.3000000119
126836  10.498  -65.178  10.652 0.3000000119
19908  9.721  -64.624  10.614 0.3000000119
5072  18.179  -86.533  -2.954 0.5000000000
4601  17.680  -86.078  -1.231 0.5000000000
118024  17.537  -85.617  -0.142 0.4000000060
10730  12.327  -75.949  -2.122 0.6999999881
10696  11.400  -76.583  -0.691 0.6999999881
6105  16.384  -83.171  2.835 0.4000000060
4594  17.956  -86.593  -0.138 0.5000000000
11474  15.680  -75.408  -2.341 0.6000000238
14069  14.320  -72.751  -10.510 0.5000000000
11473  16.573  -75.473  -2.304 0.6000000238
14054  16.983  -71.250  -9.107 0.8000000119
14068  15.812  -72.378  -10.481 0.6999999881
14742  17.338  -70.952  -6.068 0.6000000238
11471  23.864  -76.216  -2.512 0.5000000000
12367  20.336  -74.417  -4.822 0.6999999881
19198  10.714  -66.116  4.528 0.4000000060
12325  24.840  -75.220  -2.977 0.5000000000
10784  22.456  -76.273  -7.277 0.6000000238
11511  24.638  -75.522  -4.730 0.4000000060
13248  20.580  -72.891  -8.641 0.6000000238
12404  22.307  -74.625  -8.538 0.6000000238
20778  12.174  -63.600  2.255 0.3000000119
11546  24.559  -75.598  -7.193 0.4000000060
126926  24.613  -75.340  -7.994 0.4000000060
21586  17.031  -62.190  1.782 0.4000000060
24257  15.342  -58.012  3.652 0.3000000119
26112  15.945  -57.332  5.007 0.3000000119
11590  19.470  -74.926  -9.655 0.5000000000
11579  18.978  -74.799  -8.754 0.5000000000
11565  17.868  -74.942  -7.064 0.6999999881
12395  15.745  -75.152  -6.701 0.6000000238
12421  19.461  -73.761  -9.219 0.5000000000
12422  18.721  -73.754  -8.378 0.6000000238
12406  17.359  -74.400  -7.058 0.6000000238
9998  15.693  -77.376  -4.386 0.6000000238
9999  14.986  -77.567  -4.569 0.6000000238
10786  17.830  -75.814  -6.662 0.6999999881
10764  16.761  -76.604  -5.494 0.6000000238
10765  15.980  -76.218  -5.700 0.6000000238
10774  17.110  -76.045  -6.023 0.6999999881
11550  16.368  -75.498  -6.293 0.6000000238
10767  14.719  -76.704  -5.787 0.6000000238
13281  20.466  -73.802  -10.220 0.5000000000
10020  18.289  -77.360  -6.581 0.6999999881
10009  17.122  -77.214  -5.210 0.6999999881
9260  17.248  -78.152  -4.127 0.6000000238
9261  16.246  -77.890  -3.796 0.6000000238
10785  18.334  -76.613  -7.102 0.6000000238
10773  17.856  -76.573  -6.408 0.6999999881
10010  16.149  -76.858  -4.955 0.6000000238
10037  19.252  -77.352  -8.518 0.6000000238
12452  20.942  -74.062  -10.919 0.5000000000
13267  20.516  -73.354  -9.494 0.5000000000
9314  18.987  -77.982  -7.010 0.6999999881
9278  18.408  -78.301  -5.447 0.6000000238
8572  16.419  -78.931  -2.729 0.6000000238
13287  21.901  -73.995  -11.716 0.5000000000
110639  21.199  -73.722  -10.175 0.5000000000
13280  23.946  -74.837  -10.538 0.5000000000
13265  21.912  -73.883  -10.622 0.5000000000
13279  24.617  -74.444  -9.970 0.4000000060
112530  10.291  -76.315  -4.386 0.4000000060
122640  11.507  -76.033  -4.515 0.4000000060
11517  10.847  -76.413  -4.972 0.4000000060
11534  11.923  -75.741  -5.997 0.5000000000
11551  12.015  -75.641  -6.853 0.5000000000
11552  11.449  -76.193  -7.301 0.5000000000
12436  22.508  -74.316  -10.162 0.5000000000
11568  12.039  -75.667  -7.785 0.5000000000
11606  9.394  -76.007  -10.856 0.6000000238
12449  23.440  -74.660  -10.413 0.4000000060
12424  12.350  -74.648  -8.358 0.5000000000
11581  11.873  -75.608  -8.670 0.5000000000
11605  10.513  -76.206  -11.156 0.5000000000
11536  9.966  -76.136  -5.938 0.5000000000
10777  10.777  -76.460  -6.690 0.5000000000
11570  10.138  -76.196  -7.171 0.5000000000
10788  10.737  -76.381  -7.679 0.5000000000
11584  9.832  -75.370  -8.675 0.5000000000
11569  11.365  -76.151  -8.186 0.5000000000
114115  10.274  -75.963  -8.908 0.5000000000
116880  10.134  -75.881  -10.501 0.5000000000
12435  23.456  -74.644  -9.935 0.5000000000
11594  10.683  -75.897  -9.640 0.5000000000
13285  25.768  -74.389  -10.224 0.4000000060
12434  24.433  -74.499  -9.799 0.4000000060
121270  26.299  -73.923  -9.618 0.4000000060
11462  8.726  -75.205  -1.020 0.5000000000
12411  9.824  -74.741  -7.898 0.5000000000
12419  22.384  -74.285  -9.384 0.5000000000
110315  24.184  -74.888  -9.389 0.4000000060
13123  8.697  -73.679  0.713 0.5000000000
13948  8.946  -72.962  0.470 0.5000000000
14690  8.799  -71.738  -0.918 0.5000000000
123447  8.394  -73.796  -0.005 0.5000000000
13263  25.843  -73.941  -9.220 0.4000000060
13122  9.286  -73.381  1.060 0.5000000000
14689  9.524  -71.804  -0.766 0.5000000000
13946  10.555  -72.914  0.524 0.5000000000
13977  10.690  -72.122  -1.097 0.5000000000
14705  10.047  -71.449  -1.384 0.5000000000
15412  9.646  -70.824  -1.903 0.4000000060
13961  11.230  -72.794  -0.468 0.5000000000
14717  11.709  -71.541  -2.671 0.6000000238
15426  10.635  -70.800  -2.510 0.6000000238
109426  10.965  -73.326  1.249 0.5000000000
13976  12.135  -72.654  -1.499 0.5000000000
14703  12.647  -72.164  -2.353 0.5000000000
124461  13.535  -71.105  -3.390 0.6000000238
15439  13.177  -70.518  -3.971 0.6000000238
16159  11.257  -69.647  -4.030 0.6000000238
16178  10.782  -68.918  -4.423 0.5000000000
16931  10.748  -68.311  -4.543 0.5000000000
17713  9.755  -67.883  -3.716 0.5000000000
13132  12.250  -73.083  -0.720 0.5000000000
13960  13.296  -72.901  -1.246 0.5000000000
15411  14.636  -71.070  -2.262 0.5000000000
14715  14.234  -71.234  -2.986 0.5000000000
116627  14.447  -70.469  -2.841 0.6000000238
16157  14.041  -69.911  -4.294 0.6000000238
16158  13.058  -69.605  -4.599 0.6000000238
16930  11.611  -68.433  -5.032 0.6000000238
17711  11.415  -67.811  -4.875 0.5000000000
17656  10.019  -67.747  -0.362 0.5000000000
17681  9.228  -67.429  -2.698 0.5000000000
13119  12.912  -73.627  0.544 0.5000000000
14688  14.785  -71.744  -1.921 0.5000000000
15399  14.525  -70.855  -1.364 0.6000000238
16883  14.100  -68.930  -1.632 0.6000000238
111373  14.137  -67.908  -1.099 0.6000000238
128769  14.501  -68.050  -4.116 0.6000000238
109249  14.398  -67.580  -2.837 0.6000000238
16928  13.859  -68.332  -4.965 0.6000000238
18481  14.545  -66.622  -3.752 0.6000000238
118624  12.214  -67.890  -5.243 0.6000000238
18509  11.279  -67.322  -4.221 0.5000000000
17695  10.400  -67.503  -3.645 0.5000000000
18496  11.134  -66.899  -3.305 0.5000000000
18484  11.111  -66.559  -2.310 0.5000000000
120139  9.378  -67.803  -1.716 0.5000000000
17666  10.220  -67.600  -1.146 0.5000000000
124246  13.679  -69.243  -0.034 0.6000000238
111426  13.928  -68.307  -0.053 0.6000000238
17654  14.080  -67.150  -0.225 0.6000000238
18461  14.085  -65.931  -0.506 0.6000000238
115174  14.239  -66.556  -1.258 0.6000000238
18482  14.295  -65.771  -3.278 0.6000000238
19274  13.849  -64.730  -1.725 0.6000000238
19287  13.475  -65.503  -3.332 0.5000000000
19281  13.678  -64.865  -2.521 0.5000000000
18495  11.944  -66.532  -3.797 0.5000000000
19275  11.542  -65.493  -1.956 0.5000000000
20062  11.332  -64.295  -1.338 0.6000000238
17680  10.533  -66.980  -1.729 0.5000000000
17655  10.461  -66.896  -0.991 0.5000000000
19266  10.358  -65.458  -0.915 0.5000000000
18430  8.488  -67.242  0.990 0.5000000000
18446  13.602  -66.534  0.337 0.6000000238
18447  12.850  -65.984  0.731 0.6000000238
19265  12.963  -64.290  -0.579 0.6000000238
20060  12.668  -64.035  -1.567 0.6000000238
20054  10.568  -64.367  -0.937 0.6000000238
19267  9.324  -65.099  -0.470 0.5000000000
17632  12.308  -67.584  1.722 0.6000000238
20042  11.864  -63.915  -0.646 0.6000000238
19255  9.370  -64.431  -0.001 0.6000000238
19268  8.328  -64.800  -0.180 0.5000000000
16834  10.783  -68.336  3.410 0.6000000238
17614  11.471  -67.720  2.273 0.6000000238
18408  10.948  -67.095  2.205 0.6000000238
19241  10.898  -65.648  1.219 0.6000000238
119735  10.805  -64.809  0.388 0.6000000238
20031  8.519  -64.430  0.327 0.5000000000
18409  10.090  -67.226  2.681 0.6000000238
18428  10.307  -66.307  1.911 0.6000000238
18429  9.413  -66.523  2.627 0.6000000238
19242  10.102  -65.285  1.066 0.6000000238
19231  8.642  -65.657  2.445 0.6000000238
19232  7.784  -65.286  2.814 0.5000000000
131720  8.475  -65.931  4.271 0.4000000060
10775  15.030  -75.623  -6.649 0.6000000238
12394  16.575  -74.764  -6.787 0.6999999881
109247  21.225  -73.310  -9.214 0.5000000000
13266  21.849  -73.683  -9.734 0.5000000000
121256  22.870  -74.365  -11.946 0.5000000000
12450  22.446  -74.272  -10.998 0.5000000000
124826  10.017  -75.371  -9.764 0.6000000238
16141  14.387  -69.780  -3.618 0.6000000238
126992  14.182  -68.255  -2.232 0.6000000238
18507  13.515  -66.739  -4.614 0.6000000238
19283  12.104  -65.201  -2.667 0.5000000000
18426  12.209  -66.597  1.355 0.6000000238
19253  12.443  -64.948  0.138 0.6000000238
130766  9.490  -65.680  1.806 0.6000000238
19243  8.118  -64.723  1.432 0.6000000238
4148  19.271  -88.142  -3.173 0.4000000060
3155  22.270  -89.537  -2.148 0.5000000000
3641  21.473  -89.019  -1.266 0.5000000000
3156  21.260  -89.217  -2.221 0.4000000060
3642  20.094  -88.777  -1.866 0.4000000060
112946  19.260  -88.192  -1.213 0.4000000060
4149  18.644  -87.520  -2.544 0.4000000060
3146  22.473  -89.183  -1.185 0.5000000000
3154  23.124  -89.922  -2.056 0.5000000000
3634  19.947  -88.494  -0.765 0.5000000000
3619  19.202  -87.965  -0.190 0.5000000000
117509  18.660  -87.631  -1.595 0.4000000060
111620  22.157  -88.704  -0.265 0.5000000000
3617  21.458  -88.389  0.356 0.5000000000
3618  19.987  -88.233  0.124 0.5000000000
4121  18.899  -87.467  0.644 0.5000000000
4143  18.491  -87.351  -0.123 0.4000000060
4584  18.345  -86.942  0.597 0.4000000060
3616  22.428  -88.339  0.432 0.5000000000
4134  20.948  -87.888  1.163 0.5000000000
4118  21.299  -87.325  1.784 0.5000000000
4119  20.402  -87.360  1.595 0.5000000000
131317  18.796  -86.760  1.423 0.5000000000
4574  17.923  -86.169  0.940 0.4000000060
7913  17.290  -80.365  -1.429 0.5000000000
7899  16.934  -80.873  -0.841 0.4000000060
7305  17.586  -81.105  -0.106 0.4000000060
7291  18.528  -81.333  0.440 0.4000000060
7276  18.210  -81.556  1.567 0.4000000060
123285  17.481  -82.317  2.895 0.4000000060
4572  20.753  -86.721  2.051 0.5000000000
6103  18.421  -83.446  2.779 0.4000000060
5573  17.839  -84.076  2.641 0.4000000060
5578  17.449  -84.529  2.059 0.4000000060
109518  20.201  -86.066  2.205 0.4000000060
109552  19.274  -86.070  2.155 0.5000000000
5027  17.735  -85.335  1.591 0.4000000060
7898  17.708  -80.782  -0.940 0.4000000060
7275  19.010  -81.832  1.241 0.4000000060
6683  18.675  -82.103  2.187 0.4000000060
5040  21.771  -85.494  1.522 0.4000000060
6102  19.268  -83.666  2.582 0.4000000060
5577  18.148  -84.952  2.281 0.4000000060
113801  21.059  -84.950  1.678 0.4000000060
5025  19.800  -85.347  2.340 0.4000000060
5571  19.554  -84.511  2.467 0.4000000060
5017  18.944  -85.237  2.418 0.4000000060
8559  17.141  -79.331  -2.322 0.5000000000
7931  17.842  -79.968  -2.088 0.4000000060
114141  18.684  -80.328  -2.046 0.4000000060
7317  19.255  -80.860  -1.469 0.4000000060
6713  19.944  -81.871  -0.037 0.4000000060
6699  19.722  -82.221  0.889 0.4000000060
6124  20.074  -82.917  1.495 0.4000000060
120630  19.618  -83.118  2.226 0.4000000060
5594  21.184  -84.174  0.883 0.4000000060
6123  20.653  -83.528  1.112 0.4000000060
6110  20.103  -83.777  2.079 0.4000000060
9245  16.880  -78.491  -3.395 0.5000000000
8570  18.368  -79.267  -3.283 0.5000000000
113274  18.174  -78.515  -4.605 0.6000000238
7944  18.737  -79.844  -2.702 0.5000000000
113905  20.100  -81.214  -1.697 0.4000000060
6729  20.701  -81.917  -1.669 0.4000000060
6150  21.091  -82.794  -1.215 0.4000000060
6149  21.708  -83.393  -1.605 0.4000000060
7950  19.802  -79.917  -3.735 0.4000000060
8601  19.114  -78.872  -5.076 0.5000000000
7942  20.230  -80.432  -3.510 0.4000000060
7330  20.444  -81.242  -2.351 0.4000000060
8583  20.273  -79.900  -4.975 0.5000000000
122821  20.627  -80.469  -4.803 0.4000000060
6751  20.680  -81.093  -3.184 0.4000000060
7339  21.239  -81.640  -3.688 0.4000000060
8600  19.715  -79.059  -5.974 0.6000000238
9298  18.649  -78.080  -6.216 0.6000000238
7962  20.717  -80.404  -5.525 0.5000000000
7375  21.327  -81.038  -6.157 0.4000000060
11564  18.403  -74.818  -7.904 0.5000000000
16857  13.581  -68.847  0.683 0.5000000000
126887  12.987  -67.854  1.361 0.5000000000
16818  11.047  -68.873  4.203 0.5000000000
17631  13.215  -68.563  1.363 0.5000000000
17613  11.916  -68.360  2.403 0.5000000000
17643  13.566  -67.741  0.699 0.5000000000
3632  21.625  -88.768  -0.526 0.5000000000
122210  20.660  -88.824  -1.270 0.5000000000
7897  18.452  -80.970  -0.664 0.4000000060
7304  19.293  -81.324  -0.372 0.4000000060
129389  20.676  -84.232  1.600 0.4000000060
7930  19.353  -80.416  -2.363 0.4000000060
7331  19.874  -80.803  -2.104 0.4000000060
6712  20.519  -82.299  -0.678 0.4000000060
128639  20.883  -82.978  -0.453 0.4000000060
8585  18.746  -79.060  -4.103 0.5000000000
125493  21.135  -81.869  -2.729 0.4000000060
122380  19.829  -79.383  -5.228 0.5000000000
8599  20.301  -79.732  -5.756 0.6000000238
7345  21.429  -81.599  -4.587 0.5000000000
8622  20.404  -79.528  -7.393 0.5000000000
113145  26.029  -78.102  -10.391 0.3000000119
9370  24.635  -78.603  -11.229 0.3000000119
10061  24.539  -78.157  -11.343 0.3000000119
10059  25.811  -77.795  -10.763 0.3000000119
9355  26.796  -77.911  -10.189 0.3000000119
113256  27.309  -78.161  -9.333 0.3000000119
9342  27.877  -78.068  -9.536 0.3000000119
8645  24.085  -79.595  -11.170 0.3000000119
8656  22.449  -79.728  -11.546 0.4000000060
9372  22.839  -78.954  -11.607 0.4000000060
8644  24.525  -79.308  -10.898 0.3000000119
10063  22.275  -78.207  -11.628 0.4000000060
10062  23.191  -78.190  -11.599 0.4000000060
12469  20.896  -74.739  -11.252 0.4000000060
11601  19.870  -75.135  -10.426 0.4000000060
9344  25.561  -78.422  -10.236 0.3000000119
10077  24.384  -77.420  -11.353 0.3000000119
121534  22.696  -75.778  -11.713 0.4000000060
10057  27.775  -76.841  -10.669 0.3000000119
11623  25.357  -76.291  -10.968 0.3000000119
8009  21.348  -80.407  -10.857 0.4000000060
8648  20.835  -79.662  -10.526 0.4000000060
8637  19.973  -78.567  -9.413 0.4000000060
10044  19.551  -77.835  -9.454 0.4000000060
8646  23.552  -80.219  -11.245 0.4000000060
8657  21.697  -79.740  -11.410 0.4000000060
8658  21.152  -79.050  -11.352 0.4000000060
9346  19.853  -78.214  -10.087 0.4000000060
113564  19.331  -76.794  -10.186 0.4000000060
8005  23.902  -80.207  -10.833 0.3000000119
117715  21.090  -78.418  -11.508 0.4000000060
10815  20.088  -77.002  -11.351 0.4000000060
10801  19.145  -75.764  -9.235 0.4000000060
9345  24.720  -78.935  -9.852 0.3000000119
10814  20.662  -76.583  -11.435 0.4000000060
111917  19.407  -76.005  -10.174 0.4000000060
9330  25.169  -78.417  -9.277 0.3000000119
11626  22.052  -75.389  -11.721 0.4000000060
12476  24.014  -75.360  -11.085 0.4000000060
7987  21.392  -80.908  -8.462 0.4000000060
8629  20.454  -79.544  -8.327 0.4000000060
7403  21.974  -81.884  -10.100 0.4000000060
7998  21.462  -81.077  -9.585 0.4000000060
7988  20.930  -80.263  -8.968 0.4000000060
8630  20.080  -78.853  -8.582 0.4000000060
116745  23.771  -81.320  -9.834 0.3000000119
7412  22.760  -81.627  -10.843 0.4000000060
9312  24.569  -78.892  -7.735 0.3000000119
9331  24.598  -78.856  -8.805 0.3000000119
10792  19.062  -76.516  -8.878 0.4000000060
9311  25.065  -78.376  -8.283 0.3000000119
119593  20.721  -80.049  -7.075 0.4000000060
7978  20.799  -80.199  -7.902 0.4000000060
12465  24.457  -75.055  -10.652 0.3000000119
12463  26.481  -74.833  -10.508 0.3000000119
12475  24.951  -75.504  -10.813 0.3000000119
10793  18.839  -76.552  -7.934 0.4000000060
9332  19.656  -78.182  -8.625 0.4000000060
9313  19.582  -78.474  -7.321 0.4000000060
7385  21.252  -80.754  -7.262 0.4000000060
9371  23.869  -78.729  -11.484 0.3000000119
126358  26.436  -77.370  -10.655 0.3000000119
9354  27.535  -77.831  -10.110 0.3000000119
8015  22.115  -80.439  -11.408 0.4000000060
10828  23.041  -76.554  -11.632 0.4000000060
117488  21.150  -77.262  -11.593 0.4000000060
10829  22.280  -76.520  -11.654 0.4000000060
119957  20.124  -76.264  -11.168 0.4000000060
10827  23.769  -76.526  -11.439 0.4000000060
8008  21.843  -80.932  -11.106 0.4000000060
8636  20.504  -79.451  -9.457 0.4000000060
8649  20.321  -78.850  -10.226 0.4000000060
7997  23.537  -81.152  -10.477 0.3000000119
9374  20.561  -78.337  -11.281 0.4000000060
7996  23.996  -80.429  -10.135 0.3000000119
6799  22.555  -82.452  -10.209 0.4000000060
7411  23.144  -81.822  -10.632 0.3000000119
128618  24.042  -80.611  -9.401 0.3000000119
1509  19.935  -92.813  -0.138 0.3000000119
1883  19.717  -92.486  -1.664 0.3000000119
1858  20.577  -92.491  0.172 0.3000000119
1510  19.326  -93.085  -0.367 0.3000000119
1869  20.552  -92.374  -0.844 0.3000000119
1882  20.441  -92.266  -1.654 0.3000000119
1848  20.955  -92.321  1.046 0.3000000119
1495  20.817  -93.135  1.986 0.3000000119
1503  20.049  -93.235  0.740 0.3000000119
2252  21.688  -91.558  0.844 0.3000000119
1868  21.143  -92.083  -0.665 0.3000000119
118379  21.051  -91.761  -2.365 0.3000000119
3163  21.409  -89.462  -3.279 0.3000000119
1472  21.683  -93.996  3.245 0.3000000119
1484  21.142  -93.795  2.694 0.3000000119
1835  21.457  -92.157  1.986 0.3000000119
1483  21.482  -93.157  2.759 0.3000000119
1496  20.287  -93.696  1.554 0.3000000119
2293  22.365  -91.560  -1.644 0.3000000119
2707  23.150  -90.689  -2.218 0.3000000119
131855  22.198  -90.277  -3.097 0.3000000119
113210  22.078  -91.672  2.389 0.3000000119
2283  21.936  -91.721  -0.903 0.3000000119
2251  22.783  -91.061  0.624 0.3000000119
2281  23.681  -91.196  -1.074 0.3000000119
2302  22.578  -91.247  -2.282 0.3000000119
2706  23.728  -90.854  -1.552 0.3000000119
3600  22.813  -87.818  1.200 0.4000000060
3630  23.961  -89.054  -0.600 0.4000000060
596  16.438  -96.122  2.565 0.3000000119
874  14.838  -95.934  2.032 0.3000000119
1497  19.712  -94.028  1.206 0.3000000119
1505  18.804  -93.681  0.170 0.3000000119
847  20.062  -95.966  3.850 0.3000000119
859  19.496  -95.844  3.264 0.3000000119
861  18.268  -96.027  2.899 0.3000000119
872  17.073  -96.050  2.053 0.3000000119
883  15.857  -95.891  0.989 0.3000000119
1153  22.144  -94.964  4.551 0.3000000119
1167  20.294  -95.165  2.913 0.3000000119
860  18.933  -95.848  2.844 0.3000000119
1186  17.644  -95.001  0.821 0.3000000119
882  16.860  -95.696  1.073 0.3000000119
1166  21.117  -94.575  3.075 0.3000000119
1177  19.973  -94.514  1.994 0.3000000119
129379  18.828  -94.854  1.463 0.3000000119
1185  18.260  -94.337  0.541 0.3000000119
1184  18.996  -94.299  0.938 0.3000000119
1881  21.359  -91.917  -1.504 0.3000000119
119324  21.917  -91.602  -2.153 0.3000000119
1159  21.662  -94.841  3.782 0.3000000119
2282  22.918  -91.470  -1.040 0.3000000119
115631  16.554  -95.954  3.086 0.3000000119
1511  18.138  -93.826  -0.025 0.3000000119
846  20.889  -95.443  3.767 0.3000000119
848  18.838  -95.996  3.464 0.3000000119
1168  19.445  -95.281  2.444 0.3000000119
1179  17.738  -95.600  1.581 0.3000000119
1194  17.543  -94.397  0.279 0.3000000119
2705  24.073  -90.370  -1.319 0.3000000119
118858  26.484  -85.502  -2.281 0.3000000119
5049  26.738  -85.480  -0.366 0.3000000119
5050  25.841  -85.049  0.007 0.3000000119
5037  24.431  -85.101  1.005 0.4000000060
5038  23.407  -85.106  1.058 0.4000000060
5023  22.769  -85.785  1.557 0.3000000119
111088  21.935  -86.131  1.885 0.3000000119
5059  25.464  -85.062  -1.928 0.3000000119
5625  24.695  -84.782  -1.238 0.4000000060
120485  23.968  -84.675  -0.975 0.4000000060
5627  22.705  -84.428  -1.334 0.4000000060
5593  21.676  -84.778  0.824 0.3000000119
6148  22.387  -83.956  -1.914 0.4000000060
5628  22.041  -84.001  -1.037 0.4000000060
6136  21.047  -83.508  0.147 0.3000000119
126940  21.403  -82.637  -2.100 0.3000000119
4145  29.702  -87.650  -1.223 0.3000000119
4599  28.498  -86.739  -1.523 0.3000000119
5034  27.207  -86.036  0.239 0.4000000060
5036  25.419  -85.264  0.863 0.4000000060
5021  24.906  -85.714  1.350 0.3000000119
116940  23.449  -86.390  1.690 0.3000000119
4116  23.127  -87.149  1.612 0.3000000119
119482  28.722  -86.492  -2.381 0.3000000119
123573  27.253  -85.825  -2.620 0.3000000119
5069  26.043  -85.534  -2.958 0.3000000119
5070  25.226  -85.226  -3.032 0.3000000119
5071  24.294  -84.957  -3.078 0.3000000119
5626  23.442  -84.635  -1.615 0.4000000060
5084  24.998  -85.399  -4.057 0.3000000119
5096  24.313  -85.215  -4.561 0.3000000119
5085  24.103  -85.027  -3.768 0.3000000119
111418  23.465  -84.594  -3.118 0.4000000060
5640  23.034  -84.448  -2.192 0.4000000060
5660  23.228  -84.165  -5.131 0.3000000119
111616  22.707  -83.652  -4.203 0.4000000060
6169  22.560  -83.592  -3.319 0.4000000060
127421  22.325  -82.580  -6.654 0.3000000119
6764  22.410  -82.966  -5.415 0.4000000060
6178  22.293  -82.879  -4.530 0.4000000060
127927  21.699  -82.547  -2.852 0.4000000060
123610  22.229  -82.328  -7.467 0.3000000119
7359  21.646  -81.681  -5.508 0.4000000060
7374  21.937  -81.884  -6.422 0.3000000119
121018  28.185  -86.567  3.942 0.3000000119
4092  29.183  -87.758  2.938 0.3000000119
3571  28.905  -88.503  3.417 0.3000000119
3113  29.363  -89.145  1.950 0.3000000119
4142  30.280  -87.495  -0.591 0.3000000119
4110  30.182  -87.541  0.734 0.3000000119
127710  29.687  -88.405  0.342 0.3000000119
3595  28.280  -88.894  1.039 0.3000000119
5055  30.126  -85.923  -2.199 0.3000000119
4591  30.442  -86.604  -0.900 0.3000000119
4131  30.005  -88.007  -0.612 0.3000000119
4132  28.891  -88.233  -0.209 0.3000000119
4133  28.245  -88.052  0.553 0.3000000119
128132  26.676  -86.748  1.179 0.3000000119
4114  25.617  -87.364  1.325 0.3000000119
4115  24.759  -87.590  1.180 0.3000000119
127509  24.779  -88.305  0.692 0.3000000119
115959  24.381  -88.658  0.134 0.3000000119
5065  29.483  -85.824  -2.747 0.3000000119
5669  23.479  -84.449  -6.134 0.3000000119
6177  22.689  -83.466  -5.010 0.3000000119
5683  23.147  -83.955  -6.897 0.3000000119
116972  22.573  -83.141  -6.319 0.3000000119
6783  22.612  -83.241  -8.305 0.3000000119
6790  22.258  -82.469  -8.665 0.3000000119
7384  21.811  -81.594  -7.990 0.3000000119
4546  27.679  -85.981  4.543 0.3000000119
4553  28.797  -86.426  3.226 0.3000000119
4559  29.427  -86.737  2.361 0.3000000119
3570  29.398  -88.538  2.557 0.3000000119
4566  30.171  -86.333  0.765 0.3000000119
4111  29.904  -88.100  1.339 0.3000000119
3629  24.664  -89.567  -0.461 0.3000000119
5006  28.307  -84.805  5.587 0.3000000119
119058  28.371  -85.606  3.912 0.3000000119
5014  28.993  -85.336  3.356 0.3000000119
5013  29.403  -85.568  2.648 0.3000000119
119714  29.855  -86.925  1.448 0.3000000119
121029  30.316  -85.877  0.325 0.3000000119
5552  29.048  -84.678  4.789 0.3000000119
5561  29.869  -84.678  3.990 0.3000000119
5570  30.193  -84.871  1.991 0.3000000119
126178  29.634  -85.816  1.884 0.3000000119
3615  23.426  -88.392  0.283 0.3000000119
4117  22.194  -87.248  1.758 0.3000000119
4570  22.513  -86.575  1.880 0.3000000119
5039  22.396  -85.078  0.927 0.3000000119
5612  21.721  -84.134  -0.038 0.4000000060
6758  21.749  -82.246  -4.120 0.4000000060
117846  22.379  -82.526  -9.640 0.3000000119
5056  27.977  -86.108  -2.275 0.3000000119
5058  26.158  -85.173  -1.098 0.3000000119
5048  27.633  -86.051  -0.893 0.3000000119
5609  24.537  -84.697  -0.454 0.4000000060
5591  23.903  -84.721  0.205 0.4000000060
5592  22.873  -84.748  0.255 0.4000000060
6161  22.753  -84.022  -2.772 0.4000000060
4603  29.733  -86.546  -2.243 0.3000000119
4592  28.946  -87.620  -0.918 0.3000000119
5035  26.739  -86.183  0.900 0.3000000119
4593  28.001  -86.774  -0.319 0.3000000119
5020  25.951  -86.009  1.264 0.4000000060
4569  24.374  -86.322  1.536 0.3000000119
4605  28.451  -86.129  -3.015 0.3000000119
124524  27.536  -85.880  -3.863 0.3000000119
5083  26.148  -85.746  -3.961 0.3000000119
5649  23.628  -84.701  -4.034 0.4000000060
6772  22.620  -83.234  -7.276 0.3000000119
3594  29.207  -89.013  1.064 0.3000000119
3611  29.079  -88.615  0.362 0.3000000119
4112  27.386  -87.739  1.019 0.3000000119
6204  23.067  -83.866  -7.854 0.3000000119
11593  11.221  -75.653  -10.146 0.4000000060
836  20.464  -95.828  4.571 0.3000000119
871  18.593  -95.491  2.061 0.3000000119
873  16.236  -96.116  1.743 0.3000000119
884  14.874  -95.859  1.074 0.3000000119
1178  19.284  -94.742  1.666 0.3000000119
1485  20.633  -94.150  2.351 0.3000000119
1504  19.466  -93.487  0.443 0.3000000119
1849  20.474  -92.959  1.134 0.3000000119
1870  19.868  -92.632  -1.000 0.3000000119
1893  20.124  -92.136  -2.260 0.3000000119
2237  22.140  -91.304  1.589 0.3000000119
2265  23.426  -91.216  -0.429 0.3000000119
2266  22.347  -91.452  -0.207 0.3000000119
2267  21.368  -91.886  0.018 0.3000000119
2292  23.161  -91.227  -1.681 0.3000000119
2698  24.200  -90.909  -0.981 0.3000000119
2717  22.457  -90.731  -2.805 0.3000000119
3136  25.119  -90.283  -0.167 0.3000000119
3143  24.506  -90.379  -0.737 0.3000000119
3144  24.236  -89.777  -0.991 0.3000000119
3145  23.607  -89.601  -1.337 0.3000000119
3161  22.690  -90.171  -2.696 0.5000000000
3582  29.127  -88.965  2.858 0.3000000119
3592  30.003  -88.244  0.740 0.3000000119
3593  29.733  -88.702  1.197 0.3000000119
3599  23.900  -87.855  1.068 0.4000000060
3601  21.845  -87.873  1.252 0.3000000119
3628  29.439  -88.154  -0.428 0.3000000119
3631  23.009  -88.820  -0.500 0.5000000000
3633  20.783  -88.594  -0.383 0.5000000000
3647  20.039  -88.648  -2.910 0.4000000060
4103  29.641  -87.902  2.086 0.3000000119
4120  19.540  -87.392  1.218 0.5000000000
4130  30.200  -87.935  0.075 0.3000000119
4135  20.149  -87.831  0.870 0.5000000000
4136  19.516  -87.813  0.552 0.5000000000
4144  30.178  -87.424  -1.262 0.3000000119
4146  19.248  -88.259  -2.196 0.4000000060
4147  18.720  -87.680  -0.807 0.5000000000
4151  19.375  -87.974  -4.051 0.4000000060
4567  26.017  -86.743  1.357 0.3000000119
4568  25.265  -86.465  1.416 0.4000000060
4571  21.635  -86.697  2.026 0.3000000119
4573  19.806  -86.763  1.853 0.5000000000
4581  30.390  -86.899  0.041 0.3000000119
4582  28.335  -87.529  0.015 0.3000000119
4583  27.502  -86.913  0.654 0.3000000119
4597  30.225  -86.684  -1.768 0.3000000119
4598  29.296  -87.018  -1.912 0.3000000119
4600  18.223  -87.069  -0.965 0.4000000060
4604  29.114  -86.355  -2.672 0.3000000119
5019  30.045  -85.493  1.306 0.3000000119
5022  23.905  -85.675  1.403 0.3000000119
5024  21.120  -85.951  2.096 0.4000000060
5026  18.405  -85.833  1.877 0.4000000060
5054  30.416  -85.810  -1.483 0.3000000119
5057  27.058  -85.643  -1.569 0.3000000119
5067  27.752  -85.943  -3.255 0.3000000119
5068  26.914  -85.821  -3.394 0.3000000119
5562  28.971  -84.835  3.958 0.3000000119
5566  29.825  -84.812  3.091 0.3000000119
5572  18.696  -84.344  2.623 0.4000000060
5576  20.311  -84.697  2.130 0.4000000060
5590  24.922  -84.796  0.269 0.4000000060
5608  25.272  -84.846  -0.709 0.3000000119
5610  23.156  -84.672  -0.675 0.4000000060
5611  22.411  -84.461  -0.461 0.4000000060
5639  24.370  -84.837  -2.061 0.4000000060
5650  23.007  -84.175  -3.619 0.4000000060
5659  23.722  -84.827  -4.860 0.3000000119
5694  23.581  -84.395  -7.640 0.3000000119
6135  21.401  -83.481  -0.727 0.4000000060
6162  22.116  -83.275  -2.572 0.4000000060
6170  22.155  -82.864  -3.544 0.4000000060
6188  22.896  -83.697  -5.817 0.3000000119
6214  23.140  -83.688  -8.835 0.3000000119
6671  19.007  -82.862  2.600 0.4000000060
6672  18.193  -82.583  2.826 0.4000000060
6673  16.748  -82.450  2.938 0.4000000060
6674  15.891  -82.450  2.756 0.4000000060
6682  19.408  -82.465  1.841 0.4000000060
6698  20.428  -82.733  0.350 0.4000000060
6750  21.588  -82.221  -3.382 0.4000000060
6765  21.956  -82.268  -4.992 0.4000000060
6773  22.142  -82.405  -5.868 0.3000000119
6789  22.722  -83.162  -9.270 0.3000000119
6809  23.124  -82.450  -10.322 0.3000000119
6810  22.784  -82.230  -10.480 0.4000000060
7266  17.882  -81.835  2.443 0.4000000060
7267  17.065  -81.820  2.569 0.4000000060
7277  17.359  -81.487  1.834 0.4000000060
7278  16.515  -81.572  2.037 0.4000000060
7279  15.657  -81.849  2.134 0.4000000060
7290  19.319  -81.681  0.430 0.4000000060
7293  16.735  -81.370  1.099 0.4000000060
7294  15.273  -81.585  1.359 0.5000000000
7303  19.991  -81.547  -0.987 0.4000000060
7307  15.589  -81.317  -0.061 0.5000000000
7319  15.267  -81.264  -0.894 0.6000000238
7320  14.436  -81.462  -1.123 0.6999999881
7321  13.579  -81.705  -1.460 0.6000000238
7334  13.581  -81.856  -2.541 0.5000000000
7340  14.532  -81.446  -3.815 0.6000000238
7346  20.816  -80.889  -4.155 0.4000000060
7347  14.721  -81.326  -5.235 0.5000000000
7360  21.116  -80.986  -5.111 0.4000000060
7361  14.709  -81.505  -6.073 0.5000000000
7362  14.488  -81.859  -5.559 0.5000000000
7394  21.840  -81.787  -9.122 0.3000000119
7402  23.494  -82.027  -10.200 0.3000000119
7413  22.266  -81.689  -10.698 0.4000000060
7912  18.211  -80.541  -1.463 0.4000000060
7915  15.538  -80.747  -2.029 0.6999999881
7929  20.058  -80.629  -2.742 0.4000000060
7932  16.726  -79.834  -1.826 0.6000000238
7943  19.571  -80.102  -3.078 0.4000000060
7949  20.262  -80.156  -4.251 0.5000000000
7970  20.765  -80.260  -6.370 0.4000000060
7971  15.042  -81.044  -6.657 0.5000000000
7986  24.173  -80.373  -8.509 0.3000000119
7999  21.100  -80.359  -10.055 0.4000000060
8006  23.225  -81.019  -11.058 0.4000000060
8007  22.479  -81.097  -11.183 0.4000000060
8014  22.889  -80.418  -11.427 0.4000000060
8558  17.959  -79.469  -2.669 0.5000000000
8569  19.152  -79.604  -3.546 0.5000000000
8571  17.495  -78.972  -2.968 0.5000000000
8584  19.632  -79.512  -4.402 0.5000000000
8614  20.340  -79.570  -6.557 0.6000000238
8615  19.939  -78.980  -6.895 0.5000000000
8616  14.774  -79.891  -5.621 0.5000000000
8623  20.086  -78.939  -7.729 0.4000000060
8625  14.783  -79.008  -6.642 0.6999999881
8628  24.288  -79.673  -9.375 0.3000000119
8631  15.631  -80.111  -8.331 0.5000000000
8634  24.865  -78.954  -10.592 0.3000000119
8635  24.386  -79.610  -10.392 0.3000000119
8647  21.181  -79.741  -11.136 0.4000000060
8654  24.188  -79.131  -11.316 0.3000000119
8655  23.444  -79.591  -11.457 0.4000000060
9244  17.865  -78.709  -3.723 0.5000000000
9246  15.891  -78.432  -3.305 0.6999999881
9263  14.852  -78.223  -4.278 0.6999999881
9277  19.038  -78.562  -5.856 0.6000000238
9279  17.595  -77.934  -4.970 0.6000000238
9297  19.313  -78.521  -6.543 0.4000000060
9315  15.564  -79.372  -8.246 0.6000000238
9334  15.010  -78.355  -7.915 0.6999999881
9347  16.037  -79.153  -9.755 0.6000000238
9353  28.344  -77.799  -9.918 0.3000000119
9356  25.217  -78.544  -10.729 0.3000000119
9357  24.680  -78.961  -11.100 0.3000000119
9358  20.671  -78.999  -10.949 0.4000000060
9359  20.109  -78.257  -10.746 0.4000000060
9368  25.914  -78.029  -10.588 0.3000000119
9369  25.216  -78.347  -10.937 0.3000000119
9373  21.815  -78.920  -11.559 0.4000000060
9848  17.735  -77.126  3.563 0.6000000238
9849  16.811  -77.150  3.645 0.8000000119
9852  13.999  -77.016  3.397 0.6000000238
9870  19.159  -77.320  2.601 0.8000000119
9872  17.276  -77.447  2.839 0.8000000119
9875  14.589  -77.411  2.766 0.6999999881
9877  12.646  -77.204  2.293 0.6000000238
9878  11.822  -77.010  1.946 0.6000000238
9894  19.664  -77.497  1.774 0.6999999881
9898  14.822  -77.598  1.215 0.6999999881
9899  13.147  -77.390  1.056 0.6999999881
9915  19.274  -77.586  0.973 0.6000000238
9918  16.520  -77.525  0.590 0.8000000119
9919  15.228  -77.508  0.541 0.6999999881
9921  13.759  -77.348  0.459 0.6999999881
9922  12.471  -77.177  0.615 0.6999999881
9923  11.529  -77.075  1.023 0.6999999881
9937  21.337  -77.108  -0.374 0.6000000238
9939  19.824  -77.459  0.160 0.6000000238
9940  18.545  -77.301  -0.549 0.6000000238
9943  15.515  -77.297  -0.062 0.6999999881
9944  14.278  -77.206  -0.094 0.6999999881
9946  12.761  -76.980  -0.137 0.6999999881
9959  21.586  -77.032  -1.234 0.6000000238
9961  19.936  -77.134  -1.033 0.6000000238
9962  19.054  -77.065  -1.142 0.6999999881
9976  21.393  -77.112  -2.128 0.6000000238
9986  22.653  -77.314  -3.397 0.6000000238
9995  22.719  -77.331  -4.152 0.6000000238
9997  16.660  -77.515  -4.495 0.6000000238
10008  17.953  -77.650  -5.733 0.6999999881
10011  15.249  -76.843  -5.172 0.6000000238
10012  14.604  -77.364  -5.369 0.6000000238
10021  17.525  -76.925  -5.898 0.6999999881
10028  19.391  -77.954  -7.806 0.4000000060
10029  18.875  -77.325  -7.489 0.6000000238
10049  27.306  -77.454  -10.457 0.3000000119
10050  26.595  -77.680  -10.462 0.3000000119
10051  19.566  -77.527  -10.379 0.4000000060
10058  27.092  -77.155  -10.667 0.3000000119
10060  25.131  -78.077  -11.087 0.3000000119
10064  21.419  -78.023  -11.616 0.4000000060
10065  20.636  -77.635  -11.503 0.4000000060
10066  19.977  -77.604  -11.163 0.4000000060
10067  15.470  -77.333  -11.197 0.5000000000
10078  23.517  -77.402  -11.554 0.4000000060
10079  22.681  -77.421  -11.633 0.4000000060
10080  21.848  -77.366  -11.619 0.4000000060
10588  19.575  -75.594  4.236 0.6000000238
10589  18.533  -76.030  4.461 0.5000000000
10590  17.649  -76.072  4.530 0.5000000000
10594  13.825  -76.089  4.350 0.6000000238
10595  13.125  -76.056  4.237 0.6999999881
10617  16.325  -76.639  4.188 0.5000000000
10618  15.315  -76.492  4.188 0.5000000000
10621  12.477  -76.300  3.793 0.6999999881
10623  10.914  -76.057  2.911 0.6000000238
10639  22.177  -76.124  2.535 0.6000000238
10640  20.446  -76.661  3.136 0.6000000238
10641  12.127  -76.747  3.039 0.6000000238
10642  11.375  -76.613  2.595 0.6000000238
10644  9.900  -75.749  2.212 0.6000000238
10654  22.886  -75.962  1.238 0.6000000238
10656  21.684  -76.680  2.081 0.6000000238
10657  10.425  -76.689  1.134 0.6999999881
10658  9.725  -76.055  1.595 0.6000000238
10671  23.047  -76.063  0.461 0.6000000238
10672  21.807  -76.732  1.200 0.6000000238
10674  10.952  -76.757  0.190 0.6999999881
10687  23.312  -76.103  -0.201 0.6000000238
10689  18.159  -76.889  -1.222 0.6999999881
10690  17.274  -76.933  -0.896 0.6999999881
10691  15.896  -76.931  -0.620 0.6000000238
10694  13.201  -76.750  -0.803 0.6999999881
10697  10.405  -76.427  -0.614 0.6000000238
10698  9.668  -76.193  -0.161 0.6000000238
10708  19.528  -76.752  -1.715 0.6999999881
10712  15.519  -76.459  -1.215 0.6000000238
10713  14.584  -76.434  -1.277 0.6000000238
10714  13.688  -76.409  -1.374 0.6000000238
10717  10.916  -76.339  -1.456 0.6000000238
10718  10.068  -76.233  -1.482 0.6000000238
10725  20.385  -76.901  -1.812 0.6000000238
10726  19.875  -76.447  -2.392 0.6999999881
10728  17.528  -75.704  -2.290 0.6999999881
10731  11.320  -76.087  -2.215 0.6999999881
10745  9.876  -76.197  -2.810 0.6000000238
10752  23.126  -77.094  -4.673 0.6000000238
10755  21.031  -76.512  -4.001 0.6999999881
10761  22.923  -76.981  -5.601 0.6000000238
10766  15.119  -76.191  -5.987 0.6000000238
10768  10.452  -76.400  -5.836 0.5000000000
10771  22.783  -76.668  -6.671 0.6000000238
10776  14.605  -76.369  -6.643 0.6999999881
10778  10.157  -76.254  -6.432 0.5000000000
10783  23.079  -76.236  -7.585 0.6000000238
10787  14.610  -76.426  -7.518 0.6999999881
10795  14.841  -76.091  -8.051 0.6999999881
10796  10.731  -76.241  -8.567 0.5000000000
10800  19.184  -76.462  -9.644 0.4000000060
10805  19.648  -76.766  -10.865 0.4000000060
10806  15.853  -76.176  -10.919 0.6000000238
10813  21.486  -76.467  -11.567 0.4000000060
10826  25.125  -77.143  -11.104 0.3000000119
11385  13.393  -75.533  4.406 0.6999999881
11406  11.259  -75.747  3.344 0.6000000238
11407  10.754  -75.446  2.968 0.6000000238
11415  23.228  -75.123  2.442 0.5000000000
11418  10.030  -75.107  2.450 0.6000000238
11425  23.381  -75.435  1.617 0.6000000238
11435  9.148  -75.539  1.096 0.6000000238
11445  9.131  -75.705  0.254 0.6000000238
11446  8.718  -75.164  -0.145 0.6000000238
11457  16.815  -76.030  -1.854 0.6000000238
11458  16.041  -75.952  -1.774 0.6000000238
11461  9.342  -75.814  -1.518 0.5000000000
11477  12.870  -75.483  -2.658 0.6999999881
11480  9.410  -75.758  -2.428 0.6000000238
11489  24.464  -75.635  -3.476 0.5000000000
11492  19.680  -75.455  -3.590 0.6999999881
11494  18.019  -75.026  -2.937 0.6999999881
11495  14.173  -75.076  -2.891 0.6000000238
11496  13.481  -75.036  -3.090 0.6000000238
11512  23.744  -76.509  -4.321 0.6000000238
11513  21.049  -75.637  -5.201 0.6999999881
11518  10.050  -76.131  -5.131 0.4000000060
11533  15.591  -75.724  -6.265 0.6000000238
11535  11.213  -76.354  -5.861 0.5000000000
11549  17.224  -75.201  -6.531 0.6999999881
11553  9.759  -75.835  -6.562 0.5000000000
11560  24.087  -75.480  -8.644 0.4000000060
11563  21.984  -75.781  -7.297 0.6000000238
11571  9.798  -75.674  -7.547 0.5000000000
11578  22.841  -75.196  -9.004 0.5000000000
11582  11.263  -75.960  -9.064 0.5000000000
11583  10.190  -76.078  -8.075 0.5000000000
11588  23.295  -74.990  -9.482 0.5000000000
11589  22.877  -74.688  -9.673 0.5000000000
11592  11.749  -75.389  -9.552 0.5000000000
11607  8.559  -75.848  -10.818 0.6000000238
11613  21.177  -75.529  -11.448 0.4000000060
11614  20.302  -75.368  -10.960 0.4000000060
11615  15.480  -75.701  -11.343 0.5000000000
11624  23.856  -75.706  -11.329 0.4000000060
11625  23.245  -75.624  -11.583 0.4000000060
12241  14.596  -74.916  4.305 0.5000000000
12242  13.716  -74.908  4.324 0.5000000000
12243  12.989  -75.013  4.284 0.6999999881
12259  15.004  -74.520  3.772 0.5000000000
12262  12.211  -74.870  3.892 0.6000000238
12263  11.328  -75.167  3.444 0.6000000238
12272  15.460  -74.313  2.799 0.5000000000
12289  12.960  -73.921  2.336 0.6000000238
12290  10.111  -74.295  2.319 0.6000000238
12292  8.865  -74.631  1.241 0.5000000000
12299  8.554  -74.477  0.363 0.6000000238
12304  8.458  -74.456  -0.469 0.5000000000
12313  8.495  -74.392  -1.312 0.5000000000
12329  14.694  -74.831  -2.978 0.6000000238
12351  15.864  -74.285  -3.314 0.6000000238
12352  15.029  -74.352  -3.363 0.6000000238
12355  12.618  -74.755  -4.134 0.6000000238
12366  25.223  -74.921  -4.835 0.4000000060
12368  19.756  -74.056  -4.398 0.6999999881
12369  19.000  -73.741  -4.033 0.6999999881
12371  13.842  -74.106  -3.972 0.6000000238
12383  20.206  -73.563  -4.994 0.6999999881
12393  20.985  -73.856  -6.327 0.6000000238
12402  25.929  -73.893  -7.160 0.4000000060
12408  15.961  -74.442  -7.314 0.6000000238
12418  25.032  -74.601  -8.539 0.5000000000
12420  21.834  -73.637  -8.855 0.6000000238
12437  19.907  -74.153  -10.067 0.5000000000
12439  12.260  -74.613  -9.964 0.6000000238
12451  21.551  -73.998  -11.102 0.5000000000
12453  20.395  -74.491  -10.695 0.4000000060
12454  15.827  -74.469  -10.983 0.6000000238
12464  25.444  -74.921  -10.512 0.3000000119
12466  23.048  -74.608  -11.428 0.5000000000
12467  22.490  -74.061  -11.792 0.5000000000
12468  21.375  -74.180  -11.431 0.5000000000
12470  15.618  -74.903  -11.290 0.5000000000
12471  14.919  -74.937  -11.587 0.5000000000
12474  25.970  -75.590  -10.759 0.3000000119
12477  23.266  -74.968  -11.596 0.4000000060
12478  22.363  -74.329  -11.910 0.5000000000
12479  21.621  -74.520  -11.622 0.5000000000
13079  11.914  -73.810  2.402 0.6000000238
13099  14.379  -74.028  1.013 0.4000000060
13100  13.469  -73.926  1.250 0.5000000000
13103  9.658  -73.816  1.704 0.6000000238
13104  9.113  -73.981  1.381 0.5000000000
13120  11.806  -73.288  0.267 0.5000000000
13121  10.008  -73.212  1.280 0.6000000238
13129  14.486  -73.228  -0.404 0.4000000060
13131  12.986  -73.279  -0.418 0.5000000000
13133  8.298  -73.598  -0.696 0.5000000000
13175  16.320  -73.555  -3.629 0.6000000238
13192  19.530  -73.179  -4.626 0.6999999881
13194  17.652  -72.758  -4.034 0.6999999881
13197  13.990  -73.428  -4.475 0.6999999881
13198  13.102  -73.490  -4.990 0.6999999881
13216  26.319  -73.442  -6.556 0.4000000060
13217  21.199  -73.586  -7.144 0.6000000238
13230  21.044  -73.051  -7.752 0.6000000238
13232  18.683  -72.619  -8.201 0.6000000238
13246  25.132  -74.278  -9.273 0.4000000060
13247  21.296  -73.238  -8.462 0.5000000000
13249  19.887  -72.965  -9.141 0.5000000000
13250  19.265  -72.866  -8.660 0.6999999881
13253  12.559  -73.356  -8.720 0.6000000238
13264  25.172  -74.221  -9.587 0.4000000060
13268  20.019  -73.485  -9.698 0.5000000000
13270  16.280  -73.046  -10.182 0.6999999881
13277  26.389  -74.147  -10.108 0.4000000060
13278  25.567  -74.120  -9.841 0.4000000060
13286  24.979  -74.550  -10.230 0.4000000060
13947  9.560  -72.797  0.582 0.5000000000
13949  8.448  -72.954  -0.094 0.5000000000
13958  14.761  -72.729  -0.864 0.4000000060
13959  14.605  -72.421  -1.435 0.6000000238
13962  10.024  -72.391  -0.150 0.5000000000
13963  9.011  -72.324  -0.128 0.5000000000
13975  13.669  -72.405  -1.953 0.5000000000
14013  17.996  -72.169  -4.626 0.6999999881
14015  16.321  -71.993  -4.296 0.6000000238
14023  19.441  -72.172  -5.937 0.6999999881
14035  20.151  -72.316  -7.071 0.6999999881
14036  19.681  -71.910  -6.874 0.6999999881
14043  20.340  -72.586  -7.728 0.6000000238
14047  13.025  -72.051  -7.684 0.6999999881
14048  12.757  -72.646  -8.132 0.6999999881
14056  12.801  -72.430  -9.068 0.5000000000
14062  16.612  -71.481  -10.005 0.6999999881
14065  13.314  -71.842  -9.728 0.6000000238
14624  14.837  -71.262  3.405 0.5000000000
14677  15.177  -72.287  0.064 0.5000000000
14679  14.780  -71.457  -1.048 0.5000000000
14702  14.041  -71.820  -2.504 0.5000000000
14704  11.414  -72.037  -1.933 0.5000000000
14706  9.155  -71.274  -1.337 0.5000000000
14716  13.080  -71.597  -2.922 0.5000000000
14718  10.703  -71.358  -1.953 0.5000000000
14743  16.345  -70.687  -5.704 0.6000000238
14749  16.801  -70.311  -6.846 0.6999999881
14752  13.842  -71.078  -6.634 0.6999999881
14757  17.732  -70.827  -7.286 0.6000000238
14760  14.205  -70.397  -7.511 0.6000000238
14767  16.139  -70.638  -9.454 0.6999999881
14768  15.254  -69.942  -9.098 0.6999999881
15325  12.567  -70.234  4.693 0.5000000000
15332  13.064  -70.456  3.917 0.4000000060
15350  13.504  -70.016  2.208 0.6000000238
15366  13.933  -70.591  1.161 0.6000000238
15425  12.451  -71.099  -3.333 0.6000000238
15438  14.200  -70.649  -3.600 0.6000000238
15440  11.854  -70.459  -3.714 0.6000000238
15451  12.247  -69.965  -4.292 0.6000000238
15469  15.397  -69.929  -7.150 0.6999999881
15476  15.415  -69.823  -8.008 0.6999999881
15477  14.604  -69.931  -8.368 0.6999999881
16033  13.230  -69.944  5.787 0.4000000060
16048  11.165  -69.045  4.879 0.5000000000
16059  11.972  -69.549  3.637 0.6000000238
16075  13.013  -69.226  2.110 0.5000000000
16117  13.853  -69.964  -0.585 0.6000000238
16130  14.218  -69.985  -1.703 0.6000000238
16160  10.131  -69.413  -3.703 0.5000000000
16176  13.739  -69.135  -4.747 0.6000000238
16177  11.940  -69.226  -4.765 0.6000000238
16735  9.787  -67.774  11.089 0.3000000119
16748  10.867  -67.790  10.172 0.3000000119
16750  9.659  -68.131  10.747 0.3000000119
16761  10.208  -68.024  10.201 0.3000000119
16762  9.491  -68.302  10.217 0.3000000119
16763  8.743  -68.472  10.281 0.3000000119
16792  13.611  -68.595  6.109 0.4000000060
16793  12.883  -69.285  5.877 0.4000000060
16794  12.000  -69.025  5.532 0.5000000000
16796  10.698  -67.956  5.023 0.6000000238
16806  10.780  -68.440  4.707 0.5000000000
16808  10.102  -67.720  3.923 0.6000000238
16819  10.413  -68.091  4.017 0.6000000238
16833  11.477  -68.896  3.287 0.5000000000
16846  12.639  -68.444  1.893 0.5000000000
16865  13.944  -69.067  -0.798 0.6000000238
16884  9.744  -68.225  -0.688 0.5000000000
16898  14.568  -67.403  -3.609 0.6000000238
16899  14.425  -68.531  -3.376 0.6000000238
16912  14.304  -68.920  -4.369 0.6000000238
16927  14.275  -68.017  -4.548 0.6000000238
16929  12.831  -68.633  -5.135 0.6000000238
17511  12.143  -67.207  10.111 0.3000000119
17512  11.540  -67.575  10.081 0.3000000119
17519  11.425  -67.675  9.388 0.3000000119
17522  8.261  -67.995  9.615 0.3000000119
17523  7.341  -67.796  9.756 0.3000000119
17532  10.563  -67.694  9.034 0.3000000119
17564  12.603  -67.833  5.391 0.4000000060
17566  11.246  -67.803  5.200 0.4000000060
17567  10.952  -67.365  4.983 0.6000000238
17585  10.317  -67.395  4.645 0.6000000238
17586  9.937  -67.388  4.174 0.6000000238
17601  9.908  -67.502  3.816 0.6000000238
17615  10.212  -67.715  3.354 0.6000000238
17616  9.573  -67.132  3.322 0.6000000238
17633  11.676  -67.085  1.819 0.6000000238
17644  12.986  -67.041  1.074 0.6000000238
17645  9.514  -68.289  0.400 0.5000000000
17665  14.258  -67.129  -2.115 0.6000000238
17679  14.566  -66.606  -3.047 0.6000000238
17682  8.314  -67.581  -2.464 0.5000000000
17693  14.472  -67.295  -4.246 0.6000000238
17694  14.258  -66.512  -4.204 0.6000000238
17696  9.400  -67.606  -3.291 0.5000000000
17709  14.029  -67.403  -4.739 0.6000000238
17710  13.170  -67.650  -5.129 0.6000000238
17712  10.619  -67.904  -4.256 0.5000000000
17714  8.730  -68.055  -3.585 0.5000000000
18308  8.800  -66.698  11.687 0.3000000119
18311  12.957  -66.365  10.194 0.3000000119
18312  12.310  -66.652  10.309 0.3000000119
18314  10.628  -67.019  10.921 0.3000000119
18317  14.083  -66.084  9.311 0.3000000119
18318  13.468  -66.394  9.714 0.3000000119
18320  6.839  -67.110  9.259 0.3000000119
18331  10.210  -67.013  8.461 0.3000000119
18335  6.477  -66.446  8.819 0.3000000119
18345  9.854  -66.109  7.879 0.4000000060
18381  13.862  -66.871  4.856 0.4000000060
18384  10.431  -66.833  4.649 0.6000000238
18396  13.303  -66.419  4.373 0.4000000060
18397  9.304  -66.886  3.923 0.6000000238
18410  8.887  -66.466  3.351 0.6000000238
18411  8.269  -65.930  3.374 0.6000000238
18427  11.330  -66.392  1.579 0.6000000238
18448  11.774  -65.556  0.868 0.6000000238
18450  8.786  -66.573  0.331 0.5000000000
18462  10.007  -66.539  -0.531 0.5000000000
18463  9.022  -65.822  -0.228 0.5000000000
18472  14.203  -65.470  -1.488 0.6000000238
18473  10.905  -66.173  -1.508 0.5000000000
18483  11.745  -66.049  -2.930 0.5000000000
18485  10.266  -67.200  -2.809 0.5000000000
18494  12.958  -66.234  -4.006 0.6000000238
18508  12.310  -67.114  -4.785 0.5000000000
19108  10.048  -66.487  11.199 0.3000000119
19117  14.305  -65.288  10.206 0.3000000119
19120  11.706  -66.219  10.521 0.3000000119
19125  14.059  -65.887  9.892 0.3000000119
19133  13.900  -66.122  8.672 0.3000000119
19135  8.884  -66.054  7.872 0.4000000060
19137  7.126  -66.036  8.240 0.4000000060
19148  13.299  -65.939  8.121 0.3000000119
19152  8.390  -65.353  7.626 0.4000000060
19153  7.541  -65.351  7.708 0.4000000060
19199  9.034  -65.719  4.411 0.4000000060
19200  8.576  -66.225  3.932 0.5000000000
19215  12.665  -65.888  4.046 0.4000000060
19219  8.021  -65.533  3.794 0.4000000060
19252  13.421  -65.371  -0.057 0.6000000238
19254  9.946  -64.589  0.311 0.6000000238
19256  8.165  -65.494  -0.061 0.5000000000
19264  13.807  -64.860  -0.875 0.6000000238
19276  10.975  -65.053  -1.312 0.6000000238
19282  12.835  -64.950  -2.673 0.5000000000
19288  12.494  -65.670  -3.280 0.5000000000
19918  15.135  -64.997  8.577 0.3000000119
19926  14.595  -64.923  7.937 0.3000000119
19928  12.218  -64.820  7.282 0.3000000119
19929  11.272  -64.842  7.320 0.3000000119
19930  10.399  -64.721  7.286 0.3000000119
19941  13.716  -63.887  6.653 0.3000000119
19944  10.861  -64.087  6.961 0.3000000119
19997  11.845  -64.887  3.389 0.4000000060
20016  14.288  -64.405  2.654 0.4000000060
20017  13.374  -64.501  2.723 0.4000000060
20019  11.533  -64.141  2.917 0.4000000060
20043  11.063  -64.200  -0.420 0.6000000238
20044  10.342  -64.348  -0.395 0.6000000238
20051  13.241  -64.197  -1.262 0.6000000238
20052  12.508  -63.792  -1.070 0.6000000238
20053  11.035  -63.796  -0.936 0.6000000238
20055  8.826  -64.512  -0.185 0.5000000000
20061  12.185  -64.504  -1.966 0.5000000000
20066  13.314  -64.378  -1.854 0.6000000238
20067  12.972  -64.432  -2.140 0.6000000238
20697  8.209  -64.096  7.128 0.3000000119
20713  10.537  -63.256  6.647 0.3000000119
20735  13.489  -63.362  5.797 0.3000000119
20777  13.725  -63.862  2.204 0.4000000060
21519  6.858  -61.679  6.416 0.4000000060
21536  12.602  -62.435  5.278 0.3000000119
21537  11.367  -61.893  5.774 0.3000000119
21574  16.723  -62.831  2.187 0.4000000060
22375  7.828  -61.001  6.007 0.4000000060
22390  11.072  -61.042  5.568 0.3000000119
22393  8.319  -60.672  5.516 0.3000000119
22405  14.555  -61.316  4.175 0.3000000119
22406  13.588  -61.271  4.183 0.4000000060
22429  17.683  -61.585  2.014 0.4000000060
22458  15.263  -61.067  0.493 0.4000000060
23296  10.774  -60.189  5.218 0.3000000119
23311  10.276  -60.316  4.429 0.3000000119
23320  11.062  -59.936  3.236 0.3000000119
23333  16.654  -59.564  0.972 0.4000000060
23360  16.024  -59.979  0.359 0.4000000060
23361  15.391  -60.210  0.245 0.4000000060
24241  15.228  -58.262  4.379 0.3000000119
24242  12.546  -58.790  3.762 0.3000000119
24243  11.700  -58.978  4.229 0.3000000119
24258  14.732  -58.581  3.530 0.3000000119
24277  16.641  -58.380  1.490 0.4000000060
24293  15.610  -58.219  0.406 0.4000000060
24296  12.821  -59.386  1.955 0.3000000119
24307  16.022  -59.061  0.477 0.4000000060
24309  14.858  -59.625  0.241 0.3000000119
25194  16.017  -57.562  5.574 0.3000000119
25195  15.655  -57.887  5.324 0.3000000119
25224  15.094  -58.031  2.778 0.4000000060
25226  12.991  -58.453  3.023 0.3000000119
25245  13.781  -58.295  2.213 0.3000000119
25255  15.965  -57.701  1.158 0.4000000060
25257  14.388  -58.274  1.412 0.3000000119
26111  16.385  -57.193  4.726 0.3000000119
26128  16.017  -57.250  4.183 0.3000000119
109259  9.755  -66.219  4.496 0.5000000000
109451  9.750  -64.626  -0.408 0.6000000238
109564  11.962  -75.501  -3.907 0.6000000238
110654  14.312  -69.396  -2.588 0.6000000238
110792  18.014  -77.481  0.089 0.6999999881
111122  14.922  -79.771  -3.866 0.6999999881
111147  15.877  -81.380  0.782 0.5000000000
111243  10.735  -75.827  -10.666 0.5000000000
111641  23.240  -84.306  -4.355 0.3000000119
111792  26.343  -85.579  0.595 0.4000000060
112344  12.201  -74.949  -9.155 0.5000000000
112513  10.704  -67.828  2.760 0.6000000238
112640  19.244  -77.106  -9.550 0.4000000060
112909  21.756  -81.475  -7.034 0.3000000119
113182  21.617  -81.146  -10.536 0.4000000060
113395  14.873  -81.077  -3.176 0.6000000238
113414  17.808  -95.952  2.330 0.3000000119
113700  15.998  -63.300  2.194 0.4000000060
114291  20.633  -88.225  0.460 0.5000000000
114304  15.573  -74.673  -7.914 0.6999999881
114518  18.475  -86.724  -3.921 0.5000000000
115467  23.638  -75.003  -11.065 0.5000000000
115527  22.846  -74.935  -11.932 0.5000000000
115591  30.421  -85.986  -0.202 0.3000000119
115661  22.105  -89.757  -2.990 0.3000000119
115690  20.790  -77.310  1.035 0.6000000238
115743  24.347  -79.414  -8.396 0.3000000119
115772  20.826  -74.747  3.808 0.6000000238
116136  16.378  -72.077  -10.227 0.6999999881
116185  11.714  -75.924  -5.203 0.4000000060
116499  11.875  -63.828  -1.242 0.6000000238
116947  15.981  -77.134  -9.983 0.6000000238
117398  14.444  -65.979  -2.300 0.6000000238
117419  13.081  -63.443  1.823 0.3000000119
117763  19.013  -76.485  4.016 0.6000000238
118210  13.126  -72.962  -5.583 0.6999999881
118242  14.542  -72.533  -4.758 0.6999999881
118451  19.781  -78.467  -7.994 0.4000000060
118498  24.313  -75.773  -2.928 0.5000000000
118877  12.305  -75.150  -11.245 0.5000000000
118913  17.524  -73.600  -7.659 0.6999999881
119295  28.036  -77.260  -10.411 0.3000000119
119736  18.350  -75.756  -7.460 0.6999999881
119785  13.985  -77.526  1.152 0.6999999881
120040  10.756  -67.903  9.706 0.3000000119
120063  13.887  -65.965  -4.032 0.5000000000
120065  13.909  -71.859  -10.240 0.5000000000
120514  14.366  -78.124  -5.941 0.6999999881
120716  22.167  -84.655  0.255 0.3000000119
120725  24.032  -87.025  1.462 0.3000000119
120946  9.937  -60.372  5.067 0.3000000119
121008  28.186  -85.052  4.685 0.3000000119
121074  14.864  -76.824  -8.237 0.6999999881
121429  20.499  -85.417  2.166 0.4000000060
121437  14.243  -70.141  -9.447 0.6999999881
121606  23.385  -75.657  0.911 0.6000000238
121794  10.709  -71.736  -1.585 0.5000000000
121807  16.069  -77.598  2.131 0.8000000119
121855  11.588  -64.661  0.100 0.6000000238
121967  13.426  -77.459  1.778 0.6999999881
121968  10.060  -67.397  -1.985 0.5000000000
122047  13.242  -60.326  4.162 0.4000000060
122483  16.207  -57.435  3.442 0.3000000119
122513  8.546  -66.553  8.304 0.4000000060
122566  14.168  -75.259  -11.577 0.5000000000
122598  24.511  -75.854  -11.072 0.3000000119
122626  17.641  -77.601  1.821 0.8000000119
122705  11.197  -73.629  1.933 0.6000000238
122804  24.515  -76.500  -11.199 0.4000000060
122849  14.678  -81.187  -4.461 0.6000000238
122857  12.622  -65.615  7.748 0.3000000119
122935  17.936  -93.434  -0.462 0.3000000119
123198  15.457  -96.096  1.623 0.3000000119
123410  10.028  -64.515  3.903 0.4000000060
123491  12.067  -65.486  3.807 0.4000000060
123561  23.939  -78.040  -11.510 0.4000000060
123567  23.881  -75.972  -7.897 0.6000000238
124495  19.846  -75.939  -10.764 0.4000000060
124519  30.273  -85.273  -1.828 0.3000000119
124595  20.591  -75.687  -11.236 0.4000000060
124901  18.362  -94.932  1.216 0.3000000119
125113  29.669  -88.565  1.830 0.3000000119
125264  9.131  -64.794  0.967 0.5000000000
125532  22.050  -73.946  -11.366 0.5000000000
125924  11.203  -68.302  2.793 0.6000000238
126184  29.878  -87.141  -1.743 0.3000000119
126303  19.372  -96.037  3.893 0.3000000119
126332  11.436  -70.840  -3.086 0.6000000238
126425  14.230  -72.053  -5.315 0.6999999881
126490  9.980  -68.322  -3.997 0.5000000000
126718  13.846  -82.374  -4.728 0.5000000000
127027  14.148  -65.294  -2.289 0.6000000238
127038  15.543  -79.151  -3.096 0.6999999881
127238  7.172  -64.708  7.439 0.3000000119
127244  23.696  -84.697  -2.410 0.4000000060
127508  15.070  -80.449  -6.377 0.5000000000
127690  25.686  -74.014  -8.706 0.4000000060
127692  18.802  -75.722  -8.333 0.4000000060
127940  11.492  -76.179  -6.538 0.5000000000
128082  20.864  -75.974  -4.582 0.6999999881
128200  16.555  -62.451  1.736 0.4000000060
128243  10.320  -67.463  10.899 0.3000000119
128264  23.611  -90.340  -1.773 0.5000000000
128380  22.793  -82.968  -9.833 0.3000000119
128526  15.153  -72.777  -10.640 0.5000000000
128695  13.727  -73.436  -0.267 0.6000000238
129372  19.893  -77.320  -0.449 0.6000000238
130530  12.898  -77.383  1.645 0.6999999881
130692  13.859  -70.537  0.367 0.5000000000
130765  11.884  -59.942  4.844 0.3000000119
130902  24.158  -76.098  -4.719 0.5000000000
131122  24.779  -86.921  1.416 0.3000000119
131437  11.463  -69.315  3.974 0.6000000238
131445  21.605  -80.298  -11.242 0.4000000060
131666  11.201  -59.253  4.516 0.3000000119
131717  15.860  -77.479  0.418 0.6999999881
131732  17.147  -81.276  0.469 0.4000000060
131827  21.893  -76.775  0.648 0.6000000238
131883  17.487  -93.923  -0.065 0.3000000119
