#!ascii label  , from subject sub-v1s0x0050660_ses-1 vox2ras=TkReg
1299
79279  -36.281  -4.334  48.668 0.0000000000
85405  -49.110  3.448  37.325 0.0000000000
80676  -43.315  -3.485  55.654 0.0000000000
80781  -46.086  -2.864  42.968 0.0000000000
75245  -43.974  -8.918  49.711 0.0000000000
84584  -45.631  2.809  45.091 0.0000000000
84542  -39.298  2.445  47.387 0.0000000000
89852  -41.080  9.944  41.436 0.0000000000
72741  -35.990  -12.615  54.643 0.0000000000
79305  -39.813  -4.114  45.463 0.0000000000
83022  -44.021  0.500  42.358 0.0000000000
82222  -40.705  -0.731  46.674 0.0000000000
84431  -45.476  2.025  57.584 0.0000000000
82956  -43.617  0.315  52.420 0.0000000000
85257  -39.709  3.346  52.867 0.0000000000
87452  -36.873  5.864  47.187 0.0000000000
89805  -41.356  8.824  48.141 0.0000000000
86811  -44.963  6.036  35.600 0.0000000000
78430  -35.043  -5.975  53.298 0.0000000000
80000  -39.179  -3.410  52.115 0.0000000000
80742  -50.580  -2.463  46.230 0.0000000000
77704  -44.624  -6.078  46.202 0.0000000000
124189  -38.987  -7.517  47.366 0.0000000000
73594  -37.194  -11.533  50.547 0.0000000000
86061  -47.727  6.014  40.859 0.0000000000
86761  -45.086  5.375  41.376 0.0000000000
119735  -44.244  -0.378  49.844 0.0000000000
84546  -44.334  3.276  47.970 0.0000000000
85355  -41.100  3.046  41.557 0.0000000000
84618  -36.765  3.217  41.882 0.0000000000
88294  -34.775  7.946  41.377 0.0000000000
80022  -38.330  -3.796  46.535 0.0000000000
80749  -39.675  -2.459  45.764 0.0000000000
80735  -38.254  -2.280  48.289 0.0000000000
85963  -45.063  4.858  55.152 0.0000000000
84489  -42.156  2.780  55.003 0.0000000000
86669  -42.846  5.725  53.639 0.0000000000
87427  -40.403  6.886  50.744 0.0000000000
86112  -48.005  5.193  36.737 0.0000000000
80692  -34.362  -3.122  53.344 0.0000000000
79236  -36.832  -4.936  54.500 0.0000000000
76820  -43.996  -7.789  47.982 0.0000000000
76844  -41.936  -7.232  46.710 0.0000000000
76047  -41.322  -8.677  48.277 0.0000000000
116959  -36.640  -12.494  52.185 0.0000000000
137087  -32.257  -9.606  50.326 0.0000000000
76788  -32.423  -7.473  52.058 0.0000000000
76001  -30.914  -8.315  51.882 0.0000000000
82280  -47.057  -0.483  41.312 0.0000000000
83777  -44.251  1.854  43.556 0.0000000000
84623  -45.237  2.353  41.808 0.0000000000
85345  -47.090  4.947  43.494 0.0000000000
87494  -47.078  6.952  42.141 0.0000000000
86017  -47.081  5.414  44.847 0.0000000000
114811  -41.371  -4.083  54.340 0.0000000000
80728  -41.330  -1.932  50.910 0.0000000000
81453  -43.687  -1.864  52.292 0.0000000000
114936  -41.049  1.042  50.278 0.0000000000
83726  -44.044  1.843  49.836 0.0000000000
84544  -41.783  2.708  47.345 0.0000000000
85304  -42.114  3.223  44.662 0.0000000000
129473  -40.590  2.580  44.148 0.0000000000
84621  -39.297  2.564  41.813 0.0000000000
84580  -38.278  2.438  44.866 0.0000000000
88279  -38.436  7.603  44.691 0.0000000000
87475  -36.523  6.481  44.188 0.0000000000
89057  -37.440  9.233  41.824 0.0000000000
89859  -35.400  10.678  40.457 0.0000000000
91267  -38.187  12.227  39.674 0.0000000000
80066  -43.119  -3.360  43.693 0.0000000000
81527  -44.488  -1.480  42.324 0.0000000000
80776  -41.785  -2.320  43.921 0.0000000000
82232  -42.096  -0.101  44.805 0.0000000000
82993  -42.626  0.618  46.573 0.0000000000
81412  -45.882  -1.838  56.816 0.0000000000
132608  -45.628  -0.877  53.699 0.0000000000
82919  -43.145  0.228  55.092 0.0000000000
83707  -40.476  1.224  52.797 0.0000000000
83713  -38.669  1.891  50.436 0.0000000000
84540  -37.387  2.617  47.640 0.0000000000
85978  -37.453  4.190  50.481 0.0000000000
88244  -38.881  7.417  48.067 0.0000000000
89037  -40.848  8.743  45.776 0.0000000000
86817  -42.341  6.427  34.816 0.0000000000
79271  -35.465  -5.021  50.964 0.0000000000
80003  -37.322  -3.374  50.538 0.0000000000
79261  -37.232  -5.326  52.834 0.0000000000
135077  -38.544  -5.486  54.883 0.0000000000
135584  -40.562  -4.863  56.558 0.0000000000
81410  -40.515  -2.000  56.366 0.0000000000
80658  -42.969  -3.462  58.163 0.0000000000
133075  -47.796  -3.005  44.126 0.0000000000
122181  -47.525  -4.533  45.912 0.0000000000
122568  -45.160  -4.522  44.523 0.0000000000
78500  -42.515  -5.571  45.278 0.0000000000
78484  -39.788  -5.855  46.124 0.0000000000
74379  -43.256  -10.226  51.852 0.0000000000
72757  -39.334  -12.065  53.729 0.0000000000
73566  -40.133  -11.429  52.428 0.0000000000
74406  -40.842  -10.001  49.968 0.0000000000
74414  -38.422  -9.995  48.949 0.0000000000
77654  -34.894  -6.138  49.013 0.0000000000
86080  -51.161  4.268  38.742 0.0000000000
83794  -46.088  1.189  40.880 0.0000000000
85381  -48.598  4.248  39.758 0.0000000000
87524  -49.918  6.767  38.622 0.0000000000
89083  -48.065  9.061  38.288 0.0000000000
87522  -45.418  7.705  38.378 0.0000000000
86791  -42.820  5.974  37.673 0.0000000000
81462  -39.702  -1.771  49.816 0.0000000000
116057  -41.989  -0.711  48.900 0.0000000000
83740  -44.725  1.353  47.470 0.0000000000
82964  -45.452  0.322  51.591 0.0000000000
83734  -46.205  2.170  49.153 0.0000000000
85299  -46.475  3.546  47.313 0.0000000000
86015  -44.881  4.490  44.460 0.0000000000
86046  -42.779  4.156  41.002 0.0000000000
86074  -41.748  4.693  38.815 0.0000000000
86014  -36.313  3.765  44.976 0.0000000000
86034  -35.461  4.763  42.825 0.0000000000
87493  -34.070  7.233  39.863 0.0000000000
88300  -33.460  7.923  40.506 0.0000000000
128466  -32.725  8.394  42.390 0.0000000000
80015  -37.028  -3.992  47.638 0.0000000000
80737  -37.774  -3.136  47.539 0.0000000000
80007  -37.234  -3.228  48.665 0.0000000000
86663  -43.621  5.381  54.262 0.0000000000
87415  -42.795  6.688  52.640 0.0000000000
129734  -48.848  4.815  37.057 0.0000000000
76049  -44.003  -8.185  48.578 0.0000000000
76064  -42.741  -8.281  47.999 0.0000000000
76048  -42.665  -8.780  48.845 0.0000000000
74375  -31.309  -10.625  51.097 0.0000000000
76014  -31.519  -8.799  51.377 0.0000000000
80795  -46.708  -2.375  42.687 0.0000000000
81529  -46.178  -1.749  42.094 0.0000000000
83769  -44.328  1.890  44.595 0.0000000000
84599  -45.526  3.215  43.103 0.0000000000
84585  -45.867  3.378  44.292 0.0000000000
85333  -47.297  5.091  44.339 0.0000000000
84572  -46.659  3.854  45.612 0.0000000000
79977  -42.191  -3.431  54.106 0.0000000000
80695  -42.513  -2.742  53.207 0.0000000000
80696  -43.432  -2.682  53.876 0.0000000000
83730  -40.059  1.953  48.864 0.0000000000
83731  -41.096  2.007  48.839 0.0000000000
137376  -40.475  2.516  47.097 0.0000000000
114025  -41.171  2.721  45.850 0.0000000000
84568  -39.589  2.484  45.800 0.0000000000
84581  -39.214  2.440  44.942 0.0000000000
84567  -38.648  2.464  45.644 0.0000000000
124785  -39.443  8.649  43.199 0.0000000000
89050  -38.704  8.326  43.322 0.0000000000
89851  -39.923  9.724  41.436 0.0000000000
133232  -38.325  11.263  40.068 0.0000000000
90617  -40.314  11.623  40.007 0.0000000000
126339  -41.625  -3.660  44.381 0.0000000000
80065  -42.401  -2.812  43.679 0.0000000000
80050  -41.117  -3.311  44.497 0.0000000000
119323  -40.278  -1.273  46.284 0.0000000000
81493  -41.012  -1.327  45.034 0.0000000000
82223  -41.246  -0.417  46.237 0.0000000000
125367  -42.081  0.169  45.504 0.0000000000
82214  -41.477  -0.223  47.065 0.0000000000
82905  -45.393  0.204  57.602 0.0000000000
82146  -45.020  -0.496  56.450 0.0000000000
83671  -43.720  0.997  56.388 0.0000000000
85253  -40.920  3.225  53.916 0.0000000000
83686  -41.162  1.624  54.024 0.0000000000
84496  -39.792  2.465  52.895 0.0000000000
83710  -39.586  1.415  51.579 0.0000000000
84502  -38.800  2.679  51.852 0.0000000000
84505  -37.809  2.864  50.896 0.0000000000
85976  -38.554  4.118  51.721 0.0000000000
88220  -40.827  7.511  50.314 0.0000000000
87437  -39.227  6.881  49.716 0.0000000000
88246  -40.178  7.992  48.732 0.0000000000
89029  -39.632  8.099  46.741 0.0000000000
89024  -40.846  8.692  47.383 0.0000000000
86819  -43.932  6.596  34.962 0.0000000000
78453  -35.865  -5.961  52.516 0.0000000000
79260  -36.595  -5.609  52.679 0.0000000000
78444  -36.219  -6.045  53.310 0.0000000000
79962  -37.341  -3.914  54.730 0.0000000000
79237  -37.679  -5.181  54.864 0.0000000000
79951  -38.924  -4.877  55.649 0.0000000000
128951  -39.803  -5.257  55.796 0.0000000000
79952  -39.509  -4.436  56.064 0.0000000000
82154  -40.325  -0.210  55.946 0.0000000000
81411  -41.322  -2.272  57.010 0.0000000000
126068  -42.730  -1.576  58.111 0.0000000000
81398  -44.141  -2.058  59.122 0.0000000000
82899  -43.319  0.251  58.790 0.0000000000
80784  -49.492  -1.864  44.219 0.0000000000
80751  -49.216  -2.753  45.190 0.0000000000
79293  -47.278  -5.096  46.421 0.0000000000
78504  -45.967  -5.329  45.773 0.0000000000
114165  -46.205  -4.789  45.325 0.0000000000
78503  -45.104  -5.486  45.646 0.0000000000
78518  -43.841  -5.111  44.845 0.0000000000
77703  -43.728  -6.116  45.893 0.0000000000
76832  -40.583  -7.663  47.250 0.0000000000
77684  -40.546  -6.430  46.272 0.0000000000
77673  -39.371  -6.953  46.930 0.0000000000
132190  -37.692  -12.496  54.122 0.0000000000
73565  -38.599  -11.862  52.213 0.0000000000
73579  -39.075  -11.174  50.909 0.0000000000
74377  -40.830  -10.625  51.255 0.0000000000
74390  -39.709  -10.654  50.494 0.0000000000
74404  -39.103  -10.116  49.296 0.0000000000
120045  -38.380  -10.481  49.562 0.0000000000
77647  -34.182  -6.572  50.431 0.0000000000
77652  -33.814  -7.098  50.031 0.0000000000
119490  -51.442  3.326  39.389 0.0000000000
127605  -44.271  -0.831  42.223 0.0000000000
82278  -45.178  -0.230  41.600 0.0000000000
83035  -44.687  0.712  41.746 0.0000000000
85371  -46.885  4.856  41.303 0.0000000000
115182  -46.955  3.709  40.519 0.0000000000
86076  -48.175  5.223  40.090 0.0000000000
117478  -49.505  5.915  39.490 0.0000000000
86778  -49.005  6.765  39.745 0.0000000000
88318  -49.312  7.517  38.324 0.0000000000
87504  -48.366  7.761  40.395 0.0000000000
86762  -45.937  6.294  41.328 0.0000000000
87511  -45.924  7.321  39.758 0.0000000000
86776  -45.481  6.361  40.192 0.0000000000
87521  -44.387  7.190  37.724 0.0000000000
86775  -44.561  5.743  39.623 0.0000000000
79999  -38.348  -3.591  51.853 0.0000000000
80725  -38.651  -2.535  50.380 0.0000000000
80726  -39.572  -2.297  50.604 0.0000000000
81469  -42.316  -1.425  50.454 0.0000000000
125516  -42.165  -1.044  49.653 0.0000000000
82204  -42.980  -0.604  49.331 0.0000000000
82976  -43.297  0.173  48.178 0.0000000000
82977  -44.428  0.440  48.688 0.0000000000
82194  -45.189  0.015  53.112 0.0000000000
82195  -45.810  -0.085  52.706 0.0000000000
82962  -44.490  0.577  51.755 0.0000000000
84527  -43.674  2.806  48.419 0.0000000000
83727  -44.919  1.934  49.871 0.0000000000
84529  -46.070  3.014  48.818 0.0000000000
84530  -46.392  2.799  48.655 0.0000000000
85289  -46.077  3.579  47.733 0.0000000000
86005  -46.457  4.526  45.993 0.0000000000
85306  -44.463  3.946  45.854 0.0000000000
84597  -41.698  3.144  43.070 0.0000000000
85330  -42.600  3.524  43.229 0.0000000000
85356  -41.976  3.537  41.504 0.0000000000
86057  -42.307  4.359  39.905 0.0000000000
85369  -41.129  3.588  40.336 0.0000000000
86072  -39.948  4.432  39.015 0.0000000000
85368  -40.418  3.437  40.367 0.0000000000
84619  -37.462  2.906  41.836 0.0000000000
85366  -38.177  3.777  40.344 0.0000000000
85286  -36.577  3.424  47.406 0.0000000000
113494  -36.833  2.800  46.255 0.0000000000
113495  -36.421  4.501  46.207 0.0000000000
88285  -36.411  7.525  43.110 0.0000000000
86732  -35.543  5.331  43.277 0.0000000000
87487  -34.759  6.926  41.727 0.0000000000
86741  -34.529  6.869  40.666 0.0000000000
88293  -34.267  7.707  40.223 0.0000000000
125315  -33.876  7.448  39.932 0.0000000000
88302  -34.145  8.584  40.166 0.0000000000
90596  -34.761  10.621  40.884 0.0000000000
89849  -34.060  10.005  41.057 0.0000000000
89842  -33.825  9.819  42.324 0.0000000000
89047  -32.704  8.345  43.490 0.0000000000
79304  -39.092  -3.761  45.964 0.0000000000
80037  -39.715  -3.261  45.509 0.0000000000
80023  -38.736  -3.079  46.429 0.0000000000
80740  -38.608  -2.434  46.966 0.0000000000
81476  -39.336  -1.514  47.764 0.0000000000
84470  -43.597  2.581  56.150 0.0000000000
85953  -43.506  4.044  55.248 0.0000000000
85960  -42.120  4.237  54.314 0.0000000000
85965  -40.975  5.070  53.132 0.0000000000
86676  -40.258  5.151  52.502 0.0000000000
87414  -41.117  6.233  52.163 0.0000000000
88209  -42.038  7.452  51.349 0.0000000000
123735  -46.961  6.158  36.495 0.0000000000
79244  -34.892  -4.962  53.548 0.0000000000
79245  -35.702  -5.485  53.774 0.0000000000
79972  -35.664  -3.654  53.847 0.0000000000
77688  -44.534  -6.661  46.847 0.0000000000
77687  -43.274  -6.639  46.300 0.0000000000
76835  -43.388  -7.644  47.499 0.0000000000
76063  -41.808  -8.244  47.776 0.0000000000
76061  -40.153  -8.203  47.686 0.0000000000
121898  -36.018  -12.729  53.757 0.0000000000
72781  -35.383  -12.518  51.548 0.0000000000
76030  -32.930  -8.944  49.700 0.0000000000
76804  -32.794  -8.128  50.714 0.0000000000
76015  -32.233  -8.482  51.082 0.0000000000
76787  -31.611  -7.506  52.170 0.0000000000
83784  -43.883  1.214  42.923 0.0000000000
83792  -44.669  1.688  41.990 0.0000000000
84611  -44.903  2.426  42.487 0.0000000000
85344  -46.128  3.889  42.694 0.0000000000
86049  -47.485  5.943  42.696 0.0000000000
86754  -47.546  7.026  41.810 0.0000000000
86038  -47.352  5.685  43.480 0.0000000000
86743  -47.055  6.109  43.768 0.0000000000
86037  -46.148  5.563  43.634 0.0000000000
79994  -40.358  -3.620  53.002 0.0000000000
80711  -40.389  -3.000  52.184 0.0000000000
80712  -41.090  -2.871  52.400 0.0000000000
80722  -42.669  -2.122  51.946 0.0000000000
81465  -44.501  -1.034  51.404 0.0000000000
82966  -41.654  0.686  51.082 0.0000000000
82968  -43.955  1.008  51.002 0.0000000000
83724  -41.845  1.566  49.601 0.0000000000
137044  -43.090  2.404  48.781 0.0000000000
84545  -43.139  3.044  47.682 0.0000000000
123391  -43.700  3.590  46.239 0.0000000000
85295  -41.990  3.095  45.604 0.0000000000
84583  -41.452  2.889  43.998 0.0000000000
84596  -40.876  2.688  43.298 0.0000000000
84622  -40.256  2.620  41.906 0.0000000000
84608  -39.694  2.453  42.634 0.0000000000
84594  -38.364  2.436  43.361 0.0000000000
84593  -37.480  2.546  43.384 0.0000000000
87462  -37.814  6.927  46.433 0.0000000000
87469  -36.717  6.094  45.397 0.0000000000
88278  -37.674  7.318  44.326 0.0000000000
88286  -37.492  7.781  43.451 0.0000000000
118697  -36.252  9.080  41.646 0.0000000000
89056  -35.018  9.042  40.997 0.0000000000
89070  -36.757  10.022  40.951 0.0000000000
91271  -36.572  12.013  39.740 0.0000000000
90598  -35.929  11.460  41.451 0.0000000000
80067  -44.540  -3.446  43.436 0.0000000000
80793  -44.808  -2.250  42.545 0.0000000000
80778  -43.275  -2.526  43.216 0.0000000000
81512  -43.181  -1.545  42.983 0.0000000000
82248  -42.612  -0.931  43.425 0.0000000000
81499  -40.733  -2.163  44.791 0.0000000000
82238  -41.659  -0.954  44.424 0.0000000000
83014  -42.769  -0.041  43.570 0.0000000000
83007  -42.607  0.366  44.336 0.0000000000
136208  -43.162  1.171  45.338 0.0000000000
83760  -43.994  1.592  45.548 0.0000000000
115547  -45.087  -2.646  56.203 0.0000000000
137443  -44.974  -2.208  54.716 0.0000000000
81428  -45.561  -1.263  55.069 0.0000000000
82165  -44.291  -0.508  54.785 0.0000000000
133169  -43.128  -0.159  54.253 0.0000000000
83688  -42.342  1.163  55.056 0.0000000000
82929  -41.447  0.921  53.840 0.0000000000
120947  -41.637  0.385  52.798 0.0000000000
83715  -40.363  0.876  51.057 0.0000000000
83714  -39.498  1.418  50.719 0.0000000000
84515  -39.105  2.107  48.909 0.0000000000
84541  -38.241  2.468  47.262 0.0000000000
84514  -38.130  2.317  48.940 0.0000000000
85271  -36.657  3.637  49.188 0.0000000000
86692  -37.118  5.494  48.867 0.0000000000
86687  -39.177  5.991  50.983 0.0000000000
87436  -38.456  6.476  49.477 0.0000000000
87453  -37.459  6.375  47.613 0.0000000000
88262  -39.025  7.702  46.869 0.0000000000
114019  -39.933  8.442  44.609 0.0000000000
89044  -40.878  8.922  44.042 0.0000000000
79274  -35.541  -4.809  49.993 0.0000000000
80002  -36.641  -3.740  50.059 0.0000000000
79997  -36.747  -4.056  51.111 0.0000000000
79998  -37.521  -3.807  51.520 0.0000000000
79992  -38.661  -4.187  52.712 0.0000000000
78425  -37.130  -5.554  54.387 0.0000000000
79246  -38.185  -5.455  54.249 0.0000000000
79263  -38.906  -4.843  53.584 0.0000000000
79248  -39.903  -5.206  54.982 0.0000000000
79964  -40.823  -4.776  55.110 0.0000000000
79953  -41.823  -4.547  56.559 0.0000000000
127731  -39.839  -2.381  55.973 0.0000000000
80667  -40.548  -3.134  56.611 0.0000000000
79938  -42.378  -3.905  57.589 0.0000000000
79948  -43.365  -3.765  57.775 0.0000000000
134706  -44.995  -2.841  58.194 0.0000000000
81400  -45.576  -1.688  58.828 0.0000000000
83655  -46.205  0.857  58.779 0.0000000000
80783  -48.496  -2.153  43.519 0.0000000000
128204  -46.646  -2.920  43.284 0.0000000000
79294  -49.033  -4.174  47.007 0.0000000000
80039  -48.812  -3.438  45.630 0.0000000000
79330  -47.874  -3.910  45.340 0.0000000000
80055  -46.468  -3.849  44.303 0.0000000000
80068  -45.261  -3.608  43.576 0.0000000000
79339  -43.868  -3.918  43.841 0.0000000000
79325  -42.657  -4.408  44.446 0.0000000000
79307  -41.359  -4.756  44.948 0.0000000000
77701  -42.019  -6.158  45.676 0.0000000000
77700  -41.163  -5.997  45.725 0.0000000000
78497  -39.954  -5.057  45.632 0.0000000000
78482  -38.353  -5.308  46.508 0.0000000000
73540  -40.949  -11.579  53.869 0.0000000000
118804  -37.480  -12.453  53.371 0.0000000000
73551  -39.741  -11.738  53.073 0.0000000000
73553  -41.432  -11.296  53.323 0.0000000000
137455  -41.904  -10.621  51.990 0.0000000000
74393  -42.055  -10.037  50.855 0.0000000000
75229  -42.569  -9.592  50.275 0.0000000000
75242  -41.284  -9.504  49.420 0.0000000000
75253  -40.059  -9.274  48.648 0.0000000000
134906  -39.007  -8.702  47.953 0.0000000000
79278  -35.753  -4.856  49.053 0.0000000000
78461  -35.020  -5.420  50.416 0.0000000000
78451  -34.767  -6.316  51.664 0.0000000000
77635  -34.661  -6.428  52.307 0.0000000000
137056  -34.344  -6.023  53.068 0.0000000000
84669  -51.193  2.638  37.948 0.0000000000
85408  -51.134  3.309  37.989 0.0000000000
135884  -50.711  4.597  37.880 0.0000000000
81540  -45.685  -1.030  41.756 0.0000000000
83037  -46.551  0.296  40.986 0.0000000000
83807  -45.904  2.318  41.111 0.0000000000
84630  -47.577  2.878  40.127 0.0000000000
85372  -48.605  3.210  39.962 0.0000000000
85382  -50.034  4.282  39.686 0.0000000000
86780  -50.585  5.278  38.997 0.0000000000
86100  -49.677  4.983  37.298 0.0000000000
115761  -49.022  6.509  37.290 0.0000000000
131647  -47.674  7.842  37.073 0.0000000000
88331  -46.434  8.150  36.409 0.0000000000
88304  -47.369  8.548  40.396 0.0000000000
89081  -46.671  9.162  38.078 0.0000000000
124354  -44.889  8.676  35.984 0.0000000000
88322  -43.607  8.176  35.500 0.0000000000
87530  -42.988  7.535  35.971 0.0000000000
86800  -41.765  6.370  35.836 0.0000000000
80730  -37.824  -2.585  49.017 0.0000000000
124924  -38.462  -2.110  48.885 0.0000000000
81477  -40.102  -1.111  48.025 0.0000000000
81463  -40.428  -1.812  50.330 0.0000000000
82203  -41.217  -1.064  49.136 0.0000000000
82209  -41.605  -0.475  48.100 0.0000000000
82215  -42.318  -0.009  47.705 0.0000000000
82994  -43.524  0.995  46.955 0.0000000000
83761  -45.273  2.207  46.328 0.0000000000
81438  -45.404  -1.362  53.610 0.0000000000
81459  -44.785  -1.204  52.055 0.0000000000
82201  -45.461  0.173  51.175 0.0000000000
82969  -45.165  0.875  51.156 0.0000000000
82970  -45.499  0.773  50.697 0.0000000000
82973  -45.736  0.935  49.948 0.0000000000
83733  -46.126  1.834  48.759 0.0000000000
83754  -46.462  2.686  47.761 0.0000000000
84571  -46.334  3.131  46.306 0.0000000000
86006  -46.914  4.522  45.826 0.0000000000
86036  -45.140  4.866  43.100 0.0000000000
122596  -43.926  4.000  44.068 0.0000000000
86035  -43.999  4.310  42.734 0.0000000000
86059  -43.952  4.630  41.105 0.0000000000
86058  -43.280  4.667  40.148 0.0000000000
86774  -42.303  5.309  38.234 0.0000000000
85378  -39.010  3.781  40.063 0.0000000000
131567  -38.023  2.477  46.249 0.0000000000
84579  -37.317  2.483  44.876 0.0000000000
85329  -36.331  3.258  43.889 0.0000000000
86726  -36.417  5.378  44.815 0.0000000000
86024  -35.847  4.528  43.693 0.0000000000
85339  -35.705  4.073  42.373 0.0000000000
113999  -35.178  5.130  41.854 0.0000000000
86759  -34.974  6.300  39.675 0.0000000000
87508  -34.541  6.268  39.436 0.0000000000
138278  -34.089  9.330  40.251 0.0000000000
89065  -32.946  8.216  41.349 0.0000000000
125511  -42.132  10.601  41.945 0.0000000000
90600  -41.161  11.354  41.230 0.0000000000
90589  -39.344  11.547  41.970 0.0000000000
90588  -37.491  11.074  42.997 0.0000000000
90574  -35.968  10.420  43.847 0.0000000000
80009  -36.772  -3.817  48.275 0.0000000000
80010  -37.310  -3.429  47.870 0.0000000000
124625  -49.241  4.157  37.233 0.0000000000
76034  -44.860  -8.651  49.667 0.0000000000
76050  -44.797  -8.151  48.940 0.0000000000
114162  -44.228  -8.497  49.196 0.0000000000
76033  -43.541  -8.637  49.084 0.0000000000
75244  -43.096  -9.142  49.626 0.0000000000
74374  -30.602  -10.782  51.609 0.0000000000
81530  -47.086  -1.697  42.138 0.0000000000
80794  -45.725  -2.362  42.525 0.0000000000
85320  -46.952  4.498  44.924 0.0000000000
79966  -42.812  -3.454  54.877 0.0000000000
80686  -43.932  -2.792  54.725 0.0000000000
84524  -39.647  2.330  48.170 0.0000000000
84525  -40.541  2.332  48.175 0.0000000000
120739  -40.139  2.448  47.508 0.0000000000
84555  -39.981  2.493  46.704 0.0000000000
84554  -38.965  2.474  46.516 0.0000000000
89059  -40.192  9.206  42.443 0.0000000000
89863  -40.720  10.662  40.538 0.0000000000
79323  -41.122  -4.032  44.663 0.0000000000
80038  -40.428  -3.550  44.962 0.0000000000
81483  -39.977  -1.232  47.079 0.0000000000
82230  -40.794  -0.953  45.842 0.0000000000
83662  -44.701  0.831  57.152 0.0000000000
82912  -44.863  -0.022  57.037 0.0000000000
133985  -40.353  3.586  53.374 0.0000000000
84497  -40.252  2.789  53.373 0.0000000000
84503  -39.302  2.598  52.383 0.0000000000
85263  -38.986  3.440  52.190 0.0000000000
126381  -39.432  4.096  52.493 0.0000000000
89017  -41.013  8.446  49.014 0.0000000000
88235  -40.489  7.809  49.533 0.0000000000
123952  -40.537  8.421  48.143 0.0000000000
86109  -45.138  4.840  36.096 0.0000000000
86810  -44.118  5.285  35.512 0.0000000000
87539  -44.733  7.345  35.294 0.0000000000
78443  -35.360  -6.230  52.971 0.0000000000
78431  -35.948  -6.012  53.624 0.0000000000
80685  -38.141  -3.228  55.080 0.0000000000
79963  -38.196  -4.473  55.255 0.0000000000
80674  -38.848  -3.830  55.594 0.0000000000
82138  -42.291  -0.763  57.700 0.0000000000
82133  -43.003  -0.719  58.376 0.0000000000
80752  -50.192  -2.253  45.554 0.0000000000
80766  -49.656  -2.175  44.883 0.0000000000
78502  -44.226  -5.593  45.474 0.0000000000
76831  -39.775  -7.583  47.307 0.0000000000
76842  -40.170  -7.075  46.808 0.0000000000
77672  -38.563  -6.815  47.103 0.0000000000
72755  -36.846  -12.592  54.099 0.0000000000
73578  -38.369  -11.661  51.454 0.0000000000
73595  -38.075  -11.402  50.681 0.0000000000
131356  -38.451  -10.924  50.216 0.0000000000
74389  -39.100  -10.587  50.055 0.0000000000
74403  -37.632  -10.970  49.863 0.0000000000
76812  -33.873  -7.604  49.426 0.0000000000
128457  -49.740  2.776  40.164 0.0000000000
82263  -43.813  -0.332  42.452 0.0000000000
82264  -44.437  -0.196  41.990 0.0000000000
136273  -47.483  4.815  40.485 0.0000000000
86777  -48.385  6.190  40.131 0.0000000000
86765  -48.213  7.187  40.602 0.0000000000
86764  -47.844  7.026  41.364 0.0000000000
87510  -44.986  6.585  38.971 0.0000000000
119525  -45.069  5.667  40.526 0.0000000000
80718  -38.933  -2.898  51.251 0.0000000000
82199  -43.305  -0.936  50.134 0.0000000000
82211  -43.726  -0.119  48.997 0.0000000000
82193  -43.597  -0.083  53.332 0.0000000000
134367  -44.569  0.169  52.849 0.0000000000
84528  -44.995  2.973  48.732 0.0000000000
85278  -45.610  3.364  48.236 0.0000000000
85288  -45.126  3.620  47.518 0.0000000000
85297  -44.803  3.821  46.728 0.0000000000
85341  -41.612  3.202  42.206 0.0000000000
123212  -41.409  3.418  40.962 0.0000000000
85370  -41.867  3.796  40.548 0.0000000000
122750  -40.902  3.260  40.855 0.0000000000
85351  -37.071  3.435  41.213 0.0000000000
85350  -36.203  3.843  41.448 0.0000000000
86708  -36.506  5.140  47.605 0.0000000000
113957  -36.408  4.402  47.086 0.0000000000
86713  -36.516  5.260  46.712 0.0000000000
88295  -35.762  8.162  42.149 0.0000000000
88284  -35.443  7.205  42.574 0.0000000000
90585  -35.074  10.905  41.695 0.0000000000
89843  -34.386  10.406  41.921 0.0000000000
80738  -38.169  -2.606  47.589 0.0000000000
81475  -38.652  -1.987  47.634 0.0000000000
81482  -39.152  -1.787  46.969 0.0000000000
85248  -44.050  3.514  55.897 0.0000000000
85954  -44.563  4.301  55.545 0.0000000000
85961  -43.029  4.568  54.631 0.0000000000
85967  -42.479  5.050  54.067 0.0000000000
85966  -41.623  4.659  53.759 0.0000000000
86668  -41.936  5.414  53.415 0.0000000000
86678  -41.512  5.819  52.767 0.0000000000
88210  -43.097  7.685  51.629 0.0000000000
87423  -42.422  7.070  52.025 0.0000000000
88221  -41.637  7.763  50.612 0.0000000000
135957  -47.571  4.552  36.756 0.0000000000
79971  -34.919  -3.888  53.569 0.0000000000
122259  -35.450  -4.576  53.787 0.0000000000
130544  -35.026  -3.057  53.575 0.0000000000
76837  -45.286  -7.252  47.927 0.0000000000
76836  -44.416  -7.285  47.508 0.0000000000
76846  -43.758  -7.017  46.879 0.0000000000
125180  -42.043  -8.607  48.352 0.0000000000
76062  -40.971  -8.242  47.702 0.0000000000
76046  -40.511  -8.723  48.195 0.0000000000
73599  -33.129  -10.963  49.744 0.0000000000
74398  -33.061  -10.216  49.621 0.0000000000
75237  -33.401  -9.498  49.308 0.0000000000
75236  -32.710  -9.588  49.830 0.0000000000
76021  -32.496  -8.884  50.317 0.0000000000
75217  -31.920  -9.208  50.797 0.0000000000
76786  -30.683  -7.464  52.245 0.0000000000
83776  -43.587  1.252  43.755 0.0000000000
83785  -44.384  1.823  42.725 0.0000000000
85359  -46.680  4.734  42.272 0.0000000000
86028  -47.257  5.575  44.395 0.0000000000
86734  -47.232  5.853  43.959 0.0000000000
86727  -47.183  5.765  44.219 0.0000000000
86027  -46.707  5.633  44.259 0.0000000000
79976  -41.421  -3.367  53.351 0.0000000000
80714  -42.834  -2.330  52.550 0.0000000000
81458  -43.561  -1.601  51.596 0.0000000000
83716  -42.034  1.064  50.364 0.0000000000
84526  -41.475  2.439  48.140 0.0000000000
83732  -42.144  2.209  48.812 0.0000000000
114098  -42.497  2.654  48.102 0.0000000000
125053  -42.459  2.855  47.528 0.0000000000
84558  -42.554  3.077  47.056 0.0000000000
84557  -41.846  2.901  46.468 0.0000000000
136206  -40.738  2.612  45.454 0.0000000000
84570  -41.179  2.750  44.970 0.0000000000
84609  -40.392  2.555  42.733 0.0000000000
84595  -40.088  2.467  43.394 0.0000000000
115425  -38.788  2.421  44.133 0.0000000000
115877  -37.885  2.422  44.108 0.0000000000
88270  -38.481  7.500  45.594 0.0000000000
88269  -37.827  7.149  45.200 0.0000000000
89049  -38.069  8.583  42.744 0.0000000000
134777  -38.140  8.102  43.385 0.0000000000
88296  -36.895  8.362  42.583 0.0000000000
90615  -38.652  12.038  39.590 0.0000000000
90606  -37.906  11.838  39.566 0.0000000000
91266  -37.021  12.273  39.734 0.0000000000
91254  -36.078  11.709  40.387 0.0000000000
91255  -36.553  12.102  40.421 0.0000000000
117008  -43.804  -3.222  43.401 0.0000000000
80779  -44.250  -2.775  42.983 0.0000000000
80777  -42.412  -1.858  43.489 0.0000000000
80750  -40.205  -2.673  45.157 0.0000000000
82231  -41.496  -0.461  45.414 0.0000000000
82239  -42.253  -0.436  44.031 0.0000000000
129161  -42.432  0.559  45.901 0.0000000000
83002  -42.620  0.679  45.211 0.0000000000
83751  -43.128  1.102  46.008 0.0000000000
80670  -45.477  -2.471  56.986 0.0000000000
81418  -45.721  -1.768  55.995 0.0000000000
82155  -44.345  -0.340  55.672 0.0000000000
85247  -43.022  3.144  55.491 0.0000000000
84469  -42.654  2.060  55.580 0.0000000000
122647  -41.980  1.967  54.945 0.0000000000
83700  -40.817  1.397  53.474 0.0000000000
83687  -41.688  1.394  54.460 0.0000000000
82944  -41.169  0.757  53.155 0.0000000000
82954  -40.969  0.639  52.438 0.0000000000
83711  -40.232  0.980  52.044 0.0000000000
83709  -39.007  1.780  51.187 0.0000000000
83722  -39.480  1.637  49.745 0.0000000000
83721  -38.648  2.006  49.591 0.0000000000
84510  -38.021  2.285  49.868 0.0000000000
85269  -37.362  3.331  50.388 0.0000000000
85272  -37.000  3.105  49.692 0.0000000000
85983  -36.953  3.866  49.884 0.0000000000
134444  -37.173  4.616  49.969 0.0000000000
86683  -40.296  5.848  51.917 0.0000000000
138521  -39.596  5.715  51.520 0.0000000000
87420  -39.961  6.288  51.198 0.0000000000
88233  -38.852  7.093  48.832 0.0000000000
117383  -38.157  6.562  48.814 0.0000000000
87447  -38.209  6.883  48.048 0.0000000000
87454  -37.969  6.935  47.131 0.0000000000
88252  -38.624  7.393  47.381 0.0000000000
89030  -40.398  8.515  46.630 0.0000000000
89036  -39.917  8.326  45.742 0.0000000000
131444  -40.577  8.660  45.018 0.0000000000
86117  -42.980  5.709  34.873 0.0000000000
79272  -36.116  -4.415  50.574 0.0000000000
79269  -36.151  -4.975  51.673 0.0000000000
79270  -36.972  -4.644  52.080 0.0000000000
79991  -37.809  -4.550  52.529 0.0000000000
79235  -36.072  -4.775  54.130 0.0000000000
78424  -36.428  -5.581  54.086 0.0000000000
79238  -38.218  -5.540  54.957 0.0000000000
78426  -37.701  -5.539  54.567 0.0000000000
79247  -39.029  -5.304  54.540 0.0000000000
79974  -39.723  -4.623  53.844 0.0000000000
79228  -40.312  -5.124  56.337 0.0000000000
79240  -40.332  -5.199  55.768 0.0000000000
79241  -40.980  -4.989  56.088 0.0000000000
79222  -40.955  -4.867  56.729 0.0000000000
82144  -40.812  -1.113  56.461 0.0000000000
81416  -39.379  -1.497  55.462 0.0000000000
134319  -39.978  -3.170  56.221 0.0000000000
121077  -42.221  -3.104  57.698 0.0000000000
79947  -42.554  -4.148  57.373 0.0000000000
79939  -42.927  -3.946  58.086 0.0000000000
80659  -43.741  -3.346  58.301 0.0000000000
82122  -44.625  -0.303  59.541 0.0000000000
81399  -44.926  -2.060  59.243 0.0000000000
82124  -45.574  -0.503  59.413 0.0000000000
82901  -46.141  0.033  58.950 0.0000000000
82890  -45.895  0.090  59.318 0.0000000000
81514  -50.162  -1.195  44.073 0.0000000000
80765  -48.710  -2.573  44.337 0.0000000000
136423  -48.113  -2.631  43.818 0.0000000000
80782  -47.480  -2.647  43.416 0.0000000000
80070  -46.961  -3.269  43.848 0.0000000000
79286  -48.066  -4.726  46.736 0.0000000000
79311  -48.443  -4.089  46.155 0.0000000000
79328  -45.981  -4.431  44.720 0.0000000000
80054  -45.626  -4.005  44.070 0.0000000000
79340  -44.797  -4.053  43.919 0.0000000000
79327  -44.306  -4.552  44.392 0.0000000000
78517  -42.994  -5.075  44.790 0.0000000000
78516  -42.160  -4.979  44.794 0.0000000000
78499  -41.674  -5.456  45.308 0.0000000000
76845  -42.868  -7.196  46.802 0.0000000000
77686  -42.415  -6.707  46.211 0.0000000000
78498  -40.441  -5.744  45.790 0.0000000000
78483  -39.145  -5.250  46.095 0.0000000000
75219  -43.833  -9.763  51.340 0.0000000000
129301  -39.015  -12.355  54.409 0.0000000000
72744  -39.773  -12.149  54.413 0.0000000000
72745  -40.650  -11.923  54.593 0.0000000000
72758  -40.153  -11.789  53.813 0.0000000000
72754  -36.538  -12.638  53.034 0.0000000000
72772  -37.296  -12.394  52.498 0.0000000000
129163  -39.347  -11.636  52.356 0.0000000000
73552  -40.553  -11.508  53.159 0.0000000000
73567  -40.923  -11.181  52.532 0.0000000000
73568  -41.723  -10.895  52.599 0.0000000000
73581  -41.230  -10.789  51.933 0.0000000000
74391  -40.438  -10.449  50.548 0.0000000000
74392  -41.241  -10.244  50.677 0.0000000000
75228  -41.671  -9.760  50.135 0.0000000000
75243  -42.162  -9.336  49.509 0.0000000000
75240  -39.717  -9.747  49.103 0.0000000000
75239  -39.040  -9.408  48.534 0.0000000000
76045  -39.690  -8.751  48.104 0.0000000000
77661  -35.392  -6.597  48.227 0.0000000000
78467  -35.558  -5.590  48.491 0.0000000000
121069  -35.194  -5.415  49.463 0.0000000000
78455  -34.609  -6.075  50.830 0.0000000000
76797  -32.609  -7.838  51.443 0.0000000000
76798  -33.202  -7.544  51.186 0.0000000000
76789  -33.009  -7.407  51.833 0.0000000000
78442  -33.675  -6.016  52.841 0.0000000000
78429  -34.106  -5.295  53.169 0.0000000000
83838  -51.450  1.960  38.237 0.0000000000
84651  -51.446  2.975  38.525 0.0000000000
85384  -51.203  3.971  39.347 0.0000000000
85392  -51.335  3.702  38.649 0.0000000000
85391  -50.954  4.096  38.049 0.0000000000
86092  -50.873  4.789  38.420 0.0000000000
81528  -45.282  -1.657  42.148 0.0000000000
83036  -45.588  0.503  41.266 0.0000000000
82279  -46.090  -0.368  41.381 0.0000000000
83793  -45.275  1.467  41.404 0.0000000000
136987  -47.746  3.713  40.089 0.0000000000
133024  -46.677  2.661  40.521 0.0000000000
84638  -49.588  3.588  39.854 0.0000000000
86779  -50.056  5.997  39.285 0.0000000000
87515  -50.300  6.044  38.824 0.0000000000
86793  -50.613  5.454  38.396 0.0000000000
86804  -50.271  6.017  38.121 0.0000000000
86803  -49.769  5.824  37.530 0.0000000000
87534  -49.680  6.706  37.858 0.0000000000
88317  -48.659  8.307  38.854 0.0000000000
88325  -48.600  8.152  38.044 0.0000000000
87532  -48.029  8.338  37.453 0.0000000000
88332  -47.275  8.516  36.853 0.0000000000
89089  -47.369  9.162  37.342 0.0000000000
134944  -47.767  8.326  40.919 0.0000000000
87502  -47.430  7.677  41.287 0.0000000000
88310  -46.508  8.393  39.204 0.0000000000
88316  -45.831  8.699  37.683 0.0000000000
89087  -46.062  9.247  37.184 0.0000000000
88324  -45.356  8.740  36.656 0.0000000000
88323  -44.370  8.605  35.985 0.0000000000
88315  -44.869  8.197  37.066 0.0000000000
87520  -43.353  6.907  37.134 0.0000000000
86801  -42.437  6.663  36.471 0.0000000000
118259  -37.230  -3.179  49.559 0.0000000000
80724  -37.862  -2.737  50.013 0.0000000000
80732  -39.083  -2.111  49.914 0.0000000000
80731  -38.474  -2.295  49.556 0.0000000000
81466  -39.080  -1.779  49.206 0.0000000000
81472  -39.555  -1.458  48.563 0.0000000000
128088  -39.799  -1.503  49.203 0.0000000000
80720  -40.790  -2.513  51.634 0.0000000000
80727  -40.394  -2.272  51.000 0.0000000000
132586  -41.416  -0.767  48.629 0.0000000000
82208  -40.879  -0.847  48.378 0.0000000000
82984  -43.996  0.712  47.820 0.0000000000
83752  -44.299  1.517  46.545 0.0000000000
81427  -45.450  -1.367  54.366 0.0000000000
80687  -44.783  -2.113  54.073 0.0000000000
82958  -45.684  0.116  52.154 0.0000000000
81460  -45.537  -0.578  52.601 0.0000000000
82197  -45.568  -0.245  51.876 0.0000000000
83717  -43.173  1.424  50.212 0.0000000000
83718  -44.610  1.467  50.446 0.0000000000
83728  -45.899  1.913  49.691 0.0000000000
83719  -45.500  1.347  50.314 0.0000000000
82971  -45.807  1.311  50.115 0.0000000000
82974  -45.893  1.606  49.699 0.0000000000
82978  -45.889  1.426  49.170 0.0000000000
84547  -46.580  3.097  48.053 0.0000000000
83742  -46.379  2.524  48.500 0.0000000000
84560  -46.586  3.312  47.262 0.0000000000
84559  -46.325  2.719  47.033 0.0000000000
114573  -46.843  4.035  46.465 0.0000000000
85319  -45.521  4.519  45.480 0.0000000000
124418  -46.755  5.000  45.518 0.0000000000
86025  -44.413  4.395  43.580 0.0000000000
85305  -43.109  3.526  45.372 0.0000000000
85318  -43.032  3.596  44.185 0.0000000000
85357  -42.728  3.803  41.861 0.0000000000
85343  -43.093  3.807  42.558 0.0000000000
86047  -43.514  4.234  41.881 0.0000000000
86075  -42.745  4.872  39.189 0.0000000000
86091  -41.554  5.218  37.795 0.0000000000
86090  -40.873  4.982  37.904 0.0000000000
85353  -39.703  2.799  41.213 0.0000000000
122695  -38.869  3.018  40.908 0.0000000000
86055  -37.400  4.475  39.794 0.0000000000
132281  -37.389  2.627  46.729 0.0000000000
113877  -36.459  3.146  45.353 0.0000000000
84565  -36.706  2.749  45.346 0.0000000000
85316  -36.418  3.154  44.699 0.0000000000
84578  -36.742  2.762  44.425 0.0000000000
124823  -36.526  6.123  44.658 0.0000000000
85328  -35.875  3.921  43.356 0.0000000000
86758  -34.470  6.708  39.924 0.0000000000
87499  -34.411  6.485  39.771 0.0000000000
134603  -34.065  6.940  39.776 0.0000000000
88301  -33.974  8.155  39.928 0.0000000000
117293  -35.029  10.005  40.354 0.0000000000
89068  -34.231  9.330  40.338 0.0000000000
135175  -34.589  9.962  40.424 0.0000000000
128481  -33.546  9.484  41.509 0.0000000000
89055  -33.205  8.903  41.379 0.0000000000
90590  -40.455  11.262  42.198 0.0000000000
90599  -40.193  11.694  41.064 0.0000000000
134359  -39.524  10.872  43.224 0.0000000000
115557  -38.545  10.996  43.041 0.0000000000
90587  -36.422  11.026  42.857 0.0000000000
80016  -37.611  -3.774  47.145 0.0000000000
80734  -37.703  -2.813  48.159 0.0000000000
85962  -44.078  4.782  54.925 0.0000000000
86670  -43.694  5.967  53.694 0.0000000000
86679  -42.346  6.100  53.037 0.0000000000
87407  -43.237  6.338  53.237 0.0000000000
88202  -43.228  7.196  52.293 0.0000000000
125702  -34.674  -2.196  53.413 0.0000000000
76065  -43.495  -8.093  48.087 0.0000000000
120044  -43.297  -8.407  48.507 0.0000000000
75255  -41.731  -9.052  48.840 0.0000000000
75227  -31.831  -10.039  50.642 0.0000000000
75216  -31.355  -9.635  51.139 0.0000000000
80796  -47.709  -2.009  42.773 0.0000000000
134589  -47.853  -1.496  42.269 0.0000000000
81541  -46.593  -1.121  41.667 0.0000000000
84598  -44.905  2.499  43.353 0.0000000000
126824  -44.960  2.438  44.149 0.0000000000
85332  -46.490  4.211  43.802 0.0000000000
85321  -47.202  5.182  45.024 0.0000000000
80715  -43.610  -2.220  52.988 0.0000000000
83723  -40.576  1.500  49.557 0.0000000000
84543  -40.881  2.505  47.493 0.0000000000
84556  -40.929  2.608  46.692 0.0000000000
84569  -40.432  2.561  45.928 0.0000000000
84582  -40.210  2.509  45.059 0.0000000000
115210  -39.692  2.455  44.174 0.0000000000
89043  -39.169  8.119  44.042 0.0000000000
89058  -39.159  8.964  42.500 0.0000000000
89850  -38.671  9.504  41.666 0.0000000000
89861  -37.965  10.248  40.863 0.0000000000
89862  -39.345  10.668  40.490 0.0000000000
90607  -39.073  11.724  39.732 0.0000000000
91268  -39.499  12.018  39.578 0.0000000000
80052  -42.345  -3.641  44.127 0.0000000000
80051  -41.711  -3.073  44.095 0.0000000000
81491  -39.710  -1.775  46.303 0.0000000000
81492  -40.295  -1.774  45.553 0.0000000000
82992  -41.882  0.136  46.244 0.0000000000
82139  -45.633  -0.603  57.360 0.0000000000
82147  -45.763  -1.282  56.542 0.0000000000
82911  -44.235  0.199  56.442 0.0000000000
82920  -43.585  0.394  55.862 0.0000000000
85254  -41.724  3.394  54.461 0.0000000000
84488  -41.427  2.377  54.412 0.0000000000
84487  -40.750  2.206  53.766 0.0000000000
123438  -40.240  1.927  53.159 0.0000000000
83706  -39.733  1.748  52.427 0.0000000000
84507  -39.102  2.039  51.790 0.0000000000
84506  -38.470  2.341  51.216 0.0000000000
133012  -38.061  2.403  50.542 0.0000000000
85267  -38.316  3.132  51.553 0.0000000000
85266  -37.830  3.659  51.073 0.0000000000
85979  -38.069  4.655  51.033 0.0000000000
87426  -39.593  6.607  50.490 0.0000000000
88219  -40.005  7.253  50.030 0.0000000000
88234  -39.692  7.471  49.214 0.0000000000
88245  -39.482  7.646  48.417 0.0000000000
88253  -39.381  7.801  47.573 0.0000000000
89023  -40.092  8.297  47.440 0.0000000000
89031  -41.196  8.902  46.573 0.0000000000
86818  -43.121  6.923  34.787 0.0000000000
79268  -35.547  -5.623  51.743 0.0000000000
78445  -36.943  -5.766  53.437 0.0000000000
79226  -38.411  -5.222  55.207 0.0000000000
79239  -39.006  -5.365  55.345 0.0000000000
79227  -39.617  -5.093  56.017 0.0000000000
79221  -40.169  -4.786  56.418 0.0000000000
82145  -41.588  -0.988  57.047 0.0000000000
81403  -42.166  -1.889  57.617 0.0000000000
81404  -42.855  -2.572  58.228 0.0000000000
81405  -43.593  -2.796  58.630 0.0000000000
81397  -43.354  -1.847  58.668 0.0000000000
82134  -43.838  -0.838  59.094 0.0000000000
80057  -48.296  -3.265  44.816 0.0000000000
78486  -46.539  -5.582  46.544 0.0000000000
79310  -46.731  -4.974  45.834 0.0000000000
79309  -45.517  -4.933  45.165 0.0000000000
79308  -44.696  -5.060  44.984 0.0000000000
78501  -43.361  -5.608  45.334 0.0000000000
76843  -41.022  -7.174  46.696 0.0000000000
77683  -39.771  -6.493  46.536 0.0000000000
77682  -38.997  -6.116  46.573 0.0000000000
72783  -37.112  -12.242  51.726 0.0000000000
73564  -37.865  -12.110  51.962 0.0000000000
120899  -39.010  -11.523  51.729 0.0000000000
126553  -39.695  -11.314  51.713 0.0000000000
73580  -40.481  -11.059  51.822 0.0000000000
74376  -40.042  -10.883  51.124 0.0000000000
74405  -39.924  -10.207  49.806 0.0000000000
76819  -35.070  -7.472  48.332 0.0000000000
77660  -34.773  -6.864  48.730 0.0000000000
78460  -34.606  -5.970  49.916 0.0000000000
77653  -34.341  -6.792  49.456 0.0000000000
77646  -33.736  -7.106  50.876 0.0000000000
84640  -51.161  3.578  40.058 0.0000000000
85383  -50.841  4.175  39.732 0.0000000000
81539  -44.871  -0.918  41.959 0.0000000000
84624  -46.377  3.566  41.170 0.0000000000
86077  -49.157  5.175  39.561 0.0000000000
87514  -49.738  6.764  39.228 0.0000000000
87513  -48.929  7.397  39.640 0.0000000000
88311  -48.490  8.332  39.886 0.0000000000
138491  -48.097  9.049  40.321 0.0000000000
87512  -46.872  7.947  40.576 0.0000000000
87501  -46.488  7.189  41.038 0.0000000000
86792  -43.869  6.045  38.427 0.0000000000
80004  -38.093  -3.108  50.927 0.0000000000
82210  -42.632  -0.309  48.532 0.0000000000
82181  -45.538  -0.530  53.307 0.0000000000
82957  -45.236  0.250  52.424 0.0000000000
82963  -45.356  0.377  51.848 0.0000000000
84516  -44.238  2.394  49.232 0.0000000000
84517  -45.562  2.510  49.302 0.0000000000
84518  -46.162  2.494  49.063 0.0000000000
85290  -46.378  3.225  48.198 0.0000000000
86001  -46.589  4.152  46.521 0.0000000000
85298  -46.021  3.990  47.157 0.0000000000
85307  -45.768  4.286  46.403 0.0000000000
85317  -42.154  3.295  43.832 0.0000000000
85342  -42.273  3.501  42.404 0.0000000000
86056  -41.422  4.100  39.696 0.0000000000
86073  -40.794  4.510  38.901 0.0000000000
85380  -40.598  3.919  39.682 0.0000000000
84620  -38.376  2.696  41.774 0.0000000000
85352  -37.900  3.190  41.078 0.0000000000
119629  -37.465  3.769  40.607 0.0000000000
84521  -36.856  2.873  48.023 0.0000000000
84539  -36.904  2.844  47.121 0.0000000000
130453  -36.643  3.037  46.648 0.0000000000
113493  -36.473  3.635  46.517 0.0000000000
113492  -36.420  3.721  45.730 0.0000000000
87481  -36.088  6.701  43.500 0.0000000000
86733  -36.090  5.858  43.912 0.0000000000
87480  -35.347  6.224  42.912 0.0000000000
86742  -34.903  5.855  42.140 0.0000000000
90604  -35.425  10.915  40.445 0.0000000000
89048  -33.210  9.092  42.712 0.0000000000
89041  -33.352  8.755  44.047 0.0000000000
80024  -39.250  -2.996  45.973 0.0000000000
80017  -38.183  -3.133  47.004 0.0000000000
80741  -39.160  -2.399  46.379 0.0000000000
84449  -44.194  1.850  56.741 0.0000000000
85255  -42.568  3.708  54.853 0.0000000000
85259  -41.425  3.949  54.032 0.0000000000
85258  -40.882  4.163  53.563 0.0000000000
85974  -40.154  4.331  52.959 0.0000000000
85973  -39.726  4.696  52.425 0.0000000000
86677  -40.821  5.633  52.497 0.0000000000
87421  -40.755  6.544  51.465 0.0000000000
120472  -41.924  6.492  52.424 0.0000000000
87422  -41.571  6.821  51.739 0.0000000000
88208  -41.204  7.163  51.036 0.0000000000
88236  -41.265  8.103  49.888 0.0000000000
89008  -41.718  8.552  49.542 0.0000000000
87540  -45.781  6.705  35.890 0.0000000000
130392  -36.450  -3.867  54.277 0.0000000000
80693  -35.536  -2.620  53.697 0.0000000000
136340  -36.124  -3.028  53.986 0.0000000000
119367  -45.190  -6.328  46.745 0.0000000000
120711  -43.983  -6.508  46.414 0.0000000000
76834  -42.373  -7.726  47.330 0.0000000000
76833  -41.447  -7.716  47.237 0.0000000000
76060  -39.375  -8.164  47.663 0.0000000000
72753  -35.563  -12.836  53.072 0.0000000000
72771  -35.920  -12.669  52.262 0.0000000000
72770  -35.048  -12.771  52.322 0.0000000000
72782  -36.283  -12.350  51.441 0.0000000000
76031  -33.444  -8.446  49.397 0.0000000000
76811  -33.321  -7.704  50.192 0.0000000000
76022  -32.938  -8.396  50.015 0.0000000000
76796  -31.903  -8.055  51.694 0.0000000000
83021  -43.388  0.424  43.083 0.0000000000
126426  -44.263  1.191  42.300 0.0000000000
84612  -45.414  2.994  42.304 0.0000000000
85358  -45.829  3.279  41.775 0.0000000000
86060  -47.518  6.156  41.782 0.0000000000
86763  -47.606  6.743  41.913 0.0000000000
86753  -47.284  6.507  42.489 0.0000000000
127018  -47.347  5.569  44.012 0.0000000000
86744  -47.258  6.115  43.391 0.0000000000
86752  -47.061  6.470  42.997 0.0000000000
116377  -46.266  6.139  42.256 0.0000000000
137469  -45.503  5.491  42.148 0.0000000000
125718  -39.852  -3.334  52.345 0.0000000000
80719  -39.865  -2.786  51.587 0.0000000000
80721  -41.702  -2.302  51.756 0.0000000000
80713  -41.994  -2.599  52.517 0.0000000000
81457  -42.469  -1.791  51.236 0.0000000000
81464  -43.468  -1.289  50.892 0.0000000000
82200  -44.690  -0.545  50.807 0.0000000000
82955  -41.954  0.392  52.078 0.0000000000
82961  -43.012  0.592  51.515 0.0000000000
82967  -42.720  0.887  50.801 0.0000000000
83725  -43.078  1.943  49.374 0.0000000000
85287  -43.705  3.415  47.063 0.0000000000
85296  -42.746  3.314  46.293 0.0000000000
84610  -41.008  2.789  42.453 0.0000000000
85354  -40.364  2.994  41.051 0.0000000000
125127  -39.248  2.418  43.380 0.0000000000
84607  -38.823  2.459  42.590 0.0000000000
84606  -37.899  2.581  42.588 0.0000000000
84605  -36.913  2.834  42.638 0.0000000000
120967  -37.381  6.465  46.754 0.0000000000
87460  -36.801  6.020  46.300 0.0000000000
87461  -37.364  6.638  45.833 0.0000000000
87470  -37.082  6.675  44.792 0.0000000000
88287  -38.294  7.796  43.865 0.0000000000
88277  -36.887  7.062  43.916 0.0000000000
89069  -35.757  9.825  40.750 0.0000000000
89860  -36.060  10.823  40.254 0.0000000000
129554  -37.242  11.094  40.143 0.0000000000
90605  -36.823  11.705  39.697 0.0000000000
90613  -36.083  11.407  40.163 0.0000000000
90597  -35.500  11.250  40.717 0.0000000000
90586  -35.526  10.769  42.706 0.0000000000
80780  -45.253  -3.024  43.011 0.0000000000
80792  -43.931  -1.986  42.682 0.0000000000
81526  -43.787  -1.162  42.529 0.0000000000
82249  -43.198  -0.603  42.930 0.0000000000
80763  -40.698  -2.865  44.696 0.0000000000
80764  -41.218  -2.605  44.364 0.0000000000
81500  -41.332  -1.824  44.366 0.0000000000
81511  -41.816  -1.620  43.940 0.0000000000
82247  -42.112  -1.150  43.815 0.0000000000
83008  -43.046  0.682  43.865 0.0000000000
83768  -43.240  1.147  44.646 0.0000000000
126220  -45.103  2.290  45.566 0.0000000000
80677  -44.450  -2.801  55.464 0.0000000000
80678  -45.477  -1.989  55.222 0.0000000000
82156  -45.531  -1.025  55.697 0.0000000000
122934  -45.250  -0.861  55.068 0.0000000000
82166  -45.448  -0.869  54.253 0.0000000000
82180  -44.627  -0.446  53.880 0.0000000000
82179  -42.463  0.183  52.843 0.0000000000
126269  -43.341  1.714  56.141 0.0000000000
83670  -43.006  1.054  55.716 0.0000000000
82930  -42.217  0.550  54.349 0.0000000000
82945  -42.077  0.216  53.556 0.0000000000
82960  -40.966  0.612  51.704 0.0000000000
123341  -40.153  1.236  50.258 0.0000000000
116753  -38.734  2.383  48.135 0.0000000000
84523  -37.947  2.461  48.108 0.0000000000
84522  -37.336  2.619  48.522 0.0000000000
84509  -37.510  2.724  50.185 0.0000000000
84513  -37.382  2.612  49.387 0.0000000000
84512  -36.828  2.922  48.905 0.0000000000
85277  -36.609  3.489  48.386 0.0000000000
85997  -36.470  4.288  47.960 0.0000000000
86709  -36.913  5.725  48.052 0.0000000000
85972  -39.194  4.588  52.081 0.0000000000
86681  -38.901  5.177  51.499 0.0000000000
86686  -38.413  5.545  50.713 0.0000000000
87425  -38.787  6.279  50.257 0.0000000000
86685  -37.685  5.067  50.352 0.0000000000
87435  -37.731  6.049  49.235 0.0000000000
87446  -37.556  6.224  48.454 0.0000000000
88261  -38.410  7.373  46.501 0.0000000000
88271  -39.106  7.807  46.104 0.0000000000
88280  -39.170  7.929  45.136 0.0000000000
89051  -40.144  8.764  43.510 0.0000000000
89060  -41.392  9.545  42.652 0.0000000000
79275  -36.156  -4.286  49.550 0.0000000000
80006  -36.656  -3.693  49.115 0.0000000000
78432  -36.662  -5.816  53.861 0.0000000000
78433  -37.361  -5.664  54.076 0.0000000000
122800  -37.647  -5.410  53.437 0.0000000000
79262  -38.265  -4.977  53.297 0.0000000000
79993  -39.444  -3.968  52.925 0.0000000000
79975  -40.609  -4.347  54.078 0.0000000000
79965  -41.795  -4.322  55.285 0.0000000000
114375  -42.492  -4.129  55.826 0.0000000000
79954  -42.717  -4.128  56.520 0.0000000000
80675  -39.516  -3.359  55.937 0.0000000000
80666  -40.064  -3.939  56.392 0.0000000000
79945  -40.789  -4.401  56.779 0.0000000000
80668  -41.487  -3.701  57.233 0.0000000000
79946  -41.650  -4.368  57.096 0.0000000000
79955  -43.684  -3.517  56.662 0.0000000000
80669  -44.420  -3.180  57.392 0.0000000000
80660  -45.733  -2.179  57.611 0.0000000000
80650  -44.439  -2.744  58.877 0.0000000000
80651  -45.107  -2.453  58.832 0.0000000000
81406  -45.804  -1.724  58.088 0.0000000000
82140  -45.909  -0.910  58.343 0.0000000000
82906  -45.890  0.057  58.298 0.0000000000
83654  -45.754  0.949  58.030 0.0000000000
83648  -46.239  1.415  59.030 0.0000000000
81513  -49.321  -1.572  43.540 0.0000000000
81531  -48.689  -1.486  42.797 0.0000000000
80056  -47.364  -3.615  44.577 0.0000000000
79329  -46.868  -4.311  45.131 0.0000000000
80069  -46.054  -3.418  43.529 0.0000000000
79326  -43.466  -4.515  44.392 0.0000000000
80053  -43.091  -3.964  44.103 0.0000000000
79324  -41.867  -4.260  44.532 0.0000000000
79306  -40.573  -4.465  45.161 0.0000000000
77702  -42.886  -6.166  45.741 0.0000000000
77685  -41.512  -6.637  46.209 0.0000000000
126948  -40.854  -5.251  45.419 0.0000000000
79292  -39.300  -4.553  45.824 0.0000000000
79291  -38.659  -4.527  46.238 0.0000000000
79290  -37.896  -4.531  46.693 0.0000000000
79285  -37.218  -4.563  47.266 0.0000000000
79284  -36.538  -4.564  47.871 0.0000000000
75230  -43.616  -9.429  50.444 0.0000000000
72732  -41.359  -11.955  55.156 0.0000000000
124380  -41.483  -11.636  54.436 0.0000000000
136907  -41.500  -11.462  53.914 0.0000000000
72756  -38.404  -12.316  53.708 0.0000000000
72773  -38.102  -12.230  52.772 0.0000000000
73550  -38.927  -12.006  52.970 0.0000000000
73569  -42.315  -10.984  53.295 0.0000000000
74368  -42.632  -10.599  52.496 0.0000000000
74378  -42.395  -10.334  51.590 0.0000000000
119522  -41.599  -10.446  51.377 0.0000000000
75218  -42.956  -9.892  51.060 0.0000000000
75254  -40.897  -9.185  48.757 0.0000000000
75241  -40.451  -9.653  49.294 0.0000000000
123272  -36.966  -10.736  49.325 0.0000000000
74413  -37.597  -10.280  49.005 0.0000000000
75251  -37.076  -9.638  48.413 0.0000000000
75252  -37.980  -9.533  48.475 0.0000000000
76044  -38.310  -8.851  48.013 0.0000000000
129624  -38.611  -8.174  47.657 0.0000000000
78468  -36.026  -4.924  48.351 0.0000000000
78456  -35.069  -5.760  51.294 0.0000000000
78452  -35.213  -6.237  52.185 0.0000000000
125195  -34.416  -6.350  52.791 0.0000000000
79970  -34.196  -4.116  53.289 0.0000000000
79259  -33.385  -4.209  52.901 0.0000000000
79990  -33.607  -3.251  52.994 0.0000000000
80691  -33.832  -2.403  53.126 0.0000000000
84668  -50.721  2.689  37.603 0.0000000000
85407  -50.518  3.504  37.633 0.0000000000
116468  -50.266  4.310  37.524 0.0000000000
83808  -47.630  1.863  40.316 0.0000000000
120030  -48.507  2.433  40.126 0.0000000000
86079  -50.920  4.576  39.198 0.0000000000
86078  -50.332  5.024  39.416 0.0000000000
86101  -50.450  5.162  37.773 0.0000000000
86802  -48.961  5.585  37.127 0.0000000000
86813  -48.143  6.315  36.836 0.0000000000
120575  -48.908  7.455  37.609 0.0000000000
87533  -48.173  7.259  37.189 0.0000000000
87541  -47.332  7.363  36.665 0.0000000000
131738  -46.433  7.257  36.190 0.0000000000
120303  -45.561  7.806  35.850 0.0000000000
87503  -47.796  7.779  41.128 0.0000000000
88306  -48.031  8.635  40.752 0.0000000000
89076  -48.016  9.232  39.888 0.0000000000
123066  -47.419  9.131  39.401 0.0000000000
121976  -47.408  9.248  38.174 0.0000000000
89088  -46.660  9.279  37.263 0.0000000000
88330  -45.559  8.598  36.237 0.0000000000
87547  -44.624  8.299  35.534 0.0000000000
87546  -43.740  7.860  34.923 0.0000000000
88328  -43.476  7.978  35.109 0.0000000000
87531  -43.867  7.923  36.473 0.0000000000
127725  -42.487  7.047  35.007 0.0000000000
87529  -42.338  7.008  35.479 0.0000000000
81471  -38.831  -1.777  48.390 0.0000000000
81468  -41.307  -1.448  50.008 0.0000000000
81467  -40.446  -1.455  49.559 0.0000000000
81473  -40.324  -1.218  48.812 0.0000000000
82213  -40.742  -0.706  47.544 0.0000000000
82982  -42.174  0.274  46.995 0.0000000000
82983  -42.926  0.478  47.365 0.0000000000
80697  -44.498  -2.007  53.443 0.0000000000
81454  -44.920  -1.478  52.843 0.0000000000
81455  -45.636  -0.675  53.185 0.0000000000
82206  -45.264  0.250  50.438 0.0000000000
82205  -44.892  0.275  49.545 0.0000000000
134871  -45.412  0.799  49.229 0.0000000000
82985  -45.309  1.147  48.474 0.0000000000
83741  -45.936  1.908  48.053 0.0000000000
83753  -45.554  2.044  47.180 0.0000000000
85308  -47.013  4.638  45.654 0.0000000000
85309  -47.085  5.045  45.435 0.0000000000
116191  -44.093  3.990  44.892 0.0000000000
85331  -43.476  3.868  43.364 0.0000000000
86048  -44.725  4.853  42.128 0.0000000000
86760  -44.250  5.148  40.350 0.0000000000
124062  -43.619  5.269  39.407 0.0000000000
138370  -43.082  5.439  38.619 0.0000000000
115398  -41.809  5.806  36.961 0.0000000000
85367  -39.688  3.267  40.546 0.0000000000
136183  -37.872  2.474  45.499 0.0000000000
84566  -37.282  2.594  45.818 0.0000000000
120483  -37.173  2.550  44.079 0.0000000000
84592  -36.759  2.806  43.582 0.0000000000
85340  -36.227  3.310  43.038 0.0000000000
86718  -36.513  5.352  45.807 0.0000000000
113491  -36.388  4.553  45.346 0.0000000000
86725  -36.032  5.100  44.044 0.0000000000
86013  -36.188  4.509  44.520 0.0000000000
85315  -36.135  3.815  44.192 0.0000000000
121773  -36.300  3.381  42.286 0.0000000000
86045  -35.573  4.594  41.397 0.0000000000
86054  -35.266  5.473  40.668 0.0000000000
86750  -34.751  6.132  40.915 0.0000000000
87500  -34.961  6.199  39.140 0.0000000000
87492  -33.688  6.526  40.290 0.0000000000
89067  -33.996  8.908  40.035 0.0000000000
89066  -33.640  8.618  40.351 0.0000000000
89858  -33.870  9.341  40.446 0.0000000000
89806  -42.315  9.335  48.061 0.0000000000
89038  -41.669  9.195  45.754 0.0000000000
89830  -41.429  9.140  44.786 0.0000000000
89836  -41.821  9.471  43.638 0.0000000000
118156  -42.293  9.857  42.833 0.0000000000
89853  -41.814  10.306  41.566 0.0000000000
90592  -42.176  10.645  42.583 0.0000000000
90601  -41.930  11.032  41.324 0.0000000000
90610  -41.517  11.100  40.657 0.0000000000
91259  -40.933  11.297  40.270 0.0000000000
91258  -40.456  11.649  40.249 0.0000000000
91257  -39.116  12.129  40.458 0.0000000000
91251  -38.157  11.722  41.750 0.0000000000
91250  -36.955  11.735  41.642 0.0000000000
73554  -42.101  -11.346  54.008 0.0000000000
80652  -45.493  -2.255  58.351 0.0000000000
81387  -44.676  -1.251  59.407 0.0000000000
81388  -45.350  -1.198  59.339 0.0000000000
82123  -45.160  -0.674  59.550 0.0000000000
82135  -45.861  -0.709  59.098 0.0000000000
82148  -45.857  -1.468  57.404 0.0000000000
83750  -36.537  3.023  45.974 0.0000000000
85982  -36.781  4.584  49.288 0.0000000000
85989  -36.514  4.198  48.695 0.0000000000
86682  -39.649  5.217  52.005 0.0000000000
86693  -37.373  5.308  49.643 0.0000000000
86694  -38.039  5.840  49.974 0.0000000000
86703  -36.584  4.951  48.448 0.0000000000
86751  -46.048  5.718  42.905 0.0000000000
87523  -49.261  7.498  39.126 0.0000000000
87538  -42.973  7.647  35.182 0.0000000000
87545  -42.981  7.468  34.856 0.0000000000
88260  -37.970  7.135  45.916 0.0000000000
88305  -47.942  8.992  40.497 0.0000000000
88329  -44.023  8.408  35.399 0.0000000000
89016  -39.905  8.079  48.074 0.0000000000
89018  -41.877  8.934  48.914 0.0000000000
89077  -48.171  9.147  39.484 0.0000000000
89082  -47.866  9.283  39.090 0.0000000000
89092  -45.867  8.980  36.644 0.0000000000
89093  -46.544  9.027  36.720 0.0000000000
89844  -42.182  10.254  42.101 0.0000000000
89854  -41.928  10.750  41.337 0.0000000000
89864  -41.550  10.739  40.804 0.0000000000
90608  -40.178  11.510  40.018 0.0000000000
90609  -40.940  11.252  40.252 0.0000000000
90614  -37.473  12.075  39.554 0.0000000000
90616  -39.641  11.943  39.711 0.0000000000
91256  -37.600  12.297  40.411 0.0000000000
91264  -36.076  11.599  40.168 0.0000000000
91265  -36.371  12.063  39.902 0.0000000000
128694  -46.140  0.820  59.200 0.0000000000
134335  -41.291  11.279  40.604 0.0000000000
135448  -32.501  7.824  42.253 0.0000000000
138231  -47.447  8.183  40.955 0.0000000000
138293  -39.008  4.080  52.170 0.0000000000
