#!ascii label  , from subject sub-v1s0x0050660_ses-1 vox2ras=TkReg
907
40650  -28.531  -48.598  56.542 0.0000000000
38718  -12.009  -49.612  55.773 0.0000000000
36719  -20.754  -52.225  53.756 0.0000000000
66162  -33.510  -20.638  48.573 0.0000000000
69653  -41.298  -16.783  44.669 0.0000000000
36604  -5.533  -52.178  60.048 0.0000000000
60030  -33.481  -27.484  50.183 0.0000000000
44274  -30.405  -44.902  56.512 0.0000000000
37703  -25.069  -51.023  55.755 0.0000000000
38684  -8.851  -50.399  57.115 0.0000000000
34518  -8.177  -54.640  57.405 0.0000000000
42454  -25.436  -46.764  55.164 0.0000000000
44282  -27.381  -44.286  54.629 0.0000000000
37698  -16.288  -51.081  55.671 0.0000000000
40680  -21.761  -48.227  54.391 0.0000000000
54701  -30.331  -33.827  50.692 0.0000000000
54743  -35.971  -32.645  47.530 0.0000000000
60888  -37.276  -26.418  49.313 0.0000000000
29982  -3.170  -58.917  60.168 0.0000000000
28820  -0.469  -59.855  63.306 0.0000000000
121088  -24.621  -42.497  54.303 0.0000000000
50158  -24.613  -39.610  51.853 0.0000000000
52089  -26.987  -36.762  49.106 0.0000000000
121562  -5.744  -57.209  58.247 0.0000000000
37664  -11.964  -51.258  57.117 0.0000000000
37666  -13.577  -50.984  57.595 0.0000000000
39663  -26.747  -49.773  55.920 0.0000000000
40611  -10.993  -47.307  58.041 0.0000000000
39652  -10.080  -50.079  56.379 0.0000000000
36682  -9.829  -52.163  56.552 0.0000000000
42422  -24.515  -46.160  56.801 0.0000000000
41559  -23.693  -47.578  54.968 0.0000000000
56599  -31.405  -31.946  49.560 0.0000000000
53866  -33.232  -33.980  48.245 0.0000000000
56617  -34.010  -32.140  47.614 0.0000000000
60900  -34.449  -26.786  48.554 0.0000000000
62580  -35.059  -24.474  48.172 0.0000000000
62583  -38.200  -24.541  48.380 0.0000000000
65279  -35.705  -21.636  46.537 0.0000000000
66192  -37.692  -20.385  45.216 0.0000000000
46211  -25.708  -43.338  56.675 0.0000000000
45235  -26.864  -43.137  53.956 0.0000000000
121428  -23.835  -42.902  56.808 0.0000000000
50147  -22.202  -38.554  53.585 0.0000000000
131973  -22.922  -36.714  52.503 0.0000000000
50187  -25.330  -38.547  50.512 0.0000000000
52971  -25.043  -35.081  50.578 0.0000000000
54712  -26.905  -33.570  50.440 0.0000000000
36704  -18.065  -51.786  54.284 0.0000000000
33315  -3.836  -55.611  60.095 0.0000000000
34503  -4.954  -54.480  58.963 0.0000000000
26525  0.215  -61.795  63.789 0.0000000000
25334  1.914  -62.701  65.391 0.0000000000
58402  -35.374  -30.243  49.101 0.0000000000
46213  -29.178  -42.548  56.601 0.0000000000
36710  -22.924  -52.047  54.509 0.0000000000
37627  -7.293  -50.691  58.613 0.0000000000
35598  -6.581  -53.447  57.456 0.0000000000
123075  -8.442  -52.594  56.757 0.0000000000
125750  -41.942  -15.167  43.703 0.0000000000
40668  -27.314  -48.089  54.961 0.0000000000
41564  -28.204  -46.617  54.681 0.0000000000
43348  -26.973  -45.916  54.554 0.0000000000
41534  -12.545  -47.312  56.437 0.0000000000
39656  -14.004  -49.545  56.156 0.0000000000
41549  -15.177  -47.414  55.615 0.0000000000
38743  -16.990  -49.624  53.821 0.0000000000
133742  -18.868  -50.768  53.519 0.0000000000
122608  -20.496  -49.281  54.517 0.0000000000
38748  -21.324  -50.246  53.318 0.0000000000
39715  -23.114  -49.427  53.737 0.0000000000
39700  -25.746  -48.919  54.798 0.0000000000
52953  -30.661  -35.556  51.449 0.0000000000
58414  -34.893  -29.338  47.473 0.0000000000
58417  -36.808  -29.453  47.255 0.0000000000
67096  -40.485  -19.804  44.392 0.0000000000
28838  -1.763  -59.294  61.687 0.0000000000
26540  -1.941  -61.789  62.914 0.0000000000
44292  -28.862  -44.695  54.323 0.0000000000
46238  -28.016  -43.007  54.068 0.0000000000
47180  -27.083  -41.098  55.251 0.0000000000
47177  -21.810  -41.134  55.293 0.0000000000
48225  -24.264  -40.685  53.205 0.0000000000
124758  -26.685  -40.423  54.119 0.0000000000
49203  -27.233  -39.751  52.382 0.0000000000
49221  -28.509  -39.369  50.790 0.0000000000
51137  -29.554  -37.713  50.066 0.0000000000
52988  -28.173  -34.896  49.954 0.0000000000
56577  -28.917  -31.351  50.400 0.0000000000
36683  -15.934  -51.913  57.044 0.0000000000
118394  -3.303  -55.811  61.574 0.0000000000
31120  -3.838  -57.858  59.391 0.0000000000
32296  -6.984  -56.364  57.996 0.0000000000
25350  2.858  -63.007  65.363 0.0000000000
38685  -11.932  -50.730  56.362 0.0000000000
37665  -12.747  -51.257  57.905 0.0000000000
38701  -12.519  -50.082  56.074 0.0000000000
39665  -28.247  -49.228  56.678 0.0000000000
40641  -11.244  -48.477  56.210 0.0000000000
40625  -10.531  -48.230  57.081 0.0000000000
39654  -11.378  -49.412  55.867 0.0000000000
37685  -11.126  -51.254  56.384 0.0000000000
114979  -32.297  -31.509  49.860 0.0000000000
56608  -32.912  -32.504  48.629 0.0000000000
56601  -33.232  -32.100  49.099 0.0000000000
64317  -32.834  -22.438  49.978 0.0000000000
129182  -33.145  -23.983  49.615 0.0000000000
64321  -33.575  -22.761  48.522 0.0000000000
64330  -34.703  -22.512  47.294 0.0000000000
65278  -34.172  -20.942  47.166 0.0000000000
66180  -35.235  -20.015  46.312 0.0000000000
125156  -24.801  -43.046  56.772 0.0000000000
117965  -23.108  -35.901  54.150 0.0000000000
52069  -23.733  -36.185  51.349 0.0000000000
52919  -24.725  -34.706  53.007 0.0000000000
53803  -25.633  -34.216  51.829 0.0000000000
36706  -19.614  -52.549  54.003 0.0000000000
35635  -19.296  -53.656  55.432 0.0000000000
35636  -20.368  -53.432  54.999 0.0000000000
35548  -4.821  -53.223  60.333 0.0000000000
35567  -5.329  -52.871  59.587 0.0000000000
68795  -42.017  -18.014  43.971 0.0000000000
25351  0.689  -62.331  64.555 0.0000000000
43317  -30.588  -45.727  57.030 0.0000000000
45219  -29.589  -43.426  56.142 0.0000000000
37712  -24.126  -51.104  54.821 0.0000000000
37691  -24.889  -51.799  56.066 0.0000000000
39628  -8.714  -48.785  58.725 0.0000000000
39613  -8.072  -49.122  59.380 0.0000000000
38647  -7.359  -49.520  59.876 0.0000000000
38670  -8.074  -50.307  57.961 0.0000000000
37645  -7.739  -51.410  57.611 0.0000000000
37661  -8.456  -51.852  56.807 0.0000000000
36648  -10.685  -52.636  57.892 0.0000000000
36666  -9.709  -52.786  56.873 0.0000000000
130271  -26.336  -47.621  54.527 0.0000000000
41562  -26.888  -47.096  54.361 0.0000000000
42455  -26.289  -46.479  54.910 0.0000000000
41517  -13.854  -46.675  57.605 0.0000000000
41547  -13.801  -47.473  56.013 0.0000000000
42421  -14.838  -46.714  56.592 0.0000000000
40664  -16.529  -48.216  55.000 0.0000000000
40679  -17.253  -49.167  53.970 0.0000000000
38744  -17.593  -50.189  53.747 0.0000000000
39694  -18.464  -49.954  53.980 0.0000000000
39681  -21.578  -48.084  55.581 0.0000000000
39680  -20.933  -48.575  54.941 0.0000000000
39712  -20.913  -49.861  53.498 0.0000000000
39713  -21.799  -49.423  53.419 0.0000000000
39714  -22.449  -49.547  53.460 0.0000000000
40693  -22.551  -48.932  53.719 0.0000000000
41552  -24.744  -47.158  55.083 0.0000000000
41560  -24.462  -47.843  54.758 0.0000000000
41561  -25.501  -47.636  54.651 0.0000000000
39701  -26.528  -48.536  54.825 0.0000000000
115357  -30.260  -34.805  51.136 0.0000000000
53817  -32.027  -34.824  51.463 0.0000000000
129105  -31.627  -34.520  50.695 0.0000000000
54741  -34.236  -33.392  47.662 0.0000000000
123419  -34.608  -34.586  49.080 0.0000000000
58385  -34.409  -28.753  49.787 0.0000000000
58407  -34.612  -29.377  48.081 0.0000000000
59251  -34.347  -28.665  47.946 0.0000000000
60887  -36.037  -26.427  48.719 0.0000000000
59259  -35.998  -28.236  47.454 0.0000000000
59253  -37.237  -28.376  48.485 0.0000000000
58409  -38.214  -29.661  48.550 0.0000000000
67095  -38.982  -19.977  44.592 0.0000000000
67957  -38.671  -18.101  45.466 0.0000000000
67967  -40.403  -18.806  44.623 0.0000000000
31062  -2.628  -57.030  61.806 0.0000000000
29949  -2.307  -57.887  62.044 0.0000000000
29965  -2.139  -58.718  61.308 0.0000000000
26555  -2.770  -61.611  62.516 0.0000000000
25369  -1.683  -62.194  63.543 0.0000000000
43366  -27.628  -45.116  54.167 0.0000000000
42469  -28.442  -45.884  54.455 0.0000000000
43381  -27.967  -44.664  53.905 0.0000000000
45228  -25.946  -43.099  54.011 0.0000000000
46237  -27.266  -42.880  53.923 0.0000000000
46236  -26.344  -42.608  53.865 0.0000000000
46223  -27.500  -42.207  54.452 0.0000000000
47200  -26.064  -41.624  53.811 0.0000000000
49147  -21.695  -39.788  55.844 0.0000000000
50156  -23.008  -38.683  52.395 0.0000000000
48223  -22.452  -40.265  53.266 0.0000000000
48243  -23.828  -40.266  52.664 0.0000000000
49160  -26.104  -40.572  53.674 0.0000000000
113993  -25.940  -40.163  53.043 0.0000000000
120789  -27.104  -40.150  53.952 0.0000000000
50159  -25.662  -39.808  52.041 0.0000000000
133130  -26.153  -37.639  49.452 0.0000000000
50189  -27.122  -38.710  50.010 0.0000000000
50202  -27.394  -38.181  49.463 0.0000000000
49234  -29.230  -39.129  50.331 0.0000000000
51150  -28.474  -37.235  49.437 0.0000000000
52091  -28.656  -36.362  49.723 0.0000000000
128313  -28.075  -35.747  49.654 0.0000000000
55596  -27.458  -32.152  51.729 0.0000000000
117368  -27.610  -32.049  50.506 0.0000000000
56561  -28.125  -30.973  51.322 0.0000000000
38720  -15.635  -50.431  55.621 0.0000000000
37686  -14.790  -50.828  56.915 0.0000000000
37688  -16.403  -51.727  56.287 0.0000000000
33347  -4.620  -56.222  58.519 0.0000000000
126318  -3.810  -56.485  59.594 0.0000000000
31136  -4.547  -57.592  58.839 0.0000000000
34536  -7.590  -54.193  57.005 0.0000000000
34535  -6.736  -54.340  57.261 0.0000000000
126859  -7.722  -55.293  57.731 0.0000000000
116347  -11.986  -51.759  58.160 0.0000000000
37647  -12.674  -51.825  58.711 0.0000000000
37648  -13.371  -51.576  58.418 0.0000000000
36650  -14.787  -52.120  58.478 0.0000000000
38727  -25.911  -49.923  55.611 0.0000000000
37692  -25.677  -51.343  56.396 0.0000000000
40610  -10.195  -47.751  58.270 0.0000000000
40624  -9.750  -48.614  57.539 0.0000000000
39637  -9.414  -49.607  57.049 0.0000000000
37662  -9.067  -51.308  56.650 0.0000000000
38699  -10.484  -50.801  56.205 0.0000000000
37663  -10.562  -51.894  56.643 0.0000000000
42443  -25.133  -46.169  56.085 0.0000000000
42444  -25.854  -46.141  55.809 0.0000000000
40647  -22.050  -47.816  56.096 0.0000000000
40667  -23.136  -47.794  54.748 0.0000000000
41539  -23.653  -46.501  56.342 0.0000000000
55643  -30.788  -32.608  49.804 0.0000000000
53848  -31.857  -33.938  49.408 0.0000000000
55654  -32.260  -33.058  48.821 0.0000000000
54739  -33.045  -33.111  47.996 0.0000000000
55662  -34.732  -31.982  47.193 0.0000000000
60050  -33.631  -27.163  48.985 0.0000000000
61721  -33.266  -25.572  49.633 0.0000000000
61722  -34.180  -25.465  48.865 0.0000000000
61735  -36.402  -25.549  48.531 0.0000000000
61736  -37.406  -25.282  48.540 0.0000000000
62590  -36.577  -24.190  47.742 0.0000000000
64332  -37.019  -22.966  47.169 0.0000000000
64351  -37.965  -22.294  46.450 0.0000000000
66181  -36.720  -20.894  45.859 0.0000000000
67076  -36.371  -18.817  45.861 0.0000000000
28862  -3.680  -59.675  60.347 0.0000000000
27725  -3.205  -60.059  60.760 0.0000000000
27718  -4.375  -60.484  61.146 0.0000000000
45217  -26.584  -43.574  55.949 0.0000000000
44281  -27.286  -43.674  54.189 0.0000000000
45216  -25.780  -43.283  54.975 0.0000000000
46210  -24.386  -42.873  55.709 0.0000000000
46221  -24.111  -42.624  54.899 0.0000000000
50122  -21.921  -38.129  55.387 0.0000000000
51088  -22.262  -37.375  54.928 0.0000000000
51104  -22.579  -37.866  53.002 0.0000000000
50170  -23.433  -38.385  51.800 0.0000000000
50172  -24.927  -39.144  51.201 0.0000000000
51135  -24.253  -37.395  50.551 0.0000000000
51146  -24.799  -36.928  50.014 0.0000000000
52985  -25.571  -35.540  49.870 0.0000000000
52987  -26.914  -35.177  49.639 0.0000000000
52972  -25.855  -34.750  50.278 0.0000000000
37700  -17.371  -51.451  54.583 0.0000000000
36693  -17.035  -52.083  56.036 0.0000000000
35633  -18.018  -52.828  55.635 0.0000000000
33331  -4.318  -55.002  59.581 0.0000000000
126907  -5.212  -56.017  58.110 0.0000000000
27687  -0.207  -60.749  63.027 0.0000000000
27673  0.288  -60.496  63.663 0.0000000000
26537  0.388  -61.096  63.547 0.0000000000
26523  1.577  -61.247  64.881 0.0000000000
26504  2.312  -61.770  65.338 0.0000000000
47164  -28.875  -41.642  57.128 0.0000000000
36709  -22.061  -52.560  54.413 0.0000000000
36696  -21.729  -53.251  54.981 0.0000000000
132546  -6.706  -49.997  60.320 0.0000000000
36622  -6.259  -51.662  58.943 0.0000000000
119401  -5.852  -52.910  58.741 0.0000000000
36645  -6.426  -52.458  58.143 0.0000000000
36664  -7.200  -52.868  57.279 0.0000000000
34537  -8.283  -53.923  56.923 0.0000000000
37682  -9.130  -52.072  56.509 0.0000000000
35601  -9.366  -53.384  57.130 0.0000000000
34519  -8.885  -54.015  57.322 0.0000000000
70473  -41.743  -15.784  43.871 0.0000000000
115365  -28.035  -47.851  55.441 0.0000000000
120005  -28.613  -47.169  55.512 0.0000000000
41553  -27.773  -47.322  54.845 0.0000000000
42468  -27.440  -46.217  54.355 0.0000000000
43349  -27.178  -45.026  55.116 0.0000000000
43332  -26.523  -45.697  55.634 0.0000000000
43333  -26.912  -44.980  56.325 0.0000000000
44272  -27.237  -44.225  55.908 0.0000000000
45206  -26.355  -43.834  57.304 0.0000000000
39672  -12.064  -48.792  55.757 0.0000000000
39655  -13.265  -49.600  56.025 0.0000000000
39674  -13.493  -48.950  55.797 0.0000000000
39675  -14.387  -48.815  55.736 0.0000000000
38732  -15.800  -49.672  54.828 0.0000000000
41538  -16.018  -47.421  55.623 0.0000000000
40677  -16.022  -48.786  54.680 0.0000000000
38733  -16.546  -50.036  54.186 0.0000000000
37707  -17.682  -50.881  53.965 0.0000000000
37708  -18.600  -51.348  53.711 0.0000000000
36718  -19.975  -51.910  53.464 0.0000000000
39678  -19.039  -50.058  54.335 0.0000000000
39695  -19.524  -50.090  53.941 0.0000000000
38747  -20.529  -50.562  53.432 0.0000000000
37718  -21.379  -51.516  53.543 0.0000000000
37719  -22.150  -51.070  53.467 0.0000000000
37711  -23.470  -51.115  54.228 0.0000000000
38736  -24.085  -50.390  54.488 0.0000000000
40682  -23.410  -48.595  54.063 0.0000000000
39698  -23.956  -49.428  54.247 0.0000000000
122474  -25.366  -49.584  55.040 0.0000000000
136142  -25.853  -49.444  55.139 0.0000000000
39683  -27.086  -48.991  55.486 0.0000000000
41515  -11.936  -47.091  56.922 0.0000000000
118179  -32.968  -34.684  49.535 0.0000000000
56610  -34.274  -31.382  47.941 0.0000000000
56618  -34.702  -31.224  47.368 0.0000000000
56619  -35.199  -31.105  46.955 0.0000000000
60071  -34.983  -28.090  47.491 0.0000000000
58416  -36.109  -29.730  46.781 0.0000000000
56621  -36.887  -30.978  47.150 0.0000000000
56612  -38.273  -31.019  48.348 0.0000000000
67097  -41.254  -19.343  44.396 0.0000000000
67968  -41.280  -18.462  44.457 0.0000000000
68789  -40.840  -17.316  45.118 0.0000000000
28822  -1.591  -59.009  62.599 0.0000000000
134205  -1.039  -59.651  62.716 0.0000000000
27715  -1.830  -60.044  61.496 0.0000000000
27701  -1.432  -60.562  62.097 0.0000000000
26553  -0.822  -61.023  62.572 0.0000000000
25368  -0.687  -62.091  63.577 0.0000000000
42456  -28.902  -46.277  55.211 0.0000000000
43350  -29.146  -45.394  54.886 0.0000000000
44283  -29.402  -44.564  54.954 0.0000000000
124861  -27.493  -43.431  53.955 0.0000000000
45237  -28.337  -43.723  53.944 0.0000000000
45231  -29.331  -43.766  55.122 0.0000000000
46225  -28.903  -42.974  55.550 0.0000000000
47181  -27.797  -41.558  55.602 0.0000000000
47162  -27.685  -40.506  56.193 0.0000000000
47161  -22.255  -41.907  56.213 0.0000000000
46233  -23.290  -41.956  54.364 0.0000000000
48222  -21.818  -40.093  53.925 0.0000000000
47216  -22.866  -40.998  53.629 0.0000000000
47198  -23.976  -41.709  53.907 0.0000000000
48208  -26.306  -40.854  53.991 0.0000000000
48191  -27.053  -40.532  55.040 0.0000000000
49219  -26.633  -39.530  51.833 0.0000000000
49220  -27.669  -39.456  51.504 0.0000000000
52081  -30.416  -36.555  51.186 0.0000000000
137545  -29.548  -35.325  50.717 0.0000000000
126911  -29.434  -33.883  50.519 0.0000000000
53846  -27.517  -34.379  49.926 0.0000000000
54715  -28.791  -33.504  50.223 0.0000000000
55642  -29.842  -32.510  50.221 0.0000000000
56578  -29.836  -31.173  50.248 0.0000000000
57551  -31.137  -30.555  50.506 0.0000000000
38687  -14.125  -50.628  57.146 0.0000000000
37650  -14.794  -51.663  57.847 0.0000000000
36684  -16.713  -52.516  56.809 0.0000000000
31080  -2.961  -57.105  60.715 0.0000000000
33304  -3.590  -55.354  61.092 0.0000000000
32238  -3.451  -57.172  59.812 0.0000000000
29994  -3.686  -58.493  59.667 0.0000000000
28875  -4.758  -59.167  59.723 0.0000000000
34517  -6.028  -54.019  57.729 0.0000000000
32310  -5.910  -55.674  57.760 0.0000000000
136171  -6.472  -56.479  57.968 0.0000000000
24231  1.152  -63.813  66.012 0.0000000000
25333  2.651  -62.402  65.375 0.0000000000
26503  2.885  -61.327  65.368 0.0000000000
40651  -28.954  -48.116  56.899 0.0000000000
38700  -11.455  -50.308  55.975 0.0000000000
56581  -32.954  -31.681  50.378 0.0000000000
136678  -32.863  -31.998  49.742 0.0000000000
126842  -33.606  -32.003  49.982 0.0000000000
65253  -33.020  -21.801  49.434 0.0000000000
116756  -32.986  -22.509  49.318 0.0000000000
130714  -33.246  -21.306  48.832 0.0000000000
65265  -33.550  -21.329  47.970 0.0000000000
133969  -33.698  -20.522  47.850 0.0000000000
66172  -34.057  -20.062  47.413 0.0000000000
52044  -23.868  -35.293  53.079 0.0000000000
138225  -20.175  -52.433  53.794 0.0000000000
35648  -19.761  -53.170  54.768 0.0000000000
36707  -20.415  -52.884  54.304 0.0000000000
36590  -5.516  -51.792  60.842 0.0000000000
35549  -5.158  -52.523  60.548 0.0000000000
68803  -41.764  -17.099  44.047 0.0000000000
45220  -30.206  -43.933  56.683 0.0000000000
44273  -29.796  -44.324  55.840 0.0000000000
37702  -24.486  -51.473  55.376 0.0000000000
38671  -8.706  -49.566  57.896 0.0000000000
39627  -8.216  -49.501  58.600 0.0000000000
38659  -7.623  -49.855  58.982 0.0000000000
38683  -8.446  -51.069  57.183 0.0000000000
42466  -26.240  -47.116  54.577 0.0000000000
42420  -14.222  -46.739  56.900 0.0000000000
39676  -17.702  -49.187  54.856 0.0000000000
40665  -17.209  -48.767  54.481 0.0000000000
39693  -17.698  -49.345  54.158 0.0000000000
39677  -18.311  -49.736  54.488 0.0000000000
39697  -21.205  -49.042  53.929 0.0000000000
40692  -21.980  -48.667  53.777 0.0000000000
40681  -22.578  -48.225  54.123 0.0000000000
40684  -26.022  -48.161  54.514 0.0000000000
53830  -30.922  -34.262  51.005 0.0000000000
53831  -31.356  -34.015  50.176 0.0000000000
54742  -35.017  -32.835  47.302 0.0000000000
54729  -35.069  -33.657  47.841 0.0000000000
55657  -36.891  -32.516  47.941 0.0000000000
59241  -33.769  -28.107  49.526 0.0000000000
59242  -34.214  -28.704  48.776 0.0000000000
60051  -36.739  -26.814  49.027 0.0000000000
60066  -36.961  -27.572  48.826 0.0000000000
59243  -37.654  -27.908  49.298 0.0000000000
29966  -2.569  -58.067  60.851 0.0000000000
29981  -2.508  -58.962  60.718 0.0000000000
46235  -25.382  -42.419  53.955 0.0000000000
47201  -26.760  -41.910  54.118 0.0000000000
50157  -23.787  -39.170  52.005 0.0000000000
49199  -23.443  -39.616  52.374 0.0000000000
49200  -24.253  -40.003  52.243 0.0000000000
49179  -24.737  -40.367  52.927 0.0000000000
49201  -25.156  -40.145  52.576 0.0000000000
121786  -26.801  -37.575  49.228 0.0000000000
51149  -27.655  -37.440  49.237 0.0000000000
50203  -28.311  -38.130  49.524 0.0000000000
52090  -27.869  -36.581  49.287 0.0000000000
126267  -27.288  -35.914  49.324 0.0000000000
37687  -15.641  -51.112  56.471 0.0000000000
32293  -5.032  -56.877  58.326 0.0000000000
32272  -4.298  -56.753  58.820 0.0000000000
31137  -5.284  -57.590  58.485 0.0000000000
30008  -5.209  -58.223  58.875 0.0000000000
31121  -6.090  -57.859  58.679 0.0000000000
115097  -7.308  -54.915  57.345 0.0000000000
33350  -8.340  -55.194  58.267 0.0000000000
28821  -1.219  -59.108  63.407 0.0000000000
42445  -29.984  -46.239  56.556 0.0000000000
37649  -14.132  -51.557  58.146 0.0000000000
37630  -13.933  -51.957  58.862 0.0000000000
38712  -26.325  -50.555  56.355 0.0000000000
40594  -10.861  -46.915  59.144 0.0000000000
39638  -10.147  -49.227  56.620 0.0000000000
38698  -9.631  -50.675  56.478 0.0000000000
36668  -11.157  -51.939  57.294 0.0000000000
40648  -22.427  -47.514  56.551 0.0000000000
41522  -23.845  -46.646  57.568 0.0000000000
42442  -24.476  -46.457  55.750 0.0000000000
55644  -31.640  -32.852  49.305 0.0000000000
55645  -32.227  -32.647  49.068 0.0000000000
55655  -32.722  -32.909  48.398 0.0000000000
55656  -33.276  -32.617  47.983 0.0000000000
55661  -33.659  -32.884  47.681 0.0000000000
61710  -32.981  -25.498  50.600 0.0000000000
122189  -33.038  -24.713  50.109 0.0000000000
62579  -34.001  -24.150  48.718 0.0000000000
62570  -33.626  -24.791  49.288 0.0000000000
62571  -34.618  -24.936  48.648 0.0000000000
61723  -35.383  -25.532  48.566 0.0000000000
61734  -35.691  -25.070  48.358 0.0000000000
62581  -36.602  -24.908  48.158 0.0000000000
127130  -35.924  -24.564  47.949 0.0000000000
64348  -35.463  -22.279  46.841 0.0000000000
64331  -35.827  -22.974  47.246 0.0000000000
64349  -36.300  -22.343  46.705 0.0000000000
65280  -36.576  -21.628  46.305 0.0000000000
65281  -37.400  -21.641  45.998 0.0000000000
116900  -35.913  -20.867  46.221 0.0000000000
67074  -35.134  -19.031  46.541 0.0000000000
67075  -35.840  -19.338  45.964 0.0000000000
131322  -25.125  -43.120  55.641 0.0000000000
46209  -23.511  -42.646  55.821 0.0000000000
51105  -22.637  -36.757  53.399 0.0000000000
136796  -22.717  -37.241  52.729 0.0000000000
51112  -23.014  -37.664  52.119 0.0000000000
51124  -23.655  -37.780  51.233 0.0000000000
52056  -23.301  -36.888  51.656 0.0000000000
52970  -24.306  -35.559  50.990 0.0000000000
52078  -24.223  -36.523  50.610 0.0000000000
52079  -24.841  -35.997  50.221 0.0000000000
52088  -25.484  -36.471  49.615 0.0000000000
53816  -26.106  -33.830  51.217 0.0000000000
36694  -17.724  -52.159  55.007 0.0000000000
36695  -18.373  -52.534  54.802 0.0000000000
35634  -18.660  -53.107  55.295 0.0000000000
119937  -4.977  -53.629  59.556 0.0000000000
34490  -4.531  -54.069  60.193 0.0000000000
33348  -4.717  -55.461  58.666 0.0000000000
117255  -5.364  -55.181  58.106 0.0000000000
26505  1.498  -62.062  65.038 0.0000000000
26524  0.861  -61.502  64.298 0.0000000000
45208  -29.810  -42.967  57.209 0.0000000000
121014  -29.359  -42.163  57.373 0.0000000000
37710  -22.134  -51.811  53.939 0.0000000000
38658  -6.979  -50.277  59.536 0.0000000000
37611  -6.434  -50.719  60.124 0.0000000000
37626  -6.620  -51.015  59.253 0.0000000000
36646  -6.898  -51.520  58.347 0.0000000000
36665  -7.827  -52.355  57.073 0.0000000000
36680  -7.825  -53.089  56.857 0.0000000000
35615  -7.858  -53.630  56.866 0.0000000000
35616  -8.351  -53.264  56.811 0.0000000000
37683  -9.764  -51.479  56.428 0.0000000000
35588  -9.966  -53.018  57.545 0.0000000000
40686  -27.186  -47.402  54.520 0.0000000000
42467  -26.803  -46.651  54.419 0.0000000000
129500  -26.169  -45.801  56.638 0.0000000000
44264  -27.011  -44.344  57.020 0.0000000000
45218  -27.036  -43.919  56.639 0.0000000000
40643  -12.475  -48.040  55.930 0.0000000000
40660  -12.915  -48.491  55.794 0.0000000000
40644  -13.133  -47.713  55.969 0.0000000000
41548  -14.443  -47.514  55.806 0.0000000000
40662  -14.776  -48.050  55.489 0.0000000000
118247  -15.251  -48.803  55.279 0.0000000000
40678  -16.738  -48.913  54.226 0.0000000000
39692  -16.423  -49.417  54.282 0.0000000000
37706  -16.948  -50.712  54.336 0.0000000000
38734  -17.101  -50.251  53.889 0.0000000000
132394  -18.287  -50.246  53.730 0.0000000000
38745  -18.192  -50.661  53.709 0.0000000000
36717  -19.270  -51.875  53.655 0.0000000000
37716  -19.419  -51.282  53.412 0.0000000000
38724  -20.369  -49.519  55.693 0.0000000000
39679  -19.813  -49.864  54.670 0.0000000000
38722  -19.010  -50.173  55.215 0.0000000000
39696  -20.359  -49.724  53.927 0.0000000000
116320  -20.904  -50.926  53.354 0.0000000000
126669  -21.582  -50.769  53.341 0.0000000000
37720  -22.796  -50.666  53.612 0.0000000000
38735  -23.426  -50.147  53.909 0.0000000000
115679  -23.842  -48.121  54.582 0.0000000000
119356  -25.185  -48.418  54.631 0.0000000000
40683  -24.281  -48.643  54.478 0.0000000000
39699  -24.861  -49.123  54.641 0.0000000000
38737  -24.675  -49.904  54.795 0.0000000000
40649  -27.948  -48.651  55.883 0.0000000000
41516  -12.735  -46.766  57.470 0.0000000000
40642  -11.859  -47.856  56.268 0.0000000000
52070  -31.023  -36.239  51.974 0.0000000000
52954  -32.632  -35.055  52.105 0.0000000000
53865  -32.585  -34.133  48.751 0.0000000000
53849  -32.106  -34.380  49.742 0.0000000000
53850  -33.621  -34.423  48.702 0.0000000000
56602  -35.012  -31.145  49.382 0.0000000000
116763  -34.073  -31.644  48.930 0.0000000000
123188  -34.775  -30.769  48.447 0.0000000000
57571  -34.905  -30.306  47.714 0.0000000000
57576  -35.177  -30.276  47.138 0.0000000000
132952  -34.194  -27.478  48.358 0.0000000000
60065  -34.931  -27.399  47.912 0.0000000000
59260  -36.670  -28.706  47.625 0.0000000000
121855  -36.025  -28.931  46.950 0.0000000000
57578  -36.273  -30.449  46.814 0.0000000000
135941  -37.325  -30.545  47.378 0.0000000000
56611  -37.775  -30.928  47.784 0.0000000000
57572  -37.623  -30.049  47.684 0.0000000000
57566  -38.889  -30.113  49.033 0.0000000000
66193  -38.465  -20.743  44.927 0.0000000000
124008  -39.775  -20.296  44.466 0.0000000000
120785  -40.597  -20.809  44.492 0.0000000000
67959  -40.072  -18.084  45.010 0.0000000000
68793  -40.677  -17.991  44.771 0.0000000000
29948  -1.958  -58.574  62.093 0.0000000000
29933  -2.140  -58.019  63.036 0.0000000000
28837  -1.314  -59.843  62.055 0.0000000000
27717  -3.339  -60.562  61.234 0.0000000000
27716  -2.574  -60.100  61.100 0.0000000000
27702  -2.336  -60.788  61.720 0.0000000000
26554  -1.661  -61.292  62.345 0.0000000000
26539  -1.092  -61.649  62.897 0.0000000000
25353  -1.339  -62.694  64.304 0.0000000000
43368  -28.539  -45.225  54.293 0.0000000000
45229  -26.657  -43.370  54.557 0.0000000000
45236  -27.844  -43.566  53.847 0.0000000000
45238  -28.948  -44.029  54.357 0.0000000000
46239  -28.645  -43.351  54.558 0.0000000000
46224  -28.209  -42.521  54.904 0.0000000000
47160  -21.788  -41.213  56.130 0.0000000000
47178  -22.127  -41.697  55.470 0.0000000000
124178  -22.712  -42.272  55.672 0.0000000000
125214  -22.616  -41.991  54.865 0.0000000000
50137  -22.050  -38.286  54.450 0.0000000000
120073  -21.861  -38.897  54.905 0.0000000000
49159  -21.869  -39.226  54.109 0.0000000000
48224  -23.305  -40.604  53.086 0.0000000000
47217  -23.730  -41.131  53.537 0.0000000000
47197  -23.304  -41.482  53.935 0.0000000000
48206  -24.673  -41.243  53.547 0.0000000000
49149  -27.262  -40.124  55.821 0.0000000000
49182  -27.327  -39.990  53.269 0.0000000000
50173  -25.922  -39.167  51.137 0.0000000000
50175  -27.762  -39.027  50.517 0.0000000000
128022  -28.584  -39.665  51.512 0.0000000000
50192  -29.815  -38.537  50.307 0.0000000000
49235  -30.003  -39.360  50.645 0.0000000000
50176  -30.524  -38.692  50.740 0.0000000000
51138  -30.293  -37.673  50.695 0.0000000000
127771  -28.862  -35.371  50.168 0.0000000000
52092  -29.319  -36.141  50.304 0.0000000000
53829  -29.491  -34.563  50.696 0.0000000000
53847  -28.818  -34.394  50.259 0.0000000000
53845  -26.697  -34.340  50.074 0.0000000000
54713  -27.346  -33.505  50.150 0.0000000000
55625  -28.174  -31.953  50.226 0.0000000000
55640  -27.743  -32.690  50.173 0.0000000000
55641  -28.399  -32.718  50.151 0.0000000000
121975  -29.127  -32.814  50.225 0.0000000000
55626  -28.955  -32.143  50.210 0.0000000000
56597  -29.573  -31.759  50.190 0.0000000000
57550  -30.158  -30.588  50.519 0.0000000000
38703  -14.381  -50.170  56.596 0.0000000000
37668  -15.169  -51.464  57.268 0.0000000000
36669  -15.401  -52.071  57.750 0.0000000000
36685  -17.403  -52.730  56.240 0.0000000000
35617  -17.288  -53.144  56.860 0.0000000000
120363  -21.006  -53.722  55.298 0.0000000000
31081  -3.013  -56.276  61.623 0.0000000000
33316  -3.947  -54.683  60.582 0.0000000000
129020  -4.015  -57.210  59.259 0.0000000000
31100  -3.184  -57.972  59.976 0.0000000000
28874  -3.965  -59.098  59.780 0.0000000000
29995  -4.404  -58.476  59.306 0.0000000000
35585  -6.053  -53.304  58.052 0.0000000000
33368  -6.587  -55.263  57.513 0.0000000000
32295  -6.486  -56.014  57.746 0.0000000000
24235  1.919  -63.330  65.448 0.0000000000
25349  3.191  -62.065  65.217 0.0000000000
38686  -12.748  -50.691  56.930 0.0000000000
39664  -27.551  -49.506  56.246 0.0000000000
40626  -11.298  -47.588  57.013 0.0000000000
134868  -10.761  -49.057  56.267 0.0000000000
39653  -10.722  -49.898  56.018 0.0000000000
41523  -24.902  -46.417  57.932 0.0000000000
135366  -31.884  -31.652  49.661 0.0000000000
56600  -32.362  -32.123  49.390 0.0000000000
56609  -33.571  -32.119  48.265 0.0000000000
63458  -32.848  -23.134  49.882 0.0000000000
62578  -33.368  -23.323  49.090 0.0000000000
63463  -33.973  -23.425  48.424 0.0000000000
133724  -35.019  -23.249  47.584 0.0000000000
63471  -34.268  -23.028  47.899 0.0000000000
65266  -34.143  -21.786  47.322 0.0000000000
122528  -35.035  -20.913  46.600 0.0000000000
66179  -34.540  -20.284  46.820 0.0000000000
67066  -34.545  -19.557  46.937 0.0000000000
46200  -24.228  -43.199  57.788 0.0000000000
46199  -23.321  -42.835  57.791 0.0000000000
52057  -23.355  -36.001  52.234 0.0000000000
52951  -23.982  -35.304  52.009 0.0000000000
52952  -24.809  -34.706  51.679 0.0000000000
132676  -25.333  -34.425  52.548 0.0000000000
36705  -18.799  -52.215  54.088 0.0000000000
35647  -19.083  -52.879  54.718 0.0000000000
138510  -19.879  -53.588  55.186 0.0000000000
34562  -20.198  -53.983  55.577 0.0000000000
35566  -5.460  -53.630  58.620 0.0000000000
131544  -42.554  -18.644  44.003 0.0000000000
25352  -0.258  -62.555  64.343 0.0000000000
25335  1.083  -62.853  65.296 0.0000000000
37701  -23.819  -51.788  54.944 0.0000000000
36698  -23.463  -52.558  55.275 0.0000000000
36699  -24.221  -52.211  55.649 0.0000000000
36687  -24.622  -52.583  56.321 0.0000000000
120953  -9.185  -48.050  59.242 0.0000000000
39614  -8.580  -48.304  59.662 0.0000000000
36667  -10.358  -52.477  57.001 0.0000000000
40685  -26.703  -47.805  54.545 0.0000000000
41535  -13.470  -47.031  56.609 0.0000000000
41536  -14.261  -47.085  56.302 0.0000000000
127603  -14.814  -47.031  55.988 0.0000000000
40645  -16.760  -47.786  55.939 0.0000000000
40646  -17.199  -48.520  55.376 0.0000000000
39709  -17.669  -49.668  53.829 0.0000000000
39710  -19.149  -50.414  53.717 0.0000000000
39660  -21.085  -48.846  56.348 0.0000000000
38749  -22.147  -50.238  53.246 0.0000000000
41551  -23.936  -46.993  55.335 0.0000000000
128185  -31.270  -35.263  51.810 0.0000000000
52973  -31.118  -34.806  51.318 0.0000000000
53832  -32.494  -34.731  50.501 0.0000000000
53875  -33.784  -33.926  48.086 0.0000000000
53867  -34.446  -34.108  48.258 0.0000000000
58401  -34.816  -29.464  48.954 0.0000000000
129452  -35.070  -30.020  48.371 0.0000000000
60901  -35.300  -26.713  48.435 0.0000000000
118344  -36.001  -27.312  48.188 0.0000000000
59252  -36.567  -28.054  48.097 0.0000000000
58408  -37.455  -29.180  48.064 0.0000000000
59244  -38.014  -28.755  49.028 0.0000000000
67087  -37.426  -19.592  45.313 0.0000000000
66205  -38.217  -19.776  44.974 0.0000000000
67088  -38.833  -19.089  44.943 0.0000000000
67966  -39.648  -19.403  44.585 0.0000000000
67958  -39.523  -18.495  44.979 0.0000000000
68787  -39.587  -17.704  45.637 0.0000000000
136219  -27.899  -46.207  54.292 0.0000000000
43367  -27.984  -45.421  54.131 0.0000000000
44291  -28.275  -44.724  53.966 0.0000000000
48190  -21.680  -40.516  55.534 0.0000000000
50155  -22.459  -38.836  52.956 0.0000000000
49178  -22.139  -39.453  53.350 0.0000000000
49198  -22.698  -39.514  52.804 0.0000000000
48242  -23.060  -40.103  52.718 0.0000000000
48226  -25.040  -40.683  53.314 0.0000000000
49180  -25.573  -40.432  53.297 0.0000000000
119104  -26.205  -40.434  53.550 0.0000000000
49181  -26.588  -40.219  53.513 0.0000000000
49202  -26.527  -39.946  52.737 0.0000000000
50200  -25.777  -38.043  49.896 0.0000000000
50188  -26.261  -38.667  50.308 0.0000000000
50201  -26.584  -38.189  49.641 0.0000000000
50190  -28.504  -38.848  50.012 0.0000000000
50191  -29.095  -38.411  49.867 0.0000000000
50204  -28.954  -37.735  49.643 0.0000000000
51151  -29.169  -37.012  49.859 0.0000000000
55612  -27.197  -32.379  50.951 0.0000000000
54699  -27.299  -32.870  50.517 0.0000000000
56576  -28.097  -31.361  50.646 0.0000000000
57532  -28.749  -30.764  50.899 0.0000000000
57549  -29.399  -30.745  50.565 0.0000000000
38719  -14.902  -49.690  55.793 0.0000000000
38704  -15.060  -50.444  56.305 0.0000000000
33330  -4.158  -55.906  59.128 0.0000000000
35599  -7.303  -53.611  57.044 0.0000000000
33369  -7.150  -55.695  57.640 0.0000000000
43335  -30.103  -45.578  56.313 0.0000000000
36649  -11.357  -52.294  58.638 0.0000000000
37646  -11.987  -52.216  59.176 0.0000000000
37629  -13.230  -52.036  59.131 0.0000000000
38711  -25.634  -50.623  55.926 0.0000000000
40593  -9.994  -47.310  59.443 0.0000000000
40609  -9.459  -48.235  58.513 0.0000000000
131520  -9.148  -48.913  57.916 0.0000000000
37684  -10.338  -51.524  56.426 0.0000000000
42423  -25.561  -45.991  57.048 0.0000000000
40666  -22.297  -47.700  54.922 0.0000000000
123202  -22.554  -47.422  55.486 0.0000000000
41550  -23.074  -47.100  55.696 0.0000000000
133343  -30.353  -33.129  50.201 0.0000000000
54716  -31.229  -33.413  49.782 0.0000000000
53864  -32.057  -33.475  49.056 0.0000000000
54727  -32.618  -33.383  48.471 0.0000000000
54740  -33.458  -33.481  47.927 0.0000000000
60049  -33.556  -27.501  49.485 0.0000000000
60884  -33.161  -26.630  49.960 0.0000000000
60885  -33.719  -26.238  48.962 0.0000000000
60886  -35.056  -26.058  48.691 0.0000000000
114809  -36.147  -25.967  48.753 0.0000000000
61724  -36.963  -25.950  48.909 0.0000000000
62582  -37.383  -24.413  48.032 0.0000000000
62589  -35.658  -23.850  47.685 0.0000000000
63472  -36.508  -23.504  47.486 0.0000000000
63473  -37.284  -23.657  47.633 0.0000000000
136599  -37.318  -20.863  45.553 0.0000000000
130808  -36.945  -20.237  45.428 0.0000000000
66191  -36.139  -20.151  45.728 0.0000000000
67086  -36.624  -19.501  45.595 0.0000000000
126975  -37.140  -18.711  45.652 0.0000000000
28861  -2.888  -59.558  60.675 0.0000000000
45230  -27.165  -43.792  55.367 0.0000000000
46222  -24.983  -43.004  54.560 0.0000000000
51098  -22.289  -37.535  53.939 0.0000000000
51099  -22.636  -36.622  54.498 0.0000000000
50171  -24.060  -38.753  51.434 0.0000000000
50186  -24.437  -38.271  50.739 0.0000000000
52068  -23.763  -36.972  51.004 0.0000000000
51136  -24.947  -37.771  50.129 0.0000000000
51147  -25.503  -37.321  49.616 0.0000000000
51148  -26.154  -36.988  49.221 0.0000000000
125759  -26.344  -36.003  49.379 0.0000000000
52986  -26.247  -35.171  49.796 0.0000000000
53828  -26.281  -34.008  50.634 0.0000000000
53815  -25.527  -34.377  50.983 0.0000000000
54691  -26.778  -33.260  50.917 0.0000000000
54692  -27.037  -32.946  51.584 0.0000000000
37699  -16.805  -51.209  55.035 0.0000000000
134695  -16.748  -51.594  55.659 0.0000000000
118237  -17.202  -51.810  55.319 0.0000000000
136974  -17.474  -52.347  55.643 0.0000000000
35618  -17.853  -53.385  56.405 0.0000000000
35619  -18.494  -53.587  55.895 0.0000000000
34504  -9.002  -54.953  59.034 0.0000000000
27672  0.875  -60.910  64.202 0.0000000000
27653  1.441  -60.538  64.884 0.0000000000
27652  2.292  -60.710  65.256 0.0000000000
59223  -33.867  -28.052  50.363 0.0000000000
118307  -28.720  -41.011  57.201 0.0000000000
36708  -21.257  -52.783  54.324 0.0000000000
131515  -6.223  -50.426  60.923 0.0000000000
37610  -5.990  -51.488  59.890 0.0000000000
36621  -5.788  -52.201  59.201 0.0000000000
138220  -7.218  -52.123  57.646 0.0000000000
36681  -9.065  -52.820  56.691 0.0000000000
35600  -8.777  -53.496  56.924 0.0000000000
35586  -8.937  -54.524  58.138 0.0000000000
69660  -41.614  -16.386  44.105 0.0000000000
40669  -28.563  -47.937  56.151 0.0000000000
41563  -27.502  -46.795  54.449 0.0000000000
43315  -26.447  -45.601  56.907 0.0000000000
45198  -26.097  -44.025  58.447 0.0000000000
39673  -12.688  -49.273  55.766 0.0000000000
40661  -13.829  -48.132  55.748 0.0000000000
41519  -15.565  -46.717  57.060 0.0000000000
41537  -15.452  -46.932  56.132 0.0000000000
40663  -15.619  -48.038  55.193 0.0000000000
38721  -16.303  -50.529  54.871 0.0000000000
39711  -20.081  -50.304  53.664 0.0000000000
38746  -19.696  -50.765  53.420 0.0000000000
37717  -20.159  -51.146  53.302 0.0000000000
120597  -20.608  -51.538  53.439 0.0000000000
37709  -21.522  -52.202  53.983 0.0000000000
115550  -22.725  -51.371  53.886 0.0000000000
38725  -24.624  -50.704  55.109 0.0000000000
38726  -25.211  -50.292  55.383 0.0000000000
39682  -26.336  -49.303  55.231 0.0000000000
40612  -11.715  -46.641  58.854 0.0000000000
41502  -11.775  -46.865  57.790 0.0000000000
125575  -31.801  -35.475  52.230 0.0000000000
55663  -35.479  -31.895  47.124 0.0000000000
59250  -33.848  -28.017  48.665 0.0000000000
60064  -34.404  -28.041  47.832 0.0000000000
59257  -34.872  -28.621  47.409 0.0000000000
60072  -35.456  -27.915  47.562 0.0000000000
59258  -35.443  -28.523  47.216 0.0000000000
58415  -35.414  -29.338  46.960 0.0000000000
57577  -35.634  -30.309  46.795 0.0000000000
56620  -35.944  -31.082  46.861 0.0000000000
55664  -36.417  -31.807  47.350 0.0000000000
132759  -37.595  -32.341  48.319 0.0000000000
57573  -38.293  -30.444  48.357 0.0000000000
67969  -41.981  -18.929  44.270 0.0000000000
68794  -41.304  -17.631  44.473 0.0000000000
69648  -41.123  -16.725  45.662 0.0000000000
128390  -1.701  -58.446  63.463 0.0000000000
28851  -2.248  -59.484  61.099 0.0000000000
27688  -0.842  -60.300  62.588 0.0000000000
26538  -0.270  -61.360  63.126 0.0000000000
43351  -29.791  -45.133  55.685 0.0000000000
44290  -27.746  -44.117  53.860 0.0000000000
44301  -28.068  -44.174  53.768 0.0000000000
129024  -28.499  -44.259  53.989 0.0000000000
46212  -28.462  -42.074  56.121 0.0000000000
47163  -28.282  -41.200  56.618 0.0000000000
46198  -22.808  -42.471  56.769 0.0000000000
47148  -22.132  -41.648  56.982 0.0000000000
46220  -23.302  -42.428  54.962 0.0000000000
46234  -24.005  -42.243  54.388 0.0000000000
49158  -21.660  -39.772  54.907 0.0000000000
48204  -21.797  -40.656  54.687 0.0000000000
48205  -22.185  -40.827  54.019 0.0000000000
47195  -22.112  -41.357  54.728 0.0000000000
47196  -22.667  -41.476  54.248 0.0000000000
121866  -24.671  -41.949  53.957 0.0000000000
47199  -25.373  -41.479  53.685 0.0000000000
47179  -26.698  -40.962  54.855 0.0000000000
48207  -25.546  -40.834  53.557 0.0000000000
48192  -27.082  -40.308  55.721 0.0000000000
48181  -28.352  -40.601  56.890 0.0000000000
50174  -26.894  -39.104  50.895 0.0000000000
51125  -30.850  -37.275  51.426 0.0000000000
52080  -29.795  -36.829  50.480 0.0000000000
117754  -29.955  -35.836  50.981 0.0000000000
134378  -27.567  -35.249  49.699 0.0000000000
54714  -27.954  -33.448  50.058 0.0000000000
135872  -28.210  -34.119  50.060 0.0000000000
54700  -29.675  -33.271  50.377 0.0000000000
56598  -30.353  -31.824  50.002 0.0000000000
56579  -30.720  -31.135  50.000 0.0000000000
56580  -31.607  -31.202  49.925 0.0000000000
57552  -32.254  -30.885  50.570 0.0000000000
38702  -13.567  -50.204  56.723 0.0000000000
37667  -14.422  -51.167  57.517 0.0000000000
35603  -16.776  -53.324  57.552 0.0000000000
35602  -16.093  -52.620  57.580 0.0000000000
130629  -16.138  -53.145  58.082 0.0000000000
35649  -20.960  -53.257  54.757 0.0000000000
32239  -3.427  -56.250  60.647 0.0000000000
135081  -4.393  -59.542  60.122 0.0000000000
34516  -5.500  -54.442  58.082 0.0000000000
34534  -6.028  -54.853  57.654 0.0000000000
32294  -5.880  -56.498  57.967 0.0000000000
33349  -7.750  -55.971  58.249 0.0000000000
31138  -6.528  -56.994  58.285 0.0000000000
69661  -42.082  -16.451  43.729 0.0000000000
25326  1.199  -63.384  65.697 0.0000000000
24237  3.269  -62.852  65.050 0.0000000000
135634  3.468  -61.774  64.877 0.0000000000
26502  3.125  -61.362  65.246 0.0000000000
38750  -22.787  -49.999  53.487 0.0000000000
54728  -32.959  -33.623  48.215 0.0000000000
57579  -36.868  -30.197  47.077 0.0000000000
63464  -34.652  -23.748  48.007 0.0000000000
64328  -33.203  -21.967  48.635 0.0000000000
64329  -33.802  -22.263  47.858 0.0000000000
65267  -34.833  -21.724  46.839 0.0000000000
66150  -33.452  -20.972  49.464 0.0000000000
66163  -33.812  -19.938  48.230 0.0000000000
67064  -34.277  -19.393  47.765 0.0000000000
67938  -34.725  -18.825  47.321 0.0000000000
123737  -34.330  -32.665  47.432 0.0000000000
133889  -27.840  -38.639  49.790 0.0000000000
138274  -36.683  -26.294  48.963 0.0000000000
