#!ascii label  , from subject sub-v1s0x0050660_ses-1 vox2ras=TkReg
896
102443  46.358  27.342  50.522 0.0000000000
104994  47.299  31.428  52.354 0.0000000000
98953  52.630  22.361  51.109 0.0000000000
100391  42.635  24.405  50.492 0.0000000000
98968  46.219  22.004  50.535 0.0000000000
105719  45.659  32.700  46.439 0.0000000000
128792  42.649  28.509  53.195 0.0000000000
106357  43.187  33.537  49.480 0.0000000000
94361  51.145  16.513  52.892 0.0000000000
95953  51.356  18.726  47.345 0.0000000000
104391  49.625  31.076  49.438 0.0000000000
101101  53.029  26.398  46.706 0.0000000000
120050  50.418  27.137  52.253 0.0000000000
98931  49.240  22.784  55.459 0.0000000000
107702  44.439  35.396  45.125 0.0000000000
107642  48.175  36.501  49.049 0.0000000000
98278  50.367  21.537  47.701 0.0000000000
101074  44.122  25.828  50.943 0.0000000000
120901  43.869  22.992  50.778 0.0000000000
100378  46.462  24.464  51.305 0.0000000000
103746  45.745  29.896  48.489 0.0000000000
121825  44.209  28.781  49.665 0.0000000000
104995  40.091  31.154  52.601 0.0000000000
123203  52.949  14.358  55.301 0.0000000000
93525  53.933  15.069  51.382 0.0000000000
92660  51.536  13.693  52.791 0.0000000000
107096  48.339  33.943  40.779 0.0000000000
105006  49.615  31.938  51.497 0.0000000000
129093  50.903  29.847  50.136 0.0000000000
103697  49.238  29.867  53.218 0.0000000000
100984  46.784  25.848  60.519 0.0000000000
101010  48.913  25.630  57.369 0.0000000000
98897  48.562  23.400  58.333 0.0000000000
97418  48.762  21.071  56.109 0.0000000000
105694  45.557  32.757  50.711 0.0000000000
142343  45.390  35.077  48.860 0.0000000000
106338  48.347  34.837  51.098 0.0000000000
105706  48.722  33.439  50.120 0.0000000000
101065  54.034  25.098  48.189 0.0000000000
98962  51.667  23.148  49.328 0.0000000000
98264  53.946  21.786  47.797 0.0000000000
97482  43.949  20.537  49.201 0.0000000000
97517  45.024  21.107  47.566 0.0000000000
106392  48.326  33.550  43.787 0.0000000000
105080  44.787  31.048  42.702 0.0000000000
104368  45.293  29.971  52.162 0.0000000000
102425  46.671  28.342  53.818 0.0000000000
130383  38.416  33.827  48.967 0.0000000000
137531  40.951  34.498  48.127 0.0000000000
105013  42.550  31.062  51.025 0.0000000000
96716  50.836  19.832  51.335 0.0000000000
96720  54.196  20.063  48.876 0.0000000000
95136  53.687  17.734  50.313 0.0000000000
94380  51.372  16.599  48.694 0.0000000000
103124  47.721  28.984  48.643 0.0000000000
101764  49.236  27.339  49.104 0.0000000000
103123  51.563  28.731  47.470 0.0000000000
101751  52.277  26.953  49.989 0.0000000000
100374  52.148  24.573  51.653 0.0000000000
102393  49.004  27.406  55.135 0.0000000000
101043  50.278  25.118  54.203 0.0000000000
136634  50.409  22.740  52.792 0.0000000000
96707  48.465  19.675  53.275 0.0000000000
95099  49.581  17.978  55.793 0.0000000000
134927  45.318  34.961  41.881 0.0000000000
123390  49.638  36.210  43.504 0.0000000000
108298  47.200  37.495  46.282 0.0000000000
107031  49.422  35.884  45.251 0.0000000000
107010  47.300  34.793  47.418 0.0000000000
105043  46.931  31.608  48.234 0.0000000000
100375  49.152  24.140  50.992 0.0000000000
98247  48.439  21.519  49.663 0.0000000000
99011  46.905  23.057  45.469 0.0000000000
97524  51.679  21.408  45.159 0.0000000000
102444  45.403  27.145  50.710 0.0000000000
101061  45.527  25.469  51.244 0.0000000000
101756  46.796  26.543  50.862 0.0000000000
103116  45.897  28.745  49.539 0.0000000000
103734  44.476  29.403  49.220 0.0000000000
103117  44.943  28.400  50.008 0.0000000000
102445  43.862  27.158  50.479 0.0000000000
92607  53.018  13.515  56.395 0.0000000000
92632  53.624  13.466  54.442 0.0000000000
120018  52.808  12.831  55.140 0.0000000000
125349  42.835  20.978  45.554 0.0000000000
104992  49.074  31.959  52.292 0.0000000000
104364  49.577  30.550  52.299 0.0000000000
104365  48.375  30.827  53.116 0.0000000000
99616  46.377  24.481  59.474 0.0000000000
99601  48.033  24.427  59.540 0.0000000000
105009  46.594  31.629  51.842 0.0000000000
105693  46.704  33.301  51.166 0.0000000000
105681  48.180  33.042  51.794 0.0000000000
134533  48.915  33.213  51.428 0.0000000000
99693  53.880  23.262  49.513 0.0000000000
99731  54.238  23.762  47.600 0.0000000000
98986  54.327  22.807  48.503 0.0000000000
120261  41.536  22.821  50.402 0.0000000000
98971  42.346  22.817  50.451 0.0000000000
136240  45.567  22.434  50.752 0.0000000000
98225  44.383  21.665  50.303 0.0000000000
122054  44.831  21.230  49.922 0.0000000000
97505  44.514  20.617  48.437 0.0000000000
97504  45.374  20.868  48.535 0.0000000000
106385  46.077  33.142  45.306 0.0000000000
105749  45.993  32.304  42.848 0.0000000000
105732  44.989  32.441  44.296 0.0000000000
101084  42.176  25.720  50.150 0.0000000000
122577  41.317  24.450  50.101 0.0000000000
136723  43.841  29.185  52.463 0.0000000000
103092  44.776  28.532  53.075 0.0000000000
103093  43.314  28.100  53.456 0.0000000000
137633  40.925  29.867  52.756 0.0000000000
142935  41.078  30.789  51.580 0.0000000000
103724  42.542  29.633  52.151 0.0000000000
104381  43.987  30.446  51.501 0.0000000000
95918  50.518  18.475  51.645 0.0000000000
95917  52.509  18.609  50.807 0.0000000000
95129  52.729  17.257  51.362 0.0000000000
124482  52.731  14.879  50.445 0.0000000000
93542  53.336  15.758  50.370 0.0000000000
93550  51.587  14.675  48.505 0.0000000000
103743  49.415  29.652  48.425 0.0000000000
137206  49.977  28.939  47.998 0.0000000000
103742  50.553  29.624  48.252 0.0000000000
102430  50.310  27.984  51.881 0.0000000000
102439  51.815  28.505  49.031 0.0000000000
101744  51.278  26.832  51.347 0.0000000000
101067  52.506  25.962  50.265 0.0000000000
101057  51.357  25.910  51.802 0.0000000000
102396  47.088  27.313  55.397 0.0000000000
103078  48.083  28.651  54.581 0.0000000000
102381  48.072  27.262  56.379 0.0000000000
99651  49.633  23.872  56.152 0.0000000000
101038  49.846  25.032  55.458 0.0000000000
99668  49.988  23.869  54.725 0.0000000000
99673  50.329  23.796  53.764 0.0000000000
98943  49.133  22.365  53.698 0.0000000000
98210  48.709  21.010  52.860 0.0000000000
98191  48.589  21.425  54.662 0.0000000000
136685  48.789  19.382  57.017 0.0000000000
95884  49.125  18.885  55.983 0.0000000000
107067  44.551  34.653  43.590 0.0000000000
107079  47.004  34.730  42.379 0.0000000000
107047  46.522  35.467  44.479 0.0000000000
106369  42.087  34.360  48.620 0.0000000000
107663  41.794  35.401  47.235 0.0000000000
106995  43.494  34.823  48.467 0.0000000000
107633  47.935  36.388  49.500 0.0000000000
107644  46.395  36.923  47.848 0.0000000000
108281  47.498  37.467  47.136 0.0000000000
108297  48.110  37.128  45.997 0.0000000000
107672  48.133  36.819  46.882 0.0000000000
107032  48.324  35.480  45.907 0.0000000000
107009  48.002  35.928  48.035 0.0000000000
105038  49.403  31.985  49.902 0.0000000000
105707  47.994  32.980  49.293 0.0000000000
105041  48.532  31.291  49.128 0.0000000000
104396  47.894  30.454  48.543 0.0000000000
101752  50.670  26.797  48.159 0.0000000000
101069  49.301  25.832  50.111 0.0000000000
100408  51.206  25.341  48.839 0.0000000000
132603  51.288  21.493  48.545 0.0000000000
128998  50.084  21.980  49.793 0.0000000000
140966  49.434  21.524  48.535 0.0000000000
98279  47.531  22.252  47.136 0.0000000000
99004  48.435  22.970  46.102 0.0000000000
96747  53.735  19.709  47.042 0.0000000000
135626  53.747  20.051  46.750 0.0000000000
96759  52.054  19.845  46.354 0.0000000000
100390  43.376  24.763  50.731 0.0000000000
99699  43.440  23.791  50.755 0.0000000000
100389  44.156  24.407  50.975 0.0000000000
99690  45.032  24.119  51.088 0.0000000000
98958  46.310  22.835  51.052 0.0000000000
105049  45.714  31.604  47.333 0.0000000000
101758  43.542  26.318  50.565 0.0000000000
94340  51.425  15.818  54.343 0.0000000000
144256  53.222  16.076  52.214 0.0000000000
93515  53.736  14.594  53.479 0.0000000000
91887  54.022  13.865  52.650 0.0000000000
105037  49.954  31.698  50.186 0.0000000000
103728  50.636  30.489  49.865 0.0000000000
103722  50.268  30.398  51.156 0.0000000000
120689  49.805  29.636  52.158 0.0000000000
119709  49.663  27.989  52.962 0.0000000000
101682  46.829  26.291  59.186 0.0000000000
101693  47.845  26.561  57.957 0.0000000000
132231  48.360  25.448  59.058 0.0000000000
100313  48.996  24.242  58.626 0.0000000000
99634  49.332  22.930  57.251 0.0000000000
98179  48.946  21.488  55.980 0.0000000000
98169  48.711  21.830  56.886 0.0000000000
97415  47.951  20.150  56.849 0.0000000000
96670  47.820  19.524  57.065 0.0000000000
107704  42.664  34.980  44.968 0.0000000000
105695  44.165  32.901  50.151 0.0000000000
106994  44.464  34.872  48.647 0.0000000000
106355  45.451  34.026  49.921 0.0000000000
106967  46.735  34.679  50.339 0.0000000000
107624  48.357  35.765  50.200 0.0000000000
106973  48.487  35.295  49.733 0.0000000000
106337  48.615  34.732  50.685 0.0000000000
105028  49.553  32.444  50.616 0.0000000000
101100  53.519  25.886  46.944 0.0000000000
123115  51.954  24.836  48.556 0.0000000000
100406  53.552  24.258  47.609 0.0000000000
98987  53.370  22.201  48.045 0.0000000000
98265  52.272  21.328  47.788 0.0000000000
95955  49.831  18.403  46.867 0.0000000000
96772  50.120  19.671  46.205 0.0000000000
97485  41.456  20.256  49.314 0.0000000000
98970  42.902  22.110  50.401 0.0000000000
140376  42.698  20.613  49.563 0.0000000000
97507  41.758  20.095  48.444 0.0000000000
97518  43.137  20.597  47.387 0.0000000000
97526  42.952  21.011  46.307 0.0000000000
97536  43.573  21.378  45.681 0.0000000000
105078  47.657  32.067  42.190 0.0000000000
105091  46.229  30.968  41.747 0.0000000000
104367  46.322  30.291  52.446 0.0000000000
103714  47.787  30.174  53.438 0.0000000000
103700  46.447  29.027  53.256 0.0000000000
102426  45.814  27.720  53.977 0.0000000000
101721  45.557  26.783  55.316 0.0000000000
119364  45.409  26.039  57.316 0.0000000000
121414  45.341  26.349  60.383 0.0000000000
106999  39.594  34.066  48.223 0.0000000000
106359  41.062  33.634  49.259 0.0000000000
105710  41.695  33.158  49.653 0.0000000000
105696  42.844  32.343  50.239 0.0000000000
105030  44.101  31.735  50.712 0.0000000000
105010  45.511  31.363  51.428 0.0000000000
138972  51.593  21.134  51.271 0.0000000000
97463  53.361  21.042  50.192 0.0000000000
97464  52.854  20.326  50.423 0.0000000000
122916  54.079  19.061  49.297 0.0000000000
95147  53.583  18.282  48.914 0.0000000000
95127  53.905  16.316  51.012 0.0000000000
95144  53.369  17.358  49.479 0.0000000000
95943  50.950  17.675  47.962 0.0000000000
103115  47.928  28.438  48.973 0.0000000000
102441  48.242  27.276  49.793 0.0000000000
102452  48.658  27.922  49.017 0.0000000000
139404  50.270  27.431  48.092 0.0000000000
101763  51.413  27.531  47.129 0.0000000000
103106  51.422  29.360  49.083 0.0000000000
102449  52.361  28.160  47.612 0.0000000000
101776  53.120  26.756  46.841 0.0000000000
142388  53.458  26.203  48.324 0.0000000000
101055  52.708  25.081  50.616 0.0000000000
99685  52.198  23.694  51.851 0.0000000000
124195  48.036  29.638  53.906 0.0000000000
103682  48.642  28.786  54.314 0.0000000000
102424  49.559  27.239  53.799 0.0000000000
101719  48.836  26.827  55.908 0.0000000000
141767  49.530  26.627  54.432 0.0000000000
101738  49.978  26.427  53.609 0.0000000000
100369  50.954  24.795  52.877 0.0000000000
99678  51.493  23.472  52.467 0.0000000000
98207  51.394  22.275  51.977 0.0000000000
97453  50.166  21.156  51.892 0.0000000000
96714  49.261  19.632  52.107 0.0000000000
134792  48.970  18.234  52.947 0.0000000000
131361  48.611  20.214  55.210 0.0000000000
95893  49.157  18.474  55.043 0.0000000000
94341  49.989  16.935  54.483 0.0000000000
94331  50.587  16.522  55.664 0.0000000000
131829  46.928  34.619  41.433 0.0000000000
131186  49.966  35.073  42.231 0.0000000000
107077  50.287  34.943  42.414 0.0000000000
107645  44.159  35.633  48.063 0.0000000000
130128  45.664  36.944  45.783 0.0000000000
140372  48.339  36.675  44.907 0.0000000000
107715  50.150  36.360  44.085 0.0000000000
107063  50.236  35.366  43.728 0.0000000000
106387  49.264  34.622  44.147 0.0000000000
106383  47.558  34.377  45.380 0.0000000000
106376  46.133  33.207  46.893 0.0000000000
123220  48.300  34.923  49.129 0.0000000000
106375  46.690  33.659  47.644 0.0000000000
105048  46.317  31.826  47.664 0.0000000000
104397  46.925  30.604  48.234 0.0000000000
103745  47.147  29.395  48.586 0.0000000000
101070  48.334  25.874  50.714 0.0000000000
100376  48.235  24.298  51.304 0.0000000000
98956  48.086  22.945  51.256 0.0000000000
99695  50.947  23.438  49.922 0.0000000000
98221  48.526  21.948  50.345 0.0000000000
98223  46.923  21.603  50.105 0.0000000000
98270  46.792  21.522  47.969 0.0000000000
98290  46.225  22.527  46.323 0.0000000000
97503  54.269  20.588  47.512 0.0000000000
98276  53.430  20.896  47.159 0.0000000000
98277  51.524  21.661  46.166 0.0000000000
97525  50.761  20.980  45.003 0.0000000000
98289  49.509  23.144  45.061 0.0000000000
131878  50.332  13.872  52.871 0.0000000000
92672  50.784  14.298  51.478 0.0000000000
121400  45.924  26.678  50.934 0.0000000000
103107  45.713  27.924  50.217 0.0000000000
103108  44.759  27.623  50.455 0.0000000000
138753  53.074  12.827  55.715 0.0000000000
104993  48.229  31.609  52.591 0.0000000000
124636  48.850  31.331  52.741 0.0000000000
105682  47.141  32.629  51.645 0.0000000000
105008  47.705  32.189  52.158 0.0000000000
105676  48.647  32.469  52.064 0.0000000000
98961  53.342  22.601  50.433 0.0000000000
98960  53.971  22.341  49.603 0.0000000000
99700  41.907  23.404  50.368 0.0000000000
120620  42.560  23.572  50.479 0.0000000000
98224  45.334  21.720  50.324 0.0000000000
98250  45.540  21.111  49.521 0.0000000000
125044  46.150  21.432  49.946 0.0000000000
126055  45.476  32.710  45.001 0.0000000000
105725  45.497  32.755  45.729 0.0000000000
101076  42.708  25.250  50.449 0.0000000000
101077  41.875  24.980  50.211 0.0000000000
100392  41.922  24.077  50.247 0.0000000000
119738  41.165  23.685  50.235 0.0000000000
103718  43.073  29.094  52.538 0.0000000000
103100  43.730  28.576  52.913 0.0000000000
103720  41.270  29.353  53.087 0.0000000000
103725  41.628  29.692  52.443 0.0000000000
103719  42.098  29.109  52.750 0.0000000000
95123  50.681  17.251  52.362 0.0000000000
95130  51.340  17.686  51.660 0.0000000000
95122  52.049  16.708  52.068 0.0000000000
93543  52.294  15.165  49.893 0.0000000000
104395  48.959  30.425  48.747 0.0000000000
104394  50.084  30.333  48.845 0.0000000000
102434  50.834  27.629  51.361 0.0000000000
101745  50.840  26.359  52.183 0.0000000000
101720  46.375  26.717  55.779 0.0000000000
102382  47.398  26.944  56.330 0.0000000000
100356  49.867  24.301  55.492 0.0000000000
123014  49.575  23.544  55.512 0.0000000000
99674  49.596  23.199  54.141 0.0000000000
126287  49.099  22.609  54.607 0.0000000000
98944  48.724  21.999  54.372 0.0000000000
98932  48.801  22.033  55.271 0.0000000000
95865  48.898  18.803  57.296 0.0000000000
107049  44.097  34.780  44.398 0.0000000000
107068  43.636  34.709  43.541 0.0000000000
107048  45.129  34.958  44.465 0.0000000000
107066  45.635  34.697  43.572 0.0000000000
106978  42.775  34.147  48.943 0.0000000000
106996  42.625  34.833  48.236 0.0000000000
107643  47.593  36.802  48.459 0.0000000000
108274  47.838  37.013  47.880 0.0000000000
108280  47.942  37.101  47.300 0.0000000000
107659  48.044  36.652  47.926 0.0000000000
139325  51.785  26.528  47.368 0.0000000000
101068  50.393  25.981  49.112 0.0000000000
120445  50.191  21.460  48.959 0.0000000000
119366  49.361  21.752  47.572 0.0000000000
137244  49.275  22.526  46.390 0.0000000000
95952  52.622  19.340  47.176 0.0000000000
136222  43.948  25.140  50.918 0.0000000000
101060  46.209  25.249  51.248 0.0000000000
100379  45.643  24.706  51.244 0.0000000000
99689  45.920  23.798  51.225 0.0000000000
104405  45.478  30.984  47.686 0.0000000000
104399  45.181  30.456  48.158 0.0000000000
103748  43.857  29.864  48.768 0.0000000000
101757  44.225  26.501  50.800 0.0000000000
101075  43.410  25.556  50.655 0.0000000000
93504  52.344  15.132  54.857 0.0000000000
128879  52.670  15.179  54.031 0.0000000000
93503  53.578  14.157  54.482 0.0000000000
91880  53.856  13.619  53.513 0.0000000000
91888  52.961  13.655  52.695 0.0000000000
92659  53.118  14.061  51.899 0.0000000000
119984  51.818  14.000  52.032 0.0000000000
107097  47.230  34.425  40.614 0.0000000000
107105  47.373  34.029  39.747 0.0000000000
105027  49.816  32.099  50.798 0.0000000000
104388  50.178  31.342  50.662 0.0000000000
103097  50.053  28.734  52.000 0.0000000000
131359  49.520  29.024  52.836 0.0000000000
101670  47.147  26.054  59.890 0.0000000000
119425  47.574  26.251  58.922 0.0000000000
100993  47.806  25.794  59.475 0.0000000000
99614  48.562  23.902  58.923 0.0000000000
100314  48.478  24.633  59.167 0.0000000000
99613  49.046  23.542  58.399 0.0000000000
99627  49.236  23.257  57.786 0.0000000000
98896  48.874  23.054  57.910 0.0000000000
98903  49.031  22.637  57.430 0.0000000000
144311  48.517  22.943  57.788 0.0000000000
126371  48.340  21.495  56.994 0.0000000000
137940  47.686  21.201  56.734 0.0000000000
96677  47.142  20.135  56.640 0.0000000000
106341  44.982  33.205  50.220 0.0000000000
106340  46.032  33.662  50.522 0.0000000000
106339  47.709  34.207  51.322 0.0000000000
127852  46.965  34.171  50.915 0.0000000000
132209  47.697  34.940  50.980 0.0000000000
139959  47.725  35.437  50.501 0.0000000000
106966  48.201  35.491  50.639 0.0000000000
106965  48.419  35.346  50.567 0.0000000000
105007  49.210  32.488  51.694 0.0000000000
105680  49.488  32.688  51.152 0.0000000000
101081  54.057  25.279  47.158 0.0000000000
100425  53.990  25.031  46.926 0.0000000000
100405  54.180  24.463  47.479 0.0000000000
98998  54.208  22.593  47.851 0.0000000000
98999  54.147  23.126  47.596 0.0000000000
119317  52.131  21.677  48.466 0.0000000000
136052  53.134  21.486  47.767 0.0000000000
97465  41.991  20.670  49.705 0.0000000000
120898  43.143  22.923  50.576 0.0000000000
98969  43.748  22.263  50.542 0.0000000000
98251  44.153  20.986  49.843 0.0000000000
98252  43.362  20.803  49.693 0.0000000000
97483  43.142  20.334  49.148 0.0000000000
97484  42.325  20.240  49.169 0.0000000000
133788  42.736  20.238  48.434 0.0000000000
97506  43.624  20.437  48.395 0.0000000000
125675  44.137  20.847  47.487 0.0000000000
98283  43.765  21.293  46.521 0.0000000000
98282  44.624  21.598  46.640 0.0000000000
105736  48.396  32.815  42.957 0.0000000000
105067  45.014  31.985  43.236 0.0000000000
122111  46.593  31.819  42.218 0.0000000000
105079  45.603  31.507  42.423 0.0000000000
103716  45.930  29.526  52.695 0.0000000000
102427  44.968  27.819  53.682 0.0000000000
102415  45.699  27.252  54.649 0.0000000000
101705  44.387  26.299  56.584 0.0000000000
101683  45.624  26.230  58.993 0.0000000000
107000  38.814  33.823  48.186 0.0000000000
106372  39.283  33.807  48.850 0.0000000000
137032  40.086  33.377  49.690 0.0000000000
105711  40.851  33.104  49.763 0.0000000000
121633  41.861  30.580  51.501 0.0000000000
105032  42.232  31.712  50.562 0.0000000000
105031  43.171  31.682  50.617 0.0000000000
125772  43.709  32.337  50.347 0.0000000000
105012  43.535  31.069  51.094 0.0000000000
137794  44.456  30.004  51.843 0.0000000000
104380  44.946  30.590  51.624 0.0000000000
104379  45.886  30.770  51.916 0.0000000000
96715  51.756  20.294  50.937 0.0000000000
95916  53.270  17.813  50.752 0.0000000000
95925  53.582  18.609  50.187 0.0000000000
95924  53.803  18.360  49.701 0.0000000000
95934  54.018  18.721  49.005 0.0000000000
95143  53.684  17.776  49.744 0.0000000000
94359  53.832  15.790  51.901 0.0000000000
94365  53.401  16.490  51.626 0.0000000000
94358  53.923  15.700  51.466 0.0000000000
94379  51.833  15.619  49.281 0.0000000000
94377  52.783  16.394  49.641 0.0000000000
142970  52.060  16.541  49.141 0.0000000000
95145  52.629  17.485  48.912 0.0000000000
95155  50.508  16.891  47.924 0.0000000000
103113  48.973  28.462  48.446 0.0000000000
102462  50.960  28.516  47.485 0.0000000000
102451  49.856  28.162  48.053 0.0000000000
102450  50.951  28.047  47.365 0.0000000000
102461  51.819  28.213  46.906 0.0000000000
103727  51.155  30.027  49.150 0.0000000000
138804  52.263  27.790  49.045 0.0000000000
102448  52.860  27.437  47.019 0.0000000000
101762  52.835  27.317  48.216 0.0000000000
101761  53.395  26.629  47.431 0.0000000000
101750  53.054  26.498  48.949 0.0000000000
101056  51.995  25.452  51.334 0.0000000000
100373  52.812  24.179  50.918 0.0000000000
103699  47.314  29.407  53.516 0.0000000000
103090  47.581  28.926  54.017 0.0000000000
102412  48.448  28.079  55.030 0.0000000000
102411  49.097  28.088  54.313 0.0000000000
141118  49.302  27.374  54.455 0.0000000000
101692  48.339  26.471  57.513 0.0000000000
101703  48.353  27.008  56.602 0.0000000000
101691  48.817  26.270  56.638 0.0000000000
100362  50.113  24.721  54.844 0.0000000000
101044  49.764  25.654  54.842 0.0000000000
101048  50.016  25.869  54.095 0.0000000000
101047  50.453  25.535  53.408 0.0000000000
100365  50.599  24.563  53.636 0.0000000000
98942  49.953  22.997  53.363 0.0000000000
122604  50.760  23.357  52.957 0.0000000000
98947  51.162  22.816  52.424 0.0000000000
98215  51.055  21.558  51.686 0.0000000000
98208  50.491  22.077  52.309 0.0000000000
97448  48.411  20.453  53.457 0.0000000000
97454  49.290  20.616  52.239 0.0000000000
97455  48.627  20.093  52.691 0.0000000000
95914  48.773  19.172  52.725 0.0000000000
95904  48.660  18.950  53.567 0.0000000000
97425  48.751  20.789  55.831 0.0000000000
96676  48.793  19.915  56.151 0.0000000000
95107  49.546  17.620  54.734 0.0000000000
95106  50.004  17.104  55.272 0.0000000000
134287  50.562  16.425  54.773 0.0000000000
122746  43.940  35.298  42.340 0.0000000000
108320  43.193  35.858  42.163 0.0000000000
107734  44.496  35.455  41.829 0.0000000000
107088  46.121  34.760  41.889 0.0000000000
107064  48.253  35.235  43.027 0.0000000000
107078  48.436  34.831  42.239 0.0000000000
107726  49.595  35.541  42.857 0.0000000000
107725  50.287  35.883  43.079 0.0000000000
106993  45.187  35.671  48.349 0.0000000000
119862  46.554  37.652  47.200 0.0000000000
126538  45.564  37.398  47.238 0.0000000000
108291  45.538  37.608  46.683 0.0000000000
119105  46.141  37.581  46.264 0.0000000000
107700  47.271  36.526  45.168 0.0000000000
108307  47.794  37.032  45.694 0.0000000000
107684  49.306  36.389  45.177 0.0000000000
108305  49.486  36.480  44.550 0.0000000000
107698  50.032  36.052  44.523 0.0000000000
107044  50.351  35.987  44.135 0.0000000000
107045  49.902  35.642  44.475 0.0000000000
106379  47.086  34.560  46.416 0.0000000000
106384  46.689  33.751  45.636 0.0000000000
124594  46.518  33.909  46.929 0.0000000000
106353  48.618  34.522  50.295 0.0000000000
106354  48.371  34.178  49.592 0.0000000000
105042  47.745  31.909  48.945 0.0000000000
105713  47.327  32.490  48.609 0.0000000000
105714  46.722  32.594  47.992 0.0000000000
103744  48.138  29.662  48.444 0.0000000000
129700  47.321  29.944  48.372 0.0000000000
103125  46.976  28.839  49.056 0.0000000000
101755  47.811  26.612  50.518 0.0000000000
101754  48.740  26.584  49.975 0.0000000000
100388  48.800  25.024  50.772 0.0000000000
99687  47.703  23.554  51.416 0.0000000000
99686  48.499  23.493  51.272 0.0000000000
100385  52.129  24.042  48.911 0.0000000000
98246  49.259  21.650  49.800 0.0000000000
98222  47.734  21.754  50.255 0.0000000000
98248  47.635  21.429  49.407 0.0000000000
98249  46.769  21.298  49.172 0.0000000000
98269  47.568  21.539  48.321 0.0000000000
99005  47.394  23.094  45.996 0.0000000000
98280  46.764  22.294  46.981 0.0000000000
127489  45.273  22.246  46.034 0.0000000000
137982  46.119  22.557  45.644 0.0000000000
131709  53.633  20.399  49.789 0.0000000000
97462  54.044  20.980  49.234 0.0000000000
133012  54.468  20.172  47.841 0.0000000000
97515  52.942  20.388  46.427 0.0000000000
97514  53.925  20.361  47.025 0.0000000000
120891  52.507  21.174  46.516 0.0000000000
98286  52.198  21.213  45.510 0.0000000000
96773  49.463  20.134  45.661 0.0000000000
101073  45.048  26.253  51.126 0.0000000000
101746  46.028  26.001  51.159 0.0000000000
101072  46.677  25.752  51.122 0.0000000000
103732  46.297  29.356  48.844 0.0000000000
103733  45.402  29.399  49.062 0.0000000000
128682  45.003  28.970  49.533 0.0000000000
102455  44.012  28.069  50.131 0.0000000000
119156  44.643  26.938  50.748 0.0000000000
93495  52.771  14.270  56.070 0.0000000000
92620  53.394  13.490  55.386 0.0000000000
91862  53.358  13.146  54.446 0.0000000000
91881  52.599  13.370  53.538 0.0000000000
137912  49.856  31.168  51.609 0.0000000000
104991  49.357  31.331  52.313 0.0000000000
103712  49.040  30.745  53.016 0.0000000000
103713  48.533  30.168  53.537 0.0000000000
100305  46.723  24.888  60.420 0.0000000000
100304  47.444  24.944  60.182 0.0000000000
99602  47.339  24.497  59.630 0.0000000000
98898  48.041  23.153  57.952 0.0000000000
105683  46.076  32.231  51.248 0.0000000000
106334  47.662  33.458  51.553 0.0000000000
106333  48.370  33.894  51.410 0.0000000000
100383  54.105  24.227  48.759 0.0000000000
99717  54.379  23.630  48.087 0.0000000000
98243  54.336  22.487  48.035 0.0000000000
137632  44.657  22.519  50.724 0.0000000000
97481  44.751  20.789  49.294 0.0000000000
105730  47.145  33.232  44.071 0.0000000000
105737  47.417  32.951  43.408 0.0000000000
105731  46.073  32.878  44.374 0.0000000000
141405  45.667  32.514  43.624 0.0000000000
101085  41.475  25.787  49.835 0.0000000000
101078  40.991  25.102  49.885 0.0000000000
100393  40.607  24.406  49.995 0.0000000000
103717  44.438  29.510  52.260 0.0000000000
103098  45.068  29.218  52.583 0.0000000000
103099  44.373  28.992  52.627 0.0000000000
124937  44.080  27.948  53.502 0.0000000000
104369  40.549  30.426  52.733 0.0000000000
104384  40.483  30.833  52.049 0.0000000000
104383  41.153  30.291  52.132 0.0000000000
125768  42.004  30.062  51.899 0.0000000000
104382  42.869  30.320  51.534 0.0000000000
103723  43.603  29.701  51.979 0.0000000000
139692  50.865  19.084  51.372 0.0000000000
128747  51.621  19.310  51.008 0.0000000000
129112  51.481  18.516  51.276 0.0000000000
123748  52.268  17.965  51.168 0.0000000000
93530  53.558  15.158  50.809 0.0000000000
94370  53.903  15.713  50.923 0.0000000000
103114  48.647  29.012  48.347 0.0000000000
137598  50.935  29.095  47.699 0.0000000000
102440  50.953  28.642  50.709 0.0000000000
102433  51.547  27.722  50.323 0.0000000000
139170  51.833  26.196  51.009 0.0000000000
101051  51.482  25.070  52.150 0.0000000000
102414  46.671  27.643  54.538 0.0000000000
103079  47.371  28.274  54.350 0.0000000000
102413  47.659  27.957  54.956 0.0000000000
102395  47.978  27.609  55.758 0.0000000000
102394  48.380  27.404  55.827 0.0000000000
119510  49.349  24.724  57.231 0.0000000000
101024  49.240  25.446  56.645 0.0000000000
121693  49.606  24.698  56.268 0.0000000000
99667  50.305  24.403  54.251 0.0000000000
98948  49.658  22.296  52.907 0.0000000000
98203  49.019  21.748  53.099 0.0000000000
98204  48.589  21.429  53.729 0.0000000000
96668  48.551  20.117  56.635 0.0000000000
95874  49.036  19.149  56.808 0.0000000000
130920  49.377  18.489  56.526 0.0000000000
107728  43.312  35.096  42.811 0.0000000000
107081  44.038  34.774  42.921 0.0000000000
107727  44.804  34.752  42.611 0.0000000000
107080  45.901  34.676  42.586 0.0000000000
107065  46.856  34.935  43.363 0.0000000000
107717  47.964  35.669  43.849 0.0000000000
107012  41.028  34.972  47.301 0.0000000000
106997  41.762  34.800  47.959 0.0000000000
107011  42.425  35.479  47.536 0.0000000000
107634  46.531  36.024  48.813 0.0000000000
143689  45.750  36.272  48.173 0.0000000000
108275  47.309  37.255  47.655 0.0000000000
140629  47.510  37.480  46.621 0.0000000000
108289  47.931  37.205  46.708 0.0000000000
107671  48.437  36.755  45.957 0.0000000000
107685  48.627  36.327  46.018 0.0000000000
107022  47.980  35.995  47.025 0.0000000000
138709  49.182  32.758  50.344 0.0000000000
105039  48.609  32.375  49.666 0.0000000000
129802  47.574  31.111  48.570 0.0000000000
101753  49.724  26.638  49.208 0.0000000000
100387  49.991  24.948  50.208 0.0000000000
98245  51.070  21.787  49.180 0.0000000000
98963  50.929  22.547  49.685 0.0000000000
98267  49.117  21.498  49.179 0.0000000000
98268  48.498  21.538  48.632 0.0000000000
119118  48.396  21.941  47.442 0.0000000000
96728  54.185  19.586  48.298 0.0000000000
96746  54.273  19.981  47.263 0.0000000000
138104  53.077  20.059  46.412 0.0000000000
96770  52.333  20.675  45.777 0.0000000000
99698  44.405  23.497  50.949 0.0000000000
100380  44.767  25.139  51.159 0.0000000000
99697  45.312  23.175  51.033 0.0000000000
105056  45.316  31.977  46.683 0.0000000000
105720  44.936  32.324  46.053 0.0000000000
105051  44.026  31.351  47.045 0.0000000000
103747  44.846  29.923  48.672 0.0000000000
102456  43.116  27.707  49.934 0.0000000000
101765  42.932  26.847  50.111 0.0000000000
101759  42.800  26.035  50.310 0.0000000000
104355  40.352  30.683  53.345 0.0000000000
103702  40.706  29.854  53.431 0.0000000000
94351  51.745  15.865  53.503 0.0000000000
93521  53.702  15.251  52.660 0.0000000000
92670  54.043  14.916  52.170 0.0000000000
92647  54.057  13.907  53.574 0.0000000000
91879  54.152  14.222  52.679 0.0000000000
92658  53.909  14.419  52.023 0.0000000000
92685  53.192  14.550  51.109 0.0000000000
92686  52.237  14.509  50.600 0.0000000000
104390  50.298  30.881  49.633 0.0000000000
103102  50.383  29.427  51.259 0.0000000000
101695  46.511  26.215  57.948 0.0000000000
119077  47.363  26.599  57.384 0.0000000000
101681  48.143  26.165  58.577 0.0000000000
101002  48.614  25.684  58.219 0.0000000000
100303  48.011  25.085  59.790 0.0000000000
137496  48.761  24.979  58.658 0.0000000000
125303  49.073  24.878  58.038 0.0000000000
100326  49.413  23.993  57.998 0.0000000000
128909  49.539  23.748  57.080 0.0000000000
124022  49.404  23.051  56.411 0.0000000000
98915  49.125  22.195  56.237 0.0000000000
98909  49.166  22.318  56.960 0.0000000000
98175  48.842  21.674  56.597 0.0000000000
97413  48.549  21.117  56.591 0.0000000000
97414  48.421  20.768  56.686 0.0000000000
130896  48.464  19.828  56.901 0.0000000000
96669  48.391  19.099  57.251 0.0000000000
107703  43.518  35.116  45.061 0.0000000000
105708  43.440  32.933  49.947 0.0000000000
106977  43.798  34.187  49.105 0.0000000000
106356  44.241  33.555  49.707 0.0000000000
106976  44.864  34.370  49.279 0.0000000000
106975  46.036  34.908  49.489 0.0000000000
106974  47.311  35.634  49.845 0.0000000000
107632  48.268  36.076  49.824 0.0000000000
106991  48.359  35.915  49.765 0.0000000000
106972  48.499  35.386  50.231 0.0000000000
106332  48.677  34.121  51.083 0.0000000000
105692  49.036  33.516  50.803 0.0000000000
101083  52.525  25.670  47.332 0.0000000000
100407  53.125  24.957  47.337 0.0000000000
99719  52.642  23.398  48.530 0.0000000000
99732  54.114  24.136  47.429 0.0000000000
99718  53.592  23.308  47.795 0.0000000000
98988  52.145  22.452  48.834 0.0000000000
98266  51.340  21.340  47.822 0.0000000000
96760  50.721  19.199  46.755 0.0000000000
97508  40.825  19.991  48.765 0.0000000000
98253  42.607  21.234  50.040 0.0000000000
98226  43.533  21.477  50.179 0.0000000000
97520  41.624  20.260  47.369 0.0000000000
105748  47.016  32.449  42.805 0.0000000000
105090  47.296  31.263  41.613 0.0000000000
105726  44.845  32.403  45.277 0.0000000000
105064  44.183  32.043  44.815 0.0000000000
104378  46.674  30.949  52.244 0.0000000000
104366  47.362  30.732  52.750 0.0000000000
103715  46.870  29.841  52.985 0.0000000000
137085  45.580  28.920  52.972 0.0000000000
103091  45.705  28.363  53.432 0.0000000000
102397  46.252  27.135  55.132 0.0000000000
119240  46.412  26.406  56.753 0.0000000000
101671  46.269  26.192  60.460 0.0000000000
106998  40.231  34.418  47.811 0.0000000000
106371  40.325  33.973  48.771 0.0000000000
106370  41.361  34.199  48.667 0.0000000000
106358  41.898  33.869  49.129 0.0000000000
131982  42.418  33.537  49.406 0.0000000000
105015  40.645  31.379  51.347 0.0000000000
105697  41.949  32.400  50.130 0.0000000000
105709  42.583  32.975  49.796 0.0000000000
129914  44.581  32.460  50.486 0.0000000000
105029  45.058  31.917  50.911 0.0000000000
105011  44.522  31.184  51.205 0.0000000000
140866  52.518  21.825  51.032 0.0000000000
98219  53.176  21.853  50.496 0.0000000000
97458  52.419  21.192  50.843 0.0000000000
96721  53.602  19.630  49.888 0.0000000000
95926  52.642  19.482  50.567 0.0000000000
95940  53.905  19.282  48.068 0.0000000000
95941  53.147  18.827  48.060 0.0000000000
95128  53.688  16.948  50.987 0.0000000000
95135  53.687  16.956  50.506 0.0000000000
138683  53.767  16.284  50.617 0.0000000000
94376  53.582  16.753  50.067 0.0000000000
95942  52.003  18.139  48.045 0.0000000000
95954  50.394  17.964  47.380 0.0000000000
102454  46.842  28.074  49.735 0.0000000000
102442  47.320  27.351  50.288 0.0000000000
102453  47.782  27.827  49.578 0.0000000000
101102  52.516  27.400  46.873 0.0000000000
103731  50.848  30.214  48.920 0.0000000000
103741  51.274  29.432  48.272 0.0000000000
103105  51.879  28.921  47.886 0.0000000000
103122  52.066  28.460  47.105 0.0000000000
102460  52.351  27.975  46.934 0.0000000000
101082  53.743  25.849  47.706 0.0000000000
101066  53.358  25.670  49.180 0.0000000000
100384  53.455  24.712  49.696 0.0000000000
99694  53.463  23.926  50.056 0.0000000000
99684  52.910  23.234  50.937 0.0000000000
103698  48.686  29.471  53.893 0.0000000000
127898  48.232  29.142  54.192 0.0000000000
103089  49.175  28.951  53.707 0.0000000000
102431  49.976  27.009  53.091 0.0000000000
101704  47.978  27.029  57.101 0.0000000000
119068  49.330  25.781  55.822 0.0000000000
136143  49.308  26.502  55.237 0.0000000000
101741  50.407  26.341  52.851 0.0000000000
101052  50.885  25.653  52.547 0.0000000000
100368  51.586  24.202  52.426 0.0000000000
99679  51.015  23.995  53.099 0.0000000000
98954  52.060  22.797  51.911 0.0000000000
98214  51.989  21.887  51.482 0.0000000000
97459  50.866  20.722  51.430 0.0000000000
98209  49.498  21.509  52.525 0.0000000000
97460  50.049  20.224  51.715 0.0000000000
95919  50.102  19.288  51.643 0.0000000000
95913  49.525  18.566  52.154 0.0000000000
95124  49.719  17.715  52.591 0.0000000000
98180  48.696  21.321  55.417 0.0000000000
97426  48.589  20.897  55.104 0.0000000000
96697  48.464  19.733  54.220 0.0000000000
96696  48.804  19.346  55.227 0.0000000000
95903  49.072  18.090  53.959 0.0000000000
139018  49.424  17.628  53.262 0.0000000000
95115  50.052  17.026  53.068 0.0000000000
94352  50.544  16.493  53.823 0.0000000000
94330  51.277  15.822  55.194 0.0000000000
93496  52.034  15.122  55.658 0.0000000000
107087  48.430  34.440  41.489 0.0000000000
106404  49.797  34.328  41.482 0.0000000000
107076  50.510  34.221  41.440 0.0000000000
106395  50.537  34.155  41.900 0.0000000000
124663  42.943  35.749  45.620 0.0000000000
121072  43.791  36.125  45.653 0.0000000000
107660  45.023  36.529  47.689 0.0000000000
107686  44.661  36.550  45.725 0.0000000000
107701  45.453  35.775  45.186 0.0000000000
136295  46.325  36.331  45.316 0.0000000000
143548  47.781  36.194  44.508 0.0000000000
107699  48.926  36.442  44.232 0.0000000000
123904  48.763  36.743  45.199 0.0000000000
108306  49.113  36.635  44.592 0.0000000000
107716  50.145  36.289  43.606 0.0000000000
106390  50.372  34.875  42.782 0.0000000000
106396  50.293  33.945  42.444 0.0000000000
106391  49.724  34.028  43.225 0.0000000000
107046  48.811  35.038  44.973 0.0000000000
106388  47.973  34.004  44.548 0.0000000000
138607  46.889  33.512  44.885 0.0000000000
106380  46.170  33.401  46.212 0.0000000000
106992  48.365  35.978  48.984 0.0000000000
106374  47.727  34.900  48.341 0.0000000000
106368  47.533  33.672  48.676 0.0000000000
105716  46.058  32.486  47.200 0.0000000000
105044  46.254  31.124  47.797 0.0000000000
104398  46.047  30.456  48.055 0.0000000000
120856  46.580  29.902  48.373 0.0000000000
101071  47.414  25.864  51.003 0.0000000000
101059  46.963  25.118  51.160 0.0000000000
101058  47.817  25.082  51.062 0.0000000000
100377  47.316  24.355  51.355 0.0000000000
99688  46.822  23.610  51.353 0.0000000000
98957  47.307  22.886  51.211 0.0000000000
98967  47.049  22.235  50.693 0.0000000000
100386  50.995  24.375  49.689 0.0000000000
99696  50.057  23.805  50.503 0.0000000000
98964  50.069  22.819  50.311 0.0000000000
98220  49.280  22.308  50.393 0.0000000000
98955  49.198  23.142  50.924 0.0000000000
98966  47.865  22.384  50.813 0.0000000000
143318  46.140  21.212  49.386 0.0000000000
120372  46.115  21.140  48.708 0.0000000000
97516  45.958  21.582  47.552 0.0000000000
98281  45.385  21.873  46.769 0.0000000000
98291  44.430  21.776  45.828 0.0000000000
98218  53.872  21.619  49.689 0.0000000000
98244  54.305  21.852  48.636 0.0000000000
98263  54.170  21.589  47.909 0.0000000000
98275  54.005  20.943  47.473 0.0000000000
96771  51.399  20.414  45.701 0.0000000000
97533  49.925  21.649  44.707 0.0000000000
98287  51.526  22.004  44.973 0.0000000000
143849  51.186  22.300  45.141 0.0000000000
136399  50.403  22.336  45.891 0.0000000000
99009  48.295  23.431  45.049 0.0000000000
91863  52.059  13.131  54.319 0.0000000000
131599  50.766  14.042  52.263 0.0000000000
91847  53.279  12.990  55.953 0.0000000000
91882  51.123  13.499  53.534 0.0000000000
93482  51.862  15.104  56.501 0.0000000000
93514  54.156  14.355  52.918 0.0000000000
94342  49.697  17.258  53.867 0.0000000000
94360  52.406  15.972  52.755 0.0000000000
94364  53.812  16.257  51.407 0.0000000000
95894  48.781  18.911  54.418 0.0000000000
95912  50.238  17.868  51.985 0.0000000000
97437  48.442  20.707  54.374 0.0000000000
97480  54.366  20.862  48.178 0.0000000000
98288  50.739  22.576  44.880 0.0000000000
98904  48.664  22.460  57.345 0.0000000000
98965  48.584  22.612  50.866 0.0000000000
99716  54.322  23.149  47.822 0.0000000000
100295  46.750  25.428  60.557 0.0000000000
100426  53.448  25.667  46.920 0.0000000000
100994  47.339  25.518  60.166 0.0000000000
101694  47.316  26.420  58.286 0.0000000000
102428  43.416  27.602  53.967 0.0000000000
104442  44.631  30.102  42.472 0.0000000000
107062  50.357  35.903  43.421 0.0000000000
107625  48.145  35.943  50.176 0.0000000000
107697  49.653  36.370  44.635 0.0000000000
107735  43.866  35.848  41.836 0.0000000000
108290  46.782  37.734  46.695 0.0000000000
108296  49.022  36.678  45.188 0.0000000000
108313  49.818  36.582  44.023 0.0000000000
121632  46.502  32.727  43.490 0.0000000000
122351  53.492  12.975  55.212 0.0000000000
126701  50.559  34.627  41.772 0.0000000000
136060  54.217  13.924  53.036 0.0000000000
136077  42.319  20.304  47.706 0.0000000000
138620  49.457  23.217  54.872 0.0000000000
138674  46.743  37.166  45.827 0.0000000000
142578  48.582  23.025  51.166 0.0000000000
142912  52.912  15.398  53.316 0.0000000000
143629  47.017  28.894  53.607 0.0000000000
143723  44.395  31.313  43.349 0.0000000000
