#!ascii label  , from subject sub-v1s0x0050660_ses-1 vox2ras=TkReg
714
84866  22.304  4.480  -2.009 0.0000000000
142786  35.120  5.008  3.383 0.0000000000
94870  30.577  16.174  -5.931 0.0000000000
135532  35.514  8.560  -7.493 0.0000000000
76984  24.605  -5.314  -2.327 0.0000000000
78762  30.622  -3.733  -2.449 0.0000000000
84015  30.942  2.108  -2.684 0.0000000000
135216  33.725  4.784  -0.395 0.0000000000
90814  32.903  11.675  -0.940 0.0000000000
96399  31.788  18.195  -1.608 0.0000000000
97240  24.733  18.798  -8.648 0.0000000000
137994  23.882  -1.268  -1.774 0.0000000000
78765  27.281  -3.606  -2.207 0.0000000000
126155  26.335  -0.801  -1.935 0.0000000000
135190  30.509  3.313  -1.657 0.0000000000
135300  33.972  6.451  -0.063 0.0000000000
138962  32.354  12.168  -7.172 0.0000000000
90831  33.493  10.206  -4.122 0.0000000000
93208  32.062  14.102  -3.825 0.0000000000
137439  32.440  14.737  -1.514 0.0000000000
95643  31.146  16.913  -4.280 0.0000000000
97945  27.136  19.926  -2.991 0.0000000000
96452  25.647  18.015  -5.522 0.0000000000
97970  23.718  20.092  -6.230 0.0000000000
84001  34.328  2.369  -1.789 0.0000000000
81289  34.266  -0.217  -1.722 0.0000000000
118167  34.710  1.174  2.026 0.0000000000
92405  29.238  13.936  -8.345 0.0000000000
140843  34.644  8.239  4.841 0.0000000000
87178  23.325  8.215  -2.777 0.0000000000
84019  26.210  2.956  -2.522 0.0000000000
121494  28.066  4.614  -2.187 0.0000000000
118472  33.155  2.726  -2.956 0.0000000000
135270  34.351  5.357  1.339 0.0000000000
135451  34.342  7.778  -1.801 0.0000000000
118626  33.507  9.083  -0.217 0.0000000000
135419  33.753  8.798  2.132 0.0000000000
125916  33.358  12.079  1.965 0.0000000000
94060  25.870  16.028  -7.650 0.0000000000
96463  28.348  18.394  -7.648 0.0000000000
99431  23.185  21.844  -8.607 0.0000000000
98696  27.023  21.181  -6.460 0.0000000000
97207  28.741  19.441  -5.527 0.0000000000
97929  29.868  20.533  -2.723 0.0000000000
128963  30.120  -0.550  -2.592 0.0000000000
144087  21.044  5.992  -1.314 0.0000000000
84003  20.990  3.401  -1.181 0.0000000000
83149  22.851  1.693  -1.895 0.0000000000
81311  24.468  -0.391  -1.810 0.0000000000
83147  24.244  1.313  -2.143 0.0000000000
93228  30.954  14.417  -6.611 0.0000000000
92372  32.125  13.010  -5.618 0.0000000000
93209  31.539  14.837  -5.094 0.0000000000
93197  31.866  15.638  -3.902 0.0000000000
94857  30.834  16.530  -5.072 0.0000000000
98661  26.386  21.240  -3.384 0.0000000000
97959  25.919  20.092  -4.499 0.0000000000
98675  23.937  21.320  -4.938 0.0000000000
118496  34.491  3.182  1.534 0.0000000000
83091  34.230  1.688  0.316 0.0000000000
118177  35.105  2.522  2.839 0.0000000000
132230  29.826  12.100  -7.720 0.0000000000
118914  28.072  13.231  -7.716 0.0000000000
78768  22.873  -3.872  -1.670 0.0000000000
143194  23.678  -5.842  -1.977 0.0000000000
75167  26.051  -7.629  -2.428 0.0000000000
128979  26.742  -6.898  -2.403 0.0000000000
78764  28.879  -4.038  -2.366 0.0000000000
76980  29.608  -5.630  -2.617 0.0000000000
123516  25.295  6.836  -2.687 0.0000000000
86396  27.691  6.280  -1.844 0.0000000000
118180  32.990  3.945  -1.496 0.0000000000
135305  30.966  3.237  -2.226 0.0000000000
135571  33.494  3.356  -1.672 0.0000000000
135544  33.514  3.421  -1.471 0.0000000000
118473  33.954  5.151  0.302 0.0000000000
135534  34.680  5.140  -3.435 0.0000000000
135540  35.686  7.598  -5.307 0.0000000000
133443  33.014  11.208  -1.857 0.0000000000
135517  33.492  9.664  -1.707 0.0000000000
118218  33.284  10.042  -0.658 0.0000000000
118506  33.466  9.744  0.826 0.0000000000
135274  33.327  10.604  0.897 0.0000000000
118588  33.469  10.844  2.155 0.0000000000
91546  32.799  12.268  0.590 0.0000000000
94830  32.332  16.373  -1.465 0.0000000000
119916  32.601  15.070  -0.175 0.0000000000
96458  24.224  18.003  -7.173 0.0000000000
94878  25.714  16.598  -6.573 0.0000000000
123145  25.269  17.568  -8.287 0.0000000000
95677  27.402  17.498  -8.443 0.0000000000
96465  26.875  19.097  -8.320 0.0000000000
97980  27.889  20.128  -6.155 0.0000000000
97958  28.539  20.868  -4.495 0.0000000000
97957  29.145  20.349  -4.046 0.0000000000
129172  28.626  1.852  -2.330 0.0000000000
83143  28.094  1.138  -2.192 0.0000000000
125600  31.241  0.527  -2.886 0.0000000000
80399  34.207  -1.034  -0.201 0.0000000000
79574  33.117  -1.762  -1.498 0.0000000000
81313  22.112  -1.242  -1.517 0.0000000000
123518  24.280  -3.293  -2.029 0.0000000000
77917  26.125  -4.604  -2.333 0.0000000000
79598  24.787  -2.486  -1.922 0.0000000000
126946  26.566  -2.168  -1.906 0.0000000000
80441  28.344  -1.859  -1.853 0.0000000000
135564  29.552  5.395  -0.443 0.0000000000
135552  32.760  3.999  -1.332 0.0000000000
118170  34.040  5.637  0.455 0.0000000000
90849  34.238  11.118  -7.910 0.0000000000
135450  34.668  9.057  -5.317 0.0000000000
90840  32.903  11.279  -5.386 0.0000000000
91577  32.573  12.121  -4.346 0.0000000000
91570  32.598  12.727  -2.855 0.0000000000
92326  32.563  13.550  -1.431 0.0000000000
93185  32.324  14.234  -2.871 0.0000000000
94001  32.222  15.890  -3.108 0.0000000000
95624  31.593  17.403  -2.939 0.0000000000
125527  27.712  18.658  -2.610 0.0000000000
127290  26.356  18.968  -4.449 0.0000000000
97208  24.449  19.000  -5.579 0.0000000000
122669  23.341  19.164  -8.188 0.0000000000
83175  34.200  2.290  -4.443 0.0000000000
82238  33.356  0.873  -3.695 0.0000000000
83124  34.477  1.085  -1.637 0.0000000000
82162  34.536  0.180  -0.080 0.0000000000
135533  33.636  9.759  -8.296 0.0000000000
90866  32.119  11.670  -7.639 0.0000000000
92397  31.340  13.054  -7.569 0.0000000000
94057  29.840  15.707  -7.635 0.0000000000
127041  28.388  -6.134  -2.564 0.0000000000
118527  34.953  6.766  4.203 0.0000000000
124401  35.414  4.616  4.046 0.0000000000
85631  23.119  6.025  -2.555 0.0000000000
84021  24.437  3.207  -2.516 0.0000000000
121605  24.643  5.478  -2.730 0.0000000000
84861  26.741  3.839  -2.476 0.0000000000
84859  29.591  3.156  -2.249 0.0000000000
118943  29.236  4.841  -1.825 0.0000000000
85628  30.696  3.212  -2.352 0.0000000000
84874  32.384  2.613  -3.721 0.0000000000
135554  34.589  3.092  -3.240 0.0000000000
118189  33.710  3.301  -0.175 0.0000000000
118174  34.690  5.021  2.568 0.0000000000
135425  34.186  6.430  -1.083 0.0000000000
118214  33.913  7.191  -0.042 0.0000000000
135189  34.913  8.026  -3.673 0.0000000000
135284  33.863  8.164  -0.975 0.0000000000
118215  33.996  7.443  0.801 0.0000000000
135469  34.408  6.996  1.849 0.0000000000
118628  34.404  7.694  2.461 0.0000000000
135366  34.606  6.979  3.397 0.0000000000
135483  34.401  8.681  3.611 0.0000000000
118555  33.857  10.126  3.557 0.0000000000
92316  32.623  13.296  -0.348 0.0000000000
94063  27.482  15.165  -8.410 0.0000000000
94885  28.708  16.678  -8.408 0.0000000000
95662  29.508  17.153  -6.836 0.0000000000
97984  23.154  20.650  -7.785 0.0000000000
98709  24.548  20.988  -8.350 0.0000000000
98698  25.180  21.611  -7.613 0.0000000000
97995  25.951  20.279  -8.182 0.0000000000
97220  27.555  19.745  -7.008 0.0000000000
96457  28.767  18.574  -6.762 0.0000000000
95653  29.668  17.782  -5.980 0.0000000000
96435  30.251  18.106  -4.634 0.0000000000
96423  30.449  18.542  -3.766 0.0000000000
97174  30.645  19.460  -2.383 0.0000000000
83145  26.213  1.305  -2.344 0.0000000000
129175  28.101  -0.361  -2.056 0.0000000000
80439  30.175  -1.764  -2.385 0.0000000000
133633  32.118  -0.544  -2.954 0.0000000000
80437  31.427  -1.675  -2.501 0.0000000000
85618  21.752  5.485  -1.678 0.0000000000
85619  20.921  4.994  -1.277 0.0000000000
84847  21.484  4.109  -1.509 0.0000000000
84002  21.677  2.442  -1.551 0.0000000000
84024  22.439  2.555  -1.923 0.0000000000
83148  23.520  1.767  -2.116 0.0000000000
84023  23.193  2.567  -2.219 0.0000000000
94034  30.740  15.337  -6.227 0.0000000000
93227  31.420  14.177  -5.786 0.0000000000
126313  31.194  14.893  -5.793 0.0000000000
94033  31.119  15.612  -5.284 0.0000000000
98674  24.850  21.113  -4.565 0.0000000000
118779  34.743  4.263  2.545 0.0000000000
135310  34.747  3.061  2.269 0.0000000000
118178  35.051  3.486  2.956 0.0000000000
123575  23.350  -4.189  -1.792 0.0000000000
77919  23.023  -4.708  -1.677 0.0000000000
76985  23.907  -5.293  -2.065 0.0000000000
129178  24.473  -6.704  -2.328 0.0000000000
76029  25.030  -6.060  -2.446 0.0000000000
76028  26.147  -6.088  -2.430 0.0000000000
78763  29.895  -4.050  -2.372 0.0000000000
139975  30.060  -4.616  -2.464 0.0000000000
77914  30.601  -4.465  -2.482 0.0000000000
77896  31.223  -4.348  -2.185 0.0000000000
86397  25.738  7.964  -2.154 0.0000000000
135563  26.623  7.178  -1.958 0.0000000000
118590  33.499  4.035  -0.806 0.0000000000
118191  34.238  6.468  0.981 0.0000000000
135513  36.190  6.427  -6.271 0.0000000000
118438  36.171  7.986  -6.722 0.0000000000
90819  33.213  10.702  -1.272 0.0000000000
90813  33.104  10.996  -0.545 0.0000000000
135324  33.378  10.080  0.201 0.0000000000
118834  33.128  10.789  0.119 0.0000000000
90806  33.080  11.395  0.743 0.0000000000
91554  32.847  11.582  -0.032 0.0000000000
95617  32.218  17.260  -1.405 0.0000000000
139405  32.407  16.695  -0.864 0.0000000000
136500  24.041  18.352  -8.447 0.0000000000
95671  24.355  17.721  -8.091 0.0000000000
96475  24.552  18.123  -8.406 0.0000000000
96473  26.401  18.603  -8.487 0.0000000000
97239  25.956  19.146  -8.584 0.0000000000
98684  27.916  21.209  -5.083 0.0000000000
98672  28.246  21.698  -4.420 0.0000000000
98660  28.679  21.473  -3.964 0.0000000000
137486  30.520  1.740  -2.586 0.0000000000
83141  30.364  0.911  -2.538 0.0000000000
83140  31.439  1.426  -2.932 0.0000000000
80377  34.581  -1.346  0.812 0.0000000000
80378  33.883  -1.695  0.082 0.0000000000
82222  22.130  -0.329  -1.548 0.0000000000
82195  21.250  -0.180  -1.236 0.0000000000
81312  22.911  -1.037  -1.651 0.0000000000
79600  23.226  -2.666  -1.795 0.0000000000
138516  23.693  -2.066  -1.884 0.0000000000
126118  24.396  -1.864  -1.892 0.0000000000
81310  25.466  -0.227  -1.967 0.0000000000
134397  25.609  -1.051  -1.886 0.0000000000
137997  26.729  -1.491  -1.872 0.0000000000
80442  27.390  -1.964  -1.874 0.0000000000
126156  27.497  -1.109  -1.848 0.0000000000
135447  32.057  4.446  -0.226 0.0000000000
135223  30.900  4.400  -0.467 0.0000000000
118185  32.545  5.215  0.044 0.0000000000
118720  33.556  4.533  -0.457 0.0000000000
90858  33.176  11.454  -7.786 0.0000000000
128716  33.551  10.672  -6.583 0.0000000000
90850  33.043  11.452  -6.759 0.0000000000
92362  32.302  13.127  -4.393 0.0000000000
137768  32.537  12.737  -3.630 0.0000000000
133066  32.656  11.989  -3.438 0.0000000000
92352  32.418  13.433  -3.303 0.0000000000
92342  32.531  13.499  -2.398 0.0000000000
94841  31.729  16.506  -3.635 0.0000000000
94836  32.075  16.748  -2.815 0.0000000000
95631  31.383  17.254  -3.594 0.0000000000
97930  27.491  20.198  -2.051 0.0000000000
97161  27.760  19.568  -1.348 0.0000000000
97188  27.318  19.174  -3.221 0.0000000000
96425  27.438  18.546  -3.333 0.0000000000
97189  26.639  19.564  -3.934 0.0000000000
97969  24.329  19.789  -5.515 0.0000000000
97197  25.125  19.537  -4.962 0.0000000000
97209  23.681  19.219  -6.423 0.0000000000
97983  23.511  19.751  -7.307 0.0000000000
83160  34.918  1.957  -3.823 0.0000000000
83138  34.707  1.356  -2.909 0.0000000000
124664  34.553  1.838  -2.077 0.0000000000
83069  34.490  1.576  1.268 0.0000000000
124000  34.487  0.876  0.577 0.0000000000
125243  34.585  0.781  1.371 0.0000000000
82138  34.596  0.080  0.918 0.0000000000
135512  32.121  9.324  -7.255 0.0000000000
90141  31.430  10.074  -7.351 0.0000000000
118538  32.806  10.281  -7.926 0.0000000000
129684  31.746  11.006  -7.654 0.0000000000
91613  29.885  12.914  -8.122 0.0000000000
91612  30.987  12.550  -7.799 0.0000000000
92399  29.896  13.714  -8.177 0.0000000000
93258  30.487  14.282  -7.604 0.0000000000
130512  30.036  14.953  -7.732 0.0000000000
136597  26.520  -3.947  -2.265 0.0000000000
76982  26.716  -5.329  -2.437 0.0000000000
119934  27.836  -5.368  -2.531 0.0000000000
76026  29.693  -6.462  -2.532 0.0000000000
136188  34.561  8.088  4.186 0.0000000000
135700  22.677  8.870  -2.517 0.0000000000
86399  22.745  7.262  -2.565 0.0000000000
85630  23.703  5.525  -2.672 0.0000000000
86398  23.559  7.037  -3.035 0.0000000000
121608  27.274  4.748  -2.333 0.0000000000
121607  26.397  4.997  -2.451 0.0000000000
84860  27.828  3.716  -2.334 0.0000000000
125188  28.944  4.016  -2.234 0.0000000000
135373  29.597  4.594  -1.709 0.0000000000
118234  28.783  5.543  -1.625 0.0000000000
135292  29.213  4.857  -1.741 0.0000000000
118545  32.180  2.465  -2.290 0.0000000000
86394  30.707  3.208  -2.212 0.0000000000
85640  31.523  2.823  -2.724 0.0000000000
118820  31.714  2.599  -3.050 0.0000000000
135268  32.503  2.734  -3.481 0.0000000000
135286  33.383  2.887  -4.216 0.0000000000
118462  34.131  3.405  -3.077 0.0000000000
135428  33.596  3.841  -0.469 0.0000000000
118198  33.716  2.813  -1.269 0.0000000000
118445  34.254  4.634  0.930 0.0000000000
136495  34.325  3.915  1.113 0.0000000000
135269  34.518  4.703  1.874 0.0000000000
118187  34.546  6.497  -2.175 0.0000000000
141903  34.376  6.259  -1.593 0.0000000000
118638  34.232  7.174  -1.253 0.0000000000
118183  34.072  7.106  -0.725 0.0000000000
135518  34.269  9.111  -3.942 0.0000000000
118610  33.675  8.880  -1.275 0.0000000000
118217  33.787  7.897  -0.311 0.0000000000
135468  33.784  7.918  0.464 0.0000000000
135326  33.594  8.746  0.612 0.0000000000
135325  33.550  9.416  1.584 0.0000000000
118584  34.189  7.825  1.749 0.0000000000
118186  34.492  7.207  2.729 0.0000000000
135354  34.274  8.391  2.707 0.0000000000
118190  34.514  7.814  3.268 0.0000000000
118847  33.955  9.264  3.053 0.0000000000
90800  33.350  11.233  1.606 0.0000000000
118523  33.546  10.805  2.944 0.0000000000
90790  33.470  11.546  2.493 0.0000000000
131581  33.620  11.815  3.459 0.0000000000
93158  32.535  14.294  -0.797 0.0000000000
96438  26.564  18.216  -4.682 0.0000000000
94860  26.392  17.136  -5.276 0.0000000000
94879  25.462  16.686  -7.206 0.0000000000
94036  26.403  15.858  -6.341 0.0000000000
94049  26.402  15.124  -6.816 0.0000000000
93261  26.584  14.540  -7.210 0.0000000000
93260  27.010  14.111  -7.585 0.0000000000
94064  26.426  15.626  -8.331 0.0000000000
95669  27.946  18.071  -8.231 0.0000000000
94888  27.955  16.786  -8.786 0.0000000000
95676  28.290  17.387  -8.447 0.0000000000
94884  29.367  16.518  -7.789 0.0000000000
95663  28.965  17.912  -7.329 0.0000000000
98700  22.310  21.863  -8.081 0.0000000000
98711  22.831  21.502  -8.325 0.0000000000
98710  23.624  21.155  -8.326 0.0000000000
98697  26.243  21.578  -6.915 0.0000000000
99416  25.768  22.302  -6.760 0.0000000000
98708  25.526  20.894  -7.874 0.0000000000
97982  26.533  20.800  -7.366 0.0000000000
97994  26.941  20.179  -7.756 0.0000000000
97981  27.283  20.502  -6.805 0.0000000000
124573  28.381  19.865  -5.629 0.0000000000
97219  28.338  19.386  -6.313 0.0000000000
96451  28.973  18.866  -5.825 0.0000000000
126681  29.256  18.320  -6.090 0.0000000000
96450  29.605  18.398  -5.320 0.0000000000
96449  30.101  17.758  -5.316 0.0000000000
97206  29.232  19.172  -5.046 0.0000000000
97187  29.711  19.919  -3.427 0.0000000000
96424  29.907  19.201  -3.803 0.0000000000
97186  30.267  19.266  -3.160 0.0000000000
96414  30.803  18.668  -2.838 0.0000000000
97175  30.177  19.896  -2.755 0.0000000000
84020  25.305  3.062  -2.532 0.0000000000
129168  24.832  2.207  -2.420 0.0000000000
129169  25.747  2.124  -2.463 0.0000000000
82215  28.634  0.294  -2.230 0.0000000000
82216  27.567  0.465  -2.134 0.0000000000
129176  29.199  -0.479  -2.264 0.0000000000
126157  28.737  -1.130  -1.977 0.0000000000
126158  29.729  -1.143  -2.318 0.0000000000
120118  33.871  0.297  -3.382 0.0000000000
82211  32.713  0.101  -3.140 0.0000000000
81306  33.498  -0.334  -2.732 0.0000000000
79558  33.398  -2.174  -0.676 0.0000000000
80417  31.950  -1.591  -2.310 0.0000000000
133579  32.739  -2.549  -1.283 0.0000000000
79576  31.415  -2.426  -2.148 0.0000000000
83150  22.045  1.597  -1.613 0.0000000000
82221  23.130  0.000  -1.633 0.0000000000
131210  23.693  -0.489  -1.697 0.0000000000
82220  23.974  0.292  -1.808 0.0000000000
82219  24.794  0.438  -2.033 0.0000000000
144038  25.359  0.486  -2.107 0.0000000000
92383  31.454  13.514  -6.663 0.0000000000
91592  32.434  12.171  -6.611 0.0000000000
92373  31.728  13.514  -5.872 0.0000000000
92363  31.847  13.965  -4.932 0.0000000000
135879  31.856  14.848  -4.281 0.0000000000
141400  31.561  15.407  -4.578 0.0000000000
94856  31.368  16.095  -4.439 0.0000000000
97931  27.033  20.749  -2.764 0.0000000000
97946  26.505  20.416  -3.646 0.0000000000
97947  25.742  20.850  -4.193 0.0000000000
97961  24.106  20.524  -5.202 0.0000000000
118193  33.854  2.542  0.090 0.0000000000
135236  34.145  1.862  -0.911 0.0000000000
83974  34.349  2.464  1.040 0.0000000000
118188  34.704  2.246  1.980 0.0000000000
91614  28.670  12.513  -7.507 0.0000000000
92406  28.478  13.828  -8.253 0.0000000000
78746  21.868  -2.965  -1.350 0.0000000000
143740  21.755  -3.288  -1.312 0.0000000000
77920  22.451  -4.200  -1.561 0.0000000000
76987  22.504  -5.046  -1.577 0.0000000000
74334  26.514  -8.440  -2.387 0.0000000000
75166  27.396  -7.837  -2.401 0.0000000000
77928  28.008  -4.037  -2.376 0.0000000000
77915  28.380  -4.735  -2.564 0.0000000000
120027  29.400  -4.832  -2.613 0.0000000000
135232  24.143  8.483  -2.801 0.0000000000
123515  24.368  6.983  -3.077 0.0000000000
118239  24.900  8.476  -2.577 0.0000000000
136499  26.194  6.445  -2.417 0.0000000000
123517  27.053  5.938  -2.272 0.0000000000
135293  31.928  2.758  -1.330 0.0000000000
135399  30.098  3.823  -1.826 0.0000000000
118560  31.279  2.836  -1.751 0.0000000000
135267  32.427  2.879  -2.006 0.0000000000
135209  33.113  2.472  -2.228 0.0000000000
135266  33.836  3.094  -2.323 0.0000000000
135309  33.789  4.608  -0.022 0.0000000000
135205  35.678  6.358  -4.745 0.0000000000
135519  34.865  7.125  -2.965 0.0000000000
90825  33.302  10.497  -2.886 0.0000000000
135203  33.831  9.389  -2.735 0.0000000000
118579  33.307  10.332  -2.063 0.0000000000
118475  33.453  10.358  1.569 0.0000000000
118194  33.610  9.555  2.338 0.0000000000
123954  33.126  11.886  1.294 0.0000000000
93992  32.377  15.538  -1.538 0.0000000000
93981  32.504  15.102  -0.948 0.0000000000
127550  32.491  15.897  -0.701 0.0000000000
95655  24.855  17.969  -6.362 0.0000000000
95654  25.446  17.178  -6.032 0.0000000000
140506  24.998  17.462  -6.946 0.0000000000
95670  24.965  17.337  -7.658 0.0000000000
94886  25.744  16.931  -7.829 0.0000000000
94890  26.102  16.407  -8.197 0.0000000000
127924  26.467  17.107  -8.294 0.0000000000
96472  27.144  18.347  -8.346 0.0000000000
96464  27.653  18.777  -8.032 0.0000000000
98686  26.813  21.737  -6.046 0.0000000000
98685  27.333  21.511  -5.592 0.0000000000
97967  28.191  20.473  -5.353 0.0000000000
97195  28.792  19.947  -4.892 0.0000000000
97944  28.909  20.995  -3.793 0.0000000000
129171  27.596  1.981  -2.342 0.0000000000
129170  26.645  2.071  -2.427 0.0000000000
83142  29.198  0.985  -2.253 0.0000000000
82213  30.623  -0.010  -2.770 0.0000000000
137381  33.996  -0.809  -1.325 0.0000000000
80415  33.443  -1.106  -1.616 0.0000000000
80400  33.762  -1.378  -0.892 0.0000000000
80419  21.242  -1.617  -1.172 0.0000000000
79602  22.025  -2.501  -1.455 0.0000000000
78767  23.436  -3.443  -1.846 0.0000000000
120309  23.885  -4.065  -2.020 0.0000000000
120284  25.076  -4.616  -2.312 0.0000000000
120310  24.658  -3.956  -2.208 0.0000000000
123519  25.210  -3.171  -2.043 0.0000000000
123520  26.313  -3.107  -2.068 0.0000000000
126119  25.231  -1.714  -1.839 0.0000000000
79597  25.691  -2.343  -1.895 0.0000000000
122413  28.267  -3.269  -2.110 0.0000000000
79595  28.057  -2.494  -1.863 0.0000000000
128059  28.921  -2.573  -2.031 0.0000000000
135245  30.374  4.356  -0.356 0.0000000000
135206  34.876  10.015  -7.669 0.0000000000
136490  35.610  9.279  -6.920 0.0000000000
90839  33.728  10.142  -5.615 0.0000000000
90832  32.896  11.149  -4.268 0.0000000000
91584  32.421  12.181  -5.464 0.0000000000
132111  32.947  11.174  -3.367 0.0000000000
90826  32.766  11.790  -2.533 0.0000000000
90820  32.752  12.022  -1.654 0.0000000000
127254  32.668  12.619  -1.094 0.0000000000
91561  32.689  12.732  -1.984 0.0000000000
93171  32.445  14.220  -1.999 0.0000000000
94006  32.089  14.975  -3.385 0.0000000000
94000  32.259  15.088  -2.367 0.0000000000
94835  32.265  16.078  -2.236 0.0000000000
94831  32.195  16.793  -2.046 0.0000000000
95618  31.871  17.413  -2.215 0.0000000000
97196  25.944  19.418  -4.626 0.0000000000
96439  25.513  18.793  -5.016 0.0000000000
96453  24.847  18.440  -5.736 0.0000000000
97221  24.000  18.495  -6.597 0.0000000000
139202  23.607  18.281  -7.562 0.0000000000
83162  33.676  1.856  -4.183 0.0000000000
83163  32.619  1.663  -3.567 0.0000000000
82237  34.195  1.104  -4.020 0.0000000000
82210  34.440  0.603  -3.082 0.0000000000
82193  34.409  0.481  -2.238 0.0000000000
82175  34.502  0.305  -1.154 0.0000000000
81257  34.543  -0.582  0.311 0.0000000000
135187  34.630  9.339  -8.025 0.0000000000
135515  34.183  10.462  -8.244 0.0000000000
141955  33.508  11.258  -8.417 0.0000000000
91601  32.437  11.847  -7.496 0.0000000000
90867  30.852  11.604  -7.766 0.0000000000
91611  31.860  12.470  -7.578 0.0000000000
91602  31.850  12.744  -7.278 0.0000000000
92384  31.047  13.659  -7.247 0.0000000000
94056  30.401  15.096  -7.111 0.0000000000
94048  30.241  15.861  -6.735 0.0000000000
125960  27.308  -6.117  -2.461 0.0000000000
142031  29.139  -6.114  -2.651 0.0000000000
118171  35.291  5.449  3.881 0.0000000000
118709  35.138  4.340  3.261 0.0000000000
86400  22.112  6.724  -1.977 0.0000000000
85632  22.556  5.724  -2.202 0.0000000000
84022  23.615  3.365  -2.450 0.0000000000
129106  22.964  4.888  -2.395 0.0000000000
84864  24.073  4.293  -2.604 0.0000000000
84863  24.929  4.151  -2.593 0.0000000000
121606  25.531  5.270  -2.602 0.0000000000
84862  25.807  3.986  -2.529 0.0000000000
84017  28.152  2.702  -2.334 0.0000000000
84016  29.130  2.533  -2.311 0.0000000000
137371  30.110  2.396  -2.402 0.0000000000
123109  28.295  5.840  -1.730 0.0000000000
86395  28.702  5.026  -1.913 0.0000000000
118227  29.835  4.032  -1.960 0.0000000000
85629  29.763  4.139  -2.127 0.0000000000
127176  29.955  3.604  -2.237 0.0000000000
84858  30.665  2.881  -2.448 0.0000000000
84014  31.947  2.297  -3.385 0.0000000000
119045  33.578  2.556  -4.459 0.0000000000
135556  34.683  2.666  -4.301 0.0000000000
135539  34.852  2.792  -3.447 0.0000000000
118205  34.150  3.063  -2.377 0.0000000000
135555  34.282  2.760  -2.039 0.0000000000
118600  33.802  2.650  -0.973 0.0000000000
118634  34.175  3.350  0.727 0.0000000000
135217  34.552  3.896  1.914 0.0000000000
142609  34.047  6.417  -0.462 0.0000000000
118173  34.081  6.538  -0.484 0.0000000000
118200  34.059  6.752  0.215 0.0000000000
135541  34.219  8.532  -2.327 0.0000000000
135278  34.418  6.113  1.512 0.0000000000
118625  33.752  8.369  1.218 0.0000000000
118175  34.574  5.722  2.220 0.0000000000
118181  34.579  6.409  2.620 0.0000000000
118891  34.820  5.659  3.081 0.0000000000
118630  34.917  6.221  3.588 0.0000000000
118673  34.637  7.429  3.978 0.0000000000
118684  33.607  9.992  2.791 0.0000000000
118522  34.345  9.526  4.069 0.0000000000
91555  32.693  12.376  -0.265 0.0000000000
144289  32.678  12.799  0.179 0.0000000000
93153  32.652  14.184  0.252 0.0000000000
91534  33.020  12.643  1.408 0.0000000000
94872  26.118  16.600  -5.984 0.0000000000
92407  27.608  13.822  -7.959 0.0000000000
93263  28.039  14.444  -8.297 0.0000000000
130465  27.417  16.070  -8.693 0.0000000000
129608  28.309  16.020  -8.599 0.0000000000
94061  29.494  15.161  -8.134 0.0000000000
94877  29.758  16.329  -7.056 0.0000000000
95661  30.110  16.539  -6.476 0.0000000000
99407  23.161  21.630  -5.348 0.0000000000
98687  23.350  20.832  -5.772 0.0000000000
98699  22.595  21.197  -7.606 0.0000000000
97971  23.250  20.655  -6.954 0.0000000000
97997  23.869  20.237  -8.251 0.0000000000
121676  24.298  19.467  -8.534 0.0000000000
99430  24.148  21.622  -8.079 0.0000000000
97996  24.952  20.330  -8.479 0.0000000000
97232  25.423  19.735  -8.631 0.0000000000
97231  26.454  19.741  -8.303 0.0000000000
97230  27.295  19.487  -7.902 0.0000000000
97229  28.007  19.069  -7.313 0.0000000000
127952  29.266  17.971  -6.617 0.0000000000
95652  30.300  17.096  -5.820 0.0000000000
95644  30.601  17.362  -4.864 0.0000000000
95632  30.871  17.717  -4.092 0.0000000000
96436  29.790  18.810  -4.455 0.0000000000
96422  31.097  17.953  -3.297 0.0000000000
96413  31.383  18.073  -2.487 0.0000000000
97173  31.252  18.884  -2.065 0.0000000000
142675  30.069  21.014  -2.225 0.0000000000
97928  30.412  20.348  -2.051 0.0000000000
97160  31.135  19.790  -1.576 0.0000000000
126460  31.625  19.064  -1.405 0.0000000000
129167  23.963  2.394  -2.361 0.0000000000
83146  25.306  1.215  -2.254 0.0000000000
82218  25.879  0.573  -2.178 0.0000000000
83144  27.091  1.261  -2.284 0.0000000000
82217  26.652  0.597  -2.177 0.0000000000
129174  27.027  -0.200  -1.984 0.0000000000
80440  29.352  -1.851  -2.102 0.0000000000
127376  30.571  -2.977  -2.473 0.0000000000
82239  32.188  0.696  -3.168 0.0000000000
82212  31.536  -0.155  -3.002 0.0000000000
81309  30.800  -0.567  -2.820 0.0000000000
80416  32.797  -1.051  -2.229 0.0000000000
80436  32.103  -1.055  -2.713 0.0000000000
125886  30.504  -1.097  -2.657 0.0000000000
80438  30.840  -1.692  -2.542 0.0000000000
79594  30.957  -2.413  -2.425 0.0000000000
78761  30.966  -3.264  -2.402 0.0000000000
118161  35.426  3.634  4.045 0.0000000000
76027  27.952  -6.917  -2.487 0.0000000000
76030  24.180  -5.964  -2.228 0.0000000000
76981  28.827  -5.474  -2.730 0.0000000000
76983  25.593  -5.335  -2.387 0.0000000000
77897  30.855  -4.960  -2.446 0.0000000000
77898  30.196  -5.062  -2.489 0.0000000000
77899  22.036  -3.698  -1.457 0.0000000000
77916  27.273  -4.512  -2.441 0.0000000000
77918  23.629  -4.712  -1.880 0.0000000000
78744  31.259  -3.499  -2.158 0.0000000000
78745  30.960  -4.121  -2.435 0.0000000000
78766  25.630  -3.897  -2.234 0.0000000000
78769  22.345  -3.314  -1.528 0.0000000000
79575  32.252  -1.987  -1.854 0.0000000000
79577  21.530  -2.285  -1.305 0.0000000000
79596  27.306  -2.756  -1.980 0.0000000000
79599  23.943  -2.630  -1.964 0.0000000000
79601  22.601  -2.607  -1.624 0.0000000000
80360  34.992  -1.278  1.633 0.0000000000
80418  21.746  -1.800  -1.416 0.0000000000
80443  26.027  -1.549  -1.863 0.0000000000
80444  22.369  -1.881  -1.581 0.0000000000
81275  34.389  -0.457  -0.724 0.0000000000
81290  33.665  -0.585  -2.062 0.0000000000
81307  32.887  -0.445  -2.917 0.0000000000
81308  31.327  -0.993  -2.842 0.0000000000
82194  34.135  -0.039  -2.652 0.0000000000
82214  29.701  0.149  -2.454 0.0000000000
83139  34.571  1.186  -3.705 0.0000000000
83161  34.578  1.815  -4.170 0.0000000000
84018  27.166  2.862  -2.451 0.0000000000
84032  34.735  2.364  -4.288 0.0000000000
84033  32.803  2.565  -4.150 0.0000000000
84041  34.474  2.484  -4.436 0.0000000000
84042  34.278  2.597  -4.476 0.0000000000
84848  20.685  4.061  -1.008 0.0000000000
84857  31.575  2.619  -3.005 0.0000000000
84865  22.810  3.627  -2.265 0.0000000000
84873  33.024  2.556  -4.144 0.0000000000
87177  24.537  8.934  -2.532 0.0000000000
90140  32.302  10.634  -7.748 0.0000000000
90857  33.719  11.093  -8.431 0.0000000000
90864  33.479  11.074  -8.500 0.0000000000
90865  33.157  11.366  -8.280 0.0000000000
91593  31.977  12.864  -6.579 0.0000000000
92398  30.657  13.398  -7.840 0.0000000000
92400  29.025  13.288  -8.214 0.0000000000
93259  29.743  14.438  -8.116 0.0000000000
93262  28.960  14.499  -8.350 0.0000000000
93264  27.225  14.341  -8.141 0.0000000000
93265  26.590  14.661  -8.000 0.0000000000
94050  25.999  15.854  -7.027 0.0000000000
94058  29.189  15.937  -8.290 0.0000000000
94059  26.215  15.222  -7.524 0.0000000000
94062  28.629  15.215  -8.373 0.0000000000
94889  26.962  16.644  -8.575 0.0000000000
95667  28.908  17.253  -7.823 0.0000000000
95668  28.494  17.805  -7.900 0.0000000000
95672  23.857  17.975  -7.920 0.0000000000
95678  26.319  17.806  -8.483 0.0000000000
96426  26.995  18.789  -3.950 0.0000000000
96466  24.408  17.698  -7.572 0.0000000000
96467  23.930  18.129  -8.243 0.0000000000
96474  25.524  18.344  -8.549 0.0000000000
97176  27.608  19.396  -2.322 0.0000000000
97194  29.436  19.564  -4.279 0.0000000000
97222  23.336  18.796  -7.555 0.0000000000
97233  23.589  18.493  -8.315 0.0000000000
97943  29.359  20.774  -3.308 0.0000000000
97960  25.023  20.341  -4.824 0.0000000000
97968  27.614  20.832  -5.907 0.0000000000
98673  27.616  21.958  -4.859 0.0000000000
118168  35.386  2.757  3.698 0.0000000000
118199  34.088  6.439  0.380 0.0000000000
118454  34.789  2.382  -2.900 0.0000000000
118612  33.680  2.446  -4.409 0.0000000000
119641  32.934  11.064  -8.349 0.0000000000
120283  24.227  -4.658  -2.200 0.0000000000
121141  34.429  0.971  -0.458 0.0000000000
123383  27.834  5.475  -2.061 0.0000000000
124088  29.348  -3.295  -2.278 0.0000000000
124577  30.125  -3.314  -2.422 0.0000000000
124944  22.052  3.392  -1.819 0.0000000000
126908  23.087  -1.932  -1.739 0.0000000000
127673  22.847  -3.210  -1.681 0.0000000000
128801  29.931  -7.006  -2.334 0.0000000000
129173  26.252  -0.020  -2.036 0.0000000000
129179  25.513  -6.819  -2.430 0.0000000000
129410  28.715  3.251  -2.277 0.0000000000
131213  23.391  0.943  -1.828 0.0000000000
131466  29.667  1.731  -2.401 0.0000000000
132875  22.535  0.743  -1.620 0.0000000000
135222  34.841  2.885  -3.850 0.0000000000
135234  34.230  3.022  -3.734 0.0000000000
135235  34.981  2.562  -3.866 0.0000000000
135250  33.623  2.991  -3.633 0.0000000000
135277  33.520  10.188  2.215 0.0000000000
135319  33.958  4.113  0.406 0.0000000000
135378  33.647  10.765  -8.432 0.0000000000
135384  31.875  2.700  -2.743 0.0000000000
135418  34.198  6.961  0.995 0.0000000000
135453  34.627  2.844  -2.868 0.0000000000
135538  34.276  2.859  -4.370 0.0000000000
135603  28.948  -6.793  -2.641 0.0000000000
135846  23.372  4.298  -2.495 0.0000000000
135977  30.523  -2.303  -2.403 0.0000000000
136238  24.866  -1.084  -1.813 0.0000000000
136592  32.532  2.704  -3.954 0.0000000000
136825  29.895  -2.590  -2.336 0.0000000000
136965  23.410  -5.358  -1.810 0.0000000000
137686  21.442  3.162  -1.427 0.0000000000
140015  25.947  17.295  -8.301 0.0000000000
140917  34.114  -0.926  -0.795 0.0000000000
141627  32.491  14.194  -1.432 0.0000000000
142011  31.745  16.986  -3.256 0.0000000000
142731  31.417  13.227  -7.272 0.0000000000
